Time,Price,Price Change,Momentum,Momentum Change,Cash Allocation,Coin Allocation,Cash Balance,Coin Balance,Total Balance
1668394855.2158463,2.619,0.0,0.034,0.0,1.0,0.0,1000.0,0.0,1000.0
1668394915.002807,2.624,0.0049999999999998,0.034,0.0,1.0,0.0,1000.0,0.0,1000.0
1668394975.0249393,2.623,-0.0009999999999998,0.033,-0.001,1.0,0.0,1000.0,0.0,1000.0
1668395036.2324293,2.615,-0.008,0.025,-0.008,1.0,0.0,1000.0,0.0,1000.0
1668395095.804111,2.613,-0.0020000000000002,0.03,0.0049999999999999,0.0,1.0,0.0,382.7018752391887,1000.0
1668395155.9622557,2.61,-0.0030000000000001,0.025,-0.0049999999999999,1.0,0.0,998.8518943742826,0.0,998.8518943742826
1668395216.4026778,2.61,0.0,0.024,-0.001,1.0,0.0,998.8518943742826,0.0,998.8518943742826
1668395275.8400135,2.614,0.004,0.032,0.008,0.0,1.0,0.0,382.1162564553491,998.8518943742826
1668395335.8630364,2.614,0.0,0.026,-0.006,1.0,0.0,998.8518943742826,0.0,998.8518943742826
1668395397.1714375,2.618,0.004,-0.001,-0.027,1.0,0.0,998.8518943742826,0.0,998.8518943742826
1668395455.8686745,2.613,-0.0049999999999998,-0.007,-0.006,1.0,0.0,998.8518943742826,0.0,998.8518943742826
1668395515.917645,2.616,0.0030000000000001,-0.008,-0.001,1.0,0.0,998.8518943742826,0.0,998.8518943742826
1668395576.2395115,2.622,0.0059999999999997,-0.001,0.007,0.0,1.0,0.0,380.9503792426707,998.8518943742826
1668395635.9513288,2.617,-0.0049999999999998,0.004,0.005,0.0,1.0,0.0,380.9503792426707,996.9471424780692
1668395696.2096994,2.621,0.004,0.011,0.0069999999999999,0.0,1.0,0.0,380.9503792426707,998.47094399504
1668395755.987436,2.617,-0.004,0.005,-0.0059999999999999,1.0,0.0,996.9471424780692,0.0,996.9471424780692
1668395815.8841543,2.62,0.0030000000000001,0.008,0.003,0.0,1.0,0.0,380.51417651834697,996.947142478069
1668395875.8537843,2.62,0.0,0.006,-0.002,1.0,0.0,996.947142478069,0.0,996.947142478069
1668395935.934085,2.622,0.0019999999999997,0.007,0.001,0.0,1.0,0.0,380.22392924411486,996.947142478069
1668395995.9637642,2.612,-0.0099999999999997,-0.004,-0.011,1.0,0.0,993.144903185628,0.0,993.144903185628
1668396056.0354447,2.612,0.0,-0.001,0.003,0.0,1.0,0.0,380.22392924411486,993.144903185628
1668396115.883112,2.612,0.0,-0.004,-0.003,1.0,0.0,993.144903185628,0.0,993.144903185628
1668396176.0861642,2.61,-0.0020000000000002,-0.003,0.001,0.0,1.0,0.0,380.51528857686895,993.144903185628
1668396235.8277206,2.609,-0.0009999999999998,-0.006,-0.003,1.0,0.0,992.764387897051,0.0,992.764387897051
1668396296.9162445,2.609,0.0,-0.006,0.0,1.0,0.0,992.764387897051,0.0,992.764387897051
1668396355.8376162,2.623,0.0140000000000002,0.006,0.012,0.0,1.0,0.0,378.4843263046325,992.764387897051
1668396416.1161792,2.615,-0.008,-0.003,-0.009,1.0,0.0,989.736513286614,0.0,989.736513286614
1668396476.1351871,2.621,0.0059999999999997,0.001,0.004,0.0,1.0,0.0,377.617899002905,989.736513286614
1668396535.9974463,2.619,-0.0019999999999997,0.0,-0.001,1.0,0.0,988.9812774886084,0.0,988.9812774886084
1668396595.9080863,2.619,0.0,0.0,0.0,1.0,0.0,988.9812774886084,0.0,988.9812774886084
1668396656.01113,2.623,0.004,0.014,0.014,0.0,1.0,0.0,377.042042504235,988.9812774886084
1668396716.1276324,2.621,-0.0020000000000002,0.012,-0.002,1.0,0.0,988.2271934036,0.0,988.2271934036
1668396775.9207256,2.625,0.004,0.013,0.0009999999999999,0.0,1.0,0.0,376.4675022489905,988.2271934036
1668396836.008915,2.629,0.004,0.02,0.007,0.0,1.0,0.0,376.4675022489905,989.733063412596
1668396895.9433572,2.625,-0.004,0.016,-0.004,1.0,0.0,988.2271934036,0.0,988.2271934036
1668396955.8977053,2.628,0.0030000000000001,0.007,-0.009,1.0,0.0,988.2271934036,0.0,988.2271934036
1668397016.2225063,2.619,-0.0089999999999998,0.003,-0.004,1.0,0.0,988.2271934036,0.0,988.2271934036
1668397076.237657,2.624,0.0049999999999998,0.006,0.003,0.0,1.0,0.0,376.61097309588416,988.2271934036
1668397136.213932,2.624,0.0,0.006,0.0,0.0,1.0,0.0,376.61097309588416,988.2271934036
1668397195.8104842,2.621,-0.0030000000000001,0.001,-0.005,1.0,0.0,987.0973604843124,0.0,987.0973604843124
1668397255.8625424,2.621,0.0,0.001,0.0,1.0,0.0,987.0973604843124,0.0,987.0973604843124
1668397316.060147,2.626,0.0049999999999998,0.003,0.002,0.0,1.0,0.0,375.89389203515327,987.0973604843124
1668397376.0045474,2.617,-0.0089999999999998,-0.007,-0.01,1.0,0.0,983.714315455996,0.0,983.714315455996
1668397435.9432995,2.617,0.0,-0.007,0.0,1.0,0.0,983.714315455996,0.0,983.714315455996
1668397495.9339025,2.617,0.0,-0.007,0.0,1.0,0.0,983.714315455996,0.0,983.714315455996
1668397556.0319798,2.621,0.004,-0.004,0.003,0.0,1.0,0.0,375.3202271865685,983.714315455996
1668397616.0104578,2.618,-0.0030000000000001,-0.007,-0.003,1.0,0.0,982.5883547744364,0.0,982.5883547744364
1668397676.059785,2.628,0.0100000000000002,0.006,0.013,0.0,1.0,0.0,373.8920680268023,982.5883547744364
1668397735.8059535,2.628,0.0,0.003,-0.003,1.0,0.0,982.5883547744364,0.0,982.5883547744364
1668397796.1164646,2.628,0.0,0.003,0.0,1.0,0.0,982.5883547744364,0.0,982.5883547744364
1668397856.1759574,2.628,0.0,0.003,0.0,1.0,0.0,982.5883547744364,0.0,982.5883547744364
1668397916.147647,2.627,-0.0010000000000003,0.008,0.005,0.0,1.0,0.0,374.034394660996,982.5883547744364
1668397975.8611922,2.618,-0.0089999999999998,-0.004,-0.012,1.0,0.0,979.2220452224874,0.0,979.2220452224874
1668398035.949576,2.616,-0.0019999999999997,-0.006,-0.002,1.0,0.0,979.2220452224874,0.0,979.2220452224874
1668398096.0500228,2.618,0.0019999999999997,-0.006,0.0,1.0,0.0,979.2220452224874,0.0,979.2220452224874
1668398155.9701064,2.616,-0.0019999999999997,-0.005,0.001,0.0,1.0,0.0,374.3203536783208,979.2220452224872
1668398216.3379416,2.615,-0.0009999999999998,-0.007,-0.002,1.0,0.0,978.847724868809,0.0,978.847724868809
1668398276.0107987,2.615,0.0,-0.007,0.0,1.0,0.0,978.847724868809,0.0,978.847724868809
1668398336.0834184,2.608,-0.0070000000000001,-0.009,-0.0019999999999999,1.0,0.0,978.847724868809,0.0,978.847724868809
1668398396.059241,2.612,0.004,-0.005,0.0039999999999999,0.0,1.0,0.0,374.75027751485794,978.847724868809
1668398455.9830365,2.612,0.0,-0.006,-0.001,1.0,0.0,978.847724868809,0.0,978.847724868809
1668398515.9758077,2.61,-0.0020000000000002,-0.008,-0.002,1.0,0.0,978.847724868809,0.0,978.847724868809
1668398576.1292293,2.61,0.0,-0.008,0.0,1.0,0.0,978.847724868809,0.0,978.847724868809
1668398636.7488315,2.609,-0.0009999999999998,-0.019,-0.011,1.0,0.0,978.847724868809,0.0,978.847724868809
1668398695.9960697,2.608,-0.0009999999999998,-0.02,-0.001,1.0,0.0,978.847724868809,0.0,978.847724868809
1668398756.1289177,2.608,0.0,-0.02,0.0,1.0,0.0,978.847724868809,0.0,978.847724868809
1668398815.913175,2.608,0.0,-0.02,0.0,1.0,0.0,978.847724868809,0.0,978.847724868809
1668398876.1593127,2.608,0.0,-0.01,0.01,0.0,1.0,0.0,375.32504787914456,978.8477248688092
1668398936.1289625,2.608,0.0,-0.008,0.002,0.0,1.0,0.0,375.32504787914456,978.8477248688092
1668398996.063908,2.601,-0.0070000000000001,-0.015,-0.0069999999999999,1.0,0.0,976.220449533655,0.0,976.220449533655
1668399056.720094,2.6,-0.0009999999999998,-0.016,-0.001,1.0,0.0,976.220449533655,0.0,976.220449533655
1668399115.9301426,2.595,-0.0049999999999998,-0.02,-0.004,1.0,0.0,976.220449533655,0.0,976.220449533655
1668399176.1018236,2.597,0.0019999999999997,-0.013,0.007,0.0,1.0,0.0,375.903138056856,976.220449533655
1668399236.0443325,2.597,0.0,-0.015,-0.002,1.0,0.0,976.220449533655,0.0,976.220449533655
1668399296.162523,2.595,-0.0019999999999997,-0.015,0.0,1.0,0.0,976.220449533655,0.0,976.220449533655
1668399356.0177271,2.594,-0.0010000000000003,-0.015,0.0,1.0,0.0,976.220449533655,0.0,976.220449533655
1668399415.9117155,2.585,-0.0089999999999998,-0.023,-0.008,1.0,0.0,976.220449533655,0.0,976.220449533655
1668399475.9638057,2.58,-0.0049999999999998,-0.029,-0.006,1.0,0.0,976.220449533655,0.0,976.220449533655
1668399536.2165468,2.573,-0.0070000000000001,-0.028,0.001,0.0,1.0,0.0,379.4094246147124,976.220449533655
1668399596.0927677,2.553,-0.02,-0.048,-0.02,1.0,0.0,968.6322610413608,0.0,968.6322610413608
1668399656.157693,2.543,-0.0099999999999997,-0.057,-0.009,1.0,0.0,968.6322610413608,0.0,968.6322610413608
1668399716.131352,2.558,0.0149999999999996,-0.037,0.02,0.0,1.0,0.0,378.6678111967791,968.6322610413608
1668399776.179978,2.556,-0.0019999999999997,-0.041,-0.004,1.0,0.0,967.8749254189676,0.0,967.8749254189676
1668399836.260654,2.559,0.0030000000000001,-0.036,0.005,0.0,1.0,0.0,378.2238864474277,967.8749254189676
1668399896.1712122,2.569,0.0099999999999997,-0.022,0.0139999999999999,0.0,1.0,0.0,378.2238864474277,971.6571642834416
1668399956.969436,2.568,-0.0009999999999998,-0.028,-0.006,1.0,0.0,971.2789403969942,0.0,971.2789403969942
1668400016.0692875,2.564,-0.004,-0.021,0.0069999999999999,0.0,1.0,0.0,378.8139393124002,971.2789403969942
1668400076.067624,2.562,-0.0020000000000002,-0.017,0.004,0.0,1.0,0.0,378.8139393124002,970.5213125183692
1668400136.0551264,2.56,-0.0019999999999997,-0.001,0.016,0.0,1.0,0.0,378.8139393124002,969.7636846397444
1668400196.1541264,2.563,0.0030000000000001,0.017,0.018,0.0,1.0,0.0,378.8139393124002,970.9001264576816
1668400256.0103076,2.558,-0.0050000000000003,0.003,-0.014,1.0,0.0,969.0060567611196,0.0,969.0060567611196
1668400316.2110133,2.571,0.0130000000000003,0.013,0.0099999999999999,0.0,1.0,0.0,376.89850515796167,969.0060567611196
1668400376.1314192,2.571,0.0,0.015,0.002,0.0,1.0,0.0,376.89850515796167,969.0060567611196
1668400436.7337766,2.571,0.0,0.0,-0.015,1.0,0.0,969.0060567611196,0.0,969.0060567611196
1668400496.2724104,2.579,0.008,0.016,0.016,0.0,1.0,0.0,375.7293744711592,969.0060567611196
1668400556.069248,2.578,-0.0010000000000003,0.01,-0.006,1.0,0.0,968.6303273866484,0.0,968.6303273866484
1668400616.0822375,2.566,-0.012,0.004,-0.006,1.0,0.0,968.6303273866484,0.0,968.6303273866484
1668400676.1738875,2.56,-0.0059999999999997,0.006,0.002,0.0,1.0,0.0,378.3712216354096,968.6303273866484
1668400736.0608883,2.561,0.0009999999999998,0.002,-0.004,1.0,0.0,969.008698608284,0.0,969.008698608284
1668400796.2885509,2.561,0.0,0.002,0.0,1.0,0.0,969.008698608284,0.0,969.008698608284
1668400856.064599,2.562,0.0009999999999998,0.005,0.003,0.0,1.0,0.0,378.2235357565512,969.008698608284
1668400917.4000628,2.557,-0.0049999999999998,-0.008,-0.013,1.0,0.0,967.1175809295014,0.0,967.1175809295014
1668400976.169217,2.55,-0.0070000000000001,-0.021,-0.013,1.0,0.0,967.1175809295014,0.0,967.1175809295014
1668401036.049566,2.543,-0.0069999999999996,-0.028,-0.0069999999999999,1.0,0.0,967.1175809295014,0.0,967.1175809295014
1668401096.1446474,2.547,0.004,-0.031,-0.0029999999999999,1.0,0.0,967.1175809295014,0.0,967.1175809295014
1668401156.204863,2.549,0.0019999999999997,-0.029,0.0019999999999999,0.0,1.0,0.0,379.4105849076114,967.1175809295014
1668401216.1603138,2.543,-0.0059999999999997,-0.035,-0.006,1.0,0.0,964.841117420056,0.0,964.841117420056
1668401276.0748775,2.55,0.0069999999999996,-0.016,0.019,0.0,1.0,0.0,378.36906565492393,964.841117420056
1668401336.0385025,2.555,0.0050000000000003,-0.011,0.005,0.0,1.0,0.0,378.36906565492393,966.7329627483308
1668401397.4168203,2.56,0.0049999999999998,-0.006,0.0049999999999999,0.0,1.0,0.0,378.36906565492393,968.6248080766052
1668401456.1483312,2.559,-0.0009999999999998,-0.002,0.004,0.0,1.0,0.0,378.36906565492393,968.2464390109504
1668401516.132382,2.557,-0.0020000000000002,0.001,0.003,0.0,1.0,0.0,378.36906565492393,967.4897008796404
1668401576.1020584,2.558,0.0009999999999998,0.001,0.0,0.0,1.0,0.0,378.36906565492393,967.8680699452954
1668401636.799576,2.557,-0.0009999999999998,0.01,0.009,0.0,1.0,0.0,378.36906565492393,967.4897008796404
1668401696.127267,2.556,-0.0009999999999998,0.013,0.0029999999999999,0.0,1.0,0.0,378.36906565492393,967.1113318139855
1668401756.2211795,2.564,0.008,0.017,0.004,0.0,1.0,0.0,378.36906565492393,970.1382843392248
1668401816.1728337,2.566,0.0019999999999997,0.023,0.0059999999999999,0.0,1.0,0.0,378.36906565492393,970.8950224705349
1668401877.4692583,2.563,-0.0029999999999996,0.016,-0.0069999999999999,1.0,0.0,969.75991527357,0.0,969.75991527357
1668401936.086681,2.57,0.0069999999999996,0.019,0.0029999999999999,0.0,1.0,0.0,377.3384884332957,969.75991527357
1668401996.1433342,2.57,0.0,0.01,-0.009,1.0,0.0,969.75991527357,0.0,969.75991527357
1668402056.1163464,2.57,0.0,0.006,-0.004,1.0,0.0,969.75991527357,0.0,969.75991527357
1668402116.009901,2.568,-0.0019999999999997,0.014,0.008,0.0,1.0,0.0,377.632365760736,969.75991527357
1668402175.9967012,2.572,0.004,0.01,-0.004,1.0,0.0,971.270444736613,0.0,971.270444736613
1668402236.2063608,2.574,0.0019999999999997,0.019,0.009,0.0,1.0,0.0,377.3389451191193,971.270444736613
1668402296.3196807,2.572,-0.0019999999999997,0.015,-0.004,1.0,0.0,970.5157668463748,0.0,970.5157668463748
1668402356.8662813,2.572,0.0,0.015,0.0,1.0,0.0,970.5157668463748,0.0,970.5157668463748
1668402416.314999,2.572,0.0,0.015,0.0,1.0,0.0,970.5157668463748,0.0,970.5157668463748
1668402476.2527103,2.566,-0.0060000000000002,0.001,-0.0139999999999999,1.0,0.0,970.5157668463748,0.0,970.5157668463748
1668402536.4131234,2.568,0.0020000000000002,0.001,0.0,1.0,0.0,970.5157668463748,0.0,970.5157668463748
1668402596.1535082,2.567,-0.0009999999999998,0.0,-0.001,1.0,0.0,970.5157668463748,0.0,970.5157668463748
1668402656.07799,2.568,0.0009999999999998,0.003,0.003,0.0,1.0,0.0,377.9267004853485,970.515766846375
1668402716.3236969,2.57,0.0019999999999997,-0.004,-0.007,1.0,0.0,971.2716202473456,0.0,971.2716202473456
1668402776.1946084,2.568,-0.0019999999999997,0.002,0.006,0.0,1.0,0.0,378.2210359218635,971.2716202473456
1668402836.8529603,2.567,-0.0009999999999998,-0.005,-0.007,1.0,0.0,970.8933992114236,0.0,970.8933992114236
