Time,Price,Price Change,Momentum,Momentum Change,Cash Allocation,Coin Allocation,Cash Balance,Coin Balance,Total Balance
1668394855.2158463,2.619,0.0,0.034,0.0,1.0,0.0,1000.0,0.0,1000.0
1668394915.002807,2.624,0.0049999999999998,0.034,0.0,1.0,0.0,1000.0,0.0,1000.0
1668394975.0249393,2.623,-0.0009999999999998,0.033,-0.001,1.0,0.0,1000.0,0.0,1000.0
1668395036.2324293,2.615,-0.008,0.025,-0.008,1.0,0.0,1000.0,0.0,1000.0
1668395095.804111,2.613,-0.0020000000000002,0.03,0.0049999999999999,0.0,1.0,0.0,382.7018752391887,1000.0
1668395155.9622557,2.61,-0.0030000000000001,0.025,-0.0049999999999999,1.0,0.0,998.8518943742826,0.0,998.8518943742826
1668395216.4026778,2.61,0.0,0.024,-0.001,1.0,0.0,998.8518943742826,0.0,998.8518943742826
1668395275.8400135,2.614,0.004,0.032,0.008,0.0,1.0,0.0,382.1162564553491,998.8518943742826
1668395335.8630364,2.614,0.0,0.026,-0.006,1.0,0.0,998.8518943742826,0.0,998.8518943742826
1668395397.1714375,2.618,0.004,-0.001,-0.027,1.0,0.0,998.8518943742826,0.0,998.8518943742826
1668395455.8686745,2.613,-0.0049999999999998,-0.007,-0.006,1.0,0.0,998.8518943742826,0.0,998.8518943742826
1668395515.917645,2.616,0.0030000000000001,-0.008,-0.001,1.0,0.0,998.8518943742826,0.0,998.8518943742826
1668395576.2395115,2.622,0.0059999999999997,-0.001,0.007,0.0,1.0,0.0,380.9503792426707,998.8518943742826
1668395635.9513288,2.617,-0.0049999999999998,0.004,0.005,0.0,1.0,0.0,380.9503792426707,996.9471424780692
1668395696.2096994,2.621,0.004,0.011,0.0069999999999999,0.0,1.0,0.0,380.9503792426707,998.47094399504
1668395755.987436,2.617,-0.004,0.005,-0.0059999999999999,1.0,0.0,996.9471424780692,0.0,996.9471424780692
1668395815.8841543,2.62,0.0030000000000001,0.008,0.003,0.0,1.0,0.0,380.51417651834697,996.947142478069
1668395875.8537843,2.62,0.0,0.006,-0.002,1.0,0.0,996.947142478069,0.0,996.947142478069
1668395935.934085,2.622,0.0019999999999997,0.007,0.001,0.0,1.0,0.0,380.22392924411486,996.947142478069
1668395995.9637642,2.612,-0.0099999999999997,-0.004,-0.011,1.0,0.0,993.144903185628,0.0,993.144903185628
1668396056.0354447,2.612,0.0,-0.001,0.003,0.0,1.0,0.0,380.22392924411486,993.144903185628
1668396115.883112,2.612,0.0,-0.004,-0.003,1.0,0.0,993.144903185628,0.0,993.144903185628
1668396176.0861642,2.61,-0.0020000000000002,-0.003,0.001,0.0,1.0,0.0,380.51528857686895,993.144903185628
1668396235.8277206,2.609,-0.0009999999999998,-0.006,-0.003,1.0,0.0,992.764387897051,0.0,992.764387897051
1668396296.9162445,2.609,0.0,-0.006,0.0,1.0,0.0,992.764387897051,0.0,992.764387897051
1668396355.8376162,2.623,0.0140000000000002,0.006,0.012,0.0,1.0,0.0,378.4843263046325,992.764387897051
1668396416.1161792,2.615,-0.008,-0.003,-0.009,1.0,0.0,989.736513286614,0.0,989.736513286614
1668396476.1351871,2.621,0.0059999999999997,0.001,0.004,0.0,1.0,0.0,377.617899002905,989.736513286614
1668396535.9974463,2.619,-0.0019999999999997,0.0,-0.001,1.0,0.0,988.9812774886084,0.0,988.9812774886084
1668396595.9080863,2.619,0.0,0.0,0.0,1.0,0.0,988.9812774886084,0.0,988.9812774886084
1668396656.01113,2.623,0.004,0.014,0.014,0.0,1.0,0.0,377.042042504235,988.9812774886084
1668396716.1276324,2.621,-0.0020000000000002,0.012,-0.002,1.0,0.0,988.2271934036,0.0,988.2271934036
1668396775.9207256,2.625,0.004,0.013,0.0009999999999999,0.0,1.0,0.0,376.4675022489905,988.2271934036
1668396836.008915,2.629,0.004,0.02,0.007,0.0,1.0,0.0,376.4675022489905,989.733063412596
1668396895.9433572,2.625,-0.004,0.016,-0.004,1.0,0.0,988.2271934036,0.0,988.2271934036
1668396955.8977053,2.628,0.0030000000000001,0.007,-0.009,1.0,0.0,988.2271934036,0.0,988.2271934036
1668397016.2225063,2.619,-0.0089999999999998,0.003,-0.004,1.0,0.0,988.2271934036,0.0,988.2271934036
1668397076.237657,2.624,0.0049999999999998,0.006,0.003,0.0,1.0,0.0,376.61097309588416,988.2271934036
1668397136.213932,2.624,0.0,0.006,0.0,0.0,1.0,0.0,376.61097309588416,988.2271934036
1668397195.8104842,2.621,-0.0030000000000001,0.001,-0.005,1.0,0.0,987.0973604843124,0.0,987.0973604843124
1668397255.8625424,2.621,0.0,0.001,0.0,1.0,0.0,987.0973604843124,0.0,987.0973604843124
1668397316.060147,2.626,0.0049999999999998,0.003,0.002,0.0,1.0,0.0,375.89389203515327,987.0973604843124
1668397376.0045474,2.617,-0.0089999999999998,-0.007,-0.01,1.0,0.0,983.714315455996,0.0,983.714315455996
1668397435.9432995,2.617,0.0,-0.007,0.0,1.0,0.0,983.714315455996,0.0,983.714315455996
1668397495.9339025,2.617,0.0,-0.007,0.0,1.0,0.0,983.714315455996,0.0,983.714315455996
1668397556.0319798,2.621,0.004,-0.004,0.003,0.0,1.0,0.0,375.3202271865685,983.714315455996
1668397616.0104578,2.618,-0.0030000000000001,-0.007,-0.003,1.0,0.0,982.5883547744364,0.0,982.5883547744364
1668397676.059785,2.628,0.0100000000000002,0.006,0.013,0.0,1.0,0.0,373.8920680268023,982.5883547744364
1668397735.8059535,2.628,0.0,0.003,-0.003,1.0,0.0,982.5883547744364,0.0,982.5883547744364
1668397796.1164646,2.628,0.0,0.003,0.0,1.0,0.0,982.5883547744364,0.0,982.5883547744364
1668397856.1759574,2.628,0.0,0.003,0.0,1.0,0.0,982.5883547744364,0.0,982.5883547744364
1668397916.147647,2.627,-0.0010000000000003,0.008,0.005,0.0,1.0,0.0,374.034394660996,982.5883547744364
1668397975.8611922,2.618,-0.0089999999999998,-0.004,-0.012,1.0,0.0,979.2220452224874,0.0,979.2220452224874
1668398035.949576,2.616,-0.0019999999999997,-0.006,-0.002,1.0,0.0,979.2220452224874,0.0,979.2220452224874
1668398096.0500228,2.618,0.0019999999999997,-0.006,0.0,1.0,0.0,979.2220452224874,0.0,979.2220452224874
1668398155.9701064,2.616,-0.0019999999999997,-0.005,0.001,0.0,1.0,0.0,374.3203536783208,979.2220452224872
1668398216.3379416,2.615,-0.0009999999999998,-0.007,-0.002,1.0,0.0,978.847724868809,0.0,978.847724868809
1668398276.0107987,2.615,0.0,-0.007,0.0,1.0,0.0,978.847724868809,0.0,978.847724868809
1668398336.0834184,2.608,-0.0070000000000001,-0.009,-0.0019999999999999,1.0,0.0,978.847724868809,0.0,978.847724868809
1668398396.059241,2.612,0.004,-0.005,0.0039999999999999,0.0,1.0,0.0,374.75027751485794,978.847724868809
1668398455.9830365,2.612,0.0,-0.006,-0.001,1.0,0.0,978.847724868809,0.0,978.847724868809
1668398515.9758077,2.61,-0.0020000000000002,-0.008,-0.002,1.0,0.0,978.847724868809,0.0,978.847724868809
1668398576.1292293,2.61,0.0,-0.008,0.0,1.0,0.0,978.847724868809,0.0,978.847724868809
1668398636.7488315,2.609,-0.0009999999999998,-0.019,-0.011,1.0,0.0,978.847724868809,0.0,978.847724868809
1668398695.9960697,2.608,-0.0009999999999998,-0.02,-0.001,1.0,0.0,978.847724868809,0.0,978.847724868809
1668398756.1289177,2.608,0.0,-0.02,0.0,1.0,0.0,978.847724868809,0.0,978.847724868809
1668398815.913175,2.608,0.0,-0.02,0.0,1.0,0.0,978.847724868809,0.0,978.847724868809
1668398876.1593127,2.608,0.0,-0.01,0.01,0.0,1.0,0.0,375.32504787914456,978.8477248688092
1668398936.1289625,2.608,0.0,-0.008,0.002,0.0,1.0,0.0,375.32504787914456,978.8477248688092
1668398996.063908,2.601,-0.0070000000000001,-0.015,-0.0069999999999999,1.0,0.0,976.220449533655,0.0,976.220449533655
1668399056.720094,2.6,-0.0009999999999998,-0.016,-0.001,1.0,0.0,976.220449533655,0.0,976.220449533655
1668399115.9301426,2.595,-0.0049999999999998,-0.02,-0.004,1.0,0.0,976.220449533655,0.0,976.220449533655
1668399176.1018236,2.597,0.0019999999999997,-0.013,0.007,0.0,1.0,0.0,375.903138056856,976.220449533655
1668399236.0443325,2.597,0.0,-0.015,-0.002,1.0,0.0,976.220449533655,0.0,976.220449533655
1668399296.162523,2.595,-0.0019999999999997,-0.015,0.0,1.0,0.0,976.220449533655,0.0,976.220449533655
1668399356.0177271,2.594,-0.0010000000000003,-0.015,0.0,1.0,0.0,976.220449533655,0.0,976.220449533655
1668399415.9117155,2.585,-0.0089999999999998,-0.023,-0.008,1.0,0.0,976.220449533655,0.0,976.220449533655
1668399475.9638057,2.58,-0.0049999999999998,-0.029,-0.006,1.0,0.0,976.220449533655,0.0,976.220449533655
1668399536.2165468,2.573,-0.0070000000000001,-0.028,0.001,0.0,1.0,0.0,379.4094246147124,976.220449533655
1668399596.0927677,2.553,-0.02,-0.048,-0.02,1.0,0.0,968.6322610413608,0.0,968.6322610413608
1668399656.157693,2.543,-0.0099999999999997,-0.057,-0.009,1.0,0.0,968.6322610413608,0.0,968.6322610413608
1668399716.131352,2.558,0.0149999999999996,-0.037,0.02,0.0,1.0,0.0,378.6678111967791,968.6322610413608
1668399776.179978,2.556,-0.0019999999999997,-0.041,-0.004,1.0,0.0,967.8749254189676,0.0,967.8749254189676
1668399836.260654,2.559,0.0030000000000001,-0.036,0.005,0.0,1.0,0.0,378.2238864474277,967.8749254189676
1668399896.1712122,2.569,0.0099999999999997,-0.022,0.0139999999999999,0.0,1.0,0.0,378.2238864474277,971.6571642834416
1668399956.969436,2.568,-0.0009999999999998,-0.028,-0.006,1.0,0.0,971.2789403969942,0.0,971.2789403969942
1668400016.0692875,2.564,-0.004,-0.021,0.0069999999999999,0.0,1.0,0.0,378.8139393124002,971.2789403969942
1668400076.067624,2.562,-0.0020000000000002,-0.017,0.004,0.0,1.0,0.0,378.8139393124002,970.5213125183692
1668400136.0551264,2.56,-0.0019999999999997,-0.001,0.016,0.0,1.0,0.0,378.8139393124002,969.7636846397444
1668400196.1541264,2.563,0.0030000000000001,0.017,0.018,0.0,1.0,0.0,378.8139393124002,970.9001264576816
1668400256.0103076,2.558,-0.0050000000000003,0.003,-0.014,1.0,0.0,969.0060567611196,0.0,969.0060567611196
1668400316.2110133,2.571,0.0130000000000003,0.013,0.0099999999999999,0.0,1.0,0.0,376.89850515796167,969.0060567611196
1668400376.1314192,2.571,0.0,0.015,0.002,0.0,1.0,0.0,376.89850515796167,969.0060567611196
1668400436.7337766,2.571,0.0,0.0,-0.015,1.0,0.0,969.0060567611196,0.0,969.0060567611196
1668400496.2724104,2.579,0.008,0.016,0.016,0.0,1.0,0.0,375.7293744711592,969.0060567611196
1668400556.069248,2.578,-0.0010000000000003,0.01,-0.006,1.0,0.0,968.6303273866484,0.0,968.6303273866484
1668400616.0822375,2.566,-0.012,0.004,-0.006,1.0,0.0,968.6303273866484,0.0,968.6303273866484
1668400676.1738875,2.56,-0.0059999999999997,0.006,0.002,0.0,1.0,0.0,378.3712216354096,968.6303273866484
1668400736.0608883,2.561,0.0009999999999998,0.002,-0.004,1.0,0.0,969.008698608284,0.0,969.008698608284
1668400796.2885509,2.561,0.0,0.002,0.0,1.0,0.0,969.008698608284,0.0,969.008698608284
1668400856.064599,2.562,0.0009999999999998,0.005,0.003,0.0,1.0,0.0,378.2235357565512,969.008698608284
1668400917.4000628,2.557,-0.0049999999999998,-0.008,-0.013,1.0,0.0,967.1175809295014,0.0,967.1175809295014
1668400976.169217,2.55,-0.0070000000000001,-0.021,-0.013,1.0,0.0,967.1175809295014,0.0,967.1175809295014
1668401036.049566,2.543,-0.0069999999999996,-0.028,-0.0069999999999999,1.0,0.0,967.1175809295014,0.0,967.1175809295014
1668401096.1446474,2.547,0.004,-0.031,-0.0029999999999999,1.0,0.0,967.1175809295014,0.0,967.1175809295014
1668401156.204863,2.549,0.0019999999999997,-0.029,0.0019999999999999,0.0,1.0,0.0,379.4105849076114,967.1175809295014
1668401216.1603138,2.543,-0.0059999999999997,-0.035,-0.006,1.0,0.0,964.841117420056,0.0,964.841117420056
1668401276.0748775,2.55,0.0069999999999996,-0.016,0.019,0.0,1.0,0.0,378.36906565492393,964.841117420056
1668401336.0385025,2.555,0.0050000000000003,-0.011,0.005,0.0,1.0,0.0,378.36906565492393,966.7329627483308
1668401397.4168203,2.56,0.0049999999999998,-0.006,0.0049999999999999,0.0,1.0,0.0,378.36906565492393,968.6248080766052
1668401456.1483312,2.559,-0.0009999999999998,-0.002,0.004,0.0,1.0,0.0,378.36906565492393,968.2464390109504
1668401516.132382,2.557,-0.0020000000000002,0.001,0.003,0.0,1.0,0.0,378.36906565492393,967.4897008796404
1668401576.1020584,2.558,0.0009999999999998,0.001,0.0,0.0,1.0,0.0,378.36906565492393,967.8680699452954
1668401636.799576,2.557,-0.0009999999999998,0.01,0.009,0.0,1.0,0.0,378.36906565492393,967.4897008796404
1668401696.127267,2.556,-0.0009999999999998,0.013,0.0029999999999999,0.0,1.0,0.0,378.36906565492393,967.1113318139855
1668401756.2211795,2.564,0.008,0.017,0.004,0.0,1.0,0.0,378.36906565492393,970.1382843392248
1668401816.1728337,2.566,0.0019999999999997,0.023,0.0059999999999999,0.0,1.0,0.0,378.36906565492393,970.8950224705349
1668401877.4692583,2.563,-0.0029999999999996,0.016,-0.0069999999999999,1.0,0.0,969.75991527357,0.0,969.75991527357
1668401936.086681,2.57,0.0069999999999996,0.019,0.0029999999999999,0.0,1.0,0.0,377.3384884332957,969.75991527357
1668401996.1433342,2.57,0.0,0.01,-0.009,1.0,0.0,969.75991527357,0.0,969.75991527357
1668402056.1163464,2.57,0.0,0.006,-0.004,1.0,0.0,969.75991527357,0.0,969.75991527357
1668402116.009901,2.568,-0.0019999999999997,0.014,0.008,0.0,1.0,0.0,377.632365760736,969.75991527357
1668402175.9967012,2.572,0.004,0.01,-0.004,1.0,0.0,971.270444736613,0.0,971.270444736613
1668402236.2063608,2.574,0.0019999999999997,0.019,0.009,0.0,1.0,0.0,377.3389451191193,971.270444736613
1668402296.3196807,2.572,-0.0019999999999997,0.015,-0.004,1.0,0.0,970.5157668463748,0.0,970.5157668463748
1668402356.8662813,2.572,0.0,0.015,0.0,1.0,0.0,970.5157668463748,0.0,970.5157668463748
1668402416.314999,2.572,0.0,0.015,0.0,1.0,0.0,970.5157668463748,0.0,970.5157668463748
1668402476.2527103,2.566,-0.0060000000000002,0.001,-0.0139999999999999,1.0,0.0,970.5157668463748,0.0,970.5157668463748
1668402536.4131234,2.568,0.0020000000000002,0.001,0.0,1.0,0.0,970.5157668463748,0.0,970.5157668463748
1668402596.1535082,2.567,-0.0009999999999998,0.0,-0.001,1.0,0.0,970.5157668463748,0.0,970.5157668463748
1668402656.07799,2.568,0.0009999999999998,0.003,0.003,0.0,1.0,0.0,377.9267004853485,970.515766846375
1668402716.3236969,2.57,0.0019999999999997,-0.004,-0.007,1.0,0.0,971.2716202473456,0.0,971.2716202473456
1668402776.1946084,2.568,-0.0019999999999997,0.002,0.006,0.0,1.0,0.0,378.2210359218635,971.2716202473456
1668402836.8529603,2.567,-0.0009999999999998,-0.005,-0.007,1.0,0.0,970.8933992114236,0.0,970.8933992114236
1668402896.2752888,2.56,-0.0070000000000001,-0.012,-0.007,1.0,0.0,970.8933992114236,0.0,970.8933992114236
1668402956.3696458,2.564,0.004,-0.008,0.004,0.0,1.0,0.0,378.6635722353446,970.8933992114236
1668403016.1347506,2.561,-0.0030000000000001,-0.013,-0.0049999999999999,1.0,0.0,969.7574084947174,0.0,969.7574084947174
1668403076.1547396,2.56,-0.0009999999999998,-0.012,0.0009999999999999,0.0,1.0,0.0,378.811487693249,969.7574084947174
1668403136.0856965,2.56,0.0,-0.012,0.0,0.0,1.0,0.0,378.811487693249,969.7574084947174
1668403196.1322591,2.57,0.0099999999999997,0.004,0.016,0.0,1.0,0.0,378.811487693249,973.5455233716498
1668403256.234181,2.572,0.0020000000000002,0.009,0.0049999999999999,0.0,1.0,0.0,378.811487693249,974.3031463470364
1668403317.324745,2.569,-0.0030000000000001,0.002,-0.0069999999999999,1.0,0.0,973.1667118839566,0.0,973.1667118839566
1668403376.141545,2.569,0.0,0.001,-0.001,1.0,0.0,973.1667118839566,0.0,973.1667118839566
1668403436.4633543,2.565,-0.004,-0.004,-0.005,1.0,0.0,973.1667118839566,0.0,973.1667118839566
1668403496.1745408,2.561,-0.004,-0.008,-0.004,1.0,0.0,973.1667118839566,0.0,973.1667118839566
1668403556.455129,2.562,0.0009999999999998,0.0,0.008,0.0,1.0,0.0,379.8464917579847,973.1667118839566
1668403616.1956654,2.562,0.0,0.002,0.002,0.0,1.0,0.0,379.8464917579847,973.1667118839569
1668403676.253914,2.562,0.0,-0.002,-0.004,1.0,0.0,973.1667118839569,0.0,973.1667118839569
1668403736.1547637,2.56,-0.0019999999999997,-0.004,-0.002,1.0,0.0,973.1667118839569,0.0,973.1667118839569
1668403796.5483649,2.558,-0.0020000000000002,0.0,0.004,0.0,1.0,0.0,380.4404659436892,973.1667118839569
1668403856.314091,2.558,0.0,0.0,0.0,0.0,1.0,0.0,380.4404659436892,973.166711883957
1668403916.2388344,2.558,0.0,-0.014,-0.014,1.0,0.0,973.166711883957,0.0,973.166711883957
1668403976.1859543,2.561,0.0030000000000001,-0.008,0.006,0.0,1.0,0.0,379.99481135648455,973.1667118839569
1668404036.4764786,2.556,-0.0049999999999998,-0.013,-0.0049999999999999,1.0,0.0,971.2667378271746,0.0,971.2667378271746
1668404096.589505,2.556,0.0,-0.013,0.0,1.0,0.0,971.2667378271746,0.0,971.2667378271746
1668404156.1302006,2.542,-0.0140000000000002,-0.027,-0.014,1.0,0.0,971.2667378271746,0.0,971.2667378271746
1668404216.388157,2.545,0.0030000000000001,-0.016,0.011,0.0,1.0,0.0,381.63722507943993,971.2667378271746
1668404276.1977167,2.55,0.0049999999999998,-0.011,0.005,0.0,1.0,0.0,381.63722507943993,973.1749239525716
1668404336.1690297,2.556,0.0060000000000002,-0.006,0.0049999999999999,0.0,1.0,0.0,381.63722507943993,975.4647473030484
1668404396.1826727,2.556,0.0,-0.006,0.0,0.0,1.0,0.0,381.63722507943993,975.4647473030484
1668404456.5012856,2.553,-0.0030000000000001,-0.005,0.001,0.0,1.0,0.0,381.63722507943993,974.31983562781
1668404516.4721606,2.542,-0.0110000000000001,-0.014,-0.009,1.0,0.0,970.1218261519364,0.0,970.1218261519364
1668404576.4987383,2.54,-0.0019999999999997,-0.023,-0.009,1.0,0.0,970.1218261519364,0.0,970.1218261519364
1668404636.3126595,2.541,0.0009999999999998,-0.015,0.008,0.0,1.0,0.0,381.7874168248471,970.1218261519364
1668404696.2228572,2.534,-0.0070000000000001,-0.011,0.004,0.0,1.0,0.0,381.7874168248471,967.4493142341626
1668404756.3265772,2.542,0.008,0.0,0.011,0.0,1.0,0.0,381.7874168248471,970.5036135687614
1668404816.3490782,2.524,-0.0179999999999997,-0.028,-0.028,1.0,0.0,963.631440065914,0.0,963.631440065914
1668404876.5046835,2.524,0.0,-0.028,0.0,1.0,0.0,963.631440065914,0.0,963.631440065914
1668404936.318841,2.533,0.0089999999999998,-0.023,0.005,0.0,1.0,0.0,380.4308883007951,963.631440065914
1668404996.202194,2.536,0.0030000000000001,-0.02,0.0029999999999999,0.0,1.0,0.0,380.4308883007951,964.7727327308164
1668405056.1553953,2.536,0.0,-0.02,0.0,0.0,1.0,0.0,380.4308883007951,964.7727327308164
1668405117.0901475,2.536,0.0,-0.013,0.007,0.0,1.0,0.0,380.4308883007951,964.7727327308164
1668405176.4030557,2.537,0.0009999999999998,-0.005,0.008,0.0,1.0,0.0,380.4308883007951,965.1531636191172
1668405236.7081704,2.54,0.0030000000000001,0.0,0.005,0.0,1.0,0.0,380.4308883007951,966.2944562840196
1668405296.5476098,2.543,0.0030000000000001,0.015,0.015,0.0,1.0,0.0,380.4308883007951,967.435748948922
1668405356.375412,2.538,-0.0050000000000003,0.003,-0.012,1.0,0.0,965.533594507418,0.0,965.533594507418
1668405416.345353,2.532,-0.0059999999999997,-0.006,-0.009,1.0,0.0,965.533594507418,0.0,965.533594507418
1668405476.3682425,2.532,0.0,0.009,0.015,0.0,1.0,0.0,381.33238329676857,965.533594507418
1668405536.2033343,2.533,0.0009999999999998,0.006,-0.0029999999999999,1.0,0.0,965.9149268907148,0.0,965.9149268907148
1668405596.8314786,2.532,-0.0009999999999998,-0.004,-0.01,1.0,0.0,965.9149268907148,0.0,965.9149268907148
1668405656.2904575,2.532,0.0,-0.004,0.0,1.0,0.0,965.9149268907148,0.0,965.9149268907148
1668405716.444653,2.546,0.0139999999999997,0.009,0.013,0.0,1.0,0.0,379.3852815753005,965.9149268907148
1668405776.3674247,2.546,0.0,0.003,-0.0059999999999999,1.0,0.0,965.914926890715,0.0,965.914926890715
1668405836.501739,2.538,-0.008,-0.003,-0.006,1.0,0.0,965.914926890715,0.0,965.914926890715
1668405896.395672,2.539,0.0010000000000003,-0.002,0.001,0.0,1.0,0.0,380.431243359872,965.914926890715
1668405956.4493845,2.539,0.0,-0.002,0.0,0.0,1.0,0.0,380.431243359872,965.914926890715
1668406016.3385012,2.546,0.0069999999999996,0.005,0.007,0.0,1.0,0.0,380.431243359872,968.577945594234
1668406076.3873682,2.546,0.0,0.005,0.0,0.0,1.0,0.0,380.431243359872,968.577945594234
1668406136.498584,2.54,-0.0059999999999997,0.007,0.002,0.0,1.0,0.0,380.431243359872,966.2953581340748
1668406196.3075116,2.548,0.008,0.016,0.009,0.0,1.0,0.0,380.431243359872,969.338808080954
1668406256.232161,2.55,0.0019999999999997,0.019,0.0029999999999999,0.0,1.0,0.0,380.431243359872,970.0996705676736
1668406316.3323748,2.552,0.0020000000000002,0.015,-0.004,1.0,0.0,970.8605330543932,0.0,970.8605330543932
1668406376.558113,2.542,-0.0100000000000002,0.01,-0.0049999999999999,1.0,0.0,970.8605330543932,0.0,970.8605330543932
1668406436.6055515,2.54,-0.0019999999999997,0.002,-0.008,1.0,0.0,970.8605330543932,0.0,970.8605330543932
1668406496.6052003,2.54,0.0,-0.006,-0.008,1.0,0.0,970.8605330543932,0.0,970.8605330543932
1668406556.5350957,2.543,0.0030000000000001,-0.003,0.003,0.0,1.0,0.0,381.7776378507248,970.8605330543932
1668406617.4346642,2.543,0.0,-0.003,0.0,0.0,1.0,0.0,381.7776378507248,970.8605330543932
1668406677.5319965,2.543,0.0,-0.003,0.0,0.0,1.0,0.0,381.7776378507248,970.8605330543932
1668406737.415935,2.558,0.0149999999999996,0.013,0.016,0.0,1.0,0.0,381.7776378507248,976.587197622154
1668406798.299256,2.557,-0.0009999999999998,0.018,0.0049999999999999,0.0,1.0,0.0,381.7776378507248,976.2054199843031
1668406858.2863398,2.548,-0.0089999999999998,0.002,-0.016,1.0,0.0,972.7694212436468,0.0,972.7694212436468
1668406918.3395994,2.555,0.0070000000000001,0.015,0.013,0.0,1.0,0.0,380.7316717196269,972.7694212436468
1668406979.0441782,2.555,0.0,0.006,-0.009,1.0,0.0,972.7694212436468,0.0,972.7694212436468
1668407039.795524,2.556,0.0009999999999998,0.006,0.0,1.0,0.0,972.7694212436468,0.0,972.7694212436468
1668407099.0227308,2.556,0.0,0.006,0.0,1.0,0.0,972.7694212436468,0.0,972.7694212436468
1668407159.9771943,2.556,0.0,0.016,0.01,0.0,1.0,0.0,380.5827156665285,972.7694212436468
1668407219.81299,2.555,-0.0009999999999998,0.014,-0.002,1.0,0.0,972.3888385279804,0.0,972.3888385279804
1668407279.8948402,2.56,0.0049999999999998,0.02,0.006,0.0,1.0,0.0,379.8393900499924,972.3888385279804
1668407340.7114484,2.559,-0.0009999999999998,0.016,-0.004,1.0,0.0,972.0089991379306,0.0,972.0089991379306
1668407400.6314795,2.553,-0.0060000000000002,0.01,-0.006,1.0,0.0,972.0089991379306,0.0,972.0089991379306
1668407461.0654542,2.564,0.0110000000000001,0.018,0.0079999999999999,0.0,1.0,0.0,379.09867361073736,972.0089991379306
1668407521.370838,2.563,-0.0009999999999998,0.015,-0.0029999999999999,1.0,0.0,971.62990046432,0.0,971.62990046432
1668407581.9259598,2.562,-0.0010000000000003,0.007,-0.008,1.0,0.0,971.62990046432,0.0,971.62990046432
1668407641.4020278,2.562,0.0,0.007,0.0,1.0,0.0,971.62990046432,0.0,971.62990046432
1668407702.4893064,2.562,0.0,0.006,-0.001,1.0,0.0,971.62990046432,0.0,971.62990046432
1668407762.5637546,2.562,0.0,0.006,0.0,1.0,0.0,971.62990046432,0.0,971.62990046432
1668407822.4202845,2.569,0.0070000000000001,0.013,0.0069999999999999,0.0,1.0,0.0,378.2132738280732,971.62990046432
1668407883.2883587,2.569,0.0,0.018,0.0049999999999999,0.0,1.0,0.0,378.2132738280732,971.62990046432
1668407943.2821925,2.569,0.0,0.013,-0.0049999999999999,1.0,0.0,971.62990046432,0.0,971.62990046432
1668408003.3173928,2.569,0.0,0.013,0.0,1.0,0.0,971.62990046432,0.0,971.62990046432
1668408064.2287066,2.57,0.0009999999999998,0.012,-0.0009999999999999,1.0,0.0,971.62990046432,0.0,971.62990046432
1668408124.8439722,2.6,0.0300000000000002,0.047,0.035,0.0,1.0,0.0,373.7038078708923,971.62990046432
1668408184.157051,2.644,0.044,0.08,0.033,0.0,1.0,0.0,373.7038078708923,988.0728680106394
1668408245.6257577,2.689,0.0449999999999999,0.125,0.045,0.0,1.0,0.0,373.7038078708923,1004.8895393648296
1668408305.452284,2.695,0.0059999999999997,0.132,0.007,0.0,1.0,0.0,373.7038078708923,1007.1317622120548
1668408365.4787378,2.68,-0.0149999999999996,0.118,-0.014,1.0,0.0,1001.5262050939916,0.0,1001.5262050939916
1668408426.4525034,2.655,-0.0250000000000003,0.093,-0.0249999999999999,1.0,0.0,1001.5262050939916,0.0,1001.5262050939916
1668408486.412102,2.658,0.0030000000000001,0.089,-0.004,1.0,0.0,1001.5262050939916,0.0,1001.5262050939916
1668408546.3031452,2.649,-0.0089999999999998,0.079,-0.0099999999999999,1.0,0.0,1001.5262050939916,0.0,1001.5262050939916
1668408608.9223466,2.665,0.016,0.096,0.017,0.0,1.0,0.0,375.80720641425575,1001.5262050939916
1668408667.2419834,2.683,0.0179999999999997,0.107,0.0109999999999999,0.0,1.0,0.0,375.80720641425575,1008.290734809448
1668408727.1546357,2.684,0.0010000000000003,0.064,-0.043,1.0,0.0,1008.6665420158624,0.0,1008.6665420158624
1668408787.9336886,2.718,0.0339999999999998,0.077,0.0129999999999999,0.0,1.0,0.0,371.1061596820686,1008.6665420158624
1668408848.2145543,2.715,-0.0030000000000001,-0.008,-0.0849999999999999,1.0,0.0,1007.5532235368162,0.0,1007.5532235368162
1668408907.8677046,2.7,-0.0149999999999996,0.015,0.023,0.0,1.0,0.0,373.16786056919113,1007.5532235368162
1668408969.045043,2.698,-0.0020000000000002,0.026,0.011,0.0,1.0,0.0,373.16786056919113,1006.8068878156776
1668409028.8403332,2.703,0.0049999999999998,0.055,0.029,0.0,1.0,0.0,373.16786056919113,1008.6727271185237
1668409089.309371,2.709,0.0060000000000002,0.027,-0.028,1.0,0.0,1010.9117342819388,0.0,1010.9117342819388
1668409149.658381,2.732,0.0230000000000001,0.077,0.05,0.0,1.0,0.0,370.02625705781065,1010.9117342819388
1668409209.609611,2.765,0.0329999999999999,0.08,0.003,0.0,1.0,0.0,370.02625705781065,1023.1226007648464
1668409269.538833,2.731,-0.0340000000000002,0.059,-0.021,1.0,0.0,1010.5417080248808,0.0,1010.5417080248808
1668409330.3641503,2.733,0.0020000000000002,0.035,-0.0239999999999999,1.0,0.0,1010.5417080248808,0.0,1010.5417080248808
1668409390.5654552,2.732,-0.0009999999999998,0.014,-0.021,1.0,0.0,1010.5417080248808,0.0,1010.5417080248808
1668409450.419171,2.722,-0.0100000000000002,0.008,-0.006,1.0,0.0,1010.5417080248808,0.0,1010.5417080248808
1668409511.4271567,2.726,0.004,0.038,0.03,0.0,1.0,0.0,370.7049552549086,1010.5417080248808
1668409571.2948325,2.725,-0.0009999999999998,0.037,-0.001,1.0,0.0,1010.171003069626,0.0,1010.171003069626
1668409632.0052736,2.72,-0.0049999999999998,0.003,-0.0339999999999999,1.0,0.0,1010.171003069626,0.0,1010.171003069626
1668409692.132403,2.719,-0.0010000000000003,-0.007,-0.01,1.0,0.0,1010.171003069626,0.0,1010.171003069626
1668409752.1860614,2.71,-0.0089999999999998,-0.016,-0.009,1.0,0.0,1010.171003069626,0.0,1010.171003069626
1668409812.2250206,2.714,0.004,-0.04,-0.024,1.0,0.0,1010.171003069626,0.0,1010.171003069626
1668409873.0058837,2.722,0.008,-0.005,0.035,0.0,1.0,0.0,371.113520598687,1010.171003069626
1668409932.9619582,2.709,-0.0129999999999999,-0.024,-0.019,1.0,0.0,1005.346527301843,0.0,1005.346527301843
1668409992.8978708,2.717,0.008,-0.016,0.008,0.0,1.0,0.0,370.0208050430044,1005.346527301843
1668410054.164834,2.718,0.0009999999999998,0.01,0.026,0.0,1.0,0.0,370.0208050430044,1005.716548106886
1668410114.278412,2.721,0.0030000000000001,0.001,-0.009,1.0,0.0,1006.8266105220148,0.0,1006.8266105220148
1668410174.829747,2.71,-0.0110000000000001,-0.01,-0.011,1.0,0.0,1006.8266105220148,0.0,1006.8266105220148
1668410235.0353725,2.701,-0.0089999999999998,-0.022,-0.0119999999999999,1.0,0.0,1006.8266105220148,0.0,1006.8266105220148
1668410295.016497,2.697,-0.004,-0.013,0.009,0.0,1.0,0.0,373.3135374571801,1006.8266105220148
1668410355.0641026,2.689,-0.008,-0.025,-0.012,1.0,0.0,1003.8401022223572,0.0,1003.8401022223572
1668410415.795032,2.68,-0.0089999999999998,-0.042,-0.017,1.0,0.0,1003.8401022223572,0.0,1003.8401022223572
1668410475.8849149,2.694,0.0139999999999997,-0.017,0.025,0.0,1.0,0.0,372.620676400281,1003.8401022223572
1668410535.8447022,2.696,0.0020000000000002,-0.021,-0.004,1.0,0.0,1004.5853435751576,0.0,1004.5853435751576
1668410596.626678,2.704,0.008,-0.013,0.008,0.0,1.0,0.0,371.5182483635938,1004.5853435751576
1668410656.6417675,2.711,0.0069999999999996,-0.012,0.0009999999999999,0.0,1.0,0.0,371.5182483635938,1007.1859713137028
1668410716.51833,2.72,0.0090000000000003,0.007,0.019,0.0,1.0,0.0,371.5182483635938,1010.5296355489752
1668410777.658779,2.73,0.0099999999999997,0.029,0.022,0.0,1.0,0.0,371.5182483635938,1014.2448180326112
1668410837.548387,2.752,0.0219999999999997,0.054,0.0249999999999999,0.0,1.0,0.0,371.5182483635938,1022.41821949661
1668410897.8636396,2.763,0.0110000000000001,0.073,0.0189999999999999,0.0,1.0,0.0,371.5182483635938,1026.5049202286095
1668410958.397937,2.766,0.0030000000000001,0.082,0.009,0.0,1.0,0.0,371.5182483635938,1027.6194749737003
1668411018.5423124,2.79,0.024,0.095,0.0129999999999999,0.0,1.0,0.0,371.5182483635938,1036.5359129344267
1668411078.3980267,2.793,0.0030000000000001,0.096,0.001,0.0,1.0,0.0,371.5182483635938,1037.6504676795175
1668411139.0132322,2.785,-0.008,0.081,-0.015,1.0,0.0,1034.6783216926087,0.0,1034.6783216926087
1668411199.340555,2.77,-0.0150000000000001,0.057,-0.024,1.0,0.0,1034.6783216926087,0.0,1034.6783216926087
1668411258.9305036,2.771,0.0009999999999998,0.053,-0.004,1.0,0.0,1034.6783216926087,0.0,1034.6783216926087
1668411320.0232768,2.77,-0.0009999999999998,0.052,-0.001,1.0,0.0,1034.6783216926087,0.0,1034.6783216926087
1668411379.9863544,2.789,0.0190000000000001,0.045,-0.0069999999999999,1.0,0.0,1034.6783216926087,0.0,1034.6783216926087
1668411439.9918544,2.799,0.0099999999999997,0.043,-0.002,1.0,0.0,1034.6783216926087,0.0,1034.6783216926087
1668411500.941666,2.795,-0.004,0.03,-0.0129999999999999,1.0,0.0,1034.6783216926087,0.0,1034.6783216926087
1668411560.8425074,2.783,-0.012,-0.007,-0.037,1.0,0.0,1034.6783216926087,0.0,1034.6783216926087
1668411620.8767965,2.78,-0.0030000000000001,-0.008,-0.001,1.0,0.0,1034.6783216926087,0.0,1034.6783216926087
1668411681.8632226,2.782,0.0020000000000002,-0.005,0.003,0.0,1.0,0.0,371.91887911308726,1034.6783216926087
1668411741.713261,2.779,-0.0030000000000001,-0.008,-0.003,1.0,0.0,1033.5625650552695,0.0,1033.5625650552695
1668411801.5437102,2.793,0.0140000000000002,0.018,0.026,0.0,1.0,0.0,370.05462407993895,1033.5625650552695
1668411862.9674382,2.797,0.004,0.027,0.009,0.0,1.0,0.0,370.05462407993895,1035.0427835515893
1668411923.0737245,2.802,0.0049999999999998,0.019,-0.008,1.0,0.0,1036.893056671989,0.0,1036.893056671989
1668411982.8362193,2.811,0.0089999999999998,0.018,-0.001,1.0,0.0,1036.893056671989,0.0,1036.893056671989
1668412043.8428032,2.805,-0.0059999999999997,0.006,-0.0119999999999999,1.0,0.0,1036.893056671989,0.0,1036.893056671989
1668412103.9787104,2.794,-0.0110000000000001,0.013,0.0069999999999999,0.0,1.0,0.0,371.1141935118071,1036.893056671989
1668412164.4277503,2.789,-0.0049999999999998,0.011,-0.002,1.0,0.0,1035.03748570443,0.0,1035.03748570443
1668412225.1205847,2.793,0.004,0.01,-0.0009999999999999,1.0,0.0,1035.03748570443,0.0,1035.03748570443
1668412284.873433,2.801,0.008,0.017,0.007,0.0,1.0,0.0,369.52427194017497,1035.03748570443
1668412344.9510615,2.805,0.004,0.014,-0.003,1.0,0.0,1036.5155827921908,0.0,1036.5155827921908
1668412405.7500708,2.797,-0.008,-0.004,-0.018,1.0,0.0,1036.5155827921908,0.0,1036.5155827921908
1668412465.7745807,2.791,-0.0060000000000002,-0.009,-0.0049999999999999,1.0,0.0,1036.5155827921908,0.0,1036.5155827921908
1668412525.7562084,2.799,0.008,-0.007,0.0019999999999999,0.0,1.0,0.0,370.3163925659846,1036.5155827921908
1668412586.813952,2.791,-0.008,-0.014,-0.007,1.0,0.0,1033.553051651663,0.0,1033.553051651663
1668412647.2692804,2.798,0.0070000000000001,0.008,0.022,0.0,1.0,0.0,369.3899398326173,1033.553051651663
1668412707.334212,2.803,0.0049999999999998,0.01,0.002,0.0,1.0,0.0,369.3899398326173,1035.4000013508262
1668412767.5849357,2.797,-0.0059999999999997,0.009,-0.001,1.0,0.0,1033.1836617118306,0.0,1033.1836617118306
1668412827.5820282,2.804,0.0069999999999996,0.012,0.003,0.0,1.0,0.0,368.46778235086686,1033.1836617118306
1668412887.7008548,2.809,0.0050000000000003,0.0,-0.012,1.0,0.0,1035.026000623585,0.0,1035.026000623585
1668412948.31739,2.814,0.0049999999999998,0.007,0.007,0.0,1.0,0.0,367.8130776913948,1035.026000623585
1668413008.3208177,2.814,0.0,0.017,0.01,0.0,1.0,0.0,367.8130776913948,1035.026000623585
1668413068.3165314,2.815,0.0009999999999998,0.021,0.004,0.0,1.0,0.0,367.8130776913948,1035.3938137012765
1668413129.293903,2.822,0.0070000000000001,0.018,-0.003,1.0,0.0,1037.968505245116,0.0,1037.968505245116
1668413189.2999344,2.815,-0.0070000000000001,0.014,-0.0039999999999999,1.0,0.0,1037.968505245116,0.0,1037.968505245116
1668413250.0855746,2.808,-0.0070000000000001,0.013,-0.001,1.0,0.0,1037.968505245116,0.0,1037.968505245116
1668413309.976802,2.795,-0.0129999999999999,-0.004,-0.017,1.0,0.0,1037.968505245116,0.0,1037.968505245116
1668413370.048213,2.802,0.0070000000000001,0.001,0.005,0.0,1.0,0.0,370.4384387027537,1037.968505245116
1668413430.0527346,2.801,-0.0009999999999998,-0.008,-0.009,1.0,0.0,1037.598066806413,0.0,1037.598066806413
1668413490.8017497,2.808,0.0069999999999996,-0.007,0.001,0.0,1.0,0.0,369.5149810564149,1037.598066806413
1668413550.7631564,2.814,0.0060000000000002,0.005,0.012,0.0,1.0,0.0,369.5149810564149,1039.8151566927515
1668413610.715816,2.822,0.008,0.011,0.0059999999999999,0.0,1.0,0.0,369.5149810564149,1042.771276541203
1668413672.0712757,2.815,-0.0070000000000001,-0.009,-0.0199999999999999,1.0,0.0,1040.184671673808,0.0,1040.184671673808
1668413732.6607218,2.818,0.0030000000000001,0.003,0.012,0.0,1.0,0.0,369.1216010198041,1040.184671673808
1668413792.1163363,2.822,0.004,0.014,0.011,0.0,1.0,0.0,369.1216010198041,1041.6611580778872
1668413912.750599,2.814,-0.008,0.01,-0.004,1.0,0.0,1038.7081852697288,0.0,1038.7081852697288
1668413972.6724064,2.805,-0.0089999999999998,0.005,-0.005,1.0,0.0,1038.7081852697288,0.0,1038.7081852697288
1668414033.537215,2.803,-0.0020000000000002,0.003,-0.002,1.0,0.0,1038.7081852697288,0.0,1038.7081852697288
1668414093.598203,2.809,0.0060000000000002,0.003,0.0,1.0,0.0,1038.7081852697288,0.0,1038.7081852697288
1668414153.584212,2.807,-0.0020000000000002,0.001,-0.002,1.0,0.0,1038.7081852697288,0.0,1038.7081852697288
1668414215.1496902,2.799,-0.008,-0.016,-0.017,1.0,0.0,1038.7081852697288,0.0,1038.7081852697288
1668414274.330067,2.803,0.004,-0.01,0.006,0.0,1.0,0.0,370.5701695575201,1038.7081852697288
1668414334.3526242,2.797,-0.0059999999999997,-0.026,-0.016,1.0,0.0,1036.4847642523837,0.0,1036.4847642523837
1668414395.3577297,2.8,0.0029999999999996,-0.017,0.0089999999999999,0.0,1.0,0.0,370.1731300901371,1036.4847642523837
1668414455.450135,2.789,-0.0109999999999996,-0.026,-0.0089999999999999,1.0,0.0,1032.4128598213924,0.0,1032.4128598213924
1668414515.3362296,2.788,-0.0010000000000003,-0.019,0.0069999999999999,0.0,1.0,0.0,370.3059038096817,1032.4128598213924
1668414576.0536416,2.787,-0.0009999999999998,-0.016,0.0029999999999999,0.0,1.0,0.0,370.3059038096817,1032.0425539175828
1668414636.235891,2.786,-0.0009999999999998,-0.021,-0.005,1.0,0.0,1031.6722480137732,0.0,1031.6722480137732
1668414696.8629808,2.791,0.0049999999999998,-0.016,0.005,0.0,1.0,0.0,369.6425109329177,1031.6722480137732
1668414756.8439653,2.794,0.0030000000000001,-0.005,0.011,0.0,1.0,0.0,369.6425109329177,1032.781175546572
1668414816.8884275,2.792,-0.0020000000000002,-0.015,-0.0099999999999999,1.0,0.0,1032.041890524706,0.0,1032.041890524706
1668414876.90343,2.793,0.0010000000000003,-0.002,0.013,0.0,1.0,0.0,369.5101648853226,1032.041890524706
1668414937.8697524,2.79,-0.0030000000000001,-0.006,-0.004,1.0,0.0,1030.93336003005,0.0,1030.93336003005
1668414997.8998315,2.783,-0.0070000000000001,-0.013,-0.0069999999999999,1.0,0.0,1030.93336003005,0.0,1030.93336003005
1668415057.9601402,2.775,-0.008,-0.014,-0.001,1.0,0.0,1030.93336003005,0.0,1030.93336003005
1668415118.7535582,2.779,0.004,-0.009,0.005,0.0,1.0,0.0,370.9727815869197,1030.93336003005
1668415179.648152,2.772,-0.0070000000000001,-0.019,-0.01,1.0,0.0,1028.336550558941,0.0,1028.336550558941
1668415238.7398014,2.776,0.004,-0.016,0.0029999999999999,0.0,1.0,0.0,370.43823867397015,1028.336550558941
1668415299.4947677,2.78,0.004,-0.014,0.002,0.0,1.0,0.0,370.43823867397015,1029.818303513637
1668415359.5441673,2.782,0.0020000000000002,-0.009,0.005,0.0,1.0,0.0,370.43823867397015,1030.559179990985
1668415419.4845057,2.786,0.004,-0.005,0.0039999999999999,0.0,1.0,0.0,370.43823867397015,1032.0409329456809
1668415480.5061803,2.786,0.0,-0.008,-0.003,1.0,0.0,1032.0409329456809,0.0,1032.0409329456809
1668415540.3597162,2.792,0.0059999999999997,-0.002,0.006,0.0,1.0,0.0,369.6421679604874,1032.0409329456809
1668415600.4941726,2.79,-0.0019999999999997,0.007,0.009,0.0,1.0,0.0,369.6421679604874,1031.30164860976
1668415662.077526,2.784,-0.0060000000000002,0.009,0.0019999999999999,0.0,1.0,0.0,369.6421679604874,1029.0837956019968
1668415721.209422,2.78,-0.004,0.004,-0.0049999999999999,1.0,0.0,1027.605226930155,0.0,1027.605226930155
1668415781.2384682,2.783,0.0030000000000001,0.007,0.003,0.0,1.0,0.0,369.2437035322152,1027.605226930155
1668415842.2271838,2.785,0.0020000000000002,0.014,0.007,0.0,1.0,0.0,369.2437035322152,1028.3437143372194
1668415902.0494838,2.786,0.0009999999999998,0.01,-0.004,1.0,0.0,1028.7129580407516,0.0,1028.7129580407516
1668415962.1239705,2.787,0.0009999999999998,0.011,0.0009999999999999,0.0,1.0,0.0,369.11121565868376,1028.7129580407516
1668416022.8316357,2.794,0.0070000000000001,0.009,-0.002,1.0,0.0,1031.2967365503623,0.0,1031.2967365503623
1668416082.780569,2.79,-0.004,0.004,-0.0049999999999999,1.0,0.0,1031.2967365503623,0.0,1031.2967365503623
1668416142.9861765,2.79,0.0,0.004,0.0,1.0,0.0,1031.2967365503623,0.0,1031.2967365503623
1668416204.2796743,2.791,0.0009999999999998,0.001,-0.003,1.0,0.0,1031.2967365503623,0.0,1031.2967365503623
1668416263.8175998,2.795,0.004,0.01,0.009,0.0,1.0,0.0,368.9791544008452,1031.2967365503623
1668416323.8875363,2.795,0.0,0.011,0.0009999999999999,0.0,1.0,0.0,368.9791544008452,1031.2967365503623
1668416384.787432,2.784,-0.0110000000000001,0.001,-0.0099999999999999,1.0,0.0,1027.2379658519528,0.0,1027.2379658519528
1668416444.737908,2.789,0.0050000000000003,0.001,0.0,1.0,0.0,1027.2379658519528,0.0,1027.2379658519528
1668416504.6668556,2.784,-0.0050000000000003,-0.012,-0.013,1.0,0.0,1027.2379658519528,0.0,1027.2379658519528
1668416565.8241522,2.78,-0.004,-0.01,0.002,0.0,1.0,0.0,369.5100596589759,1027.2379658519528
1668416625.6196513,2.774,-0.0059999999999997,-0.02,-0.01,1.0,0.0,1025.0209054939992,0.0,1025.0209054939992
1668416685.7693896,2.775,0.0009999999999998,-0.015,0.005,0.0,1.0,0.0,369.3769028807204,1025.0209054939992
1668416747.4747195,2.77,-0.0049999999999998,-0.021,-0.006,1.0,0.0,1023.1740209795956,0.0,1023.1740209795956
1668416806.816872,2.774,0.004,-0.018,0.003,0.0,1.0,0.0,368.8442757676985,1023.1740209795956
1668416866.8349402,2.767,-0.0070000000000001,-0.028,-0.01,1.0,0.0,1020.5921110492216,0.0,1020.5921110492216
1668416927.526643,2.773,0.0060000000000002,-0.017,0.011,0.0,1.0,0.0,368.04619944075785,1020.5921110492216
1668416987.4185512,2.768,-0.0050000000000003,-0.015,0.002,0.0,1.0,0.0,368.04619944075785,1018.7518800520176
1668417047.5179176,2.768,0.0,-0.021,-0.006,1.0,0.0,1018.7518800520176,0.0,1018.7518800520176
1668417108.0989666,2.771,0.0030000000000001,-0.009,0.012,0.0,1.0,0.0,367.6477372977328,1018.7518800520176
1668417168.0758667,2.765,-0.0059999999999997,-0.008,0.0009999999999999,0.0,1.0,0.0,367.6477372977328,1016.5459936282311
1668417228.223632,2.765,0.0,-0.011,-0.0029999999999999,1.0,0.0,1016.5459936282311,0.0,1016.5459936282311
1668417289.1532898,2.769,0.004,-0.001,0.0099999999999999,0.0,1.0,0.0,367.1166463084981,1016.5459936282311
1668417349.1134996,2.764,-0.0050000000000003,-0.01,-0.009,1.0,0.0,1014.7104103966886,0.0,1014.7104103966886
1668417409.064438,2.758,-0.0059999999999997,-0.01,0.0,1.0,0.0,1014.7104103966886,0.0,1014.7104103966886
1668417469.883721,2.764,0.0059999999999997,-0.005,0.005,0.0,1.0,0.0,367.1166463084981,1014.7104103966886
1668417529.8237936,2.753,-0.0109999999999996,-0.02,-0.015,1.0,0.0,1010.6721272872952,0.0,1010.6721272872952
1668417589.8257422,2.75,-0.0030000000000001,-0.019,0.001,0.0,1.0,0.0,367.5171371953801,1010.6721272872952
1668417651.0098166,2.756,0.0059999999999997,-0.013,0.006,0.0,1.0,0.0,367.5171371953801,1012.8772301104674
1668417710.5182602,2.762,0.0060000000000002,-0.003,0.0099999999999999,0.0,1.0,0.0,367.5171371953801,1015.0823329336398
1668417770.5372596,2.76,-0.0020000000000002,-0.003,0.0,0.0,1.0,0.0,367.5171371953801,1014.347298659249
1668417831.51836,2.759,-0.0009999999999998,-0.012,-0.009,1.0,0.0,1013.9797815220536,0.0,1013.9797815220536
1668417891.3668942,2.759,0.0,-0.012,0.0,1.0,0.0,1013.9797815220536,0.0,1013.9797815220536
1668417951.3533025,2.765,0.0060000000000002,0.007,0.019,0.0,1.0,0.0,366.7196316535456,1013.9797815220536
1668418012.477834,2.767,0.0019999999999997,0.002,-0.005,1.0,0.0,1014.7132207853608,0.0,1014.7132207853608
1668418072.3106873,2.763,-0.004,0.005,0.003,0.0,1.0,0.0,367.2505323146438,1014.7132207853608
1668418132.4225605,2.766,0.0030000000000001,0.015,0.0099999999999999,0.0,1.0,0.0,367.2505323146438,1015.8149723823047
1668418193.2663484,2.765,-0.0009999999999998,0.01,-0.0049999999999999,1.0,0.0,1015.4477218499902,0.0,1015.4477218499902
1668418253.718669,2.765,0.0,0.002,-0.008,1.0,0.0,1015.4477218499902,0.0,1015.4477218499902
1668418313.243377,2.767,0.0019999999999997,0.003,0.001,0.0,1.0,0.0,366.9850819840948,1015.4477218499902
1668418373.9181497,2.764,-0.0030000000000001,0.004,0.001,0.0,1.0,0.0,366.9850819840948,1014.346766604038
1668418433.8452034,2.777,0.0130000000000003,0.018,0.0139999999999999,0.0,1.0,0.0,366.9850819840948,1019.1175726698312
1668418493.751518,2.776,-0.0010000000000003,0.017,-0.0009999999999999,1.0,0.0,1018.7505875878472,0.0,1018.7505875878472
1668418554.8414834,2.772,-0.004,0.007,-0.01,1.0,0.0,1018.7505875878472,0.0,1018.7505875878472
1668418614.9880168,2.776,0.004,0.008,0.001,0.0,1.0,0.0,366.9850819840949,1018.7505875878472
1668418674.8456116,2.772,-0.004,0.005,-0.003,1.0,0.0,1017.282647259911,0.0,1017.282647259911
1668418735.4725409,2.777,0.0050000000000003,0.012,0.007,0.0,1.0,0.0,366.3243238242387,1017.282647259911
1668418795.7788265,2.773,-0.004,0.007,-0.005,1.0,0.0,1015.817349964614,0.0,1015.817349964614
1668418855.506531,2.771,-0.0020000000000002,0.004,-0.003,1.0,0.0,1015.817349964614,0.0,1015.817349964614
1668418916.3169994,2.779,0.008,0.017,0.013,0.0,1.0,0.0,365.5334112862951,1015.817349964614
1668418976.3633516,2.779,0.0,0.017,0.0,0.0,1.0,0.0,365.5334112862951,1015.817349964614
1668419036.3277605,2.779,0.0,0.017,0.0,0.0,1.0,0.0,365.5334112862951,1015.817349964614
1668419097.1168268,2.78,0.0009999999999998,0.018,0.0009999999999999,0.0,1.0,0.0,365.5334112862951,1016.1828833759004
1668419157.164847,2.779,-0.0009999999999998,0.007,-0.011,1.0,0.0,1015.817349964614,0.0,1015.817349964614
1668419218.3791778,2.78,0.0009999999999998,0.004,-0.003,1.0,0.0,1015.817349964614,0.0,1015.817349964614
1668419278.059377,2.781,0.0010000000000003,0.009,0.0049999999999999,0.0,1.0,0.0,365.2705321699439,1015.817349964614
1668419337.8961024,2.787,0.0059999999999997,0.008,-0.0009999999999999,1.0,0.0,1018.0089731576336,0.0,1018.0089731576336
1668419397.963982,2.783,-0.004,0.011,0.0029999999999999,0.0,1.0,0.0,365.79553473145296,1018.0089731576336
1668419458.6720023,2.785,0.0020000000000002,0.012,0.001,0.0,1.0,0.0,365.79553473145296,1018.7405642270966
1668419518.5208178,2.78,-0.0050000000000003,0.007,-0.005,1.0,0.0,1016.9115865534392,0.0,1016.9115865534392
1668419578.8016138,2.786,0.0060000000000002,0.014,0.007,0.0,1.0,0.0,365.0077482244936,1016.9115865534392
1668419639.5061274,2.787,0.0009999999999998,0.016,0.002,0.0,1.0,0.0,365.0077482244936,1017.2765943016636
1668419699.2896917,2.791,0.004,0.012,-0.004,1.0,0.0,1018.7366252945616,0.0,1018.7366252945616
1668419759.3905523,2.787,-0.004,0.008,-0.004,1.0,0.0,1018.7366252945616,0.0,1018.7366252945616
1668419820.8945196,2.785,-0.0019999999999997,0.001,-0.007,1.0,0.0,1018.7366252945616,0.0,1018.7366252945616
1668419879.5096989,2.784,-0.0010000000000003,0.0,-0.001,1.0,0.0,1018.7366252945616,0.0,1018.7366252945616
1668419939.5677662,2.78,-0.004,0.001,0.001,0.0,1.0,0.0,366.4520234872524,1018.7366252945616
1668419999.5209184,2.78,0.0,0.001,0.0,0.0,1.0,0.0,366.4520234872524,1018.7366252945616
1668420059.5851493,2.78,0.0,0.002,0.001,0.0,1.0,0.0,366.4520234872524,1018.7366252945616
1668420119.5262334,2.775,-0.0049999999999998,-0.003,-0.005,1.0,0.0,1016.9043651771254,0.0,1016.9043651771254
1668420179.5391383,2.774,-0.0009999999999998,-0.009,-0.0059999999999999,1.0,0.0,1016.9043651771254,0.0,1016.9043651771254
1668420239.5095365,2.784,0.0099999999999997,0.004,0.013,0.0,1.0,0.0,365.2673725492549,1016.9043651771254
1668420300.2857234,2.784,0.0,0.004,0.0,0.0,1.0,0.0,365.2673725492549,1016.9043651771256
1668420359.5453205,2.778,-0.0059999999999997,-0.002,-0.006,1.0,0.0,1014.71276094183,0.0,1014.71276094183
1668420419.5377924,2.778,0.0,-0.002,0.0,1.0,0.0,1014.71276094183,0.0,1014.71276094183
1668420479.471331,2.775,-0.0030000000000001,-0.011,-0.009,1.0,0.0,1014.71276094183,0.0,1014.71276094183
1668420539.5011575,2.775,0.0,-0.012,-0.001,1.0,0.0,1014.71276094183,0.0,1014.71276094183
1668420599.391888,2.773,-0.0019999999999997,-0.011,0.001,0.0,1.0,0.0,365.9259866360728,1014.71276094183
1668420659.3813405,2.776,0.0029999999999996,-0.004,0.0069999999999999,0.0,1.0,0.0,365.9259866360728,1015.810538901738
1668420719.6134932,2.771,-0.0049999999999998,-0.009,-0.0049999999999999,1.0,0.0,1013.9809089685576,0.0,1013.9809089685576
1668420780.5948892,2.778,0.0070000000000001,0.001,0.0099999999999999,0.0,1.0,0.0,365.0039269145276,1013.9809089685576
1668420839.5217175,2.774,-0.004,-0.003,-0.004,1.0,0.0,1012.5208932608996,0.0,1012.5208932608996
1668420899.5056095,2.778,0.004,0.0,0.003,0.0,1.0,0.0,364.4783633048594,1012.5208932608996
1668420959.6011927,2.772,-0.0060000000000002,-0.017,-0.017,1.0,0.0,1010.3340230810702,0.0,1010.3340230810702
1668421019.4786365,2.78,0.008,0.002,0.019,0.0,1.0,0.0,363.429504705421,1010.3340230810704
1668421079.5416684,2.775,-0.0049999999999998,-0.001,-0.003,1.0,0.0,1008.5168755575432,0.0,1008.5168755575432
1668421139.561818,2.774,-0.0009999999999998,-0.002,-0.001,1.0,0.0,1008.5168755575432,0.0,1008.5168755575432
1668421199.451027,2.776,0.0019999999999997,0.001,0.003,0.0,1.0,0.0,363.298586295945,1008.5168755575432
1668421260.1533947,2.779,0.0030000000000001,0.0,-0.001,1.0,0.0,1009.606771316431,0.0,1009.606771316431
1668421319.4934456,2.779,0.0,0.005,0.005,0.0,1.0,0.0,363.298586295945,1009.606771316431
1668421379.5405664,2.78,0.0009999999999998,0.007,0.002,0.0,1.0,0.0,363.298586295945,1009.970069902727
1668421439.591354,2.78,0.0,0.007,0.0,0.0,1.0,0.0,363.298586295945,1009.970069902727
1668421499.5905929,2.777,-0.0029999999999996,0.003,-0.004,1.0,0.0,1008.8801741438392,0.0,1008.8801741438392
1668421559.74428,2.777,0.0,-0.001,-0.004,1.0,0.0,1008.8801741438392,0.0,1008.8801741438392
1668421619.6380615,2.782,0.0049999999999998,0.009,0.0099999999999999,0.0,1.0,0.0,362.6456413169803,1008.8801741438392
1668421679.550173,2.778,-0.004,0.005,-0.0039999999999999,1.0,0.0,1007.4295915785711,0.0,1007.4295915785711
1668421740.548198,2.778,0.0,0.004,-0.001,1.0,0.0,1007.4295915785711,0.0,1007.4295915785711
1668421799.5228918,2.781,0.0030000000000001,0.001,-0.003,1.0,0.0,1007.4295915785711,0.0,1007.4295915785711
1668421859.6191058,2.777,-0.004,0.0,-0.001,1.0,0.0,1007.4295915785711,0.0,1007.4295915785711
1668421919.56589,2.783,0.0059999999999997,0.004,0.004,0.0,1.0,0.0,361.9941040526666,1007.4295915785711
1668421979.6001806,2.783,0.0,0.004,0.0,0.0,1.0,0.0,361.9941040526666,1007.4295915785711
1668422039.4883378,2.785,0.0020000000000002,0.005,0.001,0.0,1.0,0.0,361.9941040526666,1008.1535797866766
1668422099.463925,2.788,0.0029999999999996,0.011,0.0059999999999999,0.0,1.0,0.0,361.9941040526666,1009.2395620988344
1668422159.4661937,2.788,0.0,0.011,0.0,0.0,1.0,0.0,361.9941040526666,1009.2395620988344
1668422220.7930374,2.788,0.0,0.014,0.003,0.0,1.0,0.0,361.9941040526666,1009.2395620988344
1668422279.629429,2.793,0.0050000000000003,0.015,0.0009999999999999,0.0,1.0,0.0,361.9941040526666,1011.049532619098
1668422339.560809,2.798,0.0049999999999998,0.022,0.0069999999999999,0.0,1.0,0.0,361.9941040526666,1012.8595031393612
1668422399.4622352,2.791,-0.0070000000000001,0.006,-0.016,1.0,0.0,1010.3255444109924,0.0,1010.3255444109924
1668422459.5414467,2.795,0.004,0.019,0.013,0.0,1.0,0.0,361.476044511983,1010.3255444109924
1668422519.5188458,2.794,-0.0009999999999998,0.013,-0.006,1.0,0.0,1009.9640683664804,0.0,1009.9640683664804
1668422579.8229463,2.79,-0.004,0.009,-0.004,1.0,0.0,1009.9640683664804,0.0,1009.9640683664804
1668422639.621593,2.79,0.0,0.007,-0.0019999999999999,1.0,0.0,1009.9640683664804,0.0,1009.9640683664804
1668422700.5006826,2.793,0.0030000000000001,0.008,0.001,0.0,1.0,0.0,361.60546665466535,1009.9640683664804
1668422759.7665963,2.792,-0.0010000000000003,0.008,0.0,0.0,1.0,0.0,361.60546665466535,1009.6024628998256
1668422819.6719491,2.795,0.0030000000000001,0.007,-0.001,1.0,0.0,1010.6872792997896,0.0,1010.6872792997896
1668422879.6274388,2.796,0.0009999999999998,0.006,-0.001,1.0,0.0,1010.6872792997896,0.0,1010.6872792997896
1668422939.6580155,2.795,-0.0009999999999998,0.005,-0.001,1.0,0.0,1010.6872792997896,0.0,1010.6872792997896
1668422999.6308331,2.785,-0.0099999999999997,-0.01,-0.015,1.0,0.0,1010.6872792997896,0.0,1010.6872792997896
1668423059.7397082,2.788,0.0029999999999996,-0.007,0.003,0.0,1.0,0.0,362.513371341388,1010.6872792997896
1668423119.5868733,2.797,0.0090000000000003,0.003,0.01,0.0,1.0,0.0,362.513371341388,1013.9498996418624
1668423180.3695316,2.792,-0.0050000000000003,-0.003,-0.006,1.0,0.0,1012.1373327851552,0.0,1012.1373327851552
1668423239.534997,2.798,0.0060000000000002,0.008,0.011,0.0,1.0,0.0,361.7360017102056,1012.1373327851552
1668423299.6221187,2.792,-0.0060000000000002,-0.003,-0.011,1.0,0.0,1009.966916774894,0.0,1009.966916774894
1668423359.8283994,2.792,0.0,0.001,0.004,0.0,1.0,0.0,361.7360017102056,1009.966916774894
1668423419.6115944,2.79,-0.0019999999999997,-0.002,-0.003,1.0,0.0,1009.2434447714736,0.0,1009.2434447714736
1668423479.621705,2.794,0.004,0.002,0.004,0.0,1.0,0.0,361.21812626037,1009.2434447714736
1668423539.7343824,2.792,-0.0020000000000002,-0.003,-0.005,1.0,0.0,1008.5210085189532,0.0,1008.5210085189532
1668423599.5855515,2.792,0.0,-0.003,0.0,1.0,0.0,1008.5210085189532,0.0,1008.5210085189532
1668423660.8386345,2.792,0.0,-0.003,0.0,1.0,0.0,1008.5210085189532,0.0,1008.5210085189532
1668423719.647986,2.79,-0.0019999999999997,0.005,0.008,0.0,1.0,0.0,361.4770639852879,1008.5210085189532
1668423779.5710626,2.79,0.0,0.005,0.0,0.0,1.0,0.0,361.4770639852879,1008.5210085189532
1668423839.6156523,2.794,0.004,-0.002,-0.007,1.0,0.0,1009.9669167748943,0.0,1009.9669167748943
1668423899.7188723,2.793,-0.0009999999999998,-0.004,-0.002,1.0,0.0,1009.9669167748943,0.0,1009.9669167748943
1668423959.6775596,2.794,0.0009999999999998,0.002,0.006,0.0,1.0,0.0,361.4770639852879,1009.9669167748943
1668424019.659834,2.798,0.004,0.006,0.004,0.0,1.0,0.0,361.4770639852879,1011.4128250308356
1668424079.6920395,2.798,0.0,0.006,0.0,0.0,1.0,0.0,361.4770639852879,1011.4128250308356
1668424140.6852264,2.796,-0.0020000000000002,-0.002,-0.008,1.0,0.0,1010.6898709028648,0.0,1010.6898709028648
1668424199.5163977,2.798,0.0020000000000002,0.003,0.005,0.0,1.0,0.0,361.21868152354,1010.6898709028648
1668424259.849727,2.798,0.0,0.007,0.004,0.0,1.0,0.0,361.21868152354,1010.689870902865
1668424319.723282,2.794,-0.004,0.0,-0.007,1.0,0.0,1009.2449961767708,0.0,1009.2449961767708
1668424379.7274342,2.794,0.0,0.002,0.002,0.0,1.0,0.0,361.21868152354,1009.2449961767708
1668424439.559992,2.797,0.0030000000000001,0.005,0.003,0.0,1.0,0.0,361.21868152354,1010.3286522213416
1668424499.615791,2.8,0.0029999999999996,0.01,0.005,0.0,1.0,0.0,361.21868152354,1011.412308265912
1668424559.7363603,2.798,-0.0019999999999997,0.004,-0.006,1.0,0.0,1010.689870902865,0.0,1010.689870902865
1668424620.8742,2.796,-0.0020000000000002,0.003,-0.001,1.0,0.0,1010.689870902865,0.0,1010.689870902865
1668424679.826994,2.796,0.0,-0.002,-0.005,1.0,0.0,1010.689870902865,0.0,1010.689870902865
1668424739.539193,2.805,0.0090000000000003,0.009,0.011,0.0,1.0,0.0,360.3172445286506,1010.6898709028648
1668424799.5388677,2.789,-0.016,-0.009,-0.018,1.0,0.0,1004.9247949904066,0.0,1004.9247949904066
1668424859.6485655,2.785,-0.004,-0.013,-0.004,1.0,0.0,1004.9247949904066,0.0,1004.9247949904066
1668424919.6120403,2.795,0.0099999999999997,0.001,0.0139999999999999,0.0,1.0,0.0,359.54375491606675,1004.9247949904066
1668424979.61034,2.797,0.0020000000000002,0.003,0.002,0.0,1.0,0.0,359.54375491606675,1005.6438825002388
1668425039.7302248,2.796,-0.0010000000000003,-0.003,-0.006,1.0,0.0,1005.2843387453224,0.0,1005.2843387453224
1668425100.885183,2.793,-0.0029999999999996,-0.006,-0.003,1.0,0.0,1005.2843387453224,0.0,1005.2843387453224
1668425159.607536,2.787,-0.0060000000000002,-0.011,-0.0049999999999999,1.0,0.0,1005.2843387453224,0.0,1005.2843387453224
1668425219.574797,2.79,0.0030000000000001,-0.006,0.0049999999999999,0.0,1.0,0.0,360.31696729223023,1005.2843387453224
1668425279.6232257,2.787,-0.0030000000000001,-0.025,-0.019,1.0,0.0,1004.2033878434456,0.0,1004.2033878434456
1668425339.7876563,2.791,0.004,-0.01,0.015,0.0,1.0,0.0,359.8005689156022,1004.2033878434456
1668425399.5995836,2.79,-0.0009999999999998,0.002,0.012,0.0,1.0,0.0,359.8005689156022,1003.84358727453
1668425460.0219362,2.79,0.0,0.004,0.002,0.0,1.0,0.0,359.8005689156022,1003.84358727453
1668425519.5893512,2.791,0.0009999999999998,-0.005,-0.009,1.0,0.0,1004.2033878434456,0.0,1004.2033878434456
1668425580.8134608,2.786,-0.0049999999999998,-0.01,-0.005,1.0,0.0,1004.2033878434456,0.0,1004.2033878434456
1668425639.6773152,2.789,0.0030000000000001,-0.007,0.003,0.0,1.0,0.0,360.05858294852834,1004.2033878434456
1668425700.054261,2.789,0.0,-0.007,0.0,0.0,1.0,0.0,360.05858294852834,1004.2033878434456
1668425759.7449253,2.789,0.0,-0.004,0.003,0.0,1.0,0.0,360.05858294852834,1004.2033878434456
1668425819.7573938,2.797,0.008,0.004,0.008,0.0,1.0,0.0,360.05858294852834,1007.0838565070338
1668425879.7863874,2.789,-0.008,-0.001,-0.005,1.0,0.0,1004.2033878434456,0.0,1004.2033878434456
1668425939.6904137,2.789,0.0,-0.001,0.0,1.0,0.0,1004.2033878434456,0.0,1004.2033878434456
1668425999.8680062,2.789,0.0,-0.001,0.0,1.0,0.0,1004.2033878434456,0.0,1004.2033878434456
1668426060.8957796,2.782,-0.0070000000000001,-0.006,-0.005,1.0,0.0,1004.2033878434456,0.0,1004.2033878434456
1668426119.7963817,2.785,0.0030000000000001,-0.003,0.003,0.0,1.0,0.0,360.5757227445047,1004.2033878434456
1668426179.7515516,2.781,-0.004,-0.006,-0.003,1.0,0.0,1002.7610849524676,0.0,1002.7610849524676
1668426239.775492,2.785,0.004,-0.002,0.004,0.0,1.0,0.0,360.05784019837256,1002.7610849524676
1668426299.774918,2.78,-0.0050000000000003,-0.01,-0.008,1.0,0.0,1000.9607957514756,0.0,1000.9607957514756
1668426359.795868,2.777,-0.0029999999999996,-0.019,-0.009,1.0,0.0,1000.9607957514756,0.0,1000.9607957514756
1668426419.6855557,2.782,0.0049999999999998,-0.009,0.01,0.0,1.0,0.0,359.7989920026872,1000.9607957514756
1668426479.6734617,2.786,0.004,-0.003,0.0059999999999999,0.0,1.0,0.0,359.7989920026872,1002.3999917194866
1668426540.568081,2.792,0.0059999999999997,0.003,0.006,0.0,1.0,0.0,359.7989920026872,1004.5587856715026
1668426599.5552454,2.788,-0.004,-0.001,-0.004,1.0,0.0,1003.119589703492,0.0,1003.119589703492
1668426659.672418,2.788,0.0,-0.005,-0.004,1.0,0.0,1003.119589703492,0.0,1003.119589703492
1668426719.8082092,2.788,0.0,-0.001,0.004,0.0,1.0,0.0,359.79899200268727,1003.119589703492
1668426779.7052138,2.787,-0.0009999999999998,0.002,0.003,0.0,1.0,0.0,359.79899200268727,1002.7597907114894
1668426839.6712704,2.789,0.0020000000000002,0.004,0.002,0.0,1.0,0.0,359.79899200268727,1003.4793886954948
1668426899.7281208,2.79,0.0009999999999998,0.001,-0.003,1.0,0.0,1003.8391876874977,0.0,1003.8391876874977
1668426959.809641,2.791,0.0009999999999998,0.014,0.013,0.0,1.0,0.0,359.67007799623707,1003.8391876874977
1668427020.9337635,2.79,-0.0009999999999998,0.013,-0.001,1.0,0.0,1003.4795176095014,0.0,1003.4795176095014
1668427079.6983736,2.789,-0.0009999999999998,0.007,-0.0059999999999999,1.0,0.0,1003.4795176095014,0.0,1003.4795176095014
1668427139.8557906,2.786,-0.0030000000000001,0.0,-0.007,1.0,0.0,1003.4795176095014,0.0,1003.4795176095014
1668427199.8105552,2.782,-0.004,-0.004,-0.004,1.0,0.0,1003.4795176095014,0.0,1003.4795176095014
1668427260.1329532,2.782,0.0,-0.004,0.0,1.0,0.0,1003.4795176095014,0.0,1003.4795176095014
1668427320.1318214,2.784,0.0019999999999997,-0.004,0.0,1.0,0.0,1003.4795176095014,0.0,1003.4795176095014
1668427379.8748443,2.784,0.0,-0.004,0.0,1.0,0.0,1003.4795176095014,0.0,1003.4795176095014
1668427439.6276455,2.772,-0.012,-0.017,-0.013,1.0,0.0,1003.4795176095014,0.0,1003.4795176095014
1668427500.4620175,2.77,-0.0019999999999997,-0.019,-0.0019999999999999,1.0,0.0,1003.4795176095014,0.0,1003.4795176095014
1668427559.6905596,2.767,-0.0030000000000001,-0.022,-0.0029999999999999,1.0,0.0,1003.4795176095014,0.0,1003.4795176095014
1668427619.8530858,2.772,0.0049999999999998,-0.018,0.004,0.0,1.0,0.0,362.0055979832256,1003.4795176095014
1668427680.0401022,2.769,-0.0029999999999996,-0.022,-0.004,1.0,0.0,1002.3935008155516,0.0,1002.3935008155516
1668427740.0559292,2.765,-0.004,-0.025,-0.003,1.0,0.0,1002.3935008155516,0.0,1002.3935008155516
1668427800.0035694,2.763,-0.0020000000000002,-0.025,0.0,1.0,0.0,1002.3935008155516,0.0,1002.3935008155516
1668427859.8459787,2.763,0.0,-0.019,0.006,0.0,1.0,0.0,362.791712202516,1002.3935008155516
1668427919.914072,2.764,0.0009999999999998,-0.017,0.0019999999999999,0.0,1.0,0.0,362.791712202516,1002.7562925277542
1668427980.023201,2.769,0.0050000000000003,-0.015,0.002,0.0,1.0,0.0,362.791712202516,1004.5702510887668
1668428039.787834,2.769,0.0,-0.011,0.004,0.0,1.0,0.0,362.791712202516,1004.5702510887668
1668428099.8396783,2.769,0.0,-0.001,0.0099999999999999,0.0,1.0,0.0,362.791712202516,1004.5702510887668
1668428159.8419094,2.768,-0.0010000000000003,0.001,0.002,0.0,1.0,0.0,362.791712202516,1004.2074593765642
1668428219.8823483,2.769,0.0010000000000003,-0.003,-0.004,1.0,0.0,1004.5702510887668,0.0,1004.5702510887668
1668428279.9476874,2.77,0.0009999999999998,-0.001,0.002,0.0,1.0,0.0,362.6607404652588,1004.5702510887668
1668428339.918539,2.769,-0.0009999999999998,0.004,0.005,0.0,1.0,0.0,362.6607404652588,1004.2075903483016
1668428400.0185957,2.767,-0.0020000000000002,0.002,-0.002,1.0,0.0,1003.4822688673712,0.0,1003.4822688673712
1668428459.849188,2.764,-0.0030000000000001,0.001,-0.001,1.0,0.0,1003.4822688673712,0.0,1003.4822688673712
1668428520.3310363,2.763,-0.0009999999999998,0.0,-0.001,1.0,0.0,1003.4822688673712,0.0,1003.4822688673712
1668428579.874483,2.763,0.0,0.0,0.0,1.0,0.0,1003.4822688673712,0.0,1003.4822688673712
1668428639.6887548,2.766,0.0030000000000001,0.002,0.002,0.0,1.0,0.0,362.7918542542918,1003.4822688673712
1668428699.8925643,2.768,0.0019999999999997,0.004,0.002,0.0,1.0,0.0,362.7918542542918,1004.2078525758797
1668428759.757882,2.772,0.004,0.003,-0.001,1.0,0.0,1005.6590199928968,0.0,1005.6590199928968
1668428819.7799082,2.774,0.0020000000000002,0.005,0.002,0.0,1.0,0.0,362.5302883896528,1005.6590199928968
1668428879.7440722,2.776,0.0019999999999997,0.01,0.005,0.0,1.0,0.0,362.5302883896528,1006.384080569676
1668428939.8867087,2.778,0.0020000000000002,0.012,0.002,0.0,1.0,0.0,362.5302883896528,1007.1091411464556
1668428999.938572,2.778,0.0,0.012,0.0,0.0,1.0,0.0,362.5302883896528,1007.1091411464556
1668429059.7458189,2.781,0.0030000000000001,0.011,-0.001,1.0,0.0,1008.1967320116244,0.0,1008.1967320116244
1668429119.7536476,2.781,0.0,0.011,0.0,1.0,0.0,1008.1967320116244,0.0,1008.1967320116244
1668429179.988557,2.78,-0.0010000000000003,0.013,0.002,0.0,1.0,0.0,362.66069496821024,1008.1967320116244
1668429239.8488638,2.789,0.0090000000000003,0.025,0.012,0.0,1.0,0.0,362.66069496821024,1011.4606782663384
1668429299.857613,2.795,0.0059999999999997,0.032,0.0069999999999999,0.0,1.0,0.0,362.66069496821024,1013.6366424361476
1668429359.9156475,2.798,0.0030000000000001,0.03,-0.002,1.0,0.0,1014.7246245210524,0.0,1014.7246245210524
1668429419.823481,2.794,-0.004,0.026,-0.004,1.0,0.0,1014.7246245210524,0.0,1014.7246245210524
1668429480.541538,2.792,-0.0020000000000002,0.017,-0.0089999999999999,1.0,0.0,1014.7246245210524,0.0,1014.7246245210524
1668429539.874539,2.793,0.0010000000000003,0.015,-0.002,1.0,0.0,1014.7246245210524,0.0,1014.7246245210524
1668429599.9375951,2.794,0.0009999999999998,0.013,-0.002,1.0,0.0,1014.7246245210524,0.0,1014.7246245210524
1668429659.9131913,2.795,0.0009999999999998,0.014,0.001,0.0,1.0,0.0,363.04995510592215,1014.7246245210524
1668429719.8052144,2.797,0.0020000000000002,0.017,0.003,0.0,1.0,0.0,363.04995510592215,1015.4507244312643
1668429780.1552565,2.795,-0.0020000000000002,0.007,-0.01,1.0,0.0,1014.7246245210524,0.0,1014.7246245210524
1668429840.0812328,2.798,0.0030000000000001,0.007,0.0,1.0,0.0,1014.7246245210524,0.0,1014.7246245210524
1668429899.9319298,2.797,-0.0009999999999998,-0.001,-0.008,1.0,0.0,1014.7246245210524,0.0,1014.7246245210524
1668429960.6402867,2.797,0.0,-0.001,0.0,1.0,0.0,1014.7246245210524,0.0,1014.7246245210524
1668430019.903843,2.797,0.0,-0.001,0.0,1.0,0.0,1014.7246245210524,0.0,1014.7246245210524
1668430079.7563584,2.799,0.0019999999999997,0.006,0.007,0.0,1.0,0.0,362.5311270171677,1014.7246245210524
1668430139.985217,2.798,-0.0009999999999998,0.005,-0.001,1.0,0.0,1014.3620933940352,0.0,1014.3620933940352
1668430199.8443542,2.798,0.0,0.005,0.0,1.0,0.0,1014.3620933940352,0.0,1014.3620933940352
1668430259.7684913,2.798,0.0,0.005,0.0,1.0,0.0,1014.3620933940352,0.0,1014.3620933940352
1668430319.99166,2.798,0.0,0.005,0.0,1.0,0.0,1014.3620933940352,0.0,1014.3620933940352
1668430379.8242416,2.798,0.0,0.005,0.0,1.0,0.0,1014.3620933940352,0.0,1014.3620933940352
1668430440.4694667,2.8,0.0019999999999997,0.007,0.002,0.0,1.0,0.0,362.2721762121554,1014.3620933940352
1668430500.176178,2.799,-0.0009999999999998,0.006,-0.001,1.0,0.0,1013.999821217823,0.0,1013.999821217823
1668430559.9286687,2.799,0.0,0.006,0.0,1.0,0.0,1013.999821217823,0.0,1013.999821217823
1668430619.8283277,2.797,-0.0019999999999997,0.009,0.0029999999999999,0.0,1.0,0.0,362.5312195987926,1013.9998212178228
1668430679.895841,2.799,0.0019999999999997,0.011,0.002,0.0,1.0,0.0,362.5312195987926,1014.7248836570204
1668430739.9531612,2.801,0.0020000000000002,0.006,-0.0049999999999999,1.0,0.0,1015.449946096218,0.0,1015.449946096218
1668430799.7793305,2.801,0.0,0.005,-0.001,1.0,0.0,1015.449946096218,0.0,1015.449946096218
1668430859.9528658,2.804,0.0029999999999996,0.009,0.0039999999999999,0.0,1.0,0.0,362.1433473952276,1015.449946096218
1668430920.5879695,2.803,-0.0009999999999998,0.005,-0.0039999999999999,1.0,0.0,1015.0878027488228,0.0,1015.0878027488228
1668430980.1026578,2.804,0.0009999999999998,0.007,0.002,0.0,1.0,0.0,362.0141949888812,1015.0878027488228
1668431040.717004,2.803,-0.0009999999999998,0.005,-0.002,1.0,0.0,1014.725788553834,0.0,1014.725788553834
1668431100.834926,2.804,0.0009999999999998,0.003,-0.002,1.0,0.0,1014.725788553834,0.0,1014.725788553834
1668431160.577814,2.814,0.0100000000000002,0.015,0.012,0.0,1.0,0.0,360.59907198075126,1014.725788553834
1668431221.7056713,2.819,0.0049999999999998,0.02,0.005,0.0,1.0,0.0,360.59907198075126,1016.5287839137378
1668431281.6914349,2.799,-0.02,-0.003,-0.023,1.0,0.0,1009.3168024741228,0.0,1009.3168024741228
1668431341.707388,2.806,0.0070000000000001,0.005,0.008,0.0,1.0,0.0,359.69950195086346,1009.3168024741228
1668431402.4038477,2.791,-0.0150000000000001,-0.013,-0.018,1.0,0.0,1003.92130994486,0.0,1003.92130994486
1668431463.1120124,2.792,0.0009999999999998,-0.011,0.002,0.0,1.0,0.0,359.5706697510244,1003.92130994486
1668431522.2709577,2.796,0.004,-0.007,0.0039999999999999,0.0,1.0,0.0,359.5706697510244,1005.3595926238642
1668431583.1097271,2.812,0.016,0.008,0.015,0.0,1.0,0.0,359.5706697510244,1011.1127233398806
1668431643.3580103,2.839,0.0270000000000001,0.036,0.0279999999999999,0.0,1.0,0.0,359.5706697510244,1020.8211314231582
1668431703.2125103,2.867,0.028,0.063,0.027,0.0,1.0,0.0,359.5706697510244,1030.889110176187
1668431764.1442688,2.867,0.0,0.053,-0.01,1.0,0.0,1030.889110176187,0.0,1030.889110176187
1668431824.1645424,2.859,-0.008,0.039,-0.0139999999999999,1.0,0.0,1030.889110176187,0.0,1030.889110176187
1668431884.1538212,2.849,-0.0099999999999997,0.05,0.011,0.0,1.0,0.0,361.8424395142811,1030.889110176187
1668431945.0493343,2.858,0.0089999999999998,0.061,0.0109999999999999,0.0,1.0,0.0,361.8424395142811,1034.1456921318154
1668432005.020537,2.855,-0.0030000000000001,0.057,-0.0039999999999999,1.0,0.0,1033.0601648132726,0.0,1033.0601648132726
1668432064.97939,2.85,-0.0049999999999998,0.056,-0.001,1.0,0.0,1033.0601648132726,0.0,1033.0601648132726
1668432125.7623756,2.856,0.0059999999999997,0.06,0.0039999999999999,0.0,1.0,0.0,361.7157439822384,1033.0601648132726
1668432185.7372448,2.863,0.0070000000000001,0.052,-0.008,1.0,0.0,1035.5921750211485,0.0,1035.5921750211485
1668432245.8191094,2.886,0.0230000000000001,0.017,-0.0349999999999999,1.0,0.0,1035.5921750211485,0.0,1035.5921750211485
1668432306.782426,2.884,-0.0020000000000002,0.008,-0.009,1.0,0.0,1035.5921750211485,0.0,1035.5921750211485
1668432366.8986907,2.878,-0.0059999999999997,0.011,0.0029999999999999,0.0,1.0,0.0,359.83049861749424,1035.5921750211485
1668432426.8343203,2.879,0.0009999999999998,0.022,0.011,0.0,1.0,0.0,359.83049861749424,1035.952005519766
1668432487.6547952,2.879,0.0,0.034,0.012,0.0,1.0,0.0,359.83049861749424,1035.952005519766
1668432547.648852,2.889,0.0099999999999997,0.031,-0.003,1.0,0.0,1039.5503105059408,0.0,1039.5503105059408
1668432607.5987742,2.894,0.0050000000000003,0.039,0.008,0.0,1.0,0.0,359.20881496404314,1039.5503105059408
1668432668.617228,2.895,0.0009999999999998,0.045,0.0059999999999999,0.0,1.0,0.0,359.20881496404314,1039.9095193209048
1668432728.3764377,2.887,-0.008,0.03,-0.015,1.0,0.0,1037.0358488011923,0.0,1037.0358488011923
1668432788.309363,2.884,-0.0030000000000001,0.021,-0.0089999999999999,1.0,0.0,1037.0358488011923,0.0,1037.0358488011923
1668432849.5401342,2.88,-0.004,-0.008,-0.029,1.0,0.0,1037.0358488011923,0.0,1037.0358488011923
1668432909.597195,2.892,0.012,0.011,0.019,0.0,1.0,0.0,358.5877762106474,1037.0358488011923
1668432969.656161,2.89,-0.0019999999999997,0.012,0.001,0.0,1.0,0.0,358.5877762106474,1036.3186732487711
1668433030.3976295,2.886,-0.004,0.007,-0.005,1.0,0.0,1034.8843221439286,0.0,1034.8843221439286
1668433090.3979778,2.873,-0.0129999999999999,-0.007,-0.014,1.0,0.0,1034.8843221439286,0.0,1034.8843221439286
1668433150.42863,2.87,-0.0030000000000001,-0.024,-0.017,1.0,0.0,1034.8843221439286,0.0,1034.8843221439286
1668433211.0616865,2.876,0.0059999999999997,-0.018,0.006,0.0,1.0,0.0,359.8346043615885,1034.8843221439286
1668433271.1011174,2.874,-0.0019999999999997,-0.013,0.0049999999999999,0.0,1.0,0.0,359.8346043615885,1034.1646529352054
1668433331.1573205,2.88,0.0059999999999997,-0.003,0.0099999999999999,0.0,1.0,0.0,359.8346043615885,1036.323660561375
1668433391.8873467,2.875,-0.0049999999999998,-0.012,-0.009,1.0,0.0,1034.524487539567,0.0,1034.524487539567
1668433451.8825293,2.875,0.0,-0.012,0.0,1.0,0.0,1034.524487539567,0.0,1034.524487539567
1668433511.9176772,2.872,-0.0030000000000001,-0.021,-0.009,1.0,0.0,1034.524487539567,0.0,1034.524487539567
1668433573.0375595,2.87,-0.0019999999999997,-0.016,0.005,0.0,1.0,0.0,360.46149391622544,1034.524487539567
1668433632.8398526,2.876,0.0059999999999997,-0.01,0.006,0.0,1.0,0.0,360.46149391622544,1036.6872565030644
1668433693.1647086,2.881,0.0049999999999998,0.006,0.016,0.0,1.0,0.0,360.46149391622544,1038.489563972645
1668433753.522638,2.882,0.0010000000000003,0.007,0.001,0.0,1.0,0.0,360.46149391622544,1038.8500254665616
1668433813.5826244,2.815,-0.0670000000000001,-0.061,-0.068,1.0,0.0,1014.6991053741746,0.0,1014.6991053741746
1668433873.5353518,2.767,-0.048,-0.112,-0.051,1.0,0.0,1014.6991053741746,0.0,1014.6991053741746
1668433934.4449337,2.721,-0.0459999999999998,-0.154,-0.0419999999999999,1.0,0.0,1014.6991053741746,0.0,1014.6991053741746
1668433994.7588842,2.755,0.0339999999999998,-0.119,0.035,0.0,1.0,0.0,368.3118349815516,1014.6991053741745
1668434054.329298,2.747,-0.008,-0.125,-0.006,1.0,0.0,1011.7526106943222,0.0,1011.7526106943222
1668434115.39196,2.742,-0.0049999999999998,-0.128,-0.003,1.0,0.0,1011.7526106943222,0.0,1011.7526106943222
1668434175.344187,2.751,0.0089999999999998,-0.125,0.003,0.0,1.0,0.0,367.7763034148754,1011.7526106943222
1668434235.48684,2.812,0.0609999999999999,-0.068,0.0569999999999999,0.0,1.0,0.0,367.7763034148754,1034.1869652026294
1668434296.168236,2.79,-0.0219999999999997,-0.078,-0.0099999999999999,1.0,0.0,1026.0958865275022,0.0,1026.0958865275022
1668434356.060567,2.785,-0.0049999999999998,-0.034,0.044,0.0,1.0,0.0,368.4365840314191,1026.0958865275022
1668434416.349678,2.782,-0.0030000000000001,0.015,0.049,0.0,1.0,0.0,368.4365840314191,1024.990576775408
1668434477.415869,2.761,-0.0209999999999999,0.044,0.0289999999999999,0.0,1.0,0.0,368.4365840314191,1017.2534085107482
1668434536.8051355,2.771,0.0099999999999997,0.016,-0.0279999999999999,1.0,0.0,1020.9377743510624,0.0,1020.9377743510624
1668434597.065438,2.767,-0.004,0.021,0.005,0.0,1.0,0.0,368.96919925950937,1020.9377743510624
1668434658.3226914,2.77,0.0030000000000001,0.024,0.0029999999999999,0.0,1.0,0.0,368.96919925950937,1022.044681948841
1668434718.1923852,2.767,-0.0030000000000001,0.018,-0.006,1.0,0.0,1020.9377743510624,0.0,1020.9377743510624
1668434778.151104,2.78,0.0129999999999999,-0.033,-0.051,1.0,0.0,1020.9377743510624,0.0,1020.9377743510624
1668434839.118979,2.785,0.0050000000000003,-0.005,0.028,0.0,1.0,0.0,366.58447912066873,1020.9377743510624
1668434899.315878,2.798,0.0129999999999999,0.019,0.024,0.0,1.0,0.0,366.58447912066873,1025.7033725796312
1668434959.1306903,2.788,-0.0100000000000002,0.006,-0.013,1.0,0.0,1022.0375277884244,0.0,1022.0375277884244
1668435020.9729812,2.792,0.004,0.01,0.004,0.0,1.0,0.0,366.0592864571721,1022.0375277884244
1668435079.8975875,2.789,-0.0029999999999996,0.022,0.0119999999999999,0.0,1.0,0.0,366.0592864571721,1020.939349929053
1668435139.9502947,2.782,-0.0070000000000001,0.014,-0.0079999999999999,1.0,0.0,1018.3769349238528,0.0,1018.3769349238528
1668435200.7473643,2.783,0.0009999999999998,0.013,-0.001,1.0,0.0,1018.3769349238528,0.0,1018.3769349238528
1668435260.5735695,2.778,-0.0049999999999998,0.008,-0.0049999999999999,1.0,0.0,1018.3769349238528,0.0,1018.3769349238528
1668435320.6932237,2.774,-0.004,-0.007,-0.015,1.0,0.0,1018.3769349238528,0.0,1018.3769349238528
1668435381.748629,2.772,-0.0020000000000002,-0.012,-0.005,1.0,0.0,1018.3769349238528,0.0,1018.3769349238528
1668435441.622893,2.764,-0.008,-0.028,-0.016,1.0,0.0,1018.3769349238528,0.0,1018.3769349238528
1668435502.6742406,2.763,-0.0009999999999998,-0.028,0.0,1.0,0.0,1018.3769349238528,0.0,1018.3769349238528
1668435562.4814577,2.763,0.0,-0.029,-0.001,1.0,0.0,1018.3769349238528,0.0,1018.3769349238528
1668435622.4508677,2.749,-0.0139999999999997,-0.041,-0.012,1.0,0.0,1018.3769349238528,0.0,1018.3769349238528
1668435682.344481,2.754,0.0049999999999998,-0.027,0.014,0.0,1.0,0.0,369.7810221219509,1018.3769349238528
1668435743.2011902,2.748,-0.0059999999999997,-0.038,-0.011,1.0,0.0,1016.1582487911212,0.0,1016.1582487911212
1668435803.1991022,2.74,-0.008,-0.04,-0.002,1.0,0.0,1016.1582487911212,0.0,1016.1582487911212
1668435863.132791,2.75,0.0099999999999997,-0.03,0.01,0.0,1.0,0.0,369.5120904694986,1016.1582487911212
1668435924.1748009,2.749,-0.0009999999999998,-0.025,0.0049999999999999,0.0,1.0,0.0,369.5120904694986,1015.7887367006516
1668435984.6439755,2.745,-0.004,-0.029,-0.004,1.0,0.0,1014.3106883387736,0.0,1014.3106883387736
1668436044.1595356,2.743,-0.0020000000000002,-0.022,0.007,0.0,1.0,0.0,369.7815123364104,1014.3106883387736
1668436105.0834827,2.734,-0.0089999999999998,-0.032,-0.01,1.0,0.0,1010.982654727746,0.0,1010.982654727746
1668436164.992484,2.741,0.0070000000000001,-0.005,0.027,0.0,1.0,0.0,368.8371596963685,1010.982654727746
1668436225.028748,2.738,-0.0030000000000001,-0.004,0.001,0.0,1.0,0.0,368.8371596963685,1009.8761432486568
1668436285.6986892,2.744,0.0060000000000002,-0.004,0.0,0.0,1.0,0.0,368.8371596963685,1012.0891662068352
1668436345.6773868,2.751,0.0069999999999996,0.009,0.013,0.0,1.0,0.0,368.8371596963685,1014.6710263247096
1668436405.777948,2.745,-0.0059999999999997,-0.004,-0.013,1.0,0.0,1012.4580033665314,0.0,1012.4580033665314
1668436467.1712809,2.732,-0.0129999999999999,-0.016,-0.012,1.0,0.0,1012.4580033665314,0.0,1012.4580033665314
1668436527.1238377,2.727,-0.0050000000000003,-0.014,0.002,0.0,1.0,0.0,371.2717284072356,1012.4580033665316
1668436587.1413662,2.715,-0.012,-0.028,-0.014,1.0,0.0,1008.0027426256448,0.0,1008.0027426256448
1668436648.257084,2.712,-0.0029999999999996,-0.018,0.01,0.0,1.0,0.0,371.6824272218454,1008.0027426256448
1668436708.1085744,2.712,0.0,-0.025,-0.007,1.0,0.0,1008.0027426256448,0.0,1008.0027426256448
1668436768.2992406,2.714,0.0019999999999997,-0.024,0.001,0.0,1.0,0.0,371.4085271280932,1008.0027426256448
1668436829.063134,2.721,0.0070000000000001,-0.027,-0.0029999999999999,1.0,0.0,1010.6026023155416,0.0,1010.6026023155416
1668436889.044519,2.718,-0.0030000000000001,-0.028,-0.001,1.0,0.0,1010.6026023155416,0.0,1010.6026023155416
1668436949.0903373,2.725,0.0070000000000001,-0.021,0.0069999999999999,0.0,1.0,0.0,370.8633402992813,1010.6026023155416
1668437010.2427187,2.72,-0.0049999999999998,-0.011,0.01,0.0,1.0,0.0,370.8633402992813,1008.7482856140452
1668437070.884952,2.716,-0.004,-0.005,0.0059999999999999,0.0,1.0,0.0,370.8633402992813,1007.264832252848
1668437130.0540354,2.713,-0.0030000000000001,0.001,0.006,0.0,1.0,0.0,370.8633402992813,1006.15224223195
1668437190.818102,2.717,0.004,0.011,0.0099999999999999,0.0,1.0,0.0,370.8633402992813,1007.6356955931471
1668437250.0586452,2.704,-0.0129999999999999,-0.008,-0.019,1.0,0.0,1002.8144721692566,0.0,1002.8144721692566
1668437310.020424,2.715,0.0109999999999996,-0.002,0.006,0.0,1.0,0.0,369.3607632299288,1002.8144721692566
1668437370.183011,2.718,0.0030000000000001,-0.008,-0.006,1.0,0.0,1003.9225544589464,0.0,1003.9225544589464
1668437429.9589672,2.726,0.008,0.008,0.016,0.0,1.0,0.0,368.2767991412129,1003.9225544589464
1668437490.1959994,2.727,0.0009999999999998,0.007,-0.001,1.0,0.0,1004.2908312580876,0.0,1004.2908312580876
1668437550.0922835,2.731,0.004,0.013,0.0059999999999999,0.0,1.0,0.0,367.7373970187065,1004.2908312580876
1668437610.2502823,2.731,0.0,0.013,0.0,0.0,1.0,0.0,367.7373970187065,1004.2908312580872
1668437670.224549,2.729,-0.0019999999999997,0.014,0.001,0.0,1.0,0.0,367.7373970187065,1003.55535646405
1668437730.0562108,2.738,0.0089999999999998,0.024,0.01,0.0,1.0,0.0,367.7373970187065,1006.8649930372184
1668437790.1720934,2.738,0.0,0.035,0.011,0.0,1.0,0.0,367.7373970187065,1006.8649930372184
1668437850.0898316,2.742,0.004,0.039,0.0039999999999999,0.0,1.0,0.0,367.7373970187065,1008.3359426252932
1668437910.0869548,2.741,-0.0009999999999998,0.017,-0.022,1.0,0.0,1007.9682052282744,0.0,1007.9682052282744
1668437970.237136,2.74,-0.0009999999999998,0.014,-0.003,1.0,0.0,1007.9682052282744,0.0,1007.9682052282744
1668438030.160876,2.74,0.0,0.01,-0.004,1.0,0.0,1007.9682052282744,0.0,1007.9682052282744
1668438090.1128218,2.755,0.0149999999999996,0.023,0.013,0.0,1.0,0.0,365.8686770338565,1007.9682052282744
1668438150.102239,2.748,-0.0069999999999996,0.016,-0.0069999999999999,1.0,0.0,1005.4071244890378,0.0,1005.4071244890378
1668438210.2506511,2.746,-0.0020000000000002,0.015,-0.001,1.0,0.0,1005.4071244890378,0.0,1005.4071244890378
1668438270.11016,2.749,0.0030000000000001,0.015,0.0,1.0,0.0,1005.4071244890378,0.0,1005.4071244890378
1668438330.1306796,2.743,-0.0060000000000002,0.007,-0.008,1.0,0.0,1005.4071244890378,0.0,1005.4071244890378
1668438390.217896,2.746,0.0030000000000001,0.01,0.003,0.0,1.0,0.0,366.1351509428397,1005.4071244890378
1668438450.3130827,2.746,0.0,0.001,-0.009,1.0,0.0,1005.4071244890378,0.0,1005.4071244890378
1668438510.1193333,2.75,0.004,0.006,0.005,0.0,1.0,0.0,365.6025907232865,1005.407124489038
1668438570.0565708,2.751,0.0009999999999998,0.012,0.006,0.0,1.0,0.0,365.6025907232865,1005.7727270797612
1668438630.0913167,2.751,0.0,-0.002,-0.014,1.0,0.0,1005.7727270797612,0.0,1005.7727270797612
1668438690.1428888,2.75,-0.0009999999999998,-0.003,-0.001,1.0,0.0,1005.7727270797612,0.0,1005.7727270797612
1668438750.2650332,2.747,-0.0030000000000001,-0.001,0.002,0.0,1.0,0.0,366.1349570730839,1005.7727270797614
1668438810.1469443,2.743,-0.004,-0.003,-0.002,1.0,0.0,1004.3081872514692,0.0,1004.3081872514692
1668438870.2197683,2.748,0.0050000000000003,-0.001,0.002,0.0,1.0,0.0,365.468772653373,1004.3081872514692
1668438930.146078,2.754,0.0059999999999997,0.008,0.009,0.0,1.0,0.0,365.468772653373,1006.5009998873892
1668438990.1096232,2.754,0.0,0.008,0.0,0.0,1.0,0.0,365.468772653373,1006.5009998873892
1668439050.2482204,2.754,0.0,0.008,0.0,0.0,1.0,0.0,365.468772653373,1006.5009998873892
1668439110.2227175,2.753,-0.0009999999999998,0.003,-0.005,1.0,0.0,1006.1355311147358,0.0,1006.1355311147358
1668439170.2074397,2.747,-0.0060000000000002,-0.005,-0.008,1.0,0.0,1006.1355311147358,0.0,1006.1355311147358
1668439230.1671884,2.744,-0.0029999999999996,-0.002,0.003,0.0,1.0,0.0,366.66746760741097,1006.1355311147356
1668439290.0623326,2.738,-0.0060000000000002,-0.012,-0.01,1.0,0.0,1003.9355263090912,0.0,1003.9355263090912
1668439350.8511553,2.733,-0.0049999999999998,-0.014,-0.002,1.0,0.0,1003.9355263090912,0.0,1003.9355263090912
1668439410.2044203,2.736,0.0030000000000001,-0.011,0.003,0.0,1.0,0.0,366.93549938197776,1003.9355263090912
1668439470.4144444,2.726,-0.0100000000000002,-0.022,-0.011,1.0,0.0,1000.2661713152712,0.0,1000.2661713152712
1668439530.226576,2.725,-0.0009999999999998,-0.029,-0.007,1.0,0.0,1000.2661713152712,0.0,1000.2661713152712
1668439590.225489,2.725,0.0,-0.029,0.0,1.0,0.0,1000.2661713152712,0.0,1000.2661713152712
1668439650.1498473,2.712,-0.0129999999999999,-0.042,-0.013,1.0,0.0,1000.2661713152712,0.0,1000.2661713152712
1668439710.291797,2.713,0.0009999999999998,-0.031,0.011,0.0,1.0,0.0,368.6937601604391,1000.2661713152712
1668439770.1426933,2.709,-0.004,-0.038,-0.0069999999999999,1.0,0.0,998.7913962746296,0.0,998.7913962746296
1668439831.0173495,2.713,0.004,-0.031,0.0069999999999999,0.0,1.0,0.0,368.1501644948874,998.7913962746296
1668439890.1665397,2.704,-0.0089999999999998,-0.038,-0.0069999999999999,1.0,0.0,995.4780447941756,0.0,995.4780447941756
1668439950.1465478,2.695,-0.0090000000000003,-0.041,-0.003,1.0,0.0,995.4780447941756,0.0,995.4780447941756
1668440010.0405426,2.707,0.012,-0.018,0.023,0.0,1.0,0.0,367.7421665290638,995.4780447941756
1668440070.1171024,2.717,0.0100000000000002,-0.008,0.0099999999999999,0.0,1.0,0.0,367.7421665290638,999.1554664594664
1668440130.3488643,2.711,-0.0060000000000002,-0.016,-0.008,1.0,0.0,996.949013460292,0.0,996.949013460292
1668440190.3269565,2.705,-0.0059999999999997,-0.022,-0.0059999999999999,1.0,0.0,996.949013460292,0.0,996.949013460292
1668440250.2725265,2.723,0.0179999999999997,0.005,0.027,0.0,1.0,0.0,366.1215620493177,996.949013460292
1668440311.2647796,2.716,-0.0069999999999996,0.012,0.007,0.0,1.0,0.0,366.1215620493177,994.3861625259468
1668440370.2552395,2.72,0.004,0.009,-0.003,1.0,0.0,995.850648774144,0.0,995.850648774144
1668440430.328555,2.719,-0.0010000000000003,0.014,0.005,0.0,1.0,0.0,366.25621506956384,995.850648774144
1668440490.1466897,2.723,0.004,0.025,0.011,0.0,1.0,0.0,366.25621506956384,997.3156736344224
1668440550.2698529,2.721,-0.0019999999999997,0.023,-0.002,1.0,0.0,996.5831612042832,0.0,996.5831612042832
1668440610.501329,2.723,0.0019999999999997,0.012,-0.011,1.0,0.0,996.5831612042832,0.0,996.5831612042832
1668440670.180127,2.722,-0.0009999999999998,0.011,-0.001,1.0,0.0,996.5831612042832,0.0,996.5831612042832
1668440730.1459532,2.723,0.0009999999999998,0.018,0.0069999999999999,0.0,1.0,0.0,365.9872057305484,996.5831612042832
1668440791.213312,2.73,0.0070000000000001,0.013,-0.0049999999999999,1.0,0.0,999.1450716443971,0.0,999.1450716443971
1668440850.2828908,2.73,0.0,0.01,-0.0029999999999999,1.0,0.0,999.1450716443971,0.0,999.1450716443971
1668440910.2430134,2.72,-0.0099999999999997,0.003,-0.007,1.0,0.0,999.1450716443971,0.0,999.1450716443971
1668440970.2532055,2.719,-0.0010000000000003,-0.002,-0.005,1.0,0.0,999.1450716443971,0.0,999.1450716443971
1668441030.6144516,2.723,0.004,0.002,0.004,0.0,1.0,0.0,366.9280468763853,999.1450716443971
1668441090.2976823,2.722,-0.0009999999999998,0.001,-0.001,1.0,0.0,998.7781435975209,0.0,998.7781435975209
1668441150.1597972,2.737,0.0150000000000001,0.014,0.013,0.0,1.0,0.0,364.9171149424628,998.7781435975209
1668441210.2215943,2.737,0.0,0.015,0.0009999999999999,0.0,1.0,0.0,364.9171149424628,998.7781435975206
1668441270.3969202,2.738,0.0009999999999998,0.015,0.0,0.0,1.0,0.0,364.9171149424628,999.1430607124632
1668441330.220593,2.74,0.0020000000000002,0.014,-0.0009999999999999,1.0,0.0,999.872894942348,0.0,999.872894942348
1668441390.414942,2.74,0.0,0.014,0.0,1.0,0.0,999.872894942348,0.0,999.872894942348
1668441450.2468977,2.74,0.0,0.019,0.0049999999999999,0.0,1.0,0.0,364.9171149424628,999.872894942348
1668441510.3443668,2.739,-0.0010000000000003,0.021,0.002,0.0,1.0,0.0,364.9171149424628,999.5079778274056
1668441570.240921,2.739,0.0,0.021,0.0,0.0,1.0,0.0,364.9171149424628,999.5079778274056
1668441630.116994,2.74,0.0010000000000003,0.017,-0.004,1.0,0.0,999.872894942348,0.0,999.872894942348
1668441691.2018092,2.732,-0.008,-0.004,-0.021,1.0,0.0,999.872894942348,0.0,999.872894942348
1668441750.36821,2.731,-0.0010000000000003,-0.009,-0.0049999999999999,1.0,0.0,999.872894942348,0.0,999.872894942348
1668441810.4350216,2.737,0.0060000000000002,-0.003,0.0059999999999999,0.0,1.0,0.0,365.3170971656368,999.872894942348
1668441870.3053176,2.736,-0.0009999999999998,-0.002,0.001,0.0,1.0,0.0,365.3170971656368,999.5075778451824
1668441930.4433944,2.737,0.0009999999999998,-0.003,-0.001,1.0,0.0,999.872894942348,0.0,999.872894942348
1668441990.2906497,2.741,0.004,0.004,0.007,0.0,1.0,0.0,364.7839821022794,999.872894942348
1668442050.3873394,2.739,-0.0020000000000002,-0.001,-0.005,1.0,0.0,999.1433269781433,0.0,999.1433269781433
1668442110.3123505,2.737,-0.0019999999999997,-0.003,-0.002,1.0,0.0,999.1433269781433,0.0,999.1433269781433
1668442170.304033,2.742,0.0049999999999998,0.003,0.006,0.0,1.0,0.0,364.3848749008546,999.1433269781433
1668442230.3201263,2.742,0.0,0.003,0.0,0.0,1.0,0.0,364.3848749008546,999.1433269781433
1668442290.323694,2.724,-0.0179999999999997,-0.011,-0.0139999999999999,1.0,0.0,992.584399229928,0.0,992.584399229928
1668442350.2847214,2.717,-0.0070000000000001,-0.016,-0.005,1.0,0.0,992.584399229928,0.0,992.584399229928
1668442410.3817656,2.711,-0.0060000000000002,-0.026,-0.0099999999999999,1.0,0.0,992.584399229928,0.0,992.584399229928
1668442470.4252002,2.711,0.0,-0.026,0.0,1.0,0.0,992.584399229928,0.0,992.584399229928
1668442530.282061,2.713,0.0020000000000002,-0.024,0.0019999999999999,0.0,1.0,0.0,365.8622923811013,992.584399229928
1668442590.26027,2.704,-0.0089999999999998,-0.04,-0.016,1.0,0.0,989.291638598498,0.0,989.291638598498
1668442650.3761888,2.691,-0.0130000000000003,-0.048,-0.008,1.0,0.0,989.291638598498,0.0,989.291638598498
1668442710.490567,2.681,-0.0099999999999997,-0.056,-0.008,1.0,0.0,989.291638598498,0.0,989.291638598498
1668442770.2516952,2.681,0.0,-0.061,-0.0049999999999999,1.0,0.0,989.291638598498,0.0,989.291638598498
1668442830.69428,2.68,-0.0009999999999998,-0.05,0.0109999999999999,0.0,1.0,0.0,369.1386711188425,989.291638598498
1668442890.581937,2.684,0.004,-0.034,0.016,0.0,1.0,0.0,369.1386711188425,990.7681932829734
1668442950.2933617,2.685,0.0009999999999998,-0.033,0.001,0.0,1.0,0.0,369.1386711188425,991.1373319540922
1668443010.3593826,2.683,-0.0020000000000002,-0.027,0.006,0.0,1.0,0.0,369.1386711188425,990.3990546118544
1668443070.3479085,2.688,0.0050000000000003,-0.025,0.0019999999999999,0.0,1.0,0.0,369.1386711188425,992.2447479674488
1668443130.531379,2.69,0.0019999999999997,-0.015,0.01,0.0,1.0,0.0,369.1386711188425,992.9830253096864
1668443190.3588507,2.695,0.0049999999999998,0.005,0.02,0.0,1.0,0.0,369.1386711188425,994.8287186652806
1668443250.3478687,2.694,-0.0009999999999998,0.013,0.008,0.0,1.0,0.0,369.1386711188425,994.4595799941616
1668443310.560939,2.698,0.004,0.017,0.004,0.0,1.0,0.0,369.1386711188425,995.9361346786372
1668443370.2638795,2.701,0.0030000000000001,0.02,0.0029999999999999,0.0,1.0,0.0,369.1386711188425,997.0435506919936
1668443430.2853851,2.707,0.0059999999999997,0.024,0.004,0.0,1.0,0.0,369.1386711188425,999.2583827187068
1668443490.4696465,2.702,-0.0049999999999998,0.017,-0.0069999999999999,1.0,0.0,997.4126893631123,0.0,997.4126893631123
1668443550.9871545,2.692,-0.0099999999999997,0.007,-0.01,1.0,0.0,997.4126893631123,0.0,997.4126893631123
1668443610.28785,2.692,0.0,-0.002,-0.009,1.0,0.0,997.4126893631123,0.0,997.4126893631123
1668443670.4298558,2.698,0.0059999999999997,0.008,0.01,0.0,1.0,0.0,369.6859486149416,997.4126893631123
1668443730.3312652,2.705,0.0070000000000001,0.011,0.0029999999999999,0.0,1.0,0.0,369.6859486149416,1000.000491003417
1668443790.4970007,2.714,0.0089999999999998,0.02,0.009,0.0,1.0,0.0,369.6859486149416,1003.3276645409514
1668443850.4108477,2.71,-0.004,0.012,-0.008,1.0,0.0,1001.8489207464916,0.0,1001.8489207464916
1668443910.4386215,2.708,-0.0019999999999997,0.007,-0.005,1.0,0.0,1001.8489207464916,0.0,1001.8489207464916
1668443970.452186,2.71,0.0019999999999997,0.009,0.0019999999999999,0.0,1.0,0.0,369.6859486149416,1001.8489207464916
1668444030.333429,2.71,0.0,0.006,-0.0029999999999999,1.0,0.0,1001.8489207464916,0.0,1001.8489207464916
1668444090.4483948,2.705,-0.0049999999999998,-0.002,-0.008,1.0,0.0,1001.8489207464916,0.0,1001.8489207464916
1668444150.3724232,2.711,0.0059999999999997,0.013,0.015,0.0,1.0,0.0,369.5495834549951,1001.8489207464916
1668444210.3931482,2.709,-0.0019999999999997,0.013,0.0,0.0,1.0,0.0,369.5495834549951,1001.1098215795818
1668444270.378641,2.708,-0.0009999999999998,0.015,0.002,0.0,1.0,0.0,369.5495834549951,1000.7402719961268
1668444330.3761876,2.7,-0.008,-0.009,-0.024,1.0,0.0,997.7838753284868,0.0,997.7838753284868
1668444390.495998,2.705,0.0049999999999998,-0.003,0.0059999999999999,0.0,1.0,0.0,368.8664973487936,997.7838753284868
1668444450.6539085,2.71,0.0049999999999998,-0.003,0.0,0.0,1.0,0.0,368.8664973487936,999.6282078152306
1668444510.518568,2.71,0.0,-0.003,0.0,0.0,1.0,0.0,368.8664973487936,999.6282078152306
1668444570.4412854,2.71,0.0,0.006,0.009,0.0,1.0,0.0,368.8664973487936,999.6282078152306
1668444630.428386,2.709,-0.0009999999999998,0.004,-0.002,1.0,0.0,999.259341317882,0.0,999.259341317882
1668444690.4014032,2.708,-0.0009999999999998,0.003,-0.001,1.0,0.0,999.259341317882,0.0,999.259341317882
1668444750.401697,2.713,0.0049999999999998,0.003,0.0,1.0,0.0,999.259341317882,0.0,999.259341317882
1668444810.4851696,2.703,-0.0100000000000002,-0.007,-0.01,1.0,0.0,999.259341317882,0.0,999.259341317882
1668444870.5739348,2.703,0.0,-0.007,0.0,1.0,0.0,999.259341317882,0.0,999.259341317882
1668444930.506545,2.704,0.0010000000000003,-0.003,0.004,0.0,1.0,0.0,369.5485729725895,999.259341317882
1668444990.466661,2.701,-0.0030000000000001,-0.005,-0.002,1.0,0.0,998.1506955989644,0.0,998.1506955989644
1668445050.557938,2.701,0.0,-0.002,0.003,0.0,1.0,0.0,369.5485729725896,998.1506955989644
1668445110.4561822,2.7,-0.0009999999999998,-0.003,-0.001,1.0,0.0,997.781147025992,0.0,997.781147025992
1668445170.5215893,2.701,0.0009999999999998,-0.008,-0.005,1.0,0.0,997.781147025992,0.0,997.781147025992
1668445230.4937055,2.709,0.008,-0.001,0.007,0.0,1.0,0.0,368.3208368497571,997.781147025992
1668445290.565489,2.711,0.0019999999999997,0.0,0.001,0.0,1.0,0.0,368.3208368497571,998.5177886996914
1668445350.4233751,2.715,0.004,0.007,0.007,0.0,1.0,0.0,368.3208368497571,999.9910720470904
1668445410.3426814,2.72,0.0050000000000003,0.007,0.0,0.0,1.0,0.0,368.3208368497571,1001.8326762313392
1668445470.4545672,2.71,-0.0100000000000002,0.007,0.0,0.0,1.0,0.0,368.3208368497571,998.1494678628416
1668445530.4758224,2.71,0.0,0.006,-0.001,1.0,0.0,998.1494678628416,0.0,998.1494678628416
1668445590.4989538,2.709,-0.0009999999999998,0.008,0.002,0.0,1.0,0.0,368.4567987681216,998.1494678628416
1668445650.4919815,2.712,0.0030000000000001,0.012,0.004,0.0,1.0,0.0,368.4567987681216,999.2548382591458
1668445710.6910124,2.714,0.0019999999999997,0.014,0.002,0.0,1.0,0.0,368.4567987681216,999.991751856682
1668445770.7411492,2.714,0.0,0.014,0.0,0.0,1.0,0.0,368.4567987681216,999.991751856682
1668445830.474691,2.715,0.0009999999999998,0.014,0.0,0.0,1.0,0.0,368.4567987681216,1000.36020865545
1668445890.3511288,2.715,0.0,0.014,0.0,0.0,1.0,0.0,368.4567987681216,1000.36020865545
1668445950.502839,2.716,0.0010000000000003,0.008,-0.006,1.0,0.0,1000.7286654542183,0.0,1000.7286654542183
1668446010.3668876,2.715,-0.0010000000000003,0.007,-0.001,1.0,0.0,1000.7286654542183,0.0,1000.7286654542183
1668446070.6060908,2.723,0.008,0.015,0.008,0.0,1.0,0.0,367.5096090540648,1000.7286654542182
1668446130.6184733,2.717,-0.0059999999999997,0.002,-0.013,1.0,0.0,998.523607799894,0.0,998.523607799894
1668446190.5903606,2.714,-0.0030000000000001,-0.002,-0.004,1.0,0.0,998.523607799894,0.0,998.523607799894
1668446250.4720123,2.721,0.0070000000000001,0.0,0.002,0.0,1.0,0.0,366.96935237041305,998.523607799894
1668446310.5284643,2.719,-0.0020000000000002,0.007,0.007,0.0,1.0,0.0,366.96935237041305,997.789669095153
1668446370.6021633,2.72,0.0010000000000003,0.008,0.001,0.0,1.0,0.0,366.96935237041305,998.1566384475236
1668446430.5768766,2.72,0.0,0.008,0.0,0.0,1.0,0.0,366.96935237041305,998.1566384475236
1668446490.5228024,2.715,-0.0050000000000003,0.002,-0.006,1.0,0.0,996.3217916856714,0.0,996.3217916856714
1668446550.4347837,2.715,0.0,0.002,0.0,1.0,0.0,996.3217916856714,0.0,996.3217916856714
1668446610.5405097,2.723,0.008,0.009,0.0069999999999999,0.0,1.0,0.0,365.8912198625308,996.3217916856712
1668446670.4328694,2.724,0.0010000000000003,0.01,0.001,0.0,1.0,0.0,365.8912198625308,996.687682905534
1668446730.5574646,2.719,-0.0050000000000003,0.004,-0.006,1.0,0.0,994.8582268062212,0.0,994.8582268062212
1668446790.7317772,2.721,0.0020000000000002,-0.001,-0.005,1.0,0.0,994.8582268062212,0.0,994.8582268062212
1668446850.6624236,2.721,0.0,0.004,0.005,0.0,1.0,0.0,365.6222810754212,994.8582268062212
1668446910.4474494,2.717,-0.004,0.003,-0.001,1.0,0.0,993.3957376819194,0.0,993.3957376819194
1668446970.6146312,2.721,0.004,0.0,-0.003,1.0,0.0,993.3957376819194,0.0,993.3957376819194
1668447030.6722488,2.728,0.0070000000000001,0.008,0.008,0.0,1.0,0.0,364.147997683988,993.3957376819194
1668447090.529739,2.721,-0.0070000000000001,0.008,0.0,0.0,1.0,0.0,364.147997683988,990.8467016981316
1668447150.4178483,2.731,0.0099999999999997,0.016,0.008,0.0,1.0,0.0,364.147997683988,994.4881816749712
1668447210.5126758,2.733,0.0020000000000002,0.009,-0.007,1.0,0.0,995.2164776703391,0.0,995.2164776703391
1668447270.4045413,2.733,0.0,0.014,0.005,0.0,1.0,0.0,364.147997683988,995.2164776703391
1668447330.7143998,2.734,0.0009999999999998,0.015,0.0009999999999999,0.0,1.0,0.0,364.147997683988,995.5806256680232
1668447390.594812,2.735,0.0009999999999998,0.014,-0.0009999999999999,1.0,0.0,995.9447736657072,0.0,995.9447736657072
1668447450.4869688,2.735,0.0,0.017,0.003,0.0,1.0,0.0,364.147997683988,995.9447736657072
1668447510.4864216,2.738,0.0030000000000001,0.021,0.004,0.0,1.0,0.0,364.147997683988,997.0372176587592
1668447570.6935608,2.735,-0.0030000000000001,0.005,-0.016,1.0,0.0,995.9447736657072,0.0,995.9447736657072
1668447630.4580324,2.737,0.0020000000000002,0.007,0.002,0.0,1.0,0.0,363.881904883342,995.9447736657072
1668447690.54998,2.737,0.0,0.007,0.0,0.0,1.0,0.0,363.881904883342,995.944773665707
1668447750.6164052,2.732,-0.0049999999999998,-0.002,-0.009,1.0,0.0,994.1253641412904,0.0,994.1253641412904
1668447810.5647128,2.732,0.0,-0.002,0.0,1.0,0.0,994.1253641412904,0.0,994.1253641412904
1668447870.5311594,2.738,0.0059999999999997,0.004,0.006,0.0,1.0,0.0,363.0845011472938,994.1253641412904
1668447930.7513428,2.737,-0.0009999999999998,0.003,-0.001,1.0,0.0,993.7622796401432,0.0,993.7622796401432
1668447990.5629823,2.736,-0.0009999999999998,0.003,0.0,1.0,0.0,993.7622796401432,0.0,993.7622796401432
1668448050.6050303,2.74,0.004,0.008,0.005,0.0,1.0,0.0,362.686963372315,993.7622796401432
1668448110.590062,2.74,0.0,0.008,0.0,0.0,1.0,0.0,362.686963372315,993.7622796401432
1668448170.4193444,2.736,-0.004,0.002,-0.006,1.0,0.0,992.311531786654,0.0,992.311531786654
1668448230.534532,2.734,-0.0020000000000002,-0.003,-0.005,1.0,0.0,992.311531786654,0.0,992.311531786654
1668448290.463184,2.736,0.0020000000000002,-0.002,0.001,0.0,1.0,0.0,362.686963372315,992.311531786654
1668448350.5354977,2.729,-0.0070000000000001,-0.009,-0.0069999999999999,1.0,0.0,989.7727230430476,0.0,989.7727230430476
1668448410.5927398,2.734,0.0049999999999998,0.002,0.011,0.0,1.0,0.0,362.0236733880935,989.7727230430476
1668448470.7953918,2.738,0.004,0.006,0.004,0.0,1.0,0.0,362.0236733880935,991.2208177366
1668448530.7249525,2.738,0.0,0.006,0.0,0.0,1.0,0.0,362.0236733880935,991.2208177366
1668448590.6116064,2.733,-0.0049999999999998,-0.004,-0.01,1.0,0.0,989.4106993696596,0.0,989.4106993696596
1668448650.6863618,2.733,0.0,-0.004,0.0,1.0,0.0,989.4106993696596,0.0,989.4106993696596
1668448710.5291932,2.731,-0.0020000000000002,-0.005,-0.001,1.0,0.0,989.4106993696596,0.0,989.4106993696596
1668448771.4063866,2.733,0.0020000000000002,-0.007,-0.002,1.0,0.0,989.4106993696596,0.0,989.4106993696596
1668448831.4573154,2.732,-0.0009999999999998,-0.002,0.005,0.0,1.0,0.0,362.1561857136382,989.4106993696596
1668448891.3797257,2.735,0.0029999999999996,0.001,0.003,0.0,1.0,0.0,362.1561857136382,990.4971679268004
1668448952.2277162,2.735,0.0,0.001,0.0,0.0,1.0,0.0,362.1561857136382,990.4971679268004
1668449012.4394052,2.735,0.0,0.001,0.0,0.0,1.0,0.0,362.1561857136382,990.4971679268004
1668449072.3827538,2.735,0.0,0.001,0.0,0.0,1.0,0.0,362.1561857136382,990.4971679268004
1668449133.3184302,2.738,0.0030000000000001,0.002,0.001,0.0,1.0,0.0,362.1561857136382,991.5836364839414
1668449193.4624667,2.735,-0.0030000000000001,0.006,0.004,0.0,1.0,0.0,362.1561857136382,990.4971679268004
1668449253.3937492,2.735,0.0,0.001,-0.005,1.0,0.0,990.4971679268004,0.0,990.4971679268004
1668449314.2555485,2.737,0.0020000000000002,0.003,0.002,0.0,1.0,0.0,361.89154838392415,990.4971679268004
1668449374.319434,2.737,0.0,0.003,0.0,0.0,1.0,0.0,361.89154838392415,990.4971679268004
1668449434.2949555,2.731,-0.0060000000000002,-0.007,-0.01,1.0,0.0,988.3258186364968,0.0,988.3258186364968
1668449495.1781414,2.721,-0.0099999999999997,-0.017,-0.01,1.0,0.0,988.3258186364968,0.0,988.3258186364968
1668449555.1953094,2.724,0.0030000000000001,-0.009,0.008,0.0,1.0,0.0,362.8215193232367,988.3258186364968
1668449615.1406193,2.725,0.0009999999999998,-0.008,0.0009999999999999,0.0,1.0,0.0,362.8215193232367,988.68864015582
1668449676.5405164,2.72,-0.0049999999999998,-0.009,-0.0009999999999999,1.0,0.0,986.874532559204,0.0,986.874532559204
1668449736.4906292,2.722,0.0019999999999997,-0.011,-0.002,1.0,0.0,986.874532559204,0.0,986.874532559204
1668449796.9124603,2.722,0.0,-0.011,0.0,1.0,0.0,986.874532559204,0.0,986.874532559204
1668449857.5481048,2.722,0.0,-0.013,-0.002,1.0,0.0,986.874532559204,0.0,986.874532559204
1668449917.406203,2.725,0.0030000000000001,-0.01,0.0029999999999999,0.0,1.0,0.0,362.1557917648455,986.874532559204
1668449977.4506786,2.73,0.0049999999999998,-0.007,0.003,0.0,1.0,0.0,362.1557917648455,988.6853115180282
1668450038.0223494,2.73,0.0,-0.007,0.0,0.0,1.0,0.0,362.1557917648455,988.6853115180282
1668450098.161647,2.736,0.0060000000000002,-0.003,0.004,0.0,1.0,0.0,362.1557917648455,990.8582462686172
1668450158.1905503,2.733,-0.0030000000000001,0.001,0.004,0.0,1.0,0.0,362.1557917648455,989.7717788933228
1668450219.0488183,2.729,-0.004,-0.008,-0.009,1.0,0.0,988.3231557262634,0.0,988.3231557262634
1668450278.9637291,2.728,-0.0009999999999998,0.007,0.015,0.0,1.0,0.0,362.2885468204777,988.3231557262632
1668450339.2285554,2.733,0.0049999999999998,0.009,0.0019999999999999,0.0,1.0,0.0,362.2885468204777,990.1345984603656
1668450400.165925,2.736,0.0030000000000001,0.012,0.003,0.0,1.0,0.0,362.2885468204777,991.221464100827
1668450460.0581484,2.74,0.004,0.02,0.008,0.0,1.0,0.0,362.2885468204777,992.6706182881088
1668450519.9067235,2.733,-0.0070000000000001,0.011,-0.009,1.0,0.0,990.1345984603656,0.0,990.1345984603656
1668450580.6917417,2.746,0.0129999999999999,0.021,0.01,0.0,1.0,0.0,360.5734153169576,990.1345984603656
1668450640.8056731,2.744,-0.0019999999999997,0.014,-0.007,1.0,0.0,989.4134516297318,0.0,989.4134516297318
1668450700.692902,2.751,0.0069999999999996,0.015,0.0009999999999999,0.0,1.0,0.0,359.6559257105532,989.4134516297318
1668450761.5089407,2.748,-0.0029999999999996,0.019,0.004,0.0,1.0,0.0,359.6559257105532,988.3344838526004
1668450821.7308283,2.748,0.0,0.019,0.0,0.0,1.0,0.0,359.6559257105532,988.3344838526004
1668450881.747784,2.739,-0.0090000000000003,0.007,-0.012,1.0,0.0,985.0975805212051,0.0,985.0975805212051
1668450942.8593433,2.747,0.008,0.011,0.0039999999999999,0.0,1.0,0.0,358.6085112927576,985.0975805212051
1668451002.6275327,2.749,0.0020000000000002,0.008,-0.0029999999999999,1.0,0.0,985.8147975437907,0.0,985.8147975437907
1668451062.617568,2.748,-0.0009999999999998,0.011,0.0029999999999999,0.0,1.0,0.0,358.73900929541145,985.8147975437907
1668451123.620911,2.752,0.0039999999999995,0.015,0.004,0.0,1.0,0.0,358.73900929541145,987.2497535809722
1668451183.3537529,2.756,0.004,0.005,-0.0099999999999999,1.0,0.0,988.684709618154,0.0,988.684709618154
1668451243.4470544,2.751,-0.0049999999999998,0.007,0.002,0.0,1.0,0.0,359.39102494298584,988.684709618154
1668451304.2416358,2.75,-0.0009999999999998,-0.002,-0.009,1.0,0.0,988.325318593211,0.0,988.325318593211
1668451364.3086724,2.752,0.0019999999999997,0.006,0.008,0.0,1.0,0.0,359.12983960509126,988.325318593211
1668451424.382882,2.753,0.0010000000000003,0.005,-0.001,1.0,0.0,988.6844484328165,0.0,988.6844484328165
1668451485.3941493,2.754,0.0009999999999998,0.011,0.0059999999999999,0.0,1.0,0.0,358.9994366132231,988.6844484328165
1668451545.284205,2.754,0.0,0.011,0.0,0.0,1.0,0.0,358.9994366132231,988.6844484328165
1668451605.319388,2.754,0.0,0.011,0.0,0.0,1.0,0.0,358.9994366132231,988.6844484328165
1668451666.0937245,2.754,0.0,0.011,0.0,0.0,1.0,0.0,358.9994366132231,988.6844484328165
1668451726.3295844,2.748,-0.0059999999999997,0.008,-0.0029999999999999,1.0,0.0,986.5304518131372,0.0,986.5304518131372
1668451786.2239556,2.754,0.0059999999999997,0.014,0.006,0.0,1.0,0.0,358.2173027643926,986.5304518131372
1668451847.048557,2.747,-0.0070000000000001,0.0,-0.014,1.0,0.0,984.0229306937864,0.0,984.0229306937864
1668451907.0285797,2.749,0.0020000000000002,0.0,0.0,1.0,0.0,984.0229306937864,0.0,984.0229306937864
1668451967.046553,2.749,0.0,-0.003,-0.003,1.0,0.0,984.0229306937864,0.0,984.0229306937864
1668452027.6677785,2.754,0.0049999999999998,0.002,0.005,0.0,1.0,0.0,357.3068012686225,984.0229306937864
1668452087.6452255,2.754,0.0,0.002,0.0,0.0,1.0,0.0,357.3068012686225,984.0229306937864
1668452148.172535,2.754,0.0,0.002,0.0,0.0,1.0,0.0,357.3068012686225,984.0229306937864
1668452208.731984,2.754,0.0,0.002,0.0,0.0,1.0,0.0,357.3068012686225,984.0229306937864
1668452268.985578,2.754,0.0,0.002,0.0,0.0,1.0,0.0,357.3068012686225,984.0229306937864
1668452328.795902,2.751,-0.0030000000000001,0.001,-0.001,1.0,0.0,982.9510102899804,0.0,982.9510102899804
1668452389.4968872,2.746,-0.0049999999999998,-0.004,-0.005,1.0,0.0,982.9510102899804,0.0,982.9510102899804
1668452449.2922752,2.746,0.0,-0.001,0.003,0.0,1.0,0.0,357.957396318274,982.9510102899804
1668452509.4926517,2.75,0.004,-0.002,-0.001,1.0,0.0,984.3828398752536,0.0,984.3828398752536
1668452570.5527325,2.75,0.0,-0.002,0.0,1.0,0.0,984.3828398752536,0.0,984.3828398752536
1668452630.2240436,2.747,-0.0030000000000001,-0.007,-0.005,1.0,0.0,984.3828398752536,0.0,984.3828398752536
1668452691.248701,2.749,0.0020000000000002,-0.005,0.002,0.0,1.0,0.0,358.0876099946357,984.3828398752536
1668452751.1003468,2.752,0.0029999999999996,-0.002,0.003,0.0,1.0,0.0,358.0876099946357,985.4571027052374
1668452811.0568218,2.744,-0.0079999999999995,0.0,0.002,0.0,1.0,0.0,358.0876099946357,982.5924018252804
1668452871.2048347,2.744,0.0,-0.005,-0.005,1.0,0.0,982.5924018252804,0.0,982.5924018252804
1668452931.9060545,2.743,-0.0010000000000003,-0.011,-0.0059999999999999,1.0,0.0,982.5924018252804,0.0,982.5924018252804
1668452992.0003965,2.747,0.004,-0.007,0.0039999999999999,0.0,1.0,0.0,357.6965423462979,982.5924018252804
1668453052.5646446,2.743,-0.004,-0.003,0.004,0.0,1.0,0.0,357.6965423462979,981.1616156558952
1668453112.5736146,2.742,-0.0009999999999998,-0.004,-0.001,1.0,0.0,980.8039191135488,0.0,980.8039191135488
1668453172.6845465,2.736,-0.0059999999999997,-0.014,-0.01,1.0,0.0,980.8039191135488,0.0,980.8039191135488
1668453233.3404088,2.738,0.0019999999999997,-0.01,0.004,0.0,1.0,0.0,358.21910851480965,980.8039191135488
1668453293.550452,2.735,-0.0030000000000001,-0.014,-0.004,1.0,0.0,979.7292617880044,0.0,979.7292617880044
1668453353.596071,2.734,-0.0009999999999998,-0.02,-0.006,1.0,0.0,979.7292617880044,0.0,979.7292617880044
1668453413.6294355,2.73,-0.004,-0.011,0.009,0.0,1.0,0.0,358.87518746813345,979.7292617880044
1668453474.238175,2.723,-0.0070000000000001,-0.017,-0.006,1.0,0.0,977.2171354757272,0.0,977.2171354757272
1668453534.3582275,2.72,-0.0029999999999996,-0.027,-0.0099999999999999,1.0,0.0,977.2171354757272,0.0,977.2171354757272
1668453594.617584,2.729,0.0089999999999998,-0.017,0.0099999999999999,0.0,1.0,0.0,358.08616177197774,977.2171354757272
1668453655.5487027,2.719,-0.0100000000000002,-0.024,-0.0069999999999999,1.0,0.0,973.6362738580076,0.0,973.6362738580076
1668453716.710611,2.721,0.0020000000000002,-0.015,0.009,0.0,1.0,0.0,357.82295988901416,973.6362738580076
1668453775.425262,2.728,0.0070000000000001,-0.013,0.002,0.0,1.0,0.0,357.82295988901416,976.1410345772308
1668453836.1662889,2.724,-0.004,-0.016,-0.003,1.0,0.0,974.7097427376748,0.0,974.7097427376748
1668453896.1266704,2.73,0.0059999999999997,-0.001,0.015,0.0,1.0,0.0,357.0365358013461,974.7097427376748
1668453956.2440586,2.73,0.0,0.001,0.002,0.0,1.0,0.0,357.0365358013461,974.7097427376748
1668454017.1855166,2.721,-0.0089999999999998,-0.004,-0.005,1.0,0.0,971.4964139154628,0.0,971.4964139154628
1668454077.1612566,2.718,-0.0030000000000001,-0.002,0.002,0.0,1.0,0.0,357.43061586293703,971.4964139154628
1668454137.2021952,2.721,0.0030000000000001,-0.005,-0.003,1.0,0.0,972.5687057630516,0.0,972.5687057630516
1668454197.8929114,2.729,0.008,0.005,0.01,0.0,1.0,0.0,356.3828163294436,972.5687057630516
1668454257.768579,2.726,-0.0030000000000001,0.01,0.005,0.0,1.0,0.0,356.3828163294436,971.4995573140632
1668454317.8557887,2.721,-0.0049999999999998,0.0,-0.01,1.0,0.0,969.717643232416,0.0,969.717643232416
1668454378.7663586,2.72,-0.0009999999999998,-0.008,-0.008,1.0,0.0,969.717643232416,0.0,969.717643232416
1668454438.4651802,2.718,-0.0020000000000002,-0.006,0.002,0.0,1.0,0.0,356.7761748463635,969.717643232416
1668454498.6479082,2.71,-0.008,-0.025,-0.019,1.0,0.0,966.8634338336452,0.0,966.8634338336452
1668454564.9632514,2.71,0.0,-0.021,0.004,0.0,1.0,0.0,356.7761748463636,966.8634338336452
1668454619.715816,2.71,0.0,-0.021,0.0,0.0,1.0,0.0,356.7761748463636,966.8634338336452
1668454679.728503,2.71,0.0,-0.021,0.0,0.0,1.0,0.0,356.7761748463636,966.8634338336452
1668454740.5962272,2.71,0.0,-0.021,0.0,0.0,1.0,0.0,356.7761748463636,966.8634338336452
1668454800.6367362,2.71,0.0,-0.011,0.01,0.0,1.0,0.0,356.7761748463636,966.8634338336452
1668454860.4062293,2.707,-0.0030000000000001,-0.014,-0.003,1.0,0.0,965.7931053091062,0.0,965.7931053091062
1668454921.216458,2.707,0.0,-0.014,0.0,1.0,0.0,965.7931053091062,0.0,965.7931053091062
1668454981.2075038,2.713,0.0060000000000002,-0.001,0.013,0.0,1.0,0.0,355.9871379687085,965.7931053091062
1668455041.2175386,2.708,-0.0049999999999998,-0.014,-0.013,1.0,0.0,964.0131696192628,0.0,964.0131696192628
1668455102.0774796,2.7,-0.008,-0.028,-0.014,1.0,0.0,964.0131696192628,0.0,964.0131696192628
1668455162.225276,2.684,-0.016,-0.042,-0.014,1.0,0.0,964.0131696192628,0.0,964.0131696192628
1668455222.1098084,2.678,-0.0060000000000002,-0.038,0.004,0.0,1.0,0.0,359.9750446673872,964.0131696192628
1668455283.09686,2.682,0.004,-0.04,-0.002,1.0,0.0,965.4530697979324,0.0,965.4530697979324
1668455342.1379445,2.684,0.0020000000000002,-0.038,0.002,0.0,1.0,0.0,359.7068069291849,965.4530697979324
1668455402.2443717,2.688,0.004,-0.034,0.0039999999999999,0.0,1.0,0.0,359.7068069291849,966.8918970256492
1668455463.3251374,2.703,0.0149999999999996,-0.006,0.028,0.0,1.0,0.0,359.7068069291849,972.2874991295868
1668455522.3086634,2.699,-0.004,-0.011,-0.0049999999999999,1.0,0.0,970.84867190187,0.0,970.84867190187
1668455582.146644,2.702,0.0030000000000001,-0.005,0.0059999999999999,0.0,1.0,0.0,359.30742853511106,970.84867190187
1668455642.2764912,2.685,-0.0169999999999999,-0.028,-0.023,1.0,0.0,964.7404456167732,0.0,964.7404456167732
1668455702.1862886,2.681,-0.004,-0.027,0.001,0.0,1.0,0.0,359.84350824944914,964.7404456167732
1668455762.8472106,2.654,-0.0270000000000001,-0.043,-0.0159999999999999,1.0,0.0,955.024670894038,0.0,955.024670894038
1668455822.15589,2.63,-0.024,-0.047,-0.004,1.0,0.0,955.024670894038,0.0,955.024670894038
1668455882.3172183,2.633,0.0030000000000001,-0.039,0.008,0.0,1.0,0.0,362.7135096445264,955.024670894038
1668455942.191486,2.641,0.008,-0.04,-0.001,1.0,0.0,957.9263789711944,0.0,957.9263789711944
1668456002.2132423,2.636,-0.0049999999999998,-0.052,-0.0119999999999999,1.0,0.0,957.9263789711944,0.0,957.9263789711944
1668456062.0892284,2.654,0.0179999999999997,-0.051,0.001,0.0,1.0,0.0,360.93684211424056,957.9263789711944
1668456122.160879,2.653,-0.0009999999999998,-0.046,0.0049999999999999,0.0,1.0,0.0,360.93684211424056,957.5654421290802
1668456182.3646443,2.658,0.0049999999999998,-0.044,0.002,0.0,1.0,0.0,360.93684211424056,959.3701263396514
1668456242.4173524,2.665,0.0070000000000001,-0.015,0.0289999999999999,0.0,1.0,0.0,360.93684211424056,961.8966842344512
1668456302.1465554,2.66,-0.0049999999999998,-0.021,-0.006,1.0,0.0,960.09200002388,0.0,960.09200002388
1668456362.1405814,2.65,-0.0100000000000002,0.012,0.033,0.0,1.0,0.0,362.29886793353967,960.09200002388
1668456422.2370653,2.635,-0.0150000000000001,0.005,-0.007,1.0,0.0,954.6575170048768,0.0,954.6575170048768
1668456482.3938775,2.64,0.0050000000000003,0.001,-0.004,1.0,0.0,954.6575170048768,0.0,954.6575170048768
1668456542.4326534,2.644,0.004,0.003,0.002,0.0,1.0,0.0,361.0656267038112,954.6575170048768
1668456602.2140973,2.627,-0.0170000000000003,-0.006,-0.009,1.0,0.0,948.5194013509118,0.0,948.5194013509118
1668456662.2155488,2.645,0.0180000000000002,-0.012,-0.006,1.0,0.0,948.5194013509118,0.0,948.5194013509118
1668456722.2330089,2.64,-0.0049999999999998,-0.011,0.001,0.0,1.0,0.0,359.28765202686054,948.5194013509118
1668456782.1701105,2.635,-0.0050000000000003,-0.026,-0.015,1.0,0.0,946.7229630907774,0.0,946.7229630907774
1668456842.1830866,2.636,0.0010000000000003,-0.029,-0.003,1.0,0.0,946.7229630907774,0.0,946.7229630907774
1668456902.2181609,2.639,0.0029999999999996,-0.014,0.015,0.0,1.0,0.0,358.7430705156413,946.7229630907772
1668456962.5893245,2.644,0.0050000000000003,-0.006,0.008,0.0,1.0,0.0,358.7430705156413,948.5166784433555
1668457022.325296,2.648,0.004,0.016,0.022,0.0,1.0,0.0,358.7430705156413,949.9516507254182
1668457082.3471627,2.661,0.0129999999999999,0.021,0.005,0.0,1.0,0.0,358.7430705156413,954.6153106421216
1668457142.7890687,2.658,-0.0030000000000001,0.013,-0.008,1.0,0.0,953.5390814305746,0.0,953.5390814305746
1668457202.2777967,2.66,0.0020000000000002,0.033,0.02,0.0,1.0,0.0,358.4733388836746,953.5390814305744
1668457262.1886475,2.658,-0.0020000000000002,0.008,-0.025,1.0,0.0,952.8221347528072,0.0,952.8221347528072
1668457322.271065,2.659,0.0009999999999998,0.019,0.011,0.0,1.0,0.0,358.3385237881937,952.8221347528072
1668457382.518352,2.652,-0.0069999999999996,0.02,0.001,0.0,1.0,0.0,358.3385237881937,950.3137650862898
1668457442.4030557,2.654,0.0019999999999997,0.018,-0.002,1.0,0.0,951.030442133866,0.0,951.030442133866
1668457505.0341668,2.654,0.0,0.018,0.0,1.0,0.0,951.030442133866,0.0,951.030442133866
1668457562.3589716,2.654,0.0,0.018,0.0,1.0,0.0,951.030442133866,0.0,951.030442133866
1668457622.529848,2.654,0.0,0.017,-0.0009999999999999,1.0,0.0,951.030442133866,0.0,951.030442133866
1668457682.168045,2.653,-0.0009999999999998,0.007,-0.01,1.0,0.0,951.030442133866,0.0,951.030442133866
1668457742.3608434,2.654,0.0009999999999998,0.006,-0.001,1.0,0.0,951.030442133866,0.0,951.030442133866
1668457802.318122,2.659,0.0049999999999998,0.011,0.0049999999999999,0.0,1.0,0.0,357.6647018179263,951.030442133866
1668457862.545915,2.657,-0.0019999999999997,0.004,-0.0069999999999999,1.0,0.0,950.3151127302302,0.0,950.3151127302302
1668457922.2947884,2.664,0.0070000000000001,0.004,0.0,1.0,0.0,950.3151127302302,0.0,950.3151127302302
1668457982.5623198,2.664,0.0,0.006,0.002,0.0,1.0,0.0,356.7248921660023,950.31511273023
1668458042.582084,2.657,-0.0070000000000001,0.003,-0.003,1.0,0.0,947.818038485068,0.0,947.818038485068
1668458102.21145,2.659,0.0019999999999997,0.007,0.004,0.0,1.0,0.0,356.4565770910373,947.818038485068
1668458162.541161,2.66,0.0010000000000003,0.006,-0.001,1.0,0.0,948.1744950621592,0.0,948.1744950621592
1668458222.4599285,2.657,-0.0030000000000001,0.004,-0.002,1.0,0.0,948.1744950621592,0.0,948.1744950621592
1668458282.568896,2.657,0.0,0.003,-0.001,1.0,0.0,948.1744950621592,0.0,948.1744950621592
1668458342.2446249,2.657,0.0,0.003,0.0,1.0,0.0,948.1744950621592,0.0,948.1744950621592
1668458402.5354228,2.657,0.0,0.003,0.0,1.0,0.0,948.1744950621592,0.0,948.1744950621592
1668458462.323275,2.656,-0.0009999999999998,0.002,-0.001,1.0,0.0,948.1744950621592,0.0,948.1744950621592
1668458523.3704984,2.659,0.0029999999999996,0.0,-0.002,1.0,0.0,948.1744950621592,0.0,948.1744950621592
1668458582.3959236,2.657,-0.0019999999999997,-0.002,-0.002,1.0,0.0,948.1744950621592,0.0,948.1744950621592
1668458642.6893728,2.659,0.0019999999999997,0.001,0.003,0.0,1.0,0.0,356.5906337202554,948.174495062159
1668458702.5918517,2.657,-0.0019999999999997,-0.001,-0.002,1.0,0.0,947.4613137947186,0.0,947.4613137947186
1668458777.105519,2.657,0.0,-0.001,0.0,1.0,0.0,947.4613137947186,0.0,947.4613137947186
1668458822.5161848,2.656,-0.0009999999999998,-0.008,-0.007,1.0,0.0,947.4613137947186,0.0,947.4613137947186
1668458882.5957763,2.651,-0.0050000000000003,-0.011,-0.0029999999999999,1.0,0.0,947.4613137947186,0.0,947.4613137947186
1668458942.5526564,2.643,-0.008,-0.015,-0.004,1.0,0.0,947.4613137947186,0.0,947.4613137947186
1668459002.3803706,2.641,-0.0019999999999997,-0.018,-0.0029999999999999,1.0,0.0,947.4613137947186,0.0,947.4613137947186
1668459062.8527052,2.654,0.0129999999999999,-0.005,0.0129999999999999,0.0,1.0,0.0,356.9937128088616,947.4613137947184
1668459122.3292987,2.65,-0.004,-0.009,-0.0039999999999999,1.0,0.0,946.0333389434832,0.0,946.0333389434832
1668459182.5978968,2.651,0.0009999999999998,-0.006,0.0029999999999999,0.0,1.0,0.0,356.8590490167798,946.0333389434832
1668459242.552325,2.651,0.0,-0.006,0.0,0.0,1.0,0.0,356.8590490167798,946.0333389434832
1668459483.1903496,2.641,-0.0099999999999997,-0.016,-0.01,1.0,0.0,942.4647484533156,0.0,942.4647484533156
1668459543.2200837,2.641,0.0,-0.016,0.0,1.0,0.0,942.4647484533156,0.0,942.4647484533156
1668459604.4179957,2.65,0.0089999999999998,-0.007,0.009,0.0,1.0,0.0,355.6470748880436,942.4647484533156
1668459663.9468095,2.651,0.0009999999999998,0.001,0.008,0.0,1.0,0.0,355.6470748880436,942.8203955282036
1668459755.8845472,2.654,0.0030000000000001,0.014,0.013,0.0,1.0,0.0,355.6470748880436,943.8873367528678
1668459784.7906582,2.656,0.0020000000000002,0.016,0.002,0.0,1.0,0.0,355.6470748880436,944.598630902644
1668459844.9280856,2.664,0.008,0.023,0.0069999999999999,0.0,1.0,0.0,355.6470748880436,947.4438075017482
1668459906.9020164,2.658,-0.0060000000000002,0.008,-0.015,1.0,0.0,945.30992505242,0.0,945.30992505242
1668459965.619984,2.657,-0.0009999999999998,0.007,-0.001,1.0,0.0,945.30992505242,0.0,945.30992505242
1668460025.6169703,2.661,0.004,0.01,0.003,0.0,1.0,0.0,355.24611989944384,945.30992505242
1668460085.681336,2.655,-0.0060000000000002,0.016,0.006,0.0,1.0,0.0,355.24611989944384,943.1784483330232
1668460146.5449796,2.655,0.0,0.016,0.0,0.0,1.0,0.0,355.24611989944384,943.1784483330232
1668460206.5725913,2.655,0.0,0.016,0.0,0.0,1.0,0.0,355.24611989944384,943.1784483330232
1668460266.3600311,2.658,0.0030000000000001,0.014,-0.002,1.0,0.0,944.2441866927217,0.0,944.2441866927217
1668460327.2172575,2.657,-0.0009999999999998,0.016,0.002,0.0,1.0,0.0,355.3798218640277,944.2441866927217
1668460387.113395,2.657,0.0,0.007,-0.009,1.0,0.0,944.2441866927217,0.0,944.2441866927217
1668460446.9944725,2.66,0.0030000000000001,0.009,0.0019999999999999,0.0,1.0,0.0,354.9790175536547,944.2441866927217
1668460508.268926,2.661,0.0009999999999998,0.012,0.003,0.0,1.0,0.0,354.9790175536547,944.5991657102752
1668460568.087921,2.661,0.0,0.012,0.0,0.0,1.0,0.0,354.9790175536547,944.5991657102752
1668460628.1911757,2.661,0.0,0.012,0.0,0.0,1.0,0.0,354.9790175536547,944.5991657102752
1668460688.936567,2.672,0.0110000000000001,0.016,0.004,0.0,1.0,0.0,354.9790175536547,948.5039349033656
1668460748.910172,2.673,0.0009999999999998,0.009,-0.007,1.0,0.0,948.8589139209192,0.0,948.8589139209192
1668460809.2438436,2.673,0.0,0.009,0.0,1.0,0.0,948.8589139209192,0.0,948.8589139209192
1668460869.879381,2.673,0.0,0.016,0.007,0.0,1.0,0.0,354.9790175536548,948.8589139209192
1668460929.717883,2.656,-0.0169999999999999,-0.007,-0.023,1.0,0.0,942.8242706225072,0.0,942.8242706225072
1668460989.7109425,2.669,0.0129999999999999,0.014,0.021,0.0,1.0,0.0,353.25000772667937,942.8242706225072
1668461051.3048477,2.668,-0.0009999999999998,0.012,-0.002,1.0,0.0,942.4710206147806,0.0,942.4710206147806
1668461111.2567267,2.667,-0.0010000000000003,0.01,-0.002,1.0,0.0,942.4710206147806,0.0,942.4710206147806
1668461171.2344186,2.667,0.0,0.01,0.0,1.0,0.0,942.4710206147806,0.0,942.4710206147806
1668461231.949181,2.665,-0.0019999999999997,0.005,-0.005,1.0,0.0,942.4710206147806,0.0,942.4710206147806
1668461291.8983212,2.663,-0.0020000000000002,0.002,-0.003,1.0,0.0,942.4710206147806,0.0,942.4710206147806
1668461351.8855214,2.664,0.0010000000000003,-0.008,-0.01,1.0,0.0,942.4710206147806,0.0,942.4710206147806
1668461412.843596,2.662,-0.0020000000000002,-0.011,-0.0029999999999999,1.0,0.0,942.4710206147806,0.0,942.4710206147806
1668461472.9743278,2.678,0.016,0.022,0.033,0.0,1.0,0.0,351.93092629379413,942.4710206147806
1668461532.854385,2.677,-0.0009999999999998,0.008,-0.0139999999999999,1.0,0.0,942.119089688487,0.0,942.119089688487
1668461593.5740182,2.68,0.0030000000000001,0.011,0.0029999999999999,0.0,1.0,0.0,351.5369737643608,942.119089688487
1668461656.086415,2.674,-0.0060000000000002,0.007,-0.0039999999999999,1.0,0.0,940.0098678459008,0.0,940.0098678459008
1668461713.666801,2.674,0.0,0.001,-0.006,1.0,0.0,940.0098678459008,0.0,940.0098678459008
1668461774.688828,2.676,0.0020000000000002,0.003,0.002,0.0,1.0,0.0,351.2742406001124,940.0098678459008
1668461834.6691022,2.676,0.0,0.012,0.009,0.0,1.0,0.0,351.2742406001124,940.0098678459008
1668461894.5493538,2.679,0.0029999999999996,0.016,0.004,0.0,1.0,0.0,351.2742406001124,941.0636905677012
1668461955.189546,2.679,0.0,0.014,-0.002,1.0,0.0,941.0636905677012,0.0,941.0636905677012
1668462014.6116655,2.673,-0.0059999999999997,0.009,-0.005,1.0,0.0,941.0636905677012,0.0,941.0636905677012
1668462074.8671937,2.672,-0.0009999999999998,0.002,-0.0069999999999999,1.0,0.0,941.0636905677012,0.0,941.0636905677012
1668462135.666031,2.671,-0.0010000000000003,0.001,-0.001,1.0,0.0,941.0636905677012,0.0,941.0636905677012
1668462195.0557704,2.672,0.0010000000000003,-0.001,-0.002,1.0,0.0,941.0636905677012,0.0,941.0636905677012
1668462254.639796,2.678,0.0059999999999997,0.005,0.006,0.0,1.0,0.0,351.40541096628124,941.0636905677012
1668462314.5965123,2.677,-0.0009999999999998,-0.003,-0.008,1.0,0.0,940.7122851567348,0.0,940.7122851567348
1668462374.6786227,2.677,0.0,-0.003,0.0,1.0,0.0,940.7122851567348,0.0,940.7122851567348
1668462434.6855986,2.672,-0.0049999999999998,-0.002,0.001,0.0,1.0,0.0,352.06298097183185,940.7122851567348
1668462494.7265344,2.671,-0.0010000000000003,-0.003,-0.001,1.0,0.0,940.3602221757628,0.0,940.3602221757628
1668462554.5138512,2.675,0.004,-0.001,0.002,0.0,1.0,0.0,351.5365316544908,940.3602221757628
1668462614.719446,2.675,0.0,-0.005,-0.004,1.0,0.0,940.3602221757628,0.0,940.3602221757628
1668462674.8394988,2.674,-0.0009999999999998,-0.006,-0.001,1.0,0.0,940.3602221757628,0.0,940.3602221757628
1668462735.0175936,2.675,0.0009999999999998,-0.004,0.002,0.0,1.0,0.0,351.5365316544908,940.3602221757628
1668462794.7422383,2.682,0.0070000000000001,0.003,0.007,0.0,1.0,0.0,351.5365316544908,942.8209778973444
1668462854.5497775,2.683,0.0009999999999998,0.004,0.001,0.0,1.0,0.0,351.5365316544908,943.1725144289989
1668462914.5791438,2.685,0.0020000000000002,0.011,0.0069999999999999,0.0,1.0,0.0,351.5365316544908,943.8755874923078
1668462974.5452678,2.685,0.0,0.011,0.0,0.0,1.0,0.0,351.5365316544908,943.8755874923078
1668463034.6529005,2.685,0.0,0.011,0.0,0.0,1.0,0.0,351.5365316544908,943.8755874923078
1668463094.674164,2.684,-0.0009999999999998,0.006,-0.0049999999999999,1.0,0.0,943.5240509606532,0.0,943.5240509606532
1668463154.73937,2.687,0.0029999999999996,0.009,0.0029999999999999,0.0,1.0,0.0,351.14404576131494,943.5240509606532
1668463214.8281558,2.685,-0.0019999999999997,0.008,-0.0009999999999999,1.0,0.0,942.8217628691308,0.0,942.8217628691308
1668463274.687417,2.685,0.0,0.008,0.0,1.0,0.0,942.8217628691308,0.0,942.8217628691308
1668463336.2569487,2.683,-0.0020000000000002,0.01,0.002,0.0,1.0,0.0,351.4058005475702,942.8217628691308
1668463394.6579914,2.695,0.012,0.021,0.011,0.0,1.0,0.0,351.4058005475702,947.0386324757015
1668463454.5336175,2.694,-0.0009999999999998,0.02,-0.001,1.0,0.0,946.687226675154,0.0,946.687226675154
1668463514.7742114,2.691,-0.0030000000000001,0.017,-0.0029999999999999,1.0,0.0,946.687226675154,0.0,946.687226675154
1668463574.7571344,2.691,0.0,0.016,-0.001,1.0,0.0,946.687226675154,0.0,946.687226675154
1668463635.1872542,2.691,0.0,0.008,-0.008,1.0,0.0,946.687226675154,0.0,946.687226675154
1668463695.1774,2.691,0.0,0.008,0.0,1.0,0.0,946.687226675154,0.0,946.687226675154
1668463754.6961298,2.691,0.0,0.008,0.0,1.0,0.0,946.687226675154,0.0,946.687226675154
1668463814.788154,2.69,-0.0009999999999998,0.005,-0.003,1.0,0.0,946.687226675154,0.0,946.687226675154
1668463874.530376,2.691,0.0009999999999998,0.007,0.002,0.0,1.0,0.0,351.7975572928852,946.687226675154
1668463934.612687,2.686,-0.0049999999999998,0.001,-0.006,1.0,0.0,944.9282388886896,0.0,944.9282388886896
1668463994.7832563,2.687,0.0009999999999998,0.004,0.003,0.0,1.0,0.0,351.6666315179344,944.9282388886896
1668464054.499347,2.687,0.0,0.004,0.0,0.0,1.0,0.0,351.6666315179344,944.9282388886896
1668464115.4218946,2.687,0.0,0.004,0.0,0.0,1.0,0.0,351.6666315179344,944.9282388886896
1668464174.6784794,2.687,0.0,0.004,0.0,0.0,1.0,0.0,351.6666315179344,944.9282388886896
1668464234.80392,2.688,0.0010000000000003,-0.008,-0.012,1.0,0.0,945.2799055202076,0.0,945.2799055202076
1668464294.7014573,2.683,-0.0050000000000003,-0.011,-0.0029999999999999,1.0,0.0,945.2799055202076,0.0,945.2799055202076
1668464354.7888577,2.683,0.0,-0.011,0.0,1.0,0.0,945.2799055202076,0.0,945.2799055202076
1668464414.6723056,2.683,0.0,-0.008,0.0029999999999999,0.0,1.0,0.0,352.32199236683107,945.2799055202076
1668464474.9986918,2.688,0.0050000000000003,-0.003,0.005,0.0,1.0,0.0,352.32199236683107,947.041515482042
1668464534.7859876,2.684,-0.004,-0.007,-0.004,1.0,0.0,945.6322275125748,0.0,945.6322275125748
1668464595.175371,2.689,0.0049999999999998,-0.001,0.006,0.0,1.0,0.0,351.6668752371048,945.6322275125748
1668464654.7469003,2.687,-0.0020000000000002,-0.004,-0.003,1.0,0.0,944.9288937621006,0.0,944.9288937621006
1668464714.9269848,2.688,0.0010000000000003,0.003,0.007,0.0,1.0,0.0,351.5360467864958,944.9288937621008
1668464774.74326,2.684,-0.004,-0.002,-0.005,1.0,0.0,943.5227495749548,0.0,943.5227495749548
1668464834.6412165,2.68,-0.004,-0.008,-0.006,1.0,0.0,943.5227495749548,0.0,943.5227495749548
1668464894.7324307,2.679,-0.0010000000000003,-0.009,-0.0009999999999999,1.0,0.0,943.5227495749548,0.0,943.5227495749548
1668464954.870619,2.679,0.0,-0.009,0.0,1.0,0.0,943.5227495749548,0.0,943.5227495749548
1668465014.667115,2.681,0.0020000000000002,-0.002,0.0069999999999999,0.0,1.0,0.0,351.9294105091215,943.5227495749548
1668465075.1025505,2.689,0.008,0.006,0.008,0.0,1.0,0.0,351.9294105091215,946.3381848590276
1668465135.2957602,2.684,-0.0049999999999998,0.0,-0.006,1.0,0.0,944.5785378064822,0.0,944.5785378064822
1668465194.8140562,2.681,-0.0030000000000001,-0.003,-0.003,1.0,0.0,944.5785378064822,0.0,944.5785378064822
1668465254.8139925,2.677,-0.004,-0.013,-0.0099999999999999,1.0,0.0,944.5785378064822,0.0,944.5785378064822
1668465314.7487123,2.679,0.0019999999999997,-0.008,0.0049999999999999,0.0,1.0,0.0,352.5862403159695,944.5785378064822
1668465375.140367,2.677,-0.0019999999999997,-0.011,-0.0029999999999999,1.0,0.0,943.8733653258504,0.0,943.8733653258504
1668465435.117773,2.676,-0.0009999999999998,-0.012,-0.001,1.0,0.0,943.8733653258504,0.0,943.8733653258504
1668465494.789486,2.678,0.0019999999999997,-0.006,0.006,0.0,1.0,0.0,352.45458003205766,943.8733653258504
1668465555.0785575,2.678,0.0,-0.006,0.0,0.0,1.0,0.0,352.45458003205766,943.8733653258504
1668465614.855225,2.684,0.0060000000000002,0.0,0.006,0.0,1.0,0.0,352.45458003205766,945.9880928060428
1668465674.8765538,2.681,-0.0030000000000001,-0.003,-0.003,1.0,0.0,944.9307290659466,0.0,944.9307290659466
1668465734.8178468,2.681,0.0,-0.003,0.0,1.0,0.0,944.9307290659466,0.0,944.9307290659466
1668465794.860325,2.678,-0.0030000000000001,-0.003,0.0,1.0,0.0,944.9307290659466,0.0,944.9307290659466
1668465854.8240032,2.679,0.0009999999999998,-0.002,0.001,0.0,1.0,0.0,352.71770401864376,944.9307290659466
1668465914.8287995,2.677,-0.0019999999999997,-0.01,-0.008,1.0,0.0,944.2252936579092,0.0,944.2252936579092
1668465974.8286357,2.677,0.0,0.004,0.014,0.0,1.0,0.0,352.7177040186437,944.2252936579092
1668466035.8838284,2.679,0.0019999999999997,0.006,0.002,0.0,1.0,0.0,352.7177040186437,944.9307290659464
1668466094.777522,2.679,0.0,0.006,0.0,0.0,1.0,0.0,352.7177040186437,944.9307290659464
1668466154.743124,2.689,0.0100000000000002,0.012,0.006,0.0,1.0,0.0,352.7177040186437,948.4579061061328
1668466214.815391,2.689,0.0,0.013,0.0009999999999999,0.0,1.0,0.0,352.7177040186437,948.4579061061328
1668466274.7806416,2.687,-0.0020000000000002,0.011,-0.002,1.0,0.0,947.7524706980956,0.0,947.7524706980956
1668466335.409805,2.687,0.0,0.011,0.0,1.0,0.0,947.7524706980956,0.0,947.7524706980956
1668466395.1701689,2.683,-0.004,0.002,-0.009,1.0,0.0,947.7524706980956,0.0,947.7524706980956
1668466455.069424,2.686,0.0030000000000001,0.005,0.003,0.0,1.0,0.0,352.8490211087475,947.7524706980956
1668466514.9459524,2.686,0.0,0.005,0.0,0.0,1.0,0.0,352.8490211087475,947.7524706980956
1668466574.9134436,2.685,-0.0009999999999998,0.006,0.001,0.0,1.0,0.0,352.8490211087475,947.399621676987
1668466634.9198446,2.69,0.0049999999999998,0.011,0.0049999999999999,0.0,1.0,0.0,352.8490211087475,949.1638667825308
1668466694.8447292,2.687,-0.0030000000000001,0.008,-0.0029999999999999,1.0,0.0,948.1053197192044,0.0,948.1053197192044
1668466754.9638186,2.685,-0.0019999999999997,0.008,0.0,1.0,0.0,948.1053197192044,0.0,948.1053197192044
1668466815.001853,2.686,0.0009999999999998,0.009,0.0009999999999999,0.0,1.0,0.0,352.98038708831143,948.1053197192044
1668466874.792984,2.686,0.0,0.009,0.0,0.0,1.0,0.0,352.98038708831143,948.1053197192044
1668466935.1512992,2.705,0.0190000000000001,0.018,0.009,0.0,1.0,0.0,352.98038708831143,954.8119470738824
1668466994.8363154,2.701,-0.004,0.014,-0.0039999999999999,1.0,0.0,953.4000255255291,0.0,953.4000255255291
1668467054.690585,2.699,-0.0020000000000002,0.009,-0.005,1.0,0.0,953.4000255255291,0.0,953.4000255255291
1668467114.8326871,2.7,0.0010000000000003,0.017,0.008,0.0,1.0,0.0,353.1111205650108,953.4000255255291
1668467174.7352235,2.701,0.0009999999999998,0.018,0.0009999999999999,0.0,1.0,0.0,353.1111205650108,953.7531366460944
1668467234.9172168,2.723,0.0219999999999997,0.033,0.015,0.0,1.0,0.0,353.1111205650108,961.5215812985244
1668467294.951517,2.705,-0.0179999999999997,0.015,-0.018,1.0,0.0,955.1655811283543,0.0,955.1655811283543
1668467354.79798,2.732,0.0270000000000001,0.043,0.0279999999999999,0.0,1.0,0.0,349.62136937348254,955.1655811283543
1668467415.0815473,2.739,0.0069999999999996,0.05,0.007,0.0,1.0,0.0,349.62136937348254,957.6129307139686
1668467474.915882,2.739,0.0,0.05,0.0,0.0,1.0,0.0,349.62136937348254,957.6129307139686
1668467535.0625627,2.724,-0.0149999999999996,0.038,-0.012,1.0,0.0,952.3686101733664,0.0,952.3686101733664
1668467594.8058698,2.728,0.004,0.027,-0.011,1.0,0.0,952.3686101733664,0.0,952.3686101733664
1668467654.9719262,2.728,0.0,0.027,0.0,1.0,0.0,952.3686101733664,0.0,952.3686101733664
1668467714.861794,2.728,0.0,0.028,0.001,0.0,1.0,0.0,349.1087280694158,952.3686101733664
1668467775.1082294,2.745,0.0169999999999999,0.045,0.0169999999999999,0.0,1.0,0.0,349.1087280694158,958.3034585505465
1668467835.866179,2.745,0.0,0.023,-0.022,1.0,0.0,958.3034585505465,0.0,958.3034585505465
1668467895.1133726,2.744,-0.0009999999999998,0.039,0.016,0.0,1.0,0.0,349.23595428226906,958.3034585505465
1668467955.671486,2.772,0.0279999999999995,0.038,-0.001,1.0,0.0,968.0820652704498,0.0,968.0820652704498
1668468015.874845,2.764,-0.008,0.025,-0.0129999999999999,1.0,0.0,968.0820652704498,0.0,968.0820652704498
1668468075.357931,2.764,0.0,0.025,0.0,1.0,0.0,968.0820652704498,0.0,968.0820652704498
1668468135.1829183,2.756,-0.008,0.03,0.0049999999999999,0.0,1.0,0.0,351.2634489370283,968.0820652704498
1668468195.1506352,2.759,0.0030000000000001,0.033,0.003,0.0,1.0,0.0,351.2634489370283,969.135855617261
1668468254.9925191,2.755,-0.004,0.027,-0.006,1.0,0.0,967.7308018215128,0.0,967.7308018215128
1668468314.9685342,2.755,0.0,0.02,-0.0069999999999999,1.0,0.0,967.7308018215128,0.0,967.7308018215128
1668468374.985305,2.761,0.0060000000000002,0.011,-0.009,1.0,0.0,967.7308018215128,0.0,967.7308018215128
1668468435.0600295,2.758,-0.0030000000000001,0.013,0.002,0.0,1.0,0.0,350.881363967191,967.7308018215128
1668468494.962929,2.752,-0.0060000000000002,-0.021,-0.034,1.0,0.0,965.6255136377096,0.0,965.6255136377096
1668468555.0634456,2.75,-0.0019999999999997,-0.023,-0.0019999999999999,1.0,0.0,965.6255136377096,0.0,965.6255136377096
1668468614.9924462,2.753,0.0030000000000001,-0.015,0.008,0.0,1.0,0.0,350.7539097848563,965.6255136377094
1668468675.4485664,2.754,0.0009999999999998,-0.01,0.0049999999999999,0.0,1.0,0.0,350.7539097848563,965.9762675474944
1668468735.295221,2.758,0.004,-0.002,0.008,0.0,1.0,0.0,350.7539097848563,967.3792831866338
1668468795.4015636,2.76,0.0019999999999997,0.005,0.007,0.0,1.0,0.0,350.7539097848563,968.0807910062034
1668468855.2384102,2.761,0.0010000000000003,0.006,0.001,0.0,1.0,0.0,350.7539097848563,968.4315449159884
1668468915.4353876,2.764,0.0029999999999996,0.004,-0.002,1.0,0.0,969.4838066453428,0.0,969.4838066453428
1668468975.3213296,2.768,0.004,0.01,0.006,0.0,1.0,0.0,350.2470399730285,969.4838066453428
1668469035.2875628,2.768,0.0,0.01,0.0,0.0,1.0,0.0,350.2470399730285,969.4838066453428
1668469095.45257,2.762,-0.0059999999999997,0.012,0.002,0.0,1.0,0.0,350.2470399730285,967.3823244055048
1668469155.5788612,2.765,0.0030000000000001,0.015,0.0029999999999999,0.0,1.0,0.0,350.2470399730285,968.433065525424
1668469215.5645115,2.768,0.0029999999999996,0.018,0.0029999999999999,0.0,1.0,0.0,350.2470399730285,969.4838066453428
1668469275.8128293,2.771,0.0030000000000001,0.017,-0.0009999999999999,1.0,0.0,970.534547765262,0.0,970.534547765262
1668469335.7110014,2.771,0.0,0.017,0.0,1.0,0.0,970.534547765262,0.0,970.534547765262
1668469395.4365685,2.77,-0.0009999999999998,0.012,-0.005,1.0,0.0,970.534547765262,0.0,970.534547765262
1668469455.429768,2.769,-0.0009999999999998,0.009,-0.003,1.0,0.0,970.534547765262,0.0,970.534547765262
1668469515.3050714,2.769,0.0,0.009,0.0,1.0,0.0,970.534547765262,0.0,970.534547765262
1668469576.0419028,2.772,0.0029999999999996,0.011,0.002,0.0,1.0,0.0,350.1206882270065,970.534547765262
1668469635.4868402,2.76,-0.012,-0.002,-0.013,1.0,0.0,966.333099506538,0.0,966.333099506538
1668469695.5041437,2.761,0.0010000000000003,-0.007,-0.005,1.0,0.0,966.333099506538,0.0,966.333099506538
1668469755.4794908,2.756,-0.0050000000000003,-0.012,-0.005,1.0,0.0,966.333099506538,0.0,966.333099506538
1668469815.436914,2.751,-0.0049999999999998,-0.017,-0.005,1.0,0.0,966.333099506538,0.0,966.333099506538
1668469875.5413806,2.754,0.0030000000000001,-0.008,0.009,0.0,1.0,0.0,350.88347839743574,966.333099506538
1668469935.5765412,2.745,-0.0089999999999998,-0.02,-0.012,1.0,0.0,963.1751482009612,0.0,963.1751482009612
1668469995.5211222,2.747,0.0019999999999997,-0.029,-0.009,1.0,0.0,963.1751482009612,0.0,963.1751482009612
1668470055.8544188,2.749,0.0020000000000002,-0.024,0.005,0.0,1.0,0.0,350.3729167700841,963.1751482009612
1668470115.5722182,2.75,0.0009999999999998,-0.023,0.001,0.0,1.0,0.0,350.3729167700841,963.5255211177312
1668470175.5194457,2.747,-0.0030000000000001,-0.022,0.001,0.0,1.0,0.0,350.3729167700841,962.4744023674208
1668470235.5372603,2.741,-0.0059999999999997,-0.022,0.0,0.0,1.0,0.0,350.3729167700841,960.3721648668004
1668470295.4364738,2.748,0.0070000000000001,-0.012,0.0099999999999999,0.0,1.0,0.0,350.3729167700841,962.8247752841912
1668470355.6466162,2.748,0.0,-0.012,0.0,0.0,1.0,0.0,350.3729167700841,962.8247752841912
1668470415.6533644,2.744,-0.004,-0.007,0.005,0.0,1.0,0.0,350.3729167700841,961.4232836171108
1668470475.5096078,2.74,-0.004,-0.011,-0.0039999999999999,1.0,0.0,960.0217919500304,0.0,960.0217919500304
1668470535.6524715,2.74,0.0,-0.014,-0.003,1.0,0.0,960.0217919500304,0.0,960.0217919500304
1668470595.4588764,2.74,0.0,-0.014,0.0,1.0,0.0,960.0217919500304,0.0,960.0217919500304
1668470655.4153116,2.753,0.0129999999999999,0.008,0.022,0.0,1.0,0.0,348.7184133490848,960.0217919500304
1668470715.9159243,2.757,0.004,0.01,0.002,0.0,1.0,0.0,348.7184133490848,961.4166656034268
1668470775.7125802,2.751,-0.0060000000000002,0.001,-0.009,1.0,0.0,959.3243551233322,0.0,959.3243551233322
1668470835.940308,2.741,-0.0099999999999997,-0.006,-0.007,1.0,0.0,959.3243551233322,0.0,959.3243551233322
1668470896.2847662,2.74,-0.0009999999999998,-0.007,-0.001,1.0,0.0,959.3243551233322,0.0,959.3243551233322
1668470955.841849,2.74,0.0,-0.001,0.006,0.0,1.0,0.0,350.118377782238,959.324355123332
1668471016.0130668,2.741,0.0009999999999998,-0.007,-0.006,1.0,0.0,959.6744735011144,0.0,959.6744735011144
1668471075.9764638,2.743,0.0019999999999997,-0.004,0.003,0.0,1.0,0.0,349.8630964276757,959.6744735011144
1668471135.7405128,2.746,0.0030000000000001,-0.001,0.003,0.0,1.0,0.0,349.8630964276757,960.7240627903976
1668471196.2038436,2.738,-0.008,-0.002,-0.001,1.0,0.0,957.925158018976,0.0,957.925158018976
1668471255.85268,2.744,0.0060000000000002,0.003,0.005,0.0,1.0,0.0,349.0980896570612,957.925158018976
1668471315.5430758,2.744,0.0,0.003,0.0,0.0,1.0,0.0,349.0980896570612,957.925158018976
1668471375.70169,2.744,0.0,-0.013,-0.016,1.0,0.0,957.925158018976,0.0,957.925158018976
1668471435.5071197,2.744,0.0,-0.013,0.0,1.0,0.0,957.925158018976,0.0,957.925158018976
1668471495.902392,2.744,0.0,-0.013,0.0,1.0,0.0,957.925158018976,0.0,957.925158018976
1668471555.89995,2.736,-0.008,-0.02,-0.007,1.0,0.0,957.925158018976,0.0,957.925158018976
1668471615.8669713,2.739,0.0029999999999996,-0.002,0.018,0.0,1.0,0.0,349.7353625480015,957.925158018976
1668471675.4950256,2.737,-0.0019999999999997,-0.003,-0.001,1.0,0.0,957.22568729388,0.0,957.22568729388
1668471740.0290303,2.739,0.0019999999999997,-0.001,0.002,0.0,1.0,0.0,349.47998805910186,957.22568729388
1668471796.1381853,2.739,0.0,-0.003,-0.002,1.0,0.0,957.22568729388,0.0,957.22568729388
1668471856.1724305,2.737,-0.0019999999999997,0.001,0.004,0.0,1.0,0.0,349.73536254800143,957.22568729388
1668471917.73658,2.74,0.0030000000000001,-0.004,-0.005,1.0,0.0,958.274893381524,0.0,958.274893381524
1668471977.435163,2.74,0.0,-0.004,0.0,1.0,0.0,958.274893381524,0.0,958.274893381524
1668472037.66561,2.75,0.0099999999999997,0.006,0.01,0.0,1.0,0.0,348.46359759328146,958.274893381524
1668472098.8790698,2.75,0.0,0.02,0.014,0.0,1.0,0.0,348.46359759328146,958.274893381524
1668472158.514552,2.751,0.0009999999999998,0.012,-0.008,1.0,0.0,958.6233569791171,0.0,958.6233569791171
1668472218.663018,2.752,0.0009999999999998,0.019,0.0069999999999999,0.0,1.0,0.0,348.3369756464816,958.6233569791171
1668472279.6012475,2.761,0.0090000000000003,0.028,0.009,0.0,1.0,0.0,348.3369756464816,961.7583897599358
1668472339.598811,2.752,-0.0090000000000003,0.013,-0.015,1.0,0.0,958.6233569791174,0.0,958.6233569791174
1668472399.4211326,2.75,-0.0019999999999997,0.011,-0.002,1.0,0.0,958.6233569791174,0.0,958.6233569791174
1668472460.9987304,2.736,-0.0139999999999997,-0.001,-0.012,1.0,0.0,958.6233569791174,0.0,958.6233569791174
1668472520.3206134,2.743,0.0069999999999996,0.006,0.007,0.0,1.0,0.0,349.47989682067714,958.6233569791174
1668472580.681173,2.75,0.0070000000000001,0.0,-0.006,1.0,0.0,961.0697162568622,0.0,961.0697162568622
1668472641.5234413,2.743,-0.0070000000000001,-0.007,-0.007,1.0,0.0,961.0697162568622,0.0,961.0697162568622
1668472701.574646,2.743,0.0,-0.007,0.0,1.0,0.0,961.0697162568622,0.0,961.0697162568622
1668472761.2531092,2.74,-0.0029999999999996,-0.01,-0.003,1.0,0.0,961.0697162568622,0.0,961.0697162568622
1668472822.3841093,2.738,-0.0020000000000002,-0.023,-0.013,1.0,0.0,961.0697162568622,0.0,961.0697162568622
1668472881.9480016,2.743,0.0049999999999998,-0.009,0.014,0.0,1.0,0.0,350.3717521898878,961.0697162568622
1668472942.3899512,2.749,0.0060000000000002,-0.003,0.0059999999999999,0.0,1.0,0.0,350.3717521898878,963.1719467700016
1668473002.7084222,2.744,-0.0049999999999998,0.008,0.011,0.0,1.0,0.0,350.3717521898878,961.4200880090522
1668473062.6804016,2.744,0.0,0.008,0.0,0.0,1.0,0.0,350.3717521898878,961.4200880090522
1668473123.0224185,2.743,-0.0010000000000003,0.0,-0.008,1.0,0.0,961.0697162568622,0.0,961.0697162568622
1668473183.2323258,2.742,-0.0009999999999998,-0.001,-0.001,1.0,0.0,961.0697162568622,0.0,961.0697162568622
1668473242.6308024,2.746,0.004,0.003,0.004,0.0,1.0,0.0,349.9889716885878,961.069716256862
1668473302.6481245,2.746,0.0,0.003,0.0,0.0,1.0,0.0,349.9889716885878,961.069716256862
1668473363.5577822,2.743,-0.0030000000000001,0.004,0.001,0.0,1.0,0.0,349.9889716885878,960.0197493417965
1668473422.6997082,2.742,-0.0009999999999998,0.006,0.002,0.0,1.0,0.0,349.9889716885878,959.6697603701076
1668473482.7458212,2.744,0.0020000000000002,0.002,-0.004,1.0,0.0,960.3697383134852,0.0,960.3697383134852
1668473542.8599224,2.748,0.004,0.006,0.004,0.0,1.0,0.0,349.47952631495093,960.3697383134852
1668473603.4908218,2.746,-0.0020000000000002,0.008,0.002,0.0,1.0,0.0,349.47952631495093,959.6707792608552
1668473662.6387982,2.737,-0.0089999999999998,-0.007,-0.015,1.0,0.0,956.5254635240208,0.0,956.5254635240208
1668473722.690035,2.738,0.0009999999999998,-0.004,0.003,0.0,1.0,0.0,349.35188587436846,956.5254635240208
1668473782.6037643,2.739,0.0009999999999998,-0.007,-0.003,1.0,0.0,956.8748154098952,0.0,956.8748154098952
1668473842.7123156,2.73,-0.0089999999999998,-0.016,-0.009,1.0,0.0,956.8748154098952,0.0,956.8748154098952
1668473902.624951,2.726,-0.004,-0.02,-0.004,1.0,0.0,956.8748154098952,0.0,956.8748154098952
1668473962.7556164,2.724,-0.0019999999999997,-0.018,0.002,0.0,1.0,0.0,351.2756297393154,956.8748154098952
1668474022.7275555,2.725,0.0009999999999998,-0.017,0.0009999999999999,0.0,1.0,0.0,351.2756297393154,957.2260910396344
1668474083.2266402,2.729,0.004,-0.017,0.0,0.0,1.0,0.0,351.2756297393154,958.6311935585916
1668474142.7866554,2.728,-0.0009999999999998,-0.02,-0.0029999999999999,1.0,0.0,958.2799179288525,0.0,958.2799179288525
1668474202.8656783,2.721,-0.0070000000000001,-0.022,-0.0019999999999999,1.0,0.0,958.2799179288525,0.0,958.2799179288525
1668474262.881674,2.735,0.0139999999999997,-0.003,0.019,0.0,1.0,0.0,350.3765696266371,958.2799179288525
1668474322.6425085,2.732,-0.0029999999999996,-0.006,-0.003,1.0,0.0,957.2287882199726,0.0,957.2287882199726
1668474382.7044065,2.729,-0.0030000000000001,-0.01,-0.004,1.0,0.0,957.2287882199726,0.0,957.2287882199726
1668474442.6018596,2.733,0.004,0.003,0.013,0.0,1.0,0.0,350.248367442361,957.2287882199726
1668474502.5880125,2.736,0.0030000000000001,0.01,0.007,0.0,1.0,0.0,350.248367442361,958.2795333222996
1668474562.795848,2.739,0.0029999999999996,0.016,0.006,0.0,1.0,0.0,350.248367442361,959.3302784246266
1668474622.7915902,2.743,0.004,0.018,0.0019999999999999,0.0,1.0,0.0,350.248367442361,960.731271894396
1668474682.758746,2.744,0.0010000000000003,0.019,0.001,0.0,1.0,0.0,350.248367442361,961.0815202618386
1668474742.7930603,2.744,0.0,0.019,0.0,0.0,1.0,0.0,350.248367442361,961.0815202618386
1668474802.9036193,2.744,0.0,0.019,0.0,0.0,1.0,0.0,350.248367442361,961.0815202618386
1668474862.8587444,2.739,-0.0050000000000003,0.011,-0.008,1.0,0.0,959.3302784246266,0.0,959.3302784246266
1668474922.9445808,2.739,0.0,0.011,0.0,1.0,0.0,959.3302784246266,0.0,959.3302784246266
1668474982.9180071,2.739,0.0,0.011,0.0,1.0,0.0,959.3302784246266,0.0,959.3302784246266
1668475042.8145175,2.743,0.004,0.018,0.0069999999999999,0.0,1.0,0.0,349.7376151748548,959.3302784246266
1668475102.7619169,2.745,0.0020000000000002,0.02,0.002,0.0,1.0,0.0,349.7376151748548,960.0297536549764
1668475162.7360055,2.745,0.0,0.02,0.0,0.0,1.0,0.0,349.7376151748548,960.0297536549764
1668475222.942594,2.745,0.0,0.02,0.0,0.0,1.0,0.0,349.7376151748548,960.0297536549764
1668475282.7452464,2.748,0.0030000000000001,0.019,-0.001,1.0,0.0,961.0789665005012,0.0,961.0789665005012
1668475342.7912114,2.75,0.0019999999999997,0.021,0.002,0.0,1.0,0.0,349.4832605456368,961.0789665005012
1668475402.7398603,2.748,-0.0019999999999997,0.015,-0.006,1.0,0.0,960.37999997941,0.0,960.37999997941
1668475463.191271,2.746,-0.0020000000000002,0.003,-0.012,1.0,0.0,960.37999997941,0.0,960.37999997941
1668475522.711387,2.747,0.0009999999999998,0.004,0.001,0.0,1.0,0.0,349.61048415704767,960.37999997941
1668475582.818032,2.758,0.0110000000000001,0.019,0.015,0.0,1.0,0.0,349.61048415704767,964.2257153051374
1668475642.6983006,2.751,-0.0070000000000001,0.012,-0.0069999999999999,1.0,0.0,961.778441916038,0.0,961.778441916038
1668475702.8257964,2.75,-0.0009999999999998,0.011,-0.001,1.0,0.0,961.778441916038,0.0,961.778441916038
1668475762.8130236,2.75,0.0,0.011,0.0,1.0,0.0,961.778441916038,0.0,961.778441916038
1668475822.7412891,2.751,0.0009999999999998,0.006,-0.0049999999999999,1.0,0.0,961.778441916038,0.0,961.778441916038
1668475882.7618303,2.752,0.0009999999999998,0.002,-0.004,1.0,0.0,961.778441916038,0.0,961.778441916038
1668475943.5099146,2.75,-0.0019999999999997,0.0,-0.002,1.0,0.0,961.778441916038,0.0,961.778441916038
1668476002.925387,2.752,0.0019999999999997,0.004,0.004,0.0,1.0,0.0,349.4834454636766,961.778441916038
1668476062.7334368,2.758,0.0060000000000002,0.01,0.006,0.0,1.0,0.0,349.4834454636766,963.87534258882
1668476122.69972,2.758,0.0,0.01,0.0,0.0,1.0,0.0,349.4834454636766,963.87534258882
1668476183.9277189,2.753,-0.0049999999999998,0.007,-0.003,1.0,0.0,962.1279253615018,0.0,962.1279253615018
1668476242.6996603,2.752,-0.0010000000000003,0.005,-0.002,1.0,0.0,962.1279253615018,0.0,962.1279253615018
1668476302.8718026,2.75,-0.0019999999999997,0.003,-0.002,1.0,0.0,962.1279253615018,0.0,962.1279253615018
1668476362.802978,2.757,0.0070000000000001,-0.001,-0.004,1.0,0.0,962.1279253615018,0.0,962.1279253615018
1668476423.7801957,2.759,0.0019999999999997,0.004,0.005,0.0,1.0,0.0,348.7234234728169,962.1279253615018
1668476482.7524102,2.758,-0.0009999999999998,0.003,-0.001,1.0,0.0,961.7792019380288,0.0,961.7792019380288
1668476542.7780488,2.759,0.0009999999999998,0.009,0.0059999999999999,0.0,1.0,0.0,348.59702861110145,961.7792019380288
1668476602.852367,2.758,-0.0009999999999998,0.006,-0.0029999999999999,1.0,0.0,961.4306049094178,0.0,961.4306049094178
1668476662.7498348,2.763,0.0049999999999998,0.008,0.002,0.0,1.0,0.0,347.9661979404335,961.4306049094178
1668476722.7944646,2.767,0.004,0.015,0.0069999999999999,0.0,1.0,0.0,347.9661979404335,962.8224697011796
1668476782.7043371,2.763,-0.004,0.011,-0.004,1.0,0.0,961.4306049094178,0.0,961.4306049094178
1668476842.704886,2.772,0.0089999999999998,0.014,0.003,0.0,1.0,0.0,346.83643755751,961.4306049094176
1668476903.9242878,2.778,0.0060000000000002,0.025,0.011,0.0,1.0,0.0,346.83643755751,963.5116235347627
1668476963.0171916,2.789,0.0110000000000001,0.039,0.0139999999999999,0.0,1.0,0.0,346.83643755751,967.3268243478956
1668477023.1348794,2.783,-0.0060000000000002,0.024,-0.015,1.0,0.0,965.2458057225504,0.0,965.2458057225504
1668477082.770303,2.781,-0.0019999999999997,0.022,-0.002,1.0,0.0,965.2458057225504,0.0,965.2458057225504
1668477142.972776,2.776,-0.0050000000000003,0.017,-0.0049999999999999,1.0,0.0,965.2458057225504,0.0,965.2458057225504
1668477202.8040936,2.779,0.0030000000000001,0.021,0.004,0.0,1.0,0.0,347.3356623686759,965.2458057225504
1668477262.8812006,2.772,-0.0070000000000001,0.014,-0.007,1.0,0.0,962.8144560859696,0.0,962.8144560859696
1668477322.8710542,2.78,0.008,0.017,0.003,0.0,1.0,0.0,346.3361352827229,962.8144560859696
1668477383.745707,2.783,0.0030000000000001,0.012,-0.005,1.0,0.0,963.8534644918178,0.0,963.8534644918178
1668477442.8860643,2.769,-0.0139999999999997,0.0,-0.012,1.0,0.0,963.8534644918178,0.0,963.8534644918178
1668477502.8296213,2.773,0.004,-0.015,-0.015,1.0,0.0,963.8534644918178,0.0,963.8534644918178
1668477562.8262718,2.774,0.0009999999999998,-0.014,0.0009999999999999,0.0,1.0,0.0,347.45979253490185,963.8534644918176
1668477627.1728113,2.766,-0.008,-0.01,0.004,0.0,1.0,0.0,347.45979253490185,961.0737861515386
1668477685.7740307,2.765,-0.0009999999999998,-0.005,0.005,0.0,1.0,0.0,347.45979253490185,960.7263263590036
1668477819.5910647,2.768,0.0029999999999996,-0.006,-0.001,1.0,0.0,961.7687057366082,0.0,961.7687057366082
1668477821.9825823,2.768,0.0,-0.006,0.0,1.0,0.0,961.7687057366082,0.0,961.7687057366082
1668477866.7906363,2.774,0.0060000000000002,-0.006,0.0,1.0,0.0,961.7687057366082,0.0,961.7687057366082
1668477927.3758552,2.781,0.0070000000000001,-0.004,0.002,0.0,1.0,0.0,345.83556480999937,961.7687057366082
1668477986.5967708,2.778,-0.0030000000000001,0.006,0.01,0.0,1.0,0.0,345.83556480999937,960.7311990421782
1668478046.5668178,2.779,0.0009999999999998,0.006,0.0,0.0,1.0,0.0,345.83556480999937,961.0770346069884
1668478106.7679436,2.779,0.0,0.005,-0.001,1.0,0.0,961.0770346069884,0.0,961.0770346069884
1668478166.8043194,2.775,-0.004,0.008,0.003,0.0,1.0,0.0,346.3340665250409,961.0770346069884
1668478226.671472,2.783,0.008,0.019,0.011,0.0,1.0,0.0,346.3340665250409,963.8477071391889
1668478286.6807077,2.782,-0.0009999999999998,0.018,-0.001,1.0,0.0,963.5013730726638,0.0,963.5013730726638
1668478346.8131676,2.774,-0.008,0.013,-0.0049999999999999,1.0,0.0,963.5013730726638,0.0,963.5013730726638
1668478407.4833744,2.778,0.004,0.01,-0.0029999999999999,1.0,0.0,963.5013730726638,0.0,963.5013730726638
1668478466.817339,2.783,0.0049999999999998,-0.004,-0.014,1.0,0.0,963.5013730726638,0.0,963.5013730726638
1668478526.7650197,2.787,0.004,0.01,0.014,0.0,1.0,0.0,345.7127280490362,963.5013730726638
1668478586.7443206,2.788,0.0009999999999998,0.011,0.0009999999999999,0.0,1.0,0.0,345.7127280490362,963.8470858007128
1668478646.8246524,2.78,-0.008,0.001,-0.0099999999999999,1.0,0.0,961.0813839763204,0.0,961.0813839763204
1668478706.7180176,2.777,-0.0029999999999996,-0.002,-0.003,1.0,0.0,961.0813839763204,0.0,961.0813839763204
1668478766.768872,2.781,0.004,0.002,0.004,0.0,1.0,0.0,345.5884156692989,961.0813839763204
1668478826.829512,2.781,0.0,-0.002,-0.004,1.0,0.0,961.0813839763204,0.0,961.0813839763204
1668478886.618036,2.781,0.0,-0.002,0.0,1.0,0.0,961.0813839763204,0.0,961.0813839763204
1668478946.8348477,2.781,0.0,-0.002,0.0,1.0,0.0,961.0813839763204,0.0,961.0813839763204
1668479006.750442,2.777,-0.004,-0.006,-0.004,1.0,0.0,961.0813839763204,0.0,961.0813839763204
1668479066.9791908,2.773,-0.004,-0.004,0.002,0.0,1.0,0.0,346.58542516275526,961.0813839763204
1668479126.7346318,2.778,0.0049999999999998,0.004,0.008,0.0,1.0,0.0,346.58542516275526,962.814311102134
1668479186.667182,2.783,0.0049999999999998,0.009,0.0049999999999999,0.0,1.0,0.0,346.58542516275526,964.547238227948
1668479246.7345665,2.778,-0.0049999999999998,0.0,-0.009,1.0,0.0,962.814311102134,0.0,962.814311102134
1668479306.995335,2.778,0.0,0.0,0.0,1.0,0.0,962.814311102134,0.0,962.814311102134
1668479366.9248238,2.773,-0.0049999999999998,-0.007,-0.007,1.0,0.0,962.814311102134,0.0,962.814311102134
1668479426.768841,2.773,0.0,-0.007,0.0,1.0,0.0,962.814311102134,0.0,962.814311102134
1668479486.6817806,2.779,0.0059999999999997,-0.004,0.003,0.0,1.0,0.0,346.460709284683,962.814311102134
1668479546.8966303,2.784,0.0049999999999998,0.001,0.005,0.0,1.0,0.0,346.460709284683,964.5466146485574
1668479606.957338,2.787,0.0030000000000001,-0.001,-0.002,1.0,0.0,965.5859967764114,0.0,965.5859967764114
1668479666.8139606,2.788,0.0009999999999998,0.007,0.008,0.0,1.0,0.0,346.3364407375938,965.5859967764115
1668479727.346016,2.784,-0.004,0.003,-0.004,1.0,0.0,964.2006510134612,0.0,964.2006510134612
1668479787.337543,2.784,0.0,0.003,0.0,1.0,0.0,964.2006510134612,0.0,964.2006510134612
1668479847.3317697,2.785,0.0010000000000003,0.012,0.009,0.0,1.0,0.0,346.2120829491781,964.2006510134612
1668479908.1036797,2.792,0.0069999999999996,0.018,0.0059999999999999,0.0,1.0,0.0,346.2120829491781,966.6241355941052
1668479968.1741078,2.792,0.0,0.009,-0.009,1.0,0.0,966.6241355941052,0.0,966.6241355941052
1668480028.2590775,2.792,0.0,0.014,0.005,0.0,1.0,0.0,346.21208294917807,966.6241355941052
1668480088.874829,2.793,0.0010000000000003,0.02,0.006,0.0,1.0,0.0,346.21208294917807,966.9703476770544
1668480148.9396503,2.786,-0.0070000000000001,0.013,-0.007,1.0,0.0,964.54686309641,0.0,964.54686309641
1668480208.964643,2.787,0.0009999999999998,0.003,-0.0099999999999999,1.0,0.0,964.54686309641,0.0,964.54686309641
1668480269.905142,2.791,0.004,0.002,-0.001,1.0,0.0,964.54686309641,0.0,964.54686309641
1668480329.8224337,2.788,-0.0030000000000001,0.004,0.002,0.0,1.0,0.0,345.96372420961626,964.54686309641
1668480389.8855076,2.788,0.0,0.004,0.0,0.0,1.0,0.0,345.96372420961626,964.54686309641
1668480450.5572188,2.789,0.0010000000000003,-0.003,-0.007,1.0,0.0,964.8928268206198,0.0,964.8928268206198
1668480510.6355374,2.79,0.0009999999999998,-0.002,0.001,0.0,1.0,0.0,345.8397228747741,964.8928268206198
1668480570.6002517,2.786,-0.004,-0.005,-0.003,1.0,0.0,963.5094679291208,0.0,963.5094679291208
1668480631.7150853,2.783,-0.0030000000000001,-0.01,-0.005,1.0,0.0,963.5094679291208,0.0,963.5094679291208
1668480691.2001116,2.789,0.0060000000000002,-0.003,0.007,0.0,1.0,0.0,345.46771887024767,963.5094679291208
1668480751.2860231,2.789,0.0,0.004,0.007,0.0,1.0,0.0,345.46771887024767,963.5094679291208
1668480812.257442,2.788,-0.0010000000000003,0.003,-0.001,1.0,0.0,963.1640002102504,0.0,963.1640002102504
1668480872.6636846,2.788,0.0,0.003,0.0,1.0,0.0,963.1640002102504,0.0,963.1640002102504
1668480933.8867676,2.788,0.0,0.003,0.0,1.0,0.0,963.1640002102504,0.0,963.1640002102504
1668480993.316698,2.788,0.0,0.003,0.0,1.0,0.0,963.1640002102504,0.0,963.1640002102504
1668481053.1677969,2.788,0.0,0.0,-0.003,1.0,0.0,963.1640002102504,0.0,963.1640002102504
1668481113.4218931,2.792,0.004,0.004,0.004,0.0,1.0,0.0,344.9727794449321,963.1640002102504
1668481173.9183824,2.779,-0.0129999999999999,-0.01,-0.014,1.0,0.0,958.6793540774662,0.0,958.6793540774662
1668481234.1477358,2.79,0.0110000000000001,0.002,0.012,0.0,1.0,0.0,343.61267171235346,958.6793540774662
1668481294.011213,2.793,0.0030000000000001,0.005,0.003,0.0,1.0,0.0,343.61267171235346,959.7101920926032
1668481354.772819,2.793,0.0,0.005,0.0,0.0,1.0,0.0,343.61267171235346,959.7101920926032
1668481414.7607124,2.795,0.0019999999999997,0.005,0.0,0.0,1.0,0.0,343.61267171235346,960.397417436028
1668481474.7057517,2.794,-0.0009999999999998,0.011,0.0059999999999999,0.0,1.0,0.0,343.61267171235346,960.0538047643156
1668481535.6023488,2.8,0.0059999999999997,0.017,0.006,0.0,1.0,0.0,343.61267171235346,962.1154807945896
1668481595.7047293,2.802,0.0020000000000002,0.019,0.0019999999999999,0.0,1.0,0.0,343.61267171235346,962.8027061380144
1668481655.6796732,2.804,0.0019999999999997,0.015,-0.004,1.0,0.0,963.489931481439,0.0,963.489931481439
1668481716.4369676,2.804,0.0,0.016,0.001,0.0,1.0,0.0,343.61267171235346,963.489931481439
1668481776.496482,2.807,0.0030000000000001,0.019,0.0029999999999999,0.0,1.0,0.0,343.61267171235346,964.520769496576
1668481836.4010637,2.802,-0.0049999999999998,0.01,-0.009,1.0,0.0,962.8027061380144,0.0,962.8027061380144
1668481897.0844507,2.798,-0.004,0.01,0.0,1.0,0.0,962.8027061380144,0.0,962.8027061380144
1668481957.1648383,2.797,-0.0009999999999998,0.004,-0.006,1.0,0.0,962.8027061380144,0.0,962.8027061380144
1668482017.154767,2.8,0.0029999999999996,0.003,-0.001,1.0,0.0,962.8027061380144,0.0,962.8027061380144
1668482078.1904647,2.799,-0.0009999999999998,0.004,0.001,0.0,1.0,0.0,343.9809596777472,962.8027061380144
1668482138.0628462,2.799,0.0,0.004,0.0,0.0,1.0,0.0,343.9809596777472,962.8027061380144
1668482198.1252856,2.8,0.0009999999999998,-0.001,-0.005,1.0,0.0,963.146687097692,0.0,963.146687097692
1668482258.8485763,2.8,0.0,-0.004,-0.003,1.0,0.0,963.146687097692,0.0,963.146687097692
1668482318.9307132,2.805,0.0050000000000003,0.001,0.005,0.0,1.0,0.0,343.3678028868777,963.146687097692
1668482379.3902102,2.805,0.0,0.001,0.0,0.0,1.0,0.0,343.3678028868777,963.146687097692
1668482439.7185369,2.805,0.0,0.001,0.0,0.0,1.0,0.0,343.3678028868777,963.146687097692
1668482499.820579,2.799,-0.0060000000000002,-0.01,-0.011,1.0,0.0,961.0864802803708,0.0,961.0864802803708
1668482559.7220333,2.79,-0.0089999999999998,-0.012,-0.002,1.0,0.0,961.0864802803708,0.0,961.0864802803708
1668482620.7620535,2.796,0.0059999999999997,-0.006,0.006,0.0,1.0,0.0,343.73622327624133,961.0864802803708
1668482680.453653,2.796,0.0,-0.006,0.0,0.0,1.0,0.0,343.73622327624133,961.0864802803708
1668482740.5175614,2.792,-0.004,-0.009,-0.0029999999999999,1.0,0.0,959.7115353872656,0.0,959.7115353872656
1668482801.5493186,2.8,0.008,0.003,0.012,0.0,1.0,0.0,342.7541197811663,959.7115353872656
1668482861.7529037,2.798,-0.0019999999999997,-0.002,-0.005,1.0,0.0,959.0260271477032,0.0,959.0260271477032
1668482921.658393,2.8,0.0019999999999997,0.0,0.002,0.0,1.0,0.0,342.50929540989404,959.0260271477032
1668482982.2846189,2.8,0.0,0.0,0.0,0.0,1.0,0.0,342.50929540989404,959.0260271477032
1668483042.1878903,2.801,0.0010000000000003,0.002,0.002,0.0,1.0,0.0,342.50929540989404,959.3685364431132
1668483102.1451695,2.8,-0.0010000000000003,0.0,-0.002,1.0,0.0,959.0260271477032,0.0,959.0260271477032
1668483163.0732226,2.801,0.0010000000000003,-0.004,-0.004,1.0,0.0,959.0260271477032,0.0,959.0260271477032
1668483223.167229,2.805,0.004,0.0,0.004,0.0,1.0,0.0,341.89876190648954,959.0260271477032
1668483283.272021,2.807,0.0019999999999997,0.021,0.021,0.0,1.0,0.0,341.89876190648954,959.709824671516
1668483343.546664,2.81,0.0030000000000001,0.024,0.0029999999999999,0.0,1.0,0.0,341.89876190648954,960.7355209572356
1668483403.0132368,2.813,0.0030000000000001,0.021,-0.0029999999999999,1.0,0.0,961.7612172429552,0.0,961.7612172429552
1668483463.0628004,2.809,-0.004,0.009,-0.012,1.0,0.0,961.7612172429552,0.0,961.7612172429552
1668483524.383137,2.803,-0.0060000000000002,0.006,-0.0029999999999999,1.0,0.0,961.7612172429552,0.0,961.7612172429552
1668483582.8627512,2.808,0.0049999999999998,0.011,0.0049999999999999,0.0,1.0,0.0,342.50755599820343,961.7612172429552
1668483642.8345118,2.807,-0.0009999999999998,0.007,-0.0039999999999999,1.0,0.0,961.418709686957,0.0,961.418709686957
1668483702.9722075,2.807,0.0,0.007,0.0,1.0,0.0,961.418709686957,0.0,961.418709686957
1668483763.1077075,2.807,0.0,0.007,0.0,1.0,0.0,961.418709686957,0.0,961.418709686957
1668483823.1132772,2.805,-0.0019999999999997,0.007,0.0,1.0,0.0,961.418709686957,0.0,961.418709686957
1668483882.9957209,2.805,0.0,0.0,-0.007,1.0,0.0,961.418709686957,0.0,961.418709686957
1668483942.9633646,2.811,0.0059999999999997,0.011,0.011,0.0,1.0,0.0,342.02017420382674,961.418709686957
1668484002.892499,2.807,-0.004,0.002,-0.009,1.0,0.0,960.0506289901416,0.0,960.0506289901416
1668484063.6872478,2.812,0.0049999999999998,0.007,0.005,0.0,1.0,0.0,341.4120302240902,960.0506289901416
1668484122.9210832,2.807,-0.0049999999999998,-0.004,-0.011,1.0,0.0,958.3435688390211,0.0,958.3435688390211
1668484182.8722403,2.804,-0.0030000000000001,-0.005,-0.001,1.0,0.0,958.3435688390211,0.0,958.3435688390211
1668484243.041779,2.8,-0.004,-0.007,-0.002,1.0,0.0,958.3435688390211,0.0,958.3435688390211
1668484303.048349,2.8,0.0,-0.008,-0.001,1.0,0.0,958.3435688390211,0.0,958.3435688390211
1668484363.0156531,2.797,-0.0029999999999996,-0.01,-0.002,1.0,0.0,958.3435688390211,0.0,958.3435688390211
1668484422.8673766,2.796,-0.0010000000000003,-0.008,0.002,0.0,1.0,0.0,342.7552106005083,958.3435688390211
1668484483.1215453,2.798,0.0020000000000002,-0.01,-0.002,1.0,0.0,959.0290792602224,0.0,959.0290792602224
1668484543.3881395,2.793,-0.0049999999999998,-0.024,-0.014,1.0,0.0,959.0290792602224,0.0,959.0290792602224
1668484603.0072117,2.796,0.0029999999999996,-0.021,0.0029999999999999,0.0,1.0,0.0,343.0003860015101,959.0290792602224
1668484662.9014895,2.8,0.004,-0.012,0.009,0.0,1.0,0.0,343.0003860015101,960.4010808042282
1668484723.130969,2.803,0.0030000000000001,-0.009,0.003,0.0,1.0,0.0,343.0003860015101,961.4300819622327
1668484783.0836031,2.801,-0.0019999999999997,-0.008,0.0009999999999999,0.0,1.0,0.0,343.0003860015101,960.7440811902298
1668484842.861855,2.801,0.0,-0.008,0.0,0.0,1.0,0.0,343.0003860015101,960.7440811902298
1668484902.8606155,2.802,0.0009999999999998,-0.002,0.006,0.0,1.0,0.0,343.0003860015101,961.0870815762312
1668484962.9682336,2.801,-0.0009999999999998,-0.004,-0.002,1.0,0.0,960.7440811902298,0.0,960.7440811902298
1668485023.0557384,2.796,-0.0050000000000003,-0.004,0.0,1.0,0.0,960.7440811902298,0.0,960.7440811902298
1668485083.128296,2.79,-0.0059999999999997,-0.01,-0.006,1.0,0.0,960.7440811902298,0.0,960.7440811902298
1668485143.104895,2.796,0.0059999999999997,-0.001,0.009,0.0,1.0,0.0,343.6137629435729,960.7440811902296
1668485203.0959227,2.796,0.0,-0.003,-0.002,1.0,0.0,960.7440811902296,0.0,960.7440811902296
1668485263.065527,2.798,0.0020000000000002,0.0,0.003,0.0,1.0,0.0,343.36814910301274,960.7440811902296
1668485323.0656786,2.798,0.0,0.0,0.0,0.0,1.0,0.0,343.36814910301274,960.7440811902296
1668485382.9276297,2.8,0.0019999999999997,-0.003,-0.003,1.0,0.0,961.4308174884357,0.0,961.4308174884357
1668485442.930442,2.8,0.0,-0.003,0.0,1.0,0.0,961.4308174884357,0.0,961.4308174884357
1668485503.0579104,2.801,0.0010000000000003,0.0,0.003,0.0,1.0,0.0,343.24556140251184,961.4308174884358
1668485563.1280806,2.803,0.0019999999999997,0.001,0.001,0.0,1.0,0.0,343.24556140251184,962.1173086112408
1668485622.967388,2.804,0.0009999999999998,0.005,0.004,0.0,1.0,0.0,343.24556140251184,962.4605541726432
1668485683.122035,2.804,0.0,0.005,0.0,0.0,1.0,0.0,343.24556140251184,962.4605541726432
1668485743.3317325,2.804,0.0,0.005,0.0,0.0,1.0,0.0,343.24556140251184,962.4605541726432
1668485803.1773071,2.804,0.0,0.005,0.0,0.0,1.0,0.0,343.24556140251184,962.4605541726432
1668485863.058247,2.803,-0.0009999999999998,0.011,0.0059999999999999,0.0,1.0,0.0,343.24556140251184,962.1173086112408
1668485923.9123087,2.8,-0.0030000000000001,0.004,-0.0069999999999999,1.0,0.0,961.0875719270332,0.0,961.0875719270332
1668485982.9079328,2.791,-0.0089999999999998,-0.006,-0.01,1.0,0.0,961.0875719270332,0.0,961.0875719270332
1668486042.9154663,2.795,0.004,-0.001,0.005,0.0,1.0,0.0,343.8595963960763,961.0875719270332
1668486103.0358412,2.79,-0.0049999999999998,-0.006,-0.005,1.0,0.0,959.3682739450528,0.0,959.3682739450528
1668486162.932084,2.791,0.0009999999999998,-0.007,-0.001,1.0,0.0,959.3682739450528,0.0,959.3682739450528
1668486222.9481091,2.784,-0.0070000000000001,-0.015,-0.008,1.0,0.0,959.3682739450528,0.0,959.3682739450528
1668486283.1019683,2.784,0.0,-0.016,-0.001,1.0,0.0,959.3682739450528,0.0,959.3682739450528
1668486343.1959746,2.788,0.004,-0.014,0.002,0.0,1.0,0.0,344.10626755561435,959.3682739450528
1668486403.449066,2.792,0.004,-0.01,0.004,0.0,1.0,0.0,344.10626755561435,960.7446990152752
1668486463.154583,2.792,0.0,-0.015,-0.0049999999999999,1.0,0.0,960.7446990152752,0.0,960.7446990152752
1668486523.144426,2.792,0.0,-0.012,0.0029999999999999,0.0,1.0,0.0,344.10626755561435,960.7446990152752
1668486582.9701514,2.786,-0.0059999999999997,-0.016,-0.004,1.0,0.0,958.6800614099416,0.0,958.6800614099416
1668486643.228779,2.783,-0.0030000000000001,-0.012,0.004,0.0,1.0,0.0,344.47720496225,958.6800614099416
1668486703.3592246,2.785,0.0020000000000002,-0.007,0.005,0.0,1.0,0.0,344.47720496225,959.3690158198664
1668486763.266786,2.789,0.004,-0.001,0.006,0.0,1.0,0.0,344.47720496225,960.7469246397154
1668486823.1907425,2.786,-0.0030000000000001,0.0,0.001,0.0,1.0,0.0,344.47720496225,959.7134930248286
1668486883.029587,2.787,0.0009999999999998,0.001,0.001,0.0,1.0,0.0,344.47720496225,960.0579702297908
1668486943.186666,2.787,0.0,0.002,0.001,0.0,1.0,0.0,344.47720496225,960.0579702297908
1668487003.0313215,2.787,0.0,0.002,0.0,0.0,1.0,0.0,344.47720496225,960.0579702297908
1668487063.4043372,2.789,0.0020000000000002,-0.003,-0.005,1.0,0.0,960.7469246397154,0.0,960.7469246397154
1668487123.3031075,2.79,0.0009999999999998,-0.003,0.0,1.0,0.0,960.7469246397154,0.0,960.7469246397154
1668487183.4437327,2.788,-0.0020000000000002,0.006,0.009,0.0,1.0,0.0,344.6007620658951,960.7469246397154
1668487243.9036636,2.788,0.0,0.006,0.0,0.0,1.0,0.0,344.6007620658951,960.7469246397154
1668487303.4130588,2.789,0.0010000000000003,0.005,-0.001,1.0,0.0,961.0915254017814,0.0,961.0915254017814
1668487363.0076127,2.788,-0.0010000000000003,-0.001,-0.006,1.0,0.0,961.0915254017814,0.0,961.0915254017814
1668487423.464612,2.788,0.0,0.001,0.002,0.0,1.0,0.0,344.7243634870091,961.0915254017812
1668487483.1979673,2.789,0.0010000000000003,0.003,0.002,0.0,1.0,0.0,344.7243634870091,961.4362497652684
1668487543.4120035,2.785,-0.004,-0.001,-0.004,1.0,0.0,960.0573523113204,0.0,960.0573523113204
1668487603.5485475,2.785,0.0,-0.001,0.0,1.0,0.0,960.0573523113204,0.0,960.0573523113204
1668487664.3651812,2.785,0.0,-0.001,0.0,1.0,0.0,960.0573523113204,0.0,960.0573523113204
1668487723.1035595,2.788,0.0029999999999996,0.001,0.002,0.0,1.0,0.0,344.3534262235726,960.0573523113204
1668487783.4856296,2.788,0.0,-0.001,-0.002,1.0,0.0,960.0573523113204,0.0,960.0573523113204
1668487843.1992812,2.788,0.0,-0.001,0.0,1.0,0.0,960.0573523113204,0.0,960.0573523113204
1668487903.176282,2.788,0.0,-0.001,0.0,1.0,0.0,960.0573523113204,0.0,960.0573523113204
1668487963.167796,2.788,0.0,-0.001,0.0,1.0,0.0,960.0573523113204,0.0,960.0573523113204
1668488023.3385506,2.788,0.0,-0.001,0.0,1.0,0.0,960.0573523113204,0.0,960.0573523113204
1668488083.7070403,2.788,0.0,-0.001,0.0,1.0,0.0,960.0573523113204,0.0,960.0573523113204
1668488143.5404034,2.788,0.0,-0.001,0.0,1.0,0.0,960.0573523113204,0.0,960.0573523113204
1668488203.6428113,2.788,0.0,-0.001,0.0,1.0,0.0,960.0573523113204,0.0,960.0573523113204
1668488263.3024096,2.78,-0.008,-0.007,-0.006,1.0,0.0,960.0573523113204,0.0,960.0573523113204
1668488323.3854525,2.78,0.0,-0.011,-0.0039999999999999,1.0,0.0,960.0573523113204,0.0,960.0573523113204
1668488383.262632,2.78,0.0,-0.01,0.0009999999999999,0.0,1.0,0.0,345.3443713350074,960.0573523113204
1668488443.2101233,2.778,-0.0019999999999997,-0.008,0.002,0.0,1.0,0.0,345.3443713350074,959.3666635686506
1668488503.118878,2.782,0.004,-0.006,0.002,0.0,1.0,0.0,345.3443713350074,960.7480410539906
1668488563.1807137,2.783,0.0009999999999998,-0.005,0.001,0.0,1.0,0.0,345.3443713350074,961.0933854253256
1668488623.264977,2.783,0.0,-0.002,0.003,0.0,1.0,0.0,345.3443713350074,961.0933854253256
1668488683.1941414,2.788,0.0049999999999998,0.0,0.002,0.0,1.0,0.0,345.3443713350074,962.8201072820004
1668488743.2881608,2.792,0.004,0.004,0.004,0.0,1.0,0.0,345.3443713350074,964.2014847673406
1668488803.4183486,2.792,0.0,0.004,0.0,0.0,1.0,0.0,345.3443713350074,964.2014847673406
1668488863.1995358,2.78,-0.012,-0.004,-0.008,1.0,0.0,960.0573523113204,0.0,960.0573523113204
1668488923.2740135,2.785,0.0050000000000003,0.005,0.009,0.0,1.0,0.0,344.7243634870091,960.0573523113204
1668488983.2517116,2.785,0.0,0.005,0.0,0.0,1.0,0.0,344.7243634870091,960.0573523113204
1668489043.2572534,2.785,0.0,0.005,0.0,0.0,1.0,0.0,344.7243634870091,960.0573523113204
1668489103.270533,2.785,0.0,0.005,0.0,0.0,1.0,0.0,344.7243634870091,960.0573523113204
1668489163.1438503,2.785,0.0,0.005,0.0,0.0,1.0,0.0,344.7243634870091,960.0573523113204
1668489223.2759006,2.785,0.0,0.005,0.0,0.0,1.0,0.0,344.7243634870091,960.0573523113204
1668489283.2608204,2.783,-0.0020000000000002,0.003,-0.002,1.0,0.0,959.3679035843464,0.0,959.3679035843464
1668489343.1253057,2.781,-0.0019999999999997,-0.001,-0.004,1.0,0.0,959.3679035843464,0.0,959.3679035843464
1668489403.3156865,2.781,0.0,-0.001,0.0,1.0,0.0,959.3679035843464,0.0,959.3679035843464
1668489463.251568,2.786,0.0049999999999998,0.003,0.004,0.0,1.0,0.0,344.35315993695133,959.3679035843464
1668489523.3190234,2.787,0.0009999999999998,0.002,-0.001,1.0,0.0,959.7122567442832,0.0,959.7122567442832
1668489583.2417178,2.79,0.0030000000000001,0.005,0.003,0.0,1.0,0.0,343.9828877219653,959.7122567442832
1668489643.1988418,2.79,0.0,0.005,0.0,0.0,1.0,0.0,343.9828877219653,959.7122567442832
1668489703.2461998,2.785,-0.0049999999999998,-0.005,-0.01,1.0,0.0,957.9923423056734,0.0,957.9923423056734
1668489763.449062,2.785,0.0,-0.01,-0.005,1.0,0.0,957.9923423056734,0.0,957.9923423056734
1668489823.6416595,2.784,-0.0010000000000003,-0.002,0.008,0.0,1.0,0.0,344.1064447937045,957.9923423056734
1668489883.44726,2.784,0.0,-0.002,0.0,0.0,1.0,0.0,344.1064447937045,957.9923423056732
1668489943.200489,2.784,0.0,-0.001,0.001,0.0,1.0,0.0,344.1064447937045,957.9923423056732
1668490003.4070375,2.783,-0.0009999999999998,-0.002,-0.001,1.0,0.0,957.6482358608796,0.0,957.6482358608796
1668490063.5351417,2.782,-0.0009999999999998,-0.001,0.001,0.0,1.0,0.0,344.23013510455775,957.6482358608796
1668490123.5005753,2.78,-0.0020000000000002,-0.001,0.0,0.0,1.0,0.0,344.23013510455775,956.9597755906703
1668490184.037043,2.775,-0.0049999999999998,-0.012,-0.011,1.0,0.0,955.2386249151476,0.0,955.2386249151476
1668490243.324582,2.782,0.0070000000000001,-0.003,0.009,0.0,1.0,0.0,343.363991702066,955.2386249151476
1668490303.3409631,2.774,-0.008,-0.016,-0.013,1.0,0.0,952.4917129815312,0.0,952.4917129815312
1668490363.5779486,2.769,-0.0049999999999998,-0.016,0.0,1.0,0.0,952.4917129815312,0.0,952.4917129815312
1668490423.9682927,2.773,0.004,-0.012,0.004,0.0,1.0,0.0,343.4878157163834,952.4917129815312
1668490483.585449,2.77,-0.0030000000000001,-0.014,-0.002,1.0,0.0,951.461249534382,0.0,951.461249534382
1668490544.0601678,2.768,-0.0020000000000002,-0.016,-0.002,1.0,0.0,951.461249534382,0.0,951.461249534382
1668490603.8968985,2.773,0.0050000000000003,-0.01,0.006,0.0,1.0,0.0,343.116209713084,951.461249534382
1668490663.2758808,2.771,-0.0020000000000002,-0.012,-0.002,1.0,0.0,950.7750171149556,0.0,950.7750171149556
1668490723.233846,2.767,-0.004,-0.014,-0.002,1.0,0.0,950.7750171149556,0.0,950.7750171149556
1668490783.345853,2.77,0.0030000000000001,-0.009,0.005,0.0,1.0,0.0,343.24007838085043,950.7750171149556
1668490843.2472692,2.765,-0.0049999999999998,-0.015,-0.006,1.0,0.0,949.0588167230516,0.0,949.0588167230516
1668490903.5279298,2.762,-0.0030000000000001,-0.02,-0.005,1.0,0.0,949.0588167230516,0.0,949.0588167230516
1668490963.3119843,2.761,-0.0009999999999998,-0.01,0.01,0.0,1.0,0.0,343.7373475998013,949.0588167230516
1668491023.2769434,2.763,0.0019999999999997,-0.011,-0.0009999999999999,1.0,0.0,949.746291418251,0.0,949.746291418251
1668491083.3064575,2.763,0.0,-0.011,0.0,1.0,0.0,949.746291418251,0.0,949.746291418251
1668491143.445324,2.759,-0.004,-0.013,-0.002,1.0,0.0,949.746291418251,0.0,949.746291418251
1668491203.357751,2.759,0.0,-0.011,0.002,0.0,1.0,0.0,344.2356982306093,949.746291418251
1668491263.2452505,2.764,0.0049999999999998,-0.006,0.0049999999999999,0.0,1.0,0.0,344.2356982306093,951.467469909404
1668491323.464111,2.762,-0.0019999999999997,-0.009,-0.0029999999999999,1.0,0.0,950.7789985129428,0.0,950.7789985129428
1668491383.3215263,2.762,0.0,-0.009,0.0,1.0,0.0,950.7789985129428,0.0,950.7789985129428
1668491443.3028784,2.768,0.0059999999999997,0.001,0.0099999999999999,0.0,1.0,0.0,343.4895225841557,950.7789985129428
1668491503.3241491,2.763,-0.0049999999999998,-0.007,-0.008,1.0,0.0,949.061550900022,0.0,949.061550900022
1668491563.3248222,2.76,-0.0030000000000001,-0.01,-0.003,1.0,0.0,949.061550900022,0.0,949.061550900022
1668491623.317715,2.759,-0.0009999999999998,-0.001,0.009,0.0,1.0,0.0,343.98751391809424,949.061550900022
1668491683.1488657,2.759,0.0,-0.001,0.0,0.0,1.0,0.0,343.98751391809424,949.061550900022
1668491743.357375,2.759,0.0,-0.004,-0.003,1.0,0.0,949.061550900022,0.0,949.061550900022
1668491803.3918676,2.759,0.0,-0.004,0.0,1.0,0.0,949.061550900022,0.0,949.061550900022
1668491863.3027709,2.759,0.0,-0.004,0.0,1.0,0.0,949.061550900022,0.0,949.061550900022
1668491923.4867098,2.756,-0.0030000000000001,-0.007,-0.003,1.0,0.0,949.061550900022,0.0,949.061550900022
1668491983.3704672,2.755,-0.0009999999999998,-0.008,-0.001,1.0,0.0,949.061550900022,0.0,949.061550900022
1668492043.360346,2.762,0.0070000000000001,0.0,0.008,0.0,1.0,0.0,343.6138851918979,949.061550900022
1668492103.7573285,2.76,-0.0020000000000002,-0.002,-0.002,1.0,0.0,948.374323129638,0.0,948.374323129638
1668492163.2816932,2.76,0.0,-0.002,0.0,1.0,0.0,948.374323129638,0.0,948.374323129638
1668492223.3221345,2.76,0.0,-0.002,0.0,1.0,0.0,948.374323129638,0.0,948.374323129638
1668492283.2518632,2.76,0.0,-0.002,0.0,1.0,0.0,948.374323129638,0.0,948.374323129638
1668492343.179656,2.771,0.0110000000000001,0.003,0.005,0.0,1.0,0.0,342.2498459507896,948.374323129638
1668492403.3527615,2.776,0.0049999999999998,0.016,0.013,0.0,1.0,0.0,342.2498459507896,950.085572359392
1668492463.3303678,2.772,-0.004,0.013,-0.003,1.0,0.0,948.7165729755887,0.0,948.7165729755887
1668492523.304619,2.772,0.0,0.013,0.0,1.0,0.0,948.7165729755887,0.0,948.7165729755887
1668492583.4043572,2.772,0.0,0.013,0.0,1.0,0.0,948.7165729755887,0.0,948.7165729755887
1668492643.237092,2.767,-0.0049999999999998,0.008,-0.0049999999999999,1.0,0.0,948.7165729755887,0.0,948.7165729755887
1668492703.2653518,2.767,0.0,0.008,0.0,1.0,0.0,948.7165729755887,0.0,948.7165729755887
1668492763.4065857,2.768,0.0009999999999998,0.009,0.0009999999999999,0.0,1.0,0.0,342.74442665303064,948.7165729755887
1668492823.447466,2.77,0.0020000000000002,0.011,0.002,0.0,1.0,0.0,342.74442665303064,949.402061828895
1668492883.4002137,2.77,0.0,0.011,0.0,0.0,1.0,0.0,342.74442665303064,949.402061828895
1668492943.41054,2.766,-0.004,0.01,-0.0009999999999999,1.0,0.0,948.0310841222828,0.0,948.0310841222828
1668493003.3849812,2.774,0.008,0.019,0.009,0.0,1.0,0.0,341.7559784146657,948.0310841222828
1668493063.4856012,2.768,-0.0060000000000002,0.013,-0.006,1.0,0.0,945.9805482517946,0.0,945.9805482517946
1668493123.464327,2.768,0.0,0.013,0.0,1.0,0.0,945.9805482517946,0.0,945.9805482517946
1668493183.2275336,2.768,0.0,0.013,0.0,1.0,0.0,945.9805482517946,0.0,945.9805482517946
1668493243.4148932,2.768,0.0,0.013,0.0,1.0,0.0,945.9805482517946,0.0,945.9805482517946
1668493303.3682296,2.771,0.0030000000000001,0.011,-0.002,1.0,0.0,945.9805482517946,0.0,945.9805482517946
1668493363.4295144,2.771,0.0,0.011,0.0,1.0,0.0,945.9805482517946,0.0,945.9805482517946
1668493423.4616055,2.766,-0.0049999999999998,-0.006,-0.017,1.0,0.0,945.9805482517946,0.0,945.9805482517946
1668493483.3807318,2.774,0.008,-0.003,0.003,0.0,1.0,0.0,341.0167801917068,945.9805482517946
1668493543.4068546,2.77,-0.004,-0.002,0.001,0.0,1.0,0.0,341.0167801917068,944.616481131028
1668493603.448048,2.769,-0.0009999999999998,-0.003,-0.001,1.0,0.0,944.2754643508362,0.0,944.2754643508362
1668493663.593465,2.769,0.0,0.002,0.005,0.0,1.0,0.0,341.0167801917068,944.2754643508362
1668493723.3570347,2.769,0.0,0.002,0.0,0.0,1.0,0.0,341.0167801917068,944.2754643508362
1668493783.297351,2.769,0.0,0.002,0.0,0.0,1.0,0.0,341.0167801917068,944.2754643508362
1668493844.050058,2.777,0.008,0.011,0.009,0.0,1.0,0.0,341.0167801917068,947.0035985923698
1668493904.1514082,2.771,-0.0060000000000002,0.005,-0.0059999999999999,1.0,0.0,944.9574979112195,0.0,944.9574979112195
1668493964.1418958,2.773,0.0020000000000002,-0.001,-0.006,1.0,0.0,944.9574979112195,0.0,944.9574979112195
1668494024.953045,2.772,-0.0010000000000003,-0.002,-0.001,1.0,0.0,944.9574979112195,0.0,944.9574979112195
1668494084.8609068,2.773,0.0010000000000003,0.005,0.007,0.0,1.0,0.0,340.77082506715453,944.9574979112195
1668494144.9520495,2.772,-0.0010000000000003,0.001,-0.004,1.0,0.0,944.6167270861524,0.0,944.6167270861524
1668494205.968068,2.77,-0.0019999999999997,0.002,0.001,0.0,1.0,0.0,341.01686898417057,944.6167270861524
1668494265.9595654,2.77,0.0,0.002,0.0,0.0,1.0,0.0,341.01686898417057,944.6167270861524
1668494325.9675522,2.77,0.0,0.002,0.0,0.0,1.0,0.0,341.01686898417057,944.6167270861524
1668494386.9770844,2.77,0.0,0.002,0.0,0.0,1.0,0.0,341.01686898417057,944.6167270861524
1668494446.8452437,2.77,0.0,0.002,0.0,0.0,1.0,0.0,341.01686898417057,944.6167270861524
1668494507.1019988,2.767,-0.0030000000000001,-0.003,-0.005,1.0,0.0,943.5936764792,0.0,943.5936764792
1668494567.8127189,2.77,0.0030000000000001,0.0,0.003,0.0,1.0,0.0,340.64753663509026,943.5936764792
1668494627.5836823,2.774,0.004,0.005,0.005,0.0,1.0,0.0,340.64753663509026,944.9562666257405
1668494687.846132,2.773,-0.0009999999999998,0.004,-0.001,1.0,0.0,944.6156190891054,0.0,944.6156190891054
1668494748.6678116,2.773,0.0,0.004,0.0,1.0,0.0,944.6156190891054,0.0,944.6156190891054
1668494808.471039,2.772,-0.0010000000000003,0.003,-0.001,1.0,0.0,944.6156190891054,0.0,944.6156190891054
1668494868.7232869,2.772,0.0,0.003,0.0,1.0,0.0,944.6156190891054,0.0,944.6156190891054
1668494929.3261788,2.772,0.0,0.003,0.0,1.0,0.0,944.6156190891054,0.0,944.6156190891054
1668494989.3728008,2.768,-0.004,-0.003,-0.006,1.0,0.0,944.6156190891054,0.0,944.6156190891054
1668495049.3624125,2.77,0.0020000000000002,-0.002,0.001,0.0,1.0,0.0,341.0164689852366,944.6156190891054
1668495110.2141798,2.772,0.0019999999999997,-0.001,0.001,0.0,1.0,0.0,341.0164689852366,945.2976520270756
1668495170.1442442,2.77,-0.0019999999999997,-0.003,-0.002,1.0,0.0,944.6156190891054,0.0,944.6156190891054
1668495230.2507365,2.776,0.0059999999999997,0.004,0.007,0.0,1.0,0.0,340.27940168915904,944.6156190891054
1668495292.2312334,2.778,0.0020000000000002,0.008,0.004,0.0,1.0,0.0,340.27940168915904,945.2961778924838
1668495351.439105,2.777,-0.0009999999999998,0.006,-0.002,1.0,0.0,944.9558984907948,0.0,944.9558984907948
1668495411.3231757,2.773,-0.004,0.003,-0.003,1.0,0.0,944.9558984907948,0.0,944.9558984907948
1668495472.237074,2.76,-0.0130000000000003,-0.01,-0.013,1.0,0.0,944.9558984907948,0.0,944.9558984907948
1668495532.1565511,2.771,0.0110000000000001,-0.002,0.008,0.0,1.0,0.0,341.0162029919866,944.9558984907948
1668495592.595186,2.78,0.0089999999999998,0.008,0.01,0.0,1.0,0.0,341.0162029919866,948.0250443177226
1668495652.9690604,2.779,-0.0009999999999998,0.011,0.0029999999999999,0.0,1.0,0.0,341.0162029919866,947.6840281147306
1668495713.032943,2.785,0.0060000000000002,0.016,0.005,0.0,1.0,0.0,341.0162029919866,949.7301253326826
1668495773.3636537,2.784,-0.0010000000000003,0.015,-0.001,1.0,0.0,949.3891091296906,0.0,949.3891091296906
1668495833.8454268,2.783,-0.0009999999999998,0.013,-0.002,1.0,0.0,949.3891091296906,0.0,949.3891091296906
1668495893.7498932,2.779,-0.004,0.009,-0.004,1.0,0.0,949.3891091296906,0.0,949.3891091296906
1668495953.7023685,2.779,0.0,0.009,0.0,1.0,0.0,949.3891091296906,0.0,949.3891091296906
1668496014.6300888,2.781,0.0020000000000002,0.001,-0.008,1.0,0.0,949.3891091296906,0.0,949.3891091296906
1668496074.629542,2.784,0.0029999999999996,0.007,0.006,0.0,1.0,0.0,341.0162029919866,949.3891091296906
1668496134.7288492,2.787,0.0030000000000001,0.011,0.0039999999999999,0.0,1.0,0.0,341.0162029919866,950.4121577386666
1668496195.4674673,2.782,-0.0049999999999998,0.022,0.011,0.0,1.0,0.0,341.0162029919866,948.7070767237068
1668496255.481119,2.783,0.0009999999999998,0.023,0.001,0.0,1.0,0.0,341.0162029919866,949.0480929266986
1668496315.586179,2.787,0.004,0.016,-0.0069999999999999,1.0,0.0,950.4121577386666,0.0,950.4121577386666
1668496376.3921576,2.794,0.0070000000000001,0.011,-0.005,1.0,0.0,950.4121577386666,0.0,950.4121577386666
1668496436.3240368,2.798,0.004,0.019,0.008,0.0,1.0,0.0,339.6755388629973,950.4121577386665
1668496496.2216282,2.802,0.004,0.013,-0.006,1.0,0.0,951.7708598941184,0.0,951.7708598941184
1668496557.1504755,2.805,0.0030000000000001,0.021,0.008,0.0,1.0,0.0,339.3122495166197,951.7708598941184
1668496617.2046518,2.808,0.0029999999999996,0.029,0.008,0.0,1.0,0.0,339.3122495166197,952.788796642668
1668496677.0959513,2.809,0.0010000000000003,0.029,0.0,0.0,1.0,0.0,339.3122495166197,953.1281088921849
1668496738.0112152,2.828,0.0189999999999996,0.044,0.0149999999999999,0.0,1.0,0.0,339.3122495166197,959.5750416330004
1668496797.8973324,2.827,-0.0009999999999998,0.04,-0.0039999999999999,1.0,0.0,959.235729383484,0.0,959.235729383484
1668496858.0251763,2.819,-0.008,0.036,-0.004,1.0,0.0,959.235729383484,0.0,959.235729383484
1668496918.6518395,2.821,0.0020000000000002,0.032,-0.0039999999999999,1.0,0.0,959.235729383484,0.0,959.235729383484
1668496978.7576966,2.823,0.0019999999999997,0.021,-0.011,1.0,0.0,959.235729383484,0.0,959.235729383484
1668497038.7037165,2.817,-0.0059999999999997,0.017,-0.004,1.0,0.0,959.235729383484,0.0,959.235729383484
1668497099.8572202,2.815,-0.0020000000000002,0.01,-0.007,1.0,0.0,959.235729383484,0.0,959.235729383484
1668497159.7094555,2.818,0.0030000000000001,0.011,0.0009999999999999,0.0,1.0,0.0,340.39592951862454,959.235729383484
1668497219.7099457,2.819,0.0009999999999998,0.008,-0.0029999999999999,1.0,0.0,959.5761253130024,0.0,959.5761253130024
1668497280.4247065,2.819,0.0,0.008,0.0,1.0,0.0,959.5761253130024,0.0,959.5761253130024
1668497340.4923365,2.811,-0.008,-0.012,-0.02,1.0,0.0,959.5761253130024,0.0,959.5761253130024
1668497400.6964834,2.799,-0.012,-0.028,-0.016,1.0,0.0,959.5761253130024,0.0,959.5761253130024
1668497461.3876295,2.798,-0.0009999999999998,-0.021,0.0069999999999999,0.0,1.0,0.0,342.95072384310305,959.5761253130024
1668497521.6122055,2.795,-0.0030000000000001,-0.03,-0.0089999999999999,1.0,0.0,958.5472731414728,0.0,958.5472731414728
1668497581.4243555,2.793,-0.0019999999999997,-0.025,0.0049999999999999,0.0,1.0,0.0,343.1963025927221,958.5472731414728
1668497642.2391474,2.796,0.0029999999999996,-0.021,0.004,0.0,1.0,0.0,343.1963025927221,959.5768620492508
1668497702.1091242,2.797,0.0010000000000003,-0.02,0.001,0.0,1.0,0.0,343.1963025927221,959.9200583518436
1668497762.161673,2.808,0.0109999999999996,-0.004,0.016,0.0,1.0,0.0,343.1963025927221,963.6952176803636
1668497823.087549,2.808,0.0,-0.004,0.0,0.0,1.0,0.0,343.1963025927221,963.6952176803636
1668497883.271597,2.801,-0.0069999999999996,-0.018,-0.0139999999999999,1.0,0.0,961.2928435622146,0.0,961.2928435622146
1668497943.1467428,2.801,0.0,-0.01,0.0079999999999999,0.0,1.0,0.0,343.1963025927221,961.2928435622146
1668498004.0313623,2.805,0.004,0.0,0.01,0.0,1.0,0.0,343.1963025927221,962.6656287725856
1668498063.9497778,2.805,0.0,0.003,0.003,0.0,1.0,0.0,343.1963025927221,962.6656287725856
1668498124.0304,2.81,0.0049999999999998,0.015,0.012,0.0,1.0,0.0,343.1963025927221,964.3816102855492
1668498184.7961905,2.803,-0.0070000000000001,0.012,-0.0029999999999999,1.0,0.0,961.9792361674,0.0,961.9792361674
1668498244.9715097,2.806,0.0030000000000001,0.014,0.002,0.0,1.0,0.0,342.82937853435493,961.9792361674
1668498304.7729647,2.807,0.0009999999999998,0.011,-0.003,1.0,0.0,962.3220655459344,0.0,962.3220655459344
1668498365.7613025,2.807,0.0,0.007,-0.0039999999999999,1.0,0.0,962.3220655459344,0.0,962.3220655459344
1668498425.664569,2.805,-0.0019999999999997,-0.003,-0.01,1.0,0.0,962.3220655459344,0.0,962.3220655459344
1668498485.7323835,2.801,-0.004,0.0,0.003,0.0,1.0,0.0,343.5637506411761,962.3220655459344
1668498546.6901724,2.806,0.0049999999999998,0.005,0.005,0.0,1.0,0.0,343.5637506411761,964.0398842991402
1668498606.6113424,2.807,0.0009999999999998,0.002,-0.003,1.0,0.0,964.3834480497814,0.0,964.3834480497814
1668498666.700015,2.81,0.0030000000000001,0.005,0.003,0.0,1.0,0.0,343.1969566013457,964.3834480497814
1668498727.5377913,2.809,-0.0009999999999998,-0.001,-0.006,1.0,0.0,964.04025109318,0.0,964.04025109318
1668498787.3518128,2.799,-0.0100000000000002,-0.005,-0.004,1.0,0.0,964.04025109318,0.0,964.04025109318
1668498847.3885326,2.796,-0.0030000000000001,-0.011,-0.0059999999999999,1.0,0.0,964.04025109318,0.0,964.04025109318
1668498909.4740877,2.8,0.004,-0.007,0.0039999999999999,0.0,1.0,0.0,344.30008967613577,964.04025109318
1668498968.4072506,2.805,0.0050000000000003,-0.002,0.005,0.0,1.0,0.0,344.30008967613577,965.7617515415608
1668499028.345954,2.808,0.0029999999999996,0.003,0.005,0.0,1.0,0.0,344.30008967613577,966.7946518105892
1668499089.2245948,2.805,-0.0029999999999996,0.005,0.002,0.0,1.0,0.0,344.30008967613577,965.7617515415608
1668499149.1164825,2.805,0.0,0.004,-0.001,1.0,0.0,965.7617515415608,0.0,965.7617515415608
1668499209.2907834,2.805,0.0,-0.001,-0.005,1.0,0.0,965.7617515415608,0.0,965.7617515415608
1668499270.1620922,2.805,0.0,-0.001,0.0,1.0,0.0,965.7617515415608,0.0,965.7617515415608
1668499329.99692,2.804,-0.0010000000000003,-0.005,-0.004,1.0,0.0,965.7617515415608,0.0,965.7617515415608
1668499390.0342555,2.804,0.0,-0.007,-0.002,1.0,0.0,965.7617515415608,0.0,965.7617515415608
1668499451.1673806,2.8,-0.004,-0.009,-0.0019999999999999,1.0,0.0,965.7617515415608,0.0,965.7617515415608
1668499511.1151755,2.8,0.0,0.005,0.0139999999999999,0.0,1.0,0.0,344.9149112648432,965.7617515415608
1668499571.2107463,2.8,0.0,0.001,-0.004,1.0,0.0,965.761751541561,0.0,965.761751541561
1668499631.8957672,2.8,0.0,0.001,0.0,1.0,0.0,965.761751541561,0.0,965.761751541561
1668499691.8956084,2.801,0.0010000000000003,-0.004,-0.005,1.0,0.0,965.761751541561,0.0,965.761751541561
1668499752.0106645,2.796,-0.0050000000000003,-0.012,-0.008,1.0,0.0,965.761751541561,0.0,965.761751541561
1668499812.797985,2.796,0.0,-0.009,0.003,0.0,1.0,0.0,345.40835176736806,965.761751541561
1668499872.6728225,2.805,0.0090000000000003,0.0,0.009,0.0,1.0,0.0,345.40835176736806,968.8704267074676
1668499932.6395595,2.803,-0.0020000000000002,-0.002,-0.002,1.0,0.0,968.1796100039328,0.0,968.1796100039328
1668499993.6445346,2.804,0.0009999999999998,0.0,0.002,0.0,1.0,0.0,345.2851676190916,968.1796100039328
1668500053.6127582,2.804,0.0,0.002,0.002,0.0,1.0,0.0,345.2851676190916,968.1796100039328
1668500113.7282782,2.803,-0.0009999999999998,0.003,0.001,0.0,1.0,0.0,345.2851676190916,967.8343248363138
1668500174.457485,2.803,0.0,0.003,0.0,0.0,1.0,0.0,345.2851676190916,967.8343248363138
1668500234.4610274,2.81,0.0070000000000001,0.01,0.007,0.0,1.0,0.0,345.2851676190916,970.2513210096474
1668500294.5443244,2.811,0.0009999999999998,0.01,0.0,0.0,1.0,0.0,345.2851676190916,970.5966061772664
1668500355.2986302,2.811,0.0,0.01,0.0,0.0,1.0,0.0,345.2851676190916,970.5966061772664
1668500415.3276443,2.814,0.0030000000000001,0.017,0.007,0.0,1.0,0.0,345.2851676190916,971.6324616801238
1668500475.216441,2.814,0.0,0.022,0.0049999999999999,0.0,1.0,0.0,345.2851676190916,971.6324616801238
1668500535.9917772,2.824,0.0099999999999997,0.021,-0.0009999999999999,1.0,0.0,975.0853133563148,0.0,975.0853133563148
1668500596.1175451,2.843,0.0190000000000001,0.039,0.018,0.0,1.0,0.0,342.9775987887143,975.0853133563148
1668500656.0924454,2.837,-0.0059999999999997,0.033,-0.0059999999999999,1.0,0.0,973.0274477635826,0.0,973.0274477635826
1668500716.8976831,2.839,0.0019999999999997,0.036,0.0029999999999999,0.0,1.0,0.0,342.73598019146976,973.0274477635828
1668500776.8963263,2.831,-0.008,0.028,-0.0079999999999999,1.0,0.0,970.2855599220508,0.0,970.2855599220508
1668500837.0869417,2.835,0.004,0.025,-0.0029999999999999,1.0,0.0,970.2855599220508,0.0,970.2855599220508
1668500897.8751545,2.838,0.0030000000000001,0.028,0.0029999999999999,0.0,1.0,0.0,341.89061308035616,970.2855599220508
1668500957.9000936,2.834,-0.004,0.023,-0.005,1.0,0.0,968.9179974697294,0.0,968.9179974697294
1668501017.8408413,2.836,0.0019999999999997,0.022,-0.001,1.0,0.0,968.9179974697294,0.0,968.9179974697294
1668501078.629729,2.833,-0.0029999999999996,0.019,-0.0029999999999999,1.0,0.0,968.9179974697294,0.0,968.9179974697294
1668501138.78934,2.836,0.0029999999999996,0.011,-0.008,1.0,0.0,968.9179974697294,0.0,968.9179974697294
1668501198.539649,2.835,-0.0009999999999998,-0.007,-0.018,1.0,0.0,968.9179974697294,0.0,968.9179974697294
1668501260.0287783,2.831,-0.004,-0.006,0.001,0.0,1.0,0.0,342.2529132708334,968.9179974697294
1668501319.952623,2.827,-0.004,-0.01,-0.004,1.0,0.0,967.548985816646,0.0,967.548985816646
1668501380.1952944,2.827,0.0,-0.01,0.0,1.0,0.0,967.548985816646,0.0,967.548985816646
1668501440.8127334,2.827,0.0,-0.01,0.0,1.0,0.0,967.548985816646,0.0,967.548985816646
1668501500.8965688,2.831,0.004,-0.004,0.006,0.0,1.0,0.0,341.76933444600706,967.548985816646
1668501560.6565762,2.831,0.0,-0.007,-0.003,1.0,0.0,967.548985816646,0.0,967.548985816646
1668501621.8011942,2.836,0.0049999999999998,-0.002,0.005,0.0,1.0,0.0,341.16677920192035,967.548985816646
1668501681.467596,2.834,-0.0019999999999997,-0.002,0.0,0.0,1.0,0.0,341.16677920192035,966.8666522582424
1668501741.5255454,2.831,-0.0030000000000001,-0.002,0.0,0.0,1.0,0.0,341.16677920192035,965.8431519206364
1668501802.5970695,2.833,0.0020000000000002,-0.003,-0.001,1.0,0.0,966.5254854790404,0.0,966.5254854790404
1668501862.5179515,2.833,0.0,-0.003,0.0,1.0,0.0,966.5254854790404,0.0,966.5254854790404
1668501922.8670676,2.831,-0.0020000000000002,-0.005,-0.002,1.0,0.0,966.5254854790404,0.0,966.5254854790404
1668501983.627838,2.829,-0.0019999999999997,-0.001,0.004,0.0,1.0,0.0,341.64916418488525,966.5254854790404
1668502043.7439237,2.836,0.0069999999999996,0.005,0.006,0.0,1.0,0.0,341.64916418488525,968.9170296283344
1668502103.4959462,2.838,0.0020000000000002,0.008,0.003,0.0,1.0,0.0,341.64916418488525,969.6003279567044
1668502164.174248,2.836,-0.0020000000000002,0.0,-0.008,1.0,0.0,968.9170296283344,0.0,968.9170296283344
1668502224.5329008,2.83,-0.0059999999999997,-0.005,-0.005,1.0,0.0,968.9170296283344,0.0,968.9170296283344
1668502284.2402236,2.831,0.0009999999999998,-0.004,0.001,0.0,1.0,0.0,342.25257139821065,968.9170296283344
1668502344.816792,2.832,0.0009999999999998,-0.003,0.001,0.0,1.0,0.0,342.25257139821065,969.2592821997324
1668502405.1614678,2.83,-0.0019999999999997,-0.003,0.0,0.0,1.0,0.0,342.25257139821065,968.574777056936
1668502464.8753245,2.825,-0.0049999999999998,-0.008,-0.005,1.0,0.0,966.8635141999451,0.0,966.8635141999451
1668502526.2517524,2.83,0.0049999999999998,0.001,0.009,0.0,1.0,0.0,341.6478848763057,966.8635141999451
1668502586.1700852,2.83,0.0,0.001,0.0,0.0,1.0,0.0,341.6478848763057,966.8635141999451
1668502646.2032125,2.835,0.0049999999999998,0.0,-0.001,1.0,0.0,968.5717536243266,0.0,968.5717536243266
1668502706.929099,2.831,-0.004,-0.005,-0.005,1.0,0.0,968.5717536243266,0.0,968.5717536243266
1668502766.9509256,2.828,-0.0030000000000001,-0.007,-0.002,1.0,0.0,968.5717536243266,0.0,968.5717536243266
1668502827.0408912,2.828,0.0,-0.007,0.0,1.0,0.0,968.5717536243266,0.0,968.5717536243266
1668502888.137906,2.828,0.0,-0.003,0.004,0.0,1.0,0.0,342.49354795768267,968.5717536243266
1668502948.0181766,2.828,0.0,-0.004,-0.001,1.0,0.0,968.5717536243266,0.0,968.5717536243266
1668503008.1808522,2.823,-0.0049999999999998,-0.007,-0.003,1.0,0.0,968.5717536243266,0.0,968.5717536243266
1668503069.0305324,2.825,0.0020000000000002,0.0,0.007,0.0,1.0,0.0,342.8572579201156,968.5717536243266
1668503129.1875875,2.827,0.0019999999999997,0.002,0.002,0.0,1.0,0.0,342.8572579201156,969.2574681401668
1668503189.2200477,2.827,0.0,0.002,0.0,0.0,1.0,0.0,342.8572579201156,969.2574681401668
1668503250.0340922,2.827,0.0,0.002,0.0,0.0,1.0,0.0,342.8572579201156,969.2574681401668
1668503309.9712512,2.827,0.0,0.002,0.0,0.0,1.0,0.0,342.8572579201156,969.2574681401668
1668503369.986502,2.831,0.004,0.001,-0.001,1.0,0.0,970.6288971718473,0.0,970.6288971718473
1668503430.7521665,2.835,0.004,0.005,0.004,0.0,1.0,0.0,342.3735087025916,970.6288971718473
1668503490.821309,2.838,0.0030000000000001,0.008,0.003,0.0,1.0,0.0,342.3735087025916,971.656017697955
1668503550.8464897,2.838,0.0,0.01,0.002,0.0,1.0,0.0,342.3735087025916,971.656017697955
1668503611.5982647,2.839,0.0009999999999998,0.011,0.0009999999999999,0.0,1.0,0.0,342.3735087025916,971.9983912066576
1668503671.8334196,2.837,-0.0019999999999997,0.009,-0.002,1.0,0.0,971.3136441892524,0.0,971.3136441892524
1668503731.4750755,2.836,-0.0010000000000003,0.008,-0.0009999999999999,1.0,0.0,971.3136441892524,0.0,971.3136441892524
1668503792.649257,2.837,0.0010000000000003,0.013,0.0049999999999999,0.0,1.0,0.0,342.3735087025916,971.3136441892524
1668503852.5763602,2.831,-0.0060000000000002,0.007,-0.0059999999999999,1.0,0.0,969.2594031370368,0.0,969.2594031370368
1668503912.520532,2.833,0.0020000000000002,0.006,-0.001,1.0,0.0,969.2594031370368,0.0,969.2594031370368
1668503973.3798387,2.829,-0.004,-0.011,-0.017,1.0,0.0,969.2594031370368,0.0,969.2594031370368
1668504033.4941924,2.828,-0.0010000000000003,-0.012,-0.001,1.0,0.0,969.2594031370368,0.0,969.2594031370368
1668504093.2438335,2.828,0.0,-0.012,0.0,1.0,0.0,969.2594031370368,0.0,969.2594031370368
1668504154.2198186,2.828,0.0,-0.012,0.0,1.0,0.0,969.2594031370368,0.0,969.2594031370368
1668504214.110945,2.831,0.0030000000000001,-0.007,0.005,0.0,1.0,0.0,342.3735087025916,969.2594031370368
1668504273.972885,2.822,-0.0089999999999998,-0.017,-0.01,1.0,0.0,966.1780415587136,0.0,966.1780415587136
1668504334.9708157,2.821,-0.0009999999999998,-0.018,-0.0009999999999999,1.0,0.0,966.1780415587136,0.0,966.1780415587136
1668504395.2909706,2.819,-0.0020000000000002,-0.017,0.0009999999999999,0.0,1.0,0.0,342.7378650438857,966.1780415587136
1668504455.1931057,2.813,-0.0059999999999997,-0.02,-0.0029999999999999,1.0,0.0,964.1216143684504,0.0,964.1216143684504
1668504515.9438522,2.811,-0.0020000000000002,-0.02,0.0,1.0,0.0,964.1216143684504,0.0,964.1216143684504
1668504576.08566,2.813,0.0020000000000002,-0.016,0.004,0.0,1.0,0.0,342.7378650438857,964.1216143684504
1668504635.832189,2.81,-0.0030000000000001,-0.023,-0.0069999999999999,1.0,0.0,963.0934007733188,0.0,963.0934007733188
1668504696.7226524,2.806,-0.004,-0.022,0.001,0.0,1.0,0.0,343.2264436113039,963.0934007733188
1668504756.8169842,2.805,-0.0009999999999998,-0.026,-0.004,1.0,0.0,962.7501743297076,0.0,962.7501743297076
1668504816.7574968,2.801,-0.004,-0.023,0.0029999999999999,0.0,1.0,0.0,343.7165920491637,962.7501743297078
1668504877.64171,2.796,-0.0050000000000003,-0.02,0.0029999999999999,0.0,1.0,0.0,343.7165920491637,961.0315913694616
1668504937.5923193,2.794,-0.0019999999999997,-0.027,-0.0069999999999999,1.0,0.0,960.3441581853634,0.0,960.3441581853634
1668504997.9056046,2.806,0.012,-0.012,0.015,0.0,1.0,0.0,342.24667077169045,960.3441581853634
1668505058.7394242,2.802,-0.004,-0.01,0.002,0.0,1.0,0.0,342.24667077169045,958.9751715022768
1668505118.8161156,2.801,-0.0009999999999998,-0.011,-0.0009999999999999,1.0,0.0,958.632924831505,0.0,958.632924831505
1668505178.3792903,2.797,-0.004,-0.008,0.0029999999999999,0.0,1.0,0.0,342.7361189958902,958.632924831505
1668505239.2325535,2.785,-0.012,-0.025,-0.017,1.0,0.0,954.5200914035544,0.0,954.5200914035544
1668505299.1942725,2.789,0.004,-0.019,0.006,0.0,1.0,0.0,342.2445648632321,954.5200914035544
1668505359.319638,2.794,0.0049999999999998,-0.011,0.008,0.0,1.0,0.0,342.2445648632321,956.2313142278704
1668505420.2789366,2.792,-0.0020000000000002,-0.002,0.009,0.0,1.0,0.0,342.2445648632321,955.546825098144
1668505480.1076715,2.788,-0.004,-0.006,-0.004,1.0,0.0,954.177846838691,0.0,954.177846838691
1668505540.156592,2.794,0.0060000000000002,-0.012,-0.006,1.0,0.0,954.177846838691,0.0,954.177846838691
1668505601.0786023,2.796,0.0019999999999997,-0.006,0.006,0.0,1.0,0.0,341.2653243342958,954.177846838691
1668505661.044744,2.787,-0.0089999999999998,-0.015,-0.009,1.0,0.0,951.1064589196824,0.0,951.1064589196824
1668505721.031674,2.792,0.0049999999999998,-0.009,0.006,0.0,1.0,0.0,340.65417583083183,951.1064589196824
1668505782.0681632,2.785,-0.0069999999999996,-0.006,0.0029999999999999,0.0,1.0,0.0,340.65417583083183,948.7218796888668
1668505841.8372898,2.781,-0.004,-0.006,0.0,0.0,1.0,0.0,340.65417583083183,947.3592629855434
1668505902.0765414,2.785,0.004,-0.006,0.0,0.0,1.0,0.0,340.65417583083183,948.7218796888668
1668505962.792668,2.788,0.0029999999999996,-0.009,-0.0029999999999999,1.0,0.0,949.7438422163592,0.0,949.7438422163592
1668506022.873502,2.788,0.0,0.0,0.009,0.0,1.0,0.0,340.6541758308319,949.7438422163592
1668506082.760828,2.792,0.004,0.0,0.0,0.0,1.0,0.0,340.6541758308319,951.1064589196826
1668506143.479498,2.788,-0.004,-0.008,-0.008,1.0,0.0,949.7438422163592,0.0,949.7438422163592
1668506203.8578117,2.791,0.0030000000000001,-0.005,0.003,0.0,1.0,0.0,340.288012259534,949.7438422163592
1668506263.775356,2.801,0.0100000000000002,0.014,0.019,0.0,1.0,0.0,340.288012259534,953.1467223389548
1668506324.360669,2.8,-0.0010000000000003,0.013,-0.001,1.0,0.0,952.8064343266952,0.0,952.8064343266952
1668506384.2903438,2.796,-0.004,0.004,-0.009,1.0,0.0,952.8064343266952,0.0,952.8064343266952
1668506444.519823,2.796,0.0,0.007,0.003,0.0,1.0,0.0,340.77483345017714,952.8064343266952
1668506505.3483398,2.802,0.0060000000000002,0.016,0.009,0.0,1.0,0.0,340.77483345017714,954.8510833273964
1668506565.1181731,2.802,0.0,0.018,0.0019999999999999,0.0,1.0,0.0,340.77483345017714,954.8510833273964
1668506625.076134,2.802,0.0,0.015,-0.0029999999999999,1.0,0.0,954.8510833273964,0.0,954.8510833273964
1668506686.2395084,2.804,0.0019999999999997,0.016,0.001,0.0,1.0,0.0,340.53177008822985,954.8510833273964
1668506746.2312205,2.805,0.0010000000000003,0.014,-0.002,1.0,0.0,955.1916150974848,0.0,955.1916150974848
1668506806.296923,2.804,-0.0010000000000003,0.008,-0.006,1.0,0.0,955.1916150974848,0.0,955.1916150974848
1668506867.2367563,2.804,0.0,0.013,0.0049999999999999,0.0,1.0,0.0,340.65321508469503,955.1916150974848
1668506927.1532602,2.801,-0.0029999999999996,0.001,-0.012,1.0,0.0,954.1696554522308,0.0,954.1696554522308
1668506987.0710433,2.8,-0.0010000000000003,0.005,0.004,0.0,1.0,0.0,340.7748769472253,954.1696554522308
1668507048.0400822,2.794,-0.0059999999999997,-0.005,-0.01,1.0,0.0,952.1250061905477,0.0,952.1250061905477
1668507107.8287222,2.794,0.0,-0.008,-0.003,1.0,0.0,952.1250061905477,0.0,952.1250061905477
1668507168.179178,2.795,0.0009999999999998,-0.007,0.001,0.0,1.0,0.0,340.65295391432835,952.1250061905478
1668507228.6975007,2.795,0.0,-0.007,0.0,0.0,1.0,0.0,340.65295391432835,952.1250061905478
1668507288.648194,2.795,0.0,-0.007,0.0,0.0,1.0,0.0,340.65295391432835,952.1250061905478
1668507348.785937,2.797,0.0020000000000002,-0.012,-0.005,1.0,0.0,952.8063120983765,0.0,952.8063120983765
1668507409.3525882,2.8,0.0029999999999996,-0.002,0.01,0.0,1.0,0.0,340.287968606563,952.8063120983765
1668507468.761916,2.8,0.0,-0.008,-0.006,1.0,0.0,952.8063120983765,0.0,952.8063120983765
1668507528.9525733,2.793,-0.0069999999999996,-0.012,-0.004,1.0,0.0,952.8063120983765,0.0,952.8063120983765
1668507589.9688616,2.795,0.0019999999999997,-0.01,0.002,0.0,1.0,0.0,340.8967127364496,952.8063120983765
1668507648.638207,2.792,-0.0030000000000001,-0.013,-0.0029999999999999,1.0,0.0,951.7836219601672,0.0,951.7836219601672
1668507708.8289225,2.793,0.0010000000000003,-0.007,0.0059999999999999,0.0,1.0,0.0,340.77465877557006,951.7836219601672
1668507768.7585368,2.793,0.0,-0.003,0.004,0.0,1.0,0.0,340.77465877557006,951.7836219601672
1668507828.5905948,2.797,0.004,0.001,0.004,0.0,1.0,0.0,340.77465877557006,953.1467205952696
1668507888.5881789,2.795,-0.0020000000000002,0.001,0.0,0.0,1.0,0.0,340.77465877557006,952.4651712777182
1668507948.665588,2.795,0.0,0.001,0.0,0.0,1.0,0.0,340.77465877557006,952.4651712777182
1668508008.8394272,2.789,-0.0059999999999997,-0.006,-0.007,1.0,0.0,950.4205233250648,0.0,950.4205233250648
1668508068.7294884,2.791,0.0019999999999997,-0.006,0.0,1.0,0.0,950.4205233250648,0.0,950.4205233250648
1668508128.485031,2.791,0.0,-0.006,0.0,1.0,0.0,950.4205233250648,0.0,950.4205233250648
1668508188.6580536,2.788,-0.0030000000000001,-0.007,-0.001,1.0,0.0,950.4205233250648,0.0,950.4205233250648
1668508248.8194306,2.786,-0.0019999999999997,-0.009,-0.0019999999999999,1.0,0.0,950.4205233250648,0.0,950.4205233250648
1668508308.715911,2.789,0.0030000000000001,-0.006,0.0029999999999999,0.0,1.0,0.0,340.77465877557,950.4205233250648
1668508368.7808304,2.793,0.004,0.001,0.007,0.0,1.0,0.0,340.77465877557,951.7836219601672
1668508428.685597,2.787,-0.0060000000000002,-0.006,-0.007,1.0,0.0,949.7389740075135,0.0,949.7389740075135
1668508488.7645924,2.787,0.0,-0.008,-0.002,1.0,0.0,949.7389740075135,0.0,949.7389740075135
1668508548.9074204,2.784,-0.0030000000000001,-0.013,-0.0049999999999999,1.0,0.0,949.7389740075135,0.0,949.7389740075135
1668508608.787028,2.788,0.004,-0.007,0.0059999999999999,0.0,1.0,0.0,340.6524297014037,949.7389740075135
1668508668.8143127,2.793,0.0050000000000003,0.005,0.012,0.0,1.0,0.0,340.6524297014037,951.4422361560206
1668508728.740857,2.796,0.0029999999999996,0.005,0.0,0.0,1.0,0.0,340.6524297014037,952.4641934451248
1668508788.6878812,2.797,0.0010000000000003,0.009,0.0039999999999999,0.0,1.0,0.0,340.6524297014037,952.8048458748262
1668508848.7211144,2.798,0.0009999999999998,0.012,0.003,0.0,1.0,0.0,340.6524297014037,953.1454983045276
1668508908.5514698,2.806,0.008,0.016,0.004,0.0,1.0,0.0,340.6524297014037,955.8707177421388
1668508968.851399,2.807,0.0009999999999998,0.019,0.0029999999999999,0.0,1.0,0.0,340.6524297014037,956.2113701718404
1668509028.9237738,2.805,-0.0019999999999997,0.02,0.001,0.0,1.0,0.0,340.6524297014037,955.5300653124376
1668509088.6966577,2.81,0.0049999999999998,0.023,0.0029999999999999,0.0,1.0,0.0,340.6524297014037,957.2333274609445
1668509148.6666884,2.81,0.0,0.026,0.0029999999999999,0.0,1.0,0.0,340.6524297014037,957.2333274609445
1668509208.8080509,2.807,-0.0030000000000001,0.019,-0.0069999999999999,1.0,0.0,956.2113701718404,0.0,956.2113701718404
1668509268.858127,2.806,-0.0009999999999998,0.016,-0.0029999999999999,1.0,0.0,956.2113701718404,0.0,956.2113701718404
1668509329.112995,2.801,-0.0049999999999998,0.011,-0.005,1.0,0.0,956.2113701718404,0.0,956.2113701718404
1668509389.096983,2.805,0.004,0.008,-0.0029999999999999,1.0,0.0,956.2113701718404,0.0,956.2113701718404
1668509449.410674,2.801,-0.004,-0.005,-0.013,1.0,0.0,956.2113701718404,0.0,956.2113701718404
1668509508.7571535,2.801,0.0,-0.005,0.0,1.0,0.0,956.2113701718404,0.0,956.2113701718404
1668509568.7707646,2.803,0.0019999999999997,-0.003,0.002,0.0,1.0,0.0,341.1385551808207,956.2113701718404
1668509628.747485,2.805,0.0020000000000002,-0.002,0.001,0.0,1.0,0.0,341.1385551808207,956.893647282202
1668509688.8217497,2.806,0.0009999999999998,-0.001,0.001,0.0,1.0,0.0,341.1385551808207,957.2347858373828
1668509749.0794756,2.807,0.0009999999999998,0.013,0.0139999999999999,0.0,1.0,0.0,341.1385551808207,957.5759243925636
1668509808.9681053,2.813,0.0060000000000002,0.019,0.006,0.0,1.0,0.0,341.1385551808207,959.6227557236488
1668509868.6966417,2.81,-0.0030000000000001,0.006,-0.013,1.0,0.0,958.599340058106,0.0,958.599340058106
1668509928.8519402,2.815,0.0049999999999998,0.005,-0.001,1.0,0.0,958.599340058106,0.0,958.599340058106
1668509988.847774,2.814,-0.0009999999999998,0.007,0.002,0.0,1.0,0.0,340.65363896876545,958.599340058106
1668510048.76714,2.815,0.0009999999999998,0.014,0.007,0.0,1.0,0.0,340.65363896876545,958.9399936970748
1668510108.8412058,2.813,-0.0019999999999997,0.012,-0.002,1.0,0.0,958.2586864191372,0.0,958.2586864191372
1668510168.7719514,2.818,0.0049999999999998,0.013,0.0009999999999999,0.0,1.0,0.0,340.0492144851445,958.2586864191372
1668510228.7475126,2.828,0.0099999999999997,0.027,0.014,0.0,1.0,0.0,340.0492144851445,961.6591785639886
1668510288.8696375,2.828,0.0,0.021,-0.0059999999999999,1.0,0.0,961.6591785639886,0.0,961.6591785639886
1668510348.895685,2.838,0.0100000000000002,0.032,0.011,0.0,1.0,0.0,338.8510142931602,961.6591785639886
1668510408.7455986,2.825,-0.0129999999999999,0.012,-0.02,1.0,0.0,957.2541153781776,0.0,957.2541153781776
1668510468.6695094,2.82,-0.0050000000000003,0.005,-0.007,1.0,0.0,957.2541153781776,0.0,957.2541153781776
1668510529.2783256,2.827,0.0070000000000001,0.01,0.005,0.0,1.0,0.0,338.6112894864441,957.2541153781776
1668510588.6896112,2.826,-0.0009999999999998,0.009,-0.001,1.0,0.0,956.915504088691,0.0,956.915504088691
1668510648.669919,2.824,-0.0020000000000002,0.008,-0.0009999999999999,1.0,0.0,956.915504088691,0.0,956.915504088691
1668510708.9075058,2.82,-0.004,0.007,-0.001,1.0,0.0,956.915504088691,0.0,956.915504088691
1668510768.7413588,2.821,0.0010000000000003,0.003,-0.004,1.0,0.0,956.915504088691,0.0,956.915504088691
1668510828.752155,2.814,-0.0070000000000001,-0.008,-0.011,1.0,0.0,956.915504088691,0.0,956.915504088691
1668510889.0812497,2.808,-0.0060000000000002,-0.023,-0.015,1.0,0.0,956.915504088691,0.0,956.915504088691
1668510948.943793,2.81,0.0020000000000002,-0.022,0.001,0.0,1.0,0.0,340.53932529846657,956.915504088691
1668511009.1067972,2.805,-0.0049999999999998,-0.031,-0.009,1.0,0.0,955.2128074621988,0.0,955.2128074621988
1668511068.7572484,2.805,0.0,-0.023,0.008,0.0,1.0,0.0,340.53932529846657,955.2128074621988
1668511128.739678,2.775,-0.0300000000000002,-0.046,-0.023,1.0,0.0,944.9966277032448,0.0,944.9966277032448
1668511188.69387,2.772,-0.0030000000000001,-0.054,-0.008,1.0,0.0,944.9966277032448,0.0,944.9966277032448
1668511248.7671866,2.778,0.0060000000000002,-0.046,0.008,0.0,1.0,0.0,340.1715722473883,944.9966277032448
1668511308.8426452,2.78,0.0019999999999997,-0.038,0.008,0.0,1.0,0.0,340.1715722473883,945.6769708477394
1668511369.0291488,2.787,0.0070000000000001,-0.033,0.0049999999999999,0.0,1.0,0.0,340.1715722473883,948.0581718534712
1668511429.2786798,2.788,0.0009999999999998,-0.025,0.008,0.0,1.0,0.0,340.1715722473883,948.3983434257186
1668511488.8521209,2.783,-0.0049999999999998,-0.028,-0.0029999999999999,1.0,0.0,946.6974855644816,0.0,946.6974855644816
1668511549.0021665,2.785,0.0020000000000002,-0.02,0.008,0.0,1.0,0.0,339.927283865164,946.6974855644816
1668511609.0349228,2.788,0.0029999999999996,-0.016,0.004,0.0,1.0,0.0,339.927283865164,947.7172674160772
1668511669.1007702,2.787,-0.0009999999999998,-0.017,-0.001,1.0,0.0,947.377340132212,0.0,947.377340132212
1668511729.228896,2.79,0.0030000000000001,0.01,0.027,0.0,1.0,0.0,339.5617706567068,947.377340132212
1668511789.0270677,2.785,-0.0049999999999998,0.006,-0.004,1.0,0.0,945.6795312789284,0.0,945.6795312789284
1668511848.8186407,2.785,0.0,0.006,0.0,1.0,0.0,945.6795312789284,0.0,945.6795312789284
1668511908.9622338,2.789,0.004,0.018,0.0119999999999999,0.0,1.0,0.0,339.074769192875,945.6795312789284
1668511968.856138,2.79,0.0009999999999998,0.019,0.001,0.0,1.0,0.0,339.074769192875,946.0186060481212
1668512029.1574829,2.791,0.0009999999999998,0.01,-0.009,1.0,0.0,946.357680817314,0.0,946.357680817314
1668512088.9411235,2.791,0.0,0.006,-0.004,1.0,0.0,946.357680817314,0.0,946.357680817314
1668512148.892195,2.794,0.0030000000000001,0.009,0.0029999999999999,0.0,1.0,0.0,338.7106946375497,946.357680817314
1668512209.2007425,2.787,-0.0070000000000001,0.004,-0.0049999999999999,1.0,0.0,943.986705954851,0.0,943.986705954851
1668512269.2388997,2.79,0.0030000000000001,0.005,0.001,0.0,1.0,0.0,338.34648958955233,943.986705954851
1668512328.904381,2.785,-0.0049999999999998,-0.002,-0.007,1.0,0.0,942.2949735069031,0.0,942.2949735069031
1668512388.9734595,2.783,-0.0020000000000002,-0.004,-0.002,1.0,0.0,942.2949735069031,0.0,942.2949735069031
1668512448.984131,2.777,-0.0059999999999997,-0.008,-0.004,1.0,0.0,942.2949735069031,0.0,942.2949735069031
1668512508.8945842,2.781,0.004,-0.009,-0.0009999999999999,1.0,0.0,942.2949735069031,0.0,942.2949735069031
1668512569.0904372,2.784,0.0029999999999996,-0.006,0.0029999999999999,0.0,1.0,0.0,338.4680220929968,942.294973506903
1668512628.9923007,2.78,-0.004,-0.01,-0.004,1.0,0.0,940.941101418531,0.0,940.941101418531
1668512688.9812489,2.781,0.0010000000000003,-0.011,-0.0009999999999999,1.0,0.0,940.941101418531,0.0,940.941101418531
1668512748.9424365,2.788,0.0069999999999996,-0.002,0.009,0.0,1.0,0.0,337.49680825628803,940.9411014185308
1668512809.041706,2.783,-0.0049999999999998,-0.005,-0.003,1.0,0.0,939.2536173772496,0.0,939.2536173772496
1668512869.3314672,2.787,0.004,0.001,0.006,0.0,1.0,0.0,337.01242101803,939.2536173772496
1668512928.9483418,2.79,0.0030000000000001,0.005,0.004,0.0,1.0,0.0,337.01242101803,940.2646546403038
1668512988.917637,2.789,-0.0009999999999998,0.007,0.002,0.0,1.0,0.0,337.01242101803,939.9276422192858
1668513048.861204,2.789,0.0,0.009,0.0019999999999999,0.0,1.0,0.0,337.01242101803,939.9276422192858
1668513109.0575032,2.792,0.0029999999999996,0.011,0.002,0.0,1.0,0.0,337.01242101803,940.9386794823396
1668513169.01024,2.792,0.0,0.012,0.001,0.0,1.0,0.0,337.01242101803,940.9386794823396
1668513229.0589557,2.792,0.0,0.012,0.0,0.0,1.0,0.0,337.01242101803,940.9386794823396
1668513288.919414,2.792,0.0,0.004,-0.008,1.0,0.0,940.9386794823396,0.0,940.9386794823396
1668513349.062468,2.792,0.0,0.004,0.0,1.0,0.0,940.9386794823396,0.0,940.9386794823396
1668513409.0587125,2.789,-0.0029999999999996,0.006,0.002,0.0,1.0,0.0,337.37492989685893,940.9386794823396
1668513468.8543315,2.787,-0.0020000000000002,-0.006,-0.012,1.0,0.0,940.2639296225458,0.0,940.2639296225458
1668513528.7904189,2.79,0.0030000000000001,-0.002,0.004,0.0,1.0,0.0,337.01216115503433,940.2639296225458
1668513589.0169632,2.79,0.0,-0.002,0.0,0.0,1.0,0.0,337.01216115503433,940.2639296225458
1668513648.9567945,2.786,-0.004,-0.011,-0.009,1.0,0.0,938.9158809779256,0.0,938.9158809779256
1668513709.0793724,2.782,-0.004,-0.01,0.0009999999999999,0.0,1.0,0.0,337.4967221344089,938.9158809779256
1668513769.181378,2.784,0.0019999999999997,-0.008,0.002,0.0,1.0,0.0,337.4967221344089,939.5908744221944
1668513828.9071553,2.781,-0.0029999999999996,-0.015,-0.0069999999999999,1.0,0.0,938.5783842557912,0.0,938.5783842557912
1668513889.091505,2.778,-0.0030000000000001,-0.014,0.0009999999999999,0.0,1.0,0.0,337.86118943692986,938.5783842557912
1668513948.8531692,2.779,0.0009999999999998,-0.013,0.001,0.0,1.0,0.0,337.86118943692986,938.916245445228
1668514008.890288,2.779,0.0,-0.013,0.0,0.0,1.0,0.0,337.86118943692986,938.916245445228
1668514069.0098305,2.78,0.0009999999999998,-0.01,0.0029999999999999,0.0,1.0,0.0,337.86118943692986,939.2541066346648
1668514128.8317945,2.785,0.0050000000000003,-0.004,0.006,0.0,1.0,0.0,337.86118943692986,940.9434125818498
1668514188.9223726,2.784,-0.0010000000000003,-0.006,-0.002,1.0,0.0,940.6055513924126,0.0,940.6055513924126
1668514248.9794056,2.79,0.0060000000000002,0.004,0.01,0.0,1.0,0.0,337.13460623383963,940.6055513924126
1668514308.9061232,2.79,0.0,0.004,0.0,0.0,1.0,0.0,337.13460623383963,940.6055513924126
1668514369.004135,2.79,0.0,0.007,0.003,0.0,1.0,0.0,337.13460623383963,940.6055513924126
1668514428.9033842,2.79,0.0,0.009,0.0019999999999999,0.0,1.0,0.0,337.13460623383963,940.6055513924126
1668514489.1420386,2.796,0.0059999999999997,0.017,0.008,0.0,1.0,0.0,337.13460623383963,942.6283590298156
1668514548.949366,2.803,0.0070000000000001,0.024,0.0069999999999999,0.0,1.0,0.0,337.13460623383963,944.9883012734524
1668514609.1544683,2.8,-0.0030000000000001,0.022,-0.002,1.0,0.0,943.9768974547508,0.0,943.9768974547508
1668514668.9730244,2.801,0.0010000000000003,0.023,0.001,0.0,1.0,0.0,337.01424400383814,943.9768974547508
1668514729.0000532,2.801,0.0,0.023,0.0,0.0,1.0,0.0,337.01424400383814,943.9768974547508
1668514788.9927435,2.8,-0.0010000000000003,0.021,-0.0019999999999999,1.0,0.0,943.6398832107468,0.0,943.6398832107468
1668514848.8691752,2.806,0.0060000000000002,0.026,0.0049999999999999,0.0,1.0,0.0,336.2936148292041,943.6398832107468
1668514909.0570314,2.798,-0.008,0.011,-0.015,1.0,0.0,940.9495342921132,0.0,940.9495342921132
1668514969.0418472,2.804,0.0059999999999997,0.02,0.009,0.0,1.0,0.0,335.5740136562458,940.9495342921132
1668515028.845205,2.805,0.0010000000000003,0.015,-0.005,1.0,0.0,941.2851083057697,0.0,941.2851083057697
1668515089.03206,2.807,0.0019999999999997,0.017,0.002,0.0,1.0,0.0,335.33491567715345,941.2851083057697
1668515148.9808936,2.81,0.0030000000000001,0.019,0.0019999999999999,0.0,1.0,0.0,335.33491567715345,942.2911130528012
1668515209.0810602,2.808,-0.0020000000000002,0.005,-0.0139999999999999,1.0,0.0,941.6204432214467,0.0,941.6204432214467
1668515269.252434,2.808,0.0,0.005,0.0,1.0,0.0,941.6204432214467,0.0,941.6204432214467
1668515329.1841226,2.803,-0.0049999999999998,0.002,-0.003,1.0,0.0,941.6204432214467,0.0,941.6204432214467
1668515388.9121392,2.808,0.0049999999999998,0.002,0.0,1.0,0.0,941.6204432214467,0.0,941.6204432214467
1668515449.1465428,2.81,0.0020000000000002,0.004,0.002,0.0,1.0,0.0,335.0962431393049,941.6204432214467
1668515509.081318,2.811,0.0009999999999998,0.005,0.001,0.0,1.0,0.0,335.0962431393049,941.955539464586
1668515569.3392923,2.816,0.0049999999999998,0.015,0.0099999999999999,0.0,1.0,0.0,335.0962431393049,943.6310206802824
1668515628.9113665,2.816,0.0,0.01,-0.0049999999999999,1.0,0.0,943.6310206802824,0.0,943.6310206802824
1668515688.9024773,2.81,-0.0059999999999997,0.004,-0.006,1.0,0.0,943.6310206802824,0.0,943.6310206802824
1668515749.0616825,2.812,0.0019999999999997,0.006,0.002,0.0,1.0,0.0,335.5729092035144,943.6310206802824
1668515809.169901,2.811,-0.0009999999999998,0.004,-0.002,1.0,0.0,943.295447771079,0.0,943.295447771079
1668515869.2649665,2.81,-0.0009999999999998,-0.001,-0.005,1.0,0.0,943.295447771079,0.0,943.295447771079
1668515929.1727312,2.81,0.0,-0.001,0.0,1.0,0.0,943.295447771079,0.0,943.295447771079
1668515989.2447417,2.81,0.0,0.002,0.003,0.0,1.0,0.0,335.6923301676438,943.295447771079
1668516049.149201,2.816,0.0059999999999997,0.008,0.006,0.0,1.0,0.0,335.6923301676438,945.3096017520847
1668516109.2705548,2.817,0.0010000000000003,0.014,0.006,0.0,1.0,0.0,335.6923301676438,945.6452940822526
1668516169.0648644,2.817,0.0,0.007,-0.007,1.0,0.0,945.6452940822526,0.0,945.6452940822526
1668516229.2088106,2.817,0.0,0.006,-0.001,1.0,0.0,945.6452940822526,0.0,945.6452940822526
1668516289.1683333,2.818,0.0009999999999998,0.007,0.001,0.0,1.0,0.0,335.5732058489186,945.6452940822526
1668516349.1489434,2.813,-0.0049999999999998,-0.003,-0.01,1.0,0.0,943.967428053008,0.0,943.967428053008
1668516409.354169,2.812,-0.0010000000000003,0.0,0.003,0.0,1.0,0.0,335.6925419818663,943.967428053008
1668516469.132552,2.809,-0.0029999999999996,-0.001,-0.001,1.0,0.0,942.9603504270626,0.0,942.9603504270626
1668516529.2648013,2.816,0.0069999999999996,0.006,0.007,0.0,1.0,0.0,334.8580789868831,942.9603504270626
1668516589.254866,2.812,-0.004,0.002,-0.004,1.0,0.0,941.6209181111152,0.0,941.6209181111152
1668516649.0322912,2.81,-0.0019999999999997,0.0,-0.002,1.0,0.0,941.6209181111152,0.0,941.6209181111152
1668516709.2027888,2.803,-0.0070000000000001,-0.013,-0.013,1.0,0.0,941.6209181111152,0.0,941.6209181111152
1668516769.0857298,2.804,0.0009999999999998,-0.016,-0.003,1.0,0.0,941.6209181111152,0.0,941.6209181111152
1668516829.1929324,2.803,-0.0009999999999998,-0.014,0.002,0.0,1.0,0.0,335.93325655052274,941.6209181111152
1668516889.0618594,2.804,0.0009999999999998,-0.014,0.0,0.0,1.0,0.0,335.93325655052274,941.9568513676658
1668516949.1021922,2.801,-0.0029999999999996,-0.01,0.004,0.0,1.0,0.0,335.93325655052274,940.9490515980144
1668517009.1537044,2.8,-0.0010000000000003,-0.013,-0.0029999999999999,1.0,0.0,940.6131183414636,0.0,940.6131183414636
1668517069.011285,2.806,0.0060000000000002,-0.002,0.011,0.0,1.0,0.0,335.21493882447027,940.6131183414636
1668517129.030098,2.803,-0.0030000000000001,-0.013,-0.011,1.0,0.0,939.6074735249902,0.0,939.6074735249902
1668517189.0646706,2.801,-0.0019999999999997,-0.011,0.002,0.0,1.0,0.0,335.45429258300254,939.6074735249902
1668517249.0619204,2.806,0.0049999999999998,-0.006,0.0049999999999999,0.0,1.0,0.0,335.45429258300254,941.2847449879052
1668517309.219378,2.806,0.0,0.001,0.007,0.0,1.0,0.0,335.45429258300254,941.2847449879052
1668517369.3536482,2.814,0.008,0.009,0.008,0.0,1.0,0.0,335.45429258300254,943.9683793285692
1668517429.0737486,2.809,-0.0049999999999998,0.003,-0.0059999999999999,1.0,0.0,942.2911078656542,0.0,942.2911078656542
1668517489.080932,2.808,-0.0010000000000003,0.002,-0.001,1.0,0.0,942.2911078656542,0.0,942.2911078656542
1668517549.155859,2.808,0.0,0.002,0.0,1.0,0.0,942.2911078656542,0.0,942.2911078656542
1668517609.2419856,2.808,0.0,0.002,0.0,1.0,0.0,942.2911078656542,0.0,942.2911078656542
1668517669.0600066,2.805,-0.0029999999999996,0.001,-0.001,1.0,0.0,942.2911078656542,0.0,942.2911078656542
1668517729.0814948,2.808,0.0029999999999996,0.009,0.008,0.0,1.0,0.0,335.5737563624125,942.2911078656542
1668517788.9571204,2.811,0.0030000000000001,0.01,0.001,0.0,1.0,0.0,335.5737563624125,943.2978291347416
1668517849.1646955,2.815,0.004,0.012,0.002,0.0,1.0,0.0,335.5737563624125,944.6401241601912
1668517909.1243634,2.815,0.0,0.012,0.0,0.0,1.0,0.0,335.5737563624125,944.6401241601912
1668517969.0967476,2.813,-0.0019999999999997,0.007,-0.005,1.0,0.0,943.9689766474664,0.0,943.9689766474664
1668518029.208769,2.818,0.0049999999999998,0.012,0.005,0.0,1.0,0.0,334.97834515524005,943.9689766474664
1668518089.1292949,2.814,-0.004,0.008,-0.004,1.0,0.0,942.6290632668456,0.0,942.6290632668456
1668518149.2391598,2.816,0.0019999999999997,0.008,0.0,1.0,0.0,942.6290632668456,0.0,942.6290632668456
1668518209.0996284,2.813,-0.0029999999999996,0.008,0.0,1.0,0.0,942.6290632668456,0.0,942.6290632668456
1668518269.15768,2.812,-0.0010000000000003,0.008,0.0,1.0,0.0,942.6290632668456,0.0,942.6290632668456
1668518329.1476989,2.815,0.0030000000000001,0.007,-0.001,1.0,0.0,942.6290632668456,0.0,942.6290632668456
1668518389.2524462,2.815,0.0,0.003,-0.004,1.0,0.0,942.6290632668456,0.0,942.6290632668456
1668518449.9916954,2.819,0.004,0.007,0.004,0.0,1.0,0.0,334.384201229814,942.6290632668456
1668518509.9234192,2.814,-0.0049999999999998,-0.003,-0.01,1.0,0.0,940.9571422606964,0.0,940.9571422606964
1668518569.9483166,2.814,0.0,0.0,0.003,0.0,1.0,0.0,334.3842012298139,940.9571422606964
1668518630.764371,2.814,0.0,0.0,0.0,0.0,1.0,0.0,334.3842012298139,940.9571422606964
1668518690.727369,2.814,0.0,0.0,0.0,0.0,1.0,0.0,334.3842012298139,940.9571422606964
1668518750.7393117,2.815,0.0009999999999998,0.003,0.003,0.0,1.0,0.0,334.3842012298139,941.2915264619262
1668518811.7974255,2.816,0.0009999999999998,0.001,-0.002,1.0,0.0,941.625910663156,0.0,941.625910663156
1668518872.0181508,2.815,-0.0009999999999998,0.002,0.001,0.0,1.0,0.0,334.50298780218685,941.625910663156
1668518932.0445745,2.818,0.0030000000000001,0.006,0.004,0.0,1.0,0.0,334.50298780218685,942.6294196265626
1668518992.657378,2.827,0.0089999999999998,0.009,0.0029999999999999,0.0,1.0,0.0,334.50298780218685,945.6399465167822
1668519052.6502535,2.877,0.0499999999999998,0.058,0.049,0.0,1.0,0.0,334.50298780218685,962.3650959068916
1668519112.7074215,2.866,-0.0109999999999996,0.057,-0.001,1.0,0.0,958.6855630410676,0.0,958.6855630410676
1668519173.4081137,2.874,0.008,0.061,0.0039999999999999,0.0,1.0,0.0,333.5718730135934,958.6855630410674
1668519233.4074469,2.875,0.0009999999999998,0.061,0.0,0.0,1.0,0.0,333.5718730135934,959.0191349140812
1668519293.2945683,2.875,0.0,0.062,0.001,0.0,1.0,0.0,333.5718730135934,959.0191349140812
1668519354.4091291,2.847,-0.028,0.033,-0.0289999999999999,1.0,0.0,949.6791224697004,0.0,949.6791224697004
1668519414.310817,2.855,0.008,0.04,0.0069999999999999,0.0,1.0,0.0,332.637170742452,949.6791224697004
1668519474.43334,2.862,0.0070000000000001,0.048,0.008,0.0,1.0,0.0,332.637170742452,952.0075826648977
1668519535.4039724,2.859,-0.0030000000000001,0.041,-0.0069999999999999,1.0,0.0,951.0096711526702,0.0,951.0096711526702
1668519595.2874105,2.85,-0.0089999999999998,0.02,-0.021,1.0,0.0,951.0096711526702,0.0,951.0096711526702
1668519655.4463928,2.845,-0.0049999999999998,-0.03,-0.05,1.0,0.0,951.0096711526702,0.0,951.0096711526702
1668519715.9836068,2.853,0.008,-0.018,0.012,0.0,1.0,0.0,333.33672315200494,951.0096711526702
1668519775.9930334,2.855,0.0019999999999997,-0.032,-0.014,1.0,0.0,951.676344598974,0.0,951.676344598974
1668519836.0075696,2.857,0.0020000000000002,-0.018,0.014,0.0,1.0,0.0,333.1033757784298,951.676344598974
1668519897.0955513,2.851,-0.0060000000000002,-0.024,-0.006,1.0,0.0,949.6777243443032,0.0,949.6777243443032
1668519957.0965812,2.854,0.0030000000000001,0.009,0.033,0.0,1.0,0.0,332.75323207578947,949.6777243443032
1668520017.1009634,2.839,-0.0150000000000001,-0.011,-0.0199999999999999,1.0,0.0,944.6864258631664,0.0,944.6864258631664
1668520077.8963425,2.834,-0.0049999999999998,-0.025,-0.014,1.0,0.0,944.6864258631664,0.0,944.6864258631664
1668520137.767919,2.838,0.004,-0.016,0.009,0.0,1.0,0.0,332.87048127666185,944.6864258631664
1668520197.776114,2.84,0.0019999999999997,-0.008,0.008,0.0,1.0,0.0,332.87048127666185,945.3521668257196
1668520258.5509386,2.848,0.008,0.003,0.011,0.0,1.0,0.0,332.87048127666185,948.0151306759328
1668520318.5354328,2.843,-0.0049999999999998,-0.012,-0.015,1.0,0.0,946.3507782695496,0.0,946.3507782695496
1668520378.6570466,2.834,-0.0089999999999998,-0.022,-0.0099999999999999,1.0,0.0,946.3507782695496,0.0,946.3507782695496
1668520439.355555,2.835,0.0009999999999998,-0.022,0.0,1.0,0.0,946.3507782695496,0.0,946.3507782695496
1668520499.2659905,2.836,0.0009999999999998,-0.014,0.0079999999999999,0.0,1.0,0.0,333.69209388912185,946.3507782695496
1668520559.4907036,2.836,0.0,-0.011,0.003,0.0,1.0,0.0,333.69209388912185,946.3507782695496
1668520620.5083015,2.841,0.0050000000000003,0.009,0.0199999999999999,0.0,1.0,0.0,333.69209388912185,948.0192387389952
1668520680.3975537,2.846,0.0049999999999998,0.014,0.005,0.0,1.0,0.0,333.69209388912185,949.6876992084408
1668520740.4388828,2.851,0.0049999999999998,0.014,0.0,0.0,1.0,0.0,333.69209388912185,951.3561596778864
1668520801.11969,2.856,0.0049999999999998,0.016,0.002,0.0,1.0,0.0,333.69209388912185,953.024620147332
1668520861.2955763,2.85,-0.0059999999999997,0.003,-0.013,1.0,0.0,951.0224675839974,0.0,951.0224675839974
1668520921.2681513,2.844,-0.0060000000000002,-0.002,-0.005,1.0,0.0,951.0224675839974,0.0,951.0224675839974
1668520981.90924,2.845,0.0010000000000003,0.011,0.013,0.0,1.0,0.0,334.2785474811941,951.0224675839976
1668521041.933676,2.835,-0.0100000000000002,0.0,-0.011,1.0,0.0,947.6796821091853,0.0,947.6796821091853
1668521101.8854842,2.839,0.004,-0.004,-0.004,1.0,0.0,947.6796821091853,0.0,947.6796821091853
1668521162.9368997,2.847,0.008,0.011,0.015,0.0,1.0,0.0,332.86957573206365,947.6796821091853
1668521223.0369256,2.848,0.0009999999999998,0.008,-0.0029999999999999,1.0,0.0,948.0125516849172,0.0,948.0125516849172
1668521282.904336,2.841,-0.0069999999999996,-0.009,-0.017,1.0,0.0,948.0125516849172,0.0,948.0125516849172
1668521343.6796775,2.839,-0.0020000000000002,-0.015,-0.006,1.0,0.0,948.0125516849172,0.0,948.0125516849172
1668521403.967224,2.831,-0.008,-0.023,-0.008,1.0,0.0,948.0125516849172,0.0,948.0125516849172
1668521463.7622197,2.834,0.0030000000000001,-0.016,0.0069999999999999,0.0,1.0,0.0,334.51395613440974,948.0125516849172
1668521524.527864,2.841,0.0070000000000001,-0.003,0.013,0.0,1.0,0.0,334.51395613440974,950.354149377858
1668521584.5651274,2.84,-0.0010000000000003,-0.005,-0.002,1.0,0.0,950.0196354217236,0.0,950.0196354217236
1668521644.8444784,2.833,-0.0069999999999996,-0.002,0.003,0.0,1.0,0.0,335.34049961938706,950.0196354217236
1668521705.479128,2.833,0.0,-0.006,-0.004,1.0,0.0,950.0196354217236,0.0,950.0196354217236
1668521765.7242177,2.824,-0.0090000000000003,-0.024,-0.018,1.0,0.0,950.0196354217236,0.0,950.0196354217236
1668521825.646706,2.828,0.004,-0.017,0.0069999999999999,0.0,1.0,0.0,335.9333930062672,950.0196354217236
1668521886.3084264,2.822,-0.0059999999999997,-0.02,-0.0029999999999999,1.0,0.0,948.004035063686,0.0,948.004035063686
1668521946.2964983,2.819,-0.0030000000000001,-0.017,0.0029999999999999,0.0,1.0,0.0,336.2908957302895,948.004035063686
1668522006.297706,2.827,0.008,-0.009,0.008,0.0,1.0,0.0,336.2908957302895,950.6943622295285
1668522067.1043985,2.828,0.0009999999999998,-0.006,0.0029999999999999,0.0,1.0,0.0,336.2908957302895,951.0306531252586
1668522127.1972451,2.832,0.004,-0.009,-0.0029999999999999,1.0,0.0,952.3758167081796,0.0,952.3758167081796
1668522187.1543536,2.831,-0.0009999999999998,-0.003,0.0059999999999999,0.0,1.0,0.0,336.4096844606781,952.3758167081796
1668522248.7523382,2.835,0.004,0.002,0.005,0.0,1.0,0.0,336.4096844606781,953.7214554460224
1668522308.830701,2.84,0.0049999999999998,0.007,0.005,0.0,1.0,0.0,336.4096844606781,955.4035038683256
1668522368.4597173,2.842,0.0020000000000002,0.018,0.011,0.0,1.0,0.0,336.4096844606781,956.0763232372472
1668522429.6344805,2.842,0.0,0.014,-0.0039999999999999,1.0,0.0,956.0763232372472,0.0,956.0763232372472
1668522489.3473303,2.845,0.0030000000000001,0.023,0.009,0.0,1.0,0.0,336.05494665632585,956.0763232372472
1668522549.364885,2.845,0.0,0.02,-0.0029999999999999,1.0,0.0,956.0763232372472,0.0,956.0763232372472
1668522610.2284412,2.845,0.0,0.018,-0.002,1.0,0.0,956.0763232372472,0.0,956.0763232372472
1668522670.2291114,2.851,0.0059999999999997,0.018,0.0,1.0,0.0,956.0763232372472,0.0,956.0763232372472
1668522730.2269945,2.852,0.0009999999999998,0.02,0.002,0.0,1.0,0.0,335.2301273622886,956.076323237247
1668522791.0411234,2.849,-0.0029999999999996,0.018,-0.002,1.0,0.0,955.0706328551604,0.0,955.0706328551604
1668522851.26237,2.849,0.0,0.018,0.0,1.0,0.0,955.0706328551604,0.0,955.0706328551604
1668522911.085349,2.852,0.0029999999999996,0.019,0.001,0.0,1.0,0.0,334.87750100110816,955.0706328551604
1668522971.8401113,2.851,-0.0009999999999998,0.009,-0.01,1.0,0.0,954.7357553541592,0.0,954.7357553541592
1668523032.2271972,2.853,0.0020000000000002,0.011,0.002,0.0,1.0,0.0,334.6427463561721,954.7357553541592
1668523092.3368893,2.849,-0.004,0.007,-0.0039999999999999,1.0,0.0,953.3971843687344,0.0,953.3971843687344
1668523152.8346112,2.849,0.0,0.007,0.0,1.0,0.0,953.3971843687344,0.0,953.3971843687344
1668523212.8046086,2.846,-0.0030000000000001,0.004,-0.003,1.0,0.0,953.3971843687344,0.0,953.3971843687344
1668523272.72903,2.845,-0.0009999999999998,0.003,-0.001,1.0,0.0,953.3971843687344,0.0,953.3971843687344
1668523333.5888317,2.83,-0.0150000000000001,-0.021,-0.024,1.0,0.0,953.3971843687344,0.0,953.3971843687344
1668523393.4499342,2.825,-0.0049999999999998,-0.027,-0.0059999999999999,1.0,0.0,953.3971843687344,0.0,953.3971843687344
1668523453.5349004,2.822,-0.0030000000000001,-0.03,-0.0029999999999999,1.0,0.0,953.3971843687344,0.0,953.3971843687344
1668523514.543233,2.821,-0.0009999999999998,-0.031,-0.001,1.0,0.0,953.3971843687344,0.0,953.3971843687344
1668523574.6875002,2.813,-0.008,-0.039,-0.008,1.0,0.0,953.3971843687344,0.0,953.3971843687344
1668523634.5903642,2.818,0.0049999999999998,-0.034,0.0049999999999999,0.0,1.0,0.0,338.3240540698135,953.3971843687344
1668523695.3445556,2.804,-0.0140000000000002,-0.045,-0.0109999999999999,1.0,0.0,948.660647611757,0.0,948.660647611757
1668523755.3884666,2.8,-0.004,-0.043,0.002,0.0,1.0,0.0,338.80737414705607,948.6606476117568
1668523815.2486084,2.806,0.0060000000000002,-0.037,0.0059999999999999,0.0,1.0,0.0,338.80737414705607,950.6934918566392
1668523876.9157703,2.82,0.0139999999999997,-0.008,0.0289999999999999,0.0,1.0,0.0,338.80737414705607,955.436795094698
1668523937.3771665,2.819,-0.0009999999999998,-0.009,-0.0009999999999999,1.0,0.0,955.097987720551,0.0,955.097987720551
1668523996.8032963,2.819,0.0,-0.011,-0.002,1.0,0.0,955.097987720551,0.0,955.097987720551
1668524057.8405485,2.82,0.0009999999999998,0.0,0.011,0.0,1.0,0.0,338.6872296881387,955.097987720551
1668524118.1039922,2.82,0.0,0.007,0.007,0.0,1.0,0.0,338.6872296881387,955.097987720551
1668524177.8504128,2.829,0.0090000000000003,0.011,0.0039999999999999,0.0,1.0,0.0,338.6872296881387,958.1461727877444
1668524239.849034,2.83,0.0009999999999998,0.021,0.01,0.0,1.0,0.0,338.6872296881387,958.4848600174324
1668524298.8837998,2.84,0.0099999999999997,0.037,0.0159999999999999,0.0,1.0,0.0,338.6872296881387,961.8717323143138
1668524358.8475296,2.836,-0.004,0.033,-0.0039999999999999,1.0,0.0,960.5169833955612,0.0,960.5169833955612
1668524419.7382402,2.836,0.0,0.033,0.0,1.0,0.0,960.5169833955612,0.0,960.5169833955612
1668524479.4277182,2.833,-0.0029999999999996,0.013,-0.02,1.0,0.0,960.5169833955612,0.0,960.5169833955612
1668524540.245,2.84,0.0069999999999996,0.021,0.008,0.0,1.0,0.0,338.2102054209723,960.5169833955612
1668524600.7447915,2.84,0.0,0.02,-0.001,1.0,0.0,960.5169833955612,0.0,960.5169833955612
1668524660.6176853,2.841,0.0010000000000003,0.021,0.001,0.0,1.0,0.0,338.09115923814187,960.5169833955612
1668524720.8436615,2.841,0.0,0.021,0.0,0.0,1.0,0.0,338.09115923814187,960.5169833955612
1668524782.2180595,2.848,0.0069999999999996,0.022,0.0009999999999999,0.0,1.0,0.0,338.09115923814187,962.883621510228
1668524842.107181,2.838,-0.0099999999999997,0.008,-0.0139999999999999,1.0,0.0,959.5027099178468,0.0,959.5027099178468
1668524901.2551897,2.832,-0.0060000000000002,0.002,-0.006,1.0,0.0,959.5027099178468,0.0,959.5027099178468
1668524962.0698917,2.825,-0.0069999999999996,-0.011,-0.013,1.0,0.0,959.5027099178468,0.0,959.5027099178468
1668525022.072405,2.825,0.0,-0.011,0.0,1.0,0.0,959.5027099178468,0.0,959.5027099178468
1668525083.60663,2.825,0.0,-0.006,0.0049999999999999,0.0,1.0,0.0,339.64697696206963,959.5027099178468
1668525143.748063,2.824,-0.0010000000000003,-0.021,-0.015,1.0,0.0,959.1630629408846,0.0,959.1630629408846
1668525203.221485,2.82,-0.004,-0.019,0.002,0.0,1.0,0.0,340.128745723718,959.1630629408849
1668525263.2533765,2.818,-0.0019999999999997,-0.022,-0.0029999999999999,1.0,0.0,958.4828054494374,0.0,958.4828054494374
1668525324.3104904,2.82,0.0019999999999997,-0.029,-0.007,1.0,0.0,958.4828054494374,0.0,958.4828054494374
1668525384.8203847,2.823,0.0030000000000001,-0.026,0.003,0.0,1.0,0.0,339.526321448614,958.4828054494373
1668525445.04792,2.826,0.0030000000000001,-0.006,0.0199999999999999,0.0,1.0,0.0,339.526321448614,959.5013844137832
1668525505.211675,2.833,0.0070000000000001,0.005,0.011,0.0,1.0,0.0,339.526321448614,961.8780686639236
1668525564.833042,2.835,0.0019999999999997,0.007,0.002,0.0,1.0,0.0,339.526321448614,962.5571213068208
1668525625.2631278,2.829,-0.0059999999999997,0.005,-0.002,1.0,0.0,960.5199633781292,0.0,960.5199633781292
1668525686.2012515,2.831,0.0019999999999997,0.007,0.002,0.0,1.0,0.0,339.28645827556664,960.5199633781292
1668525746.8748653,2.831,0.0,0.007,0.0,0.0,1.0,0.0,339.28645827556664,960.5199633781292
1668525805.8647647,2.836,0.0049999999999998,0.016,0.009,0.0,1.0,0.0,339.28645827556664,962.2163956695068
1668525866.724201,2.836,0.0,0.017,0.001,0.0,1.0,0.0,339.28645827556664,962.2163956695068
1668525926.7430997,2.837,0.0010000000000003,0.018,0.0009999999999999,0.0,1.0,0.0,339.28645827556664,962.5556821277828
1668525986.834108,2.838,0.0009999999999998,0.012,-0.0059999999999999,1.0,0.0,962.8949685860582,0.0,962.8949685860582
1668526047.966124,2.84,0.0019999999999997,0.009,-0.003,1.0,0.0,962.8949685860582,0.0,962.8949685860582
1668526107.640025,2.841,0.0010000000000003,0.005,-0.0039999999999999,1.0,0.0,962.8949685860582,0.0,962.8949685860582
1668526167.6019714,2.841,0.0,0.005,0.0,1.0,0.0,962.8949685860582,0.0,962.8949685860582
1668526228.3427937,2.841,0.0,0.005,0.0,1.0,0.0,962.8949685860582,0.0,962.8949685860582
1668526288.4164014,2.84,-0.0010000000000003,0.009,0.0039999999999999,0.0,1.0,0.0,339.04752415002054,962.8949685860584
1668526348.6053183,2.843,0.0030000000000001,0.007,-0.0019999999999999,1.0,0.0,963.9121111585084,0.0,963.9121111585084
1668526409.322194,2.85,0.0070000000000001,0.016,0.009,0.0,1.0,0.0,338.2147758450907,963.9121111585084
1668526469.5579169,2.854,0.004,0.018,0.0019999999999999,0.0,1.0,0.0,338.2147758450907,965.2649702618888
1668526529.500943,2.851,-0.0030000000000001,0.014,-0.0039999999999999,1.0,0.0,964.2503259343536,0.0,964.2503259343536
1668526590.6231546,2.851,0.0,0.013,-0.001,1.0,0.0,964.2503259343536,0.0,964.2503259343536
1668526650.642763,2.85,-0.0009999999999998,0.009,-0.004,1.0,0.0,964.2503259343536,0.0,964.2503259343536
1668526710.8050346,2.859,0.0089999999999998,0.018,0.009,0.0,1.0,0.0,337.2683896237683,964.2503259343536
1668526771.418647,2.863,0.004,0.022,0.004,0.0,1.0,0.0,337.2683896237683,965.5993994928486
1668526831.4568574,2.866,0.0030000000000001,0.032,0.01,0.0,1.0,0.0,337.2683896237683,966.61120466172
1668526891.577751,2.861,-0.0049999999999998,0.017,-0.015,1.0,0.0,964.9248627136012,0.0,964.9248627136012
1668526952.138939,2.866,0.0049999999999998,0.015,-0.002,1.0,0.0,964.9248627136012,0.0,964.9248627136012
1668527012.4475205,2.871,0.0049999999999998,0.021,0.006,0.0,1.0,0.0,336.0936477581335,964.9248627136012
1668527072.8677504,2.872,0.0009999999999998,0.022,0.0009999999999999,0.0,1.0,0.0,336.0936477581335,965.2609563613594
1668527133.169728,2.87,-0.0019999999999997,0.021,-0.0009999999999999,1.0,0.0,964.5887690658432,0.0,964.5887690658432
1668527193.0805857,2.865,-0.0049999999999998,0.017,-0.004,1.0,0.0,964.5887690658432,0.0,964.5887690658432
1668527253.1735418,2.86,-0.0050000000000003,0.012,-0.005,1.0,0.0,964.5887690658432,0.0,964.5887690658432
1668527313.875427,2.859,-0.0009999999999998,0.002,-0.01,1.0,0.0,964.5887690658432,0.0,964.5887690658432
1668527373.932891,2.859,0.0,-0.001,-0.003,1.0,0.0,964.5887690658432,0.0,964.5887690658432
1668527433.9620297,2.855,-0.004,-0.008,-0.007,1.0,0.0,964.5887690658432,0.0,964.5887690658432
1668527494.7527325,2.848,-0.0070000000000001,-0.014,-0.006,1.0,0.0,964.5887690658432,0.0,964.5887690658432
1668527555.785422,2.846,-0.0019999999999997,-0.029,-0.015,1.0,0.0,964.5887690658432,0.0,964.5887690658432
1668527614.6474926,2.844,-0.0020000000000002,-0.028,0.001,0.0,1.0,0.0,339.16623384874936,964.5887690658432
1668527675.7157865,2.855,0.0110000000000001,-0.019,0.009,0.0,1.0,0.0,339.16623384874936,968.3195976381794
1668527735.677479,2.853,-0.0019999999999997,-0.017,0.0019999999999999,0.0,1.0,0.0,339.16623384874936,967.641265170482
1668527795.5773134,2.853,0.0,-0.007,0.01,0.0,1.0,0.0,339.16623384874936,967.641265170482
1668527856.582086,2.852,-0.0010000000000003,-0.008,-0.001,1.0,0.0,967.3020989366332,0.0,967.3020989366332
1668527916.4730282,2.854,0.0020000000000002,-0.003,0.005,0.0,1.0,0.0,338.92855603946504,967.3020989366332
1668527976.543987,2.849,-0.0049999999999998,-0.01,-0.007,1.0,0.0,965.607456156436,0.0,965.607456156436
1668528037.205091,2.846,-0.0030000000000001,-0.004,0.006,0.0,1.0,0.0,339.2858243697948,965.607456156436
1668528097.8743632,2.856,0.0099999999999997,0.011,0.015,0.0,1.0,0.0,339.2858243697948,969.000314400134
1668528157.3511672,2.844,-0.012,-0.002,-0.013,1.0,0.0,964.9288845076964,0.0,964.9288845076964
1668528218.2613964,2.834,-0.0099999999999997,-0.014,-0.012,1.0,0.0,964.9288845076964,0.0,964.9288845076964
1668528278.2247677,2.842,0.008,-0.016,-0.002,1.0,0.0,964.9288845076964,0.0,964.9288845076964
1668528338.3238657,2.85,0.008,0.001,0.017,0.0,1.0,0.0,338.5715384237531,964.9288845076964
1668528399.3207488,2.855,0.0049999999999998,0.002,0.001,0.0,1.0,0.0,338.5715384237531,966.6217421998152
1668528459.4292629,2.85,-0.0049999999999998,-0.004,-0.006,1.0,0.0,964.9288845076964,0.0,964.9288845076964
1668528519.381648,2.854,0.004,0.0,0.004,0.0,1.0,0.0,338.0970162956189,964.9288845076964
1668528580.208274,2.854,0.0,0.0,0.0,0.0,1.0,0.0,338.0970162956189,964.9288845076964
1668528640.2396708,2.85,-0.004,0.001,0.001,0.0,1.0,0.0,338.0970162956189,963.576496442514
1668528700.0885935,2.85,0.0,0.001,0.0,0.0,1.0,0.0,338.0970162956189,963.576496442514
1668528761.0652432,2.855,0.0049999999999998,0.003,0.002,0.0,1.0,0.0,338.0970162956189,965.266981523992
1668528821.1720765,2.85,-0.0049999999999998,-0.005,-0.008,1.0,0.0,963.576496442514,0.0,963.576496442514
1668528882.685398,2.856,0.0059999999999997,0.009,0.0139999999999999,0.0,1.0,0.0,337.3867284462584,963.576496442514
1668528943.4486847,2.854,-0.0019999999999997,0.02,0.011,0.0,1.0,0.0,337.3867284462584,962.9017229856216
1668529003.2503502,2.86,0.0059999999999997,0.016,-0.004,1.0,0.0,964.926043356299,0.0,964.926043356299
1668529063.812915,2.86,0.0,0.014,-0.002,1.0,0.0,964.926043356299,0.0,964.926043356299
1668529124.8668134,2.866,0.0060000000000002,0.011,-0.003,1.0,0.0,964.926043356299,0.0,964.926043356299
1668529183.192033,2.872,0.0059999999999997,0.023,0.012,0.0,1.0,0.0,335.97703459481164,964.926043356299
1668529243.924949,2.871,-0.0009999999999998,0.017,-0.0059999999999999,1.0,0.0,964.5900663217042,0.0,964.5900663217042
1668529304.9921863,2.867,-0.004,0.017,0.0,1.0,0.0,964.5900663217042,0.0,964.5900663217042
1668529368.2771204,2.866,-0.0009999999999998,0.016,-0.001,1.0,0.0,964.5900663217042,0.0,964.5900663217042
1668529425.8448708,2.869,0.0030000000000001,0.017,0.001,0.0,1.0,0.0,336.2112465394577,964.5900663217042
1668529485.772543,2.866,-0.0030000000000001,0.009,-0.008,1.0,0.0,963.5814325820858,0.0,963.5814325820858
1668529544.7578242,2.863,-0.0030000000000001,0.005,-0.0039999999999999,1.0,0.0,963.5814325820858,0.0,963.5814325820858
1668529605.0093849,2.856,-0.0070000000000001,-0.006,-0.011,1.0,0.0,963.5814325820858,0.0,963.5814325820858
1668529668.32091,2.856,0.0,-0.006,0.0,1.0,0.0,963.5814325820858,0.0,963.5814325820858
1668529728.413028,2.86,0.004,-0.012,-0.006,1.0,0.0,963.5814325820858,0.0,963.5814325820858
1668529789.624023,2.855,-0.0049999999999998,-0.012,0.0,1.0,0.0,963.5814325820858,0.0,963.5814325820858
1668529847.4406912,2.857,0.0020000000000002,-0.011,0.001,0.0,1.0,0.0,337.27036492197607,963.5814325820857
1668529909.2969365,2.863,0.0059999999999997,-0.003,0.008,0.0,1.0,0.0,337.27036492197607,965.6050547716176
1668529966.2274292,2.865,0.0020000000000002,-0.004,-0.001,1.0,0.0,966.2795955014616,0.0,966.2795955014616
1668530026.90389,2.866,0.0009999999999998,-0.003,0.001,0.0,1.0,0.0,337.1526851016963,966.2795955014616
1668530086.8790815,2.864,-0.0020000000000002,0.001,0.004,0.0,1.0,0.0,337.1526851016963,965.605290131258
1668530146.8480234,2.864,0.0,0.007,0.006,0.0,1.0,0.0,337.1526851016963,965.605290131258
1668530207.826734,2.868,0.004,0.012,0.005,0.0,1.0,0.0,337.1526851016963,966.9539008716648
1668530267.8248274,2.86,-0.008,0.0,-0.012,1.0,0.0,964.2566793908514,0.0,964.2566793908514
1668530327.864505,2.852,-0.008,-0.004,-0.004,1.0,0.0,964.2566793908514,0.0,964.2566793908514
1668530388.7360406,2.853,0.0010000000000003,-0.001,0.003,0.0,1.0,0.0,337.9799086543468,964.2566793908514
1668530448.83927,2.851,-0.0020000000000002,-0.015,-0.0139999999999999,1.0,0.0,963.5807195735426,0.0,963.5807195735426
1668530508.680806,2.846,-0.0049999999999998,-0.019,-0.004,1.0,0.0,963.5807195735426,0.0,963.5807195735426
1668530569.4351282,2.844,-0.0020000000000002,-0.019,0.0,1.0,0.0,963.5807195735426,0.0,963.5807195735426
1668530629.465042,2.838,-0.0059999999999997,-0.028,-0.009,1.0,0.0,963.5807195735426,0.0,963.5807195735426
1668530689.3974664,2.846,0.008,-0.02,0.008,0.0,1.0,0.0,338.5736892387711,963.5807195735426
1668530750.4457295,2.833,-0.0129999999999999,-0.032,-0.012,1.0,0.0,959.1792616134388,0.0,959.1792616134388
1668530810.3833926,2.839,0.0059999999999997,-0.022,0.01,0.0,1.0,0.0,337.8581407585202,959.1792616134388
1668530870.5114834,2.847,0.008,-0.014,0.0079999999999999,0.0,1.0,0.0,337.8581407585202,961.882126739507
1668530931.182949,2.847,0.0,-0.014,0.0,0.0,1.0,0.0,337.8581407585202,961.882126739507
1668530991.0771031,2.845,-0.0019999999999997,-0.012,0.002,0.0,1.0,0.0,337.8581407585202,961.20641045799
1668531051.1645317,2.841,-0.004,-0.012,0.0,0.0,1.0,0.0,337.8581407585202,959.854977894956
1668531111.94055,2.846,0.0049999999999998,-0.005,0.007,0.0,1.0,0.0,337.8581407585202,961.5442685987484
1668531171.863734,2.85,0.004,-0.001,0.004,0.0,1.0,0.0,337.8581407585202,962.8957011617828
1668531232.8688369,2.85,0.0,0.007,0.008,0.0,1.0,0.0,337.8581407585202,962.8957011617828
1668531292.8651044,2.847,-0.0030000000000001,0.007,0.0,0.0,1.0,0.0,337.8581407585202,961.882126739507
1668531352.8436346,2.847,0.0,0.001,-0.006,1.0,0.0,961.882126739507,0.0,961.882126739507
1668531412.9883225,2.849,0.0020000000000002,0.009,0.008,0.0,1.0,0.0,337.62096410653106,961.882126739507
1668531473.745591,2.855,0.0059999999999997,0.018,0.009,0.0,1.0,0.0,337.62096410653106,963.9078525241462
1668531533.713516,2.857,0.0020000000000002,0.01,-0.0079999999999999,1.0,0.0,964.5830944523592,0.0,964.5830944523592
1668531593.671177,2.858,0.0009999999999998,0.011,0.0009999999999999,0.0,1.0,0.0,337.5028322086631,964.5830944523592
1668531654.5580823,2.86,0.0019999999999997,0.015,0.004,0.0,1.0,0.0,337.5028322086631,965.2581001167764
1668531715.392165,2.856,-0.004,0.015,0.0,0.0,1.0,0.0,337.5028322086631,963.9080887879418
1668531775.287949,2.854,-0.0019999999999997,0.003,-0.012,1.0,0.0,963.2330831235246,0.0,963.2330831235246
1668531836.2304842,2.857,0.0030000000000001,0.007,0.004,0.0,1.0,0.0,337.14843651505936,963.2330831235248
1668531896.7851677,2.855,-0.0020000000000002,0.005,-0.002,1.0,0.0,962.5587862504944,0.0,962.5587862504944
1668531956.1290233,2.856,0.0009999999999998,0.009,0.0039999999999999,0.0,1.0,0.0,337.03038734261014,962.5587862504946
1668532017.086233,2.853,-0.0029999999999996,0.006,-0.0029999999999999,1.0,0.0,961.5476950884668,0.0,961.5476950884668
1668532077.0247908,2.858,0.0049999999999998,0.011,0.0049999999999999,0.0,1.0,0.0,336.4407610526476,961.5476950884666
1668532137.110255,2.855,-0.0030000000000001,0.001,-0.0099999999999999,1.0,0.0,960.5383728053088,0.0,960.5383728053088
1668532198.2909706,2.862,0.0070000000000001,0.004,0.003,0.0,1.0,0.0,335.6178800857124,960.5383728053088
1668532258.244527,2.863,0.0009999999999998,0.009,0.0049999999999999,0.0,1.0,0.0,335.6178800857124,960.8739906853946
1668532318.4210746,2.859,-0.004,0.005,-0.0039999999999999,1.0,0.0,959.5315191650516,0.0,959.5315191650516
1668532379.7794862,2.861,0.0020000000000002,0.007,0.002,0.0,1.0,0.0,335.38326430096174,959.5315191650516
1668532440.2564597,2.862,0.0009999999999998,0.004,-0.003,1.0,0.0,959.8669024293524,0.0,959.8669024293524
1668532499.5702176,2.862,0.0,0.007,0.003,0.0,1.0,0.0,335.3832643009617,959.8669024293524
1668532561.099725,2.855,-0.0070000000000001,-0.002,-0.009,1.0,0.0,957.5192195792456,0.0,957.5192195792456
1668532620.7893243,2.856,0.0009999999999998,0.001,0.003,0.0,1.0,0.0,335.26583318601035,957.5192195792456
1668532680.8041844,2.862,0.0060000000000002,0.004,0.003,0.0,1.0,0.0,335.26583318601035,959.5308145783616
1668532741.860499,2.861,-0.0009999999999998,0.01,0.006,0.0,1.0,0.0,335.26583318601035,959.1955487451756
1668532801.5578434,2.858,-0.0030000000000001,-0.008,-0.018,1.0,0.0,958.1897512456176,0.0,958.1897512456176
1668532861.3829231,2.856,-0.0020000000000002,-0.01,-0.002,1.0,0.0,958.1897512456176,0.0,958.1897512456176
1668532922.2480817,2.864,0.008,-0.002,0.008,0.0,1.0,0.0,334.56346063045305,958.1897512456176
1668532982.58478,2.866,0.0020000000000002,0.007,0.009,0.0,1.0,0.0,334.56346063045305,958.8588781668784
1668533042.5687232,2.866,0.0,0.007,0.0,0.0,1.0,0.0,334.56346063045305,958.8588781668784
1668533104.514704,2.856,-0.0100000000000002,-0.005,-0.012,1.0,0.0,955.513243560574,0.0,955.513243560574
1668533164.6862895,2.864,0.008,0.002,0.007,0.0,1.0,0.0,333.6289258242228,955.513243560574
1668533224.9469886,2.868,0.004,0.01,0.008,0.0,1.0,0.0,333.6289258242228,956.8477592638708
1668533285.336807,2.863,-0.0049999999999998,0.008,-0.002,1.0,0.0,955.17961463475,0.0,955.17961463475
1668533345.4205885,2.861,-0.0019999999999997,0.006,-0.002,1.0,0.0,955.17961463475,0.0,955.17961463475
1668533405.4077866,2.861,0.0,0.006,0.0,1.0,0.0,955.17961463475,0.0,955.17961463475
1668533466.8546376,2.862,0.0009999999999998,0.001,-0.005,1.0,0.0,955.17961463475,0.0,955.17961463475
1668533526.5535078,2.862,0.0,0.004,0.003,0.0,1.0,0.0,333.74549777594336,955.17961463475
1668533586.389204,2.87,0.008,0.014,0.01,0.0,1.0,0.0,333.74549777594336,957.8495786169576
1668533649.174647,2.866,-0.004,0.007,-0.007,1.0,0.0,956.5145966258538,0.0,956.5145966258538
1668533708.4393544,2.867,0.0009999999999998,0.008,0.001,0.0,1.0,0.0,333.6290884638485,956.5145966258538
1668533768.2622666,2.868,0.0009999999999998,0.004,-0.004,1.0,0.0,956.8482257143176,0.0,956.8482257143176
1668533831.679778,2.869,0.0010000000000003,0.003,-0.001,1.0,0.0,956.8482257143176,0.0,956.8482257143176
1668533891.2416456,2.864,-0.0050000000000003,0.0,-0.003,1.0,0.0,956.8482257143176,0.0,956.8482257143176
1668533951.2641904,2.866,0.0020000000000002,0.002,0.002,0.0,1.0,0.0,333.8619070880382,956.8482257143176
1668534012.8106873,2.871,0.0049999999999998,0.007,0.005,0.0,1.0,0.0,333.8619070880382,958.5175352497575
1668534073.1866517,2.867,-0.004,0.006,-0.001,1.0,0.0,957.1820876214056,0.0,957.1820876214056
1668534132.2861073,2.867,0.0,0.006,0.0,1.0,0.0,957.1820876214056,0.0,957.1820876214056
1668534193.0571556,2.862,-0.0049999999999998,0.001,-0.005,1.0,0.0,957.1820876214056,0.0,957.1820876214056
1668534252.9434772,2.861,-0.0009999999999998,0.006,0.005,0.0,1.0,0.0,334.5620718704668,957.1820876214056
1668534313.2861557,2.857,-0.004,-0.013,-0.019,1.0,0.0,955.8438393339236,0.0,955.8438393339236
1668534374.1370394,2.856,-0.0010000000000003,-0.014,-0.001,1.0,0.0,955.8438393339236,0.0,955.8438393339236
1668534434.2967904,2.857,0.0010000000000003,-0.01,0.004,0.0,1.0,0.0,334.56207187046675,955.8438393339236
1668534494.1431117,2.857,0.0,-0.007,0.003,0.0,1.0,0.0,334.56207187046675,955.8438393339236
1668534555.1401234,2.857,0.0,-0.007,0.0,0.0,1.0,0.0,334.56207187046675,955.8438393339236
1668534615.4811232,2.858,0.0009999999999998,-0.007,0.0,0.0,1.0,0.0,334.56207187046675,956.178401405794
1668534675.3337843,2.852,-0.0060000000000002,-0.014,-0.007,1.0,0.0,954.1710289745712,0.0,954.1710289745712
1668534735.876994,2.847,-0.0049999999999998,-0.02,-0.006,1.0,0.0,954.1710289745712,0.0,954.1710289745712
1668534795.0557506,2.854,0.0070000000000001,-0.013,0.007,0.0,1.0,0.0,334.32762052367593,954.1710289745712
1668534855.1403086,2.858,0.004,-0.003,0.0099999999999999,0.0,1.0,0.0,334.32762052367593,955.5083394566658
1668534917.2033515,2.862,0.004,0.001,0.004,0.0,1.0,0.0,334.32762052367593,956.8456499387604
1668534975.062328,2.854,-0.008,-0.001,-0.002,1.0,0.0,954.1710289745712,0.0,954.1710289745712
1668535035.4625735,2.854,0.0,-0.001,0.0,1.0,0.0,954.1710289745712,0.0,954.1710289745712
1668535095.3399713,2.853,-0.0009999999999998,-0.004,-0.003,1.0,0.0,954.1710289745712,0.0,954.1710289745712
1668535155.5164697,2.852,-0.0010000000000003,-0.004,0.0,1.0,0.0,954.1710289745712,0.0,954.1710289745712
1668535215.0791574,2.851,-0.0009999999999998,-0.005,-0.001,1.0,0.0,954.1710289745712,0.0,954.1710289745712
1668535275.336607,2.851,0.0,-0.005,0.0,1.0,0.0,954.1710289745712,0.0,954.1710289745712
1668535335.629535,2.853,0.0020000000000002,0.003,0.008,0.0,1.0,0.0,334.44480510850724,954.1710289745712
1668535395.5139694,2.842,-0.0110000000000001,-0.008,-0.011,1.0,0.0,950.4921361183776,0.0,950.4921361183776
1668535455.602975,2.843,0.0009999999999998,-0.011,-0.0029999999999999,1.0,0.0,950.4921361183776,0.0,950.4921361183776
1668535515.5368335,2.846,0.0030000000000001,-0.011,0.0,1.0,0.0,950.4921361183776,0.0,950.4921361183776
1668535575.151534,2.846,0.0,-0.008,0.0029999999999999,0.0,1.0,0.0,333.9747491631685,950.4921361183776
1668535636.022933,2.844,-0.0020000000000002,-0.01,-0.002,1.0,0.0,949.8241866200513,0.0,949.8241866200513
1668535695.3593743,2.844,0.0,-0.01,0.0,1.0,0.0,949.8241866200513,0.0,949.8241866200513
1668535755.4638994,2.848,0.004,-0.004,0.006,0.0,1.0,0.0,333.5056835042315,949.8241866200513
1668535815.444119,2.847,-0.0009999999999998,-0.007,-0.003,1.0,0.0,949.4906809365472,0.0,949.4906809365472
1668535875.508913,2.846,-0.0009999999999998,-0.007,0.0,1.0,0.0,949.4906809365472,0.0,949.4906809365472
1668535935.9691005,2.844,-0.0020000000000002,-0.008,-0.001,1.0,0.0,949.4906809365472,0.0,949.4906809365472
1668535995.419605,2.839,-0.0049999999999998,-0.017,-0.009,1.0,0.0,949.4906809365472,0.0,949.4906809365472
1668536055.2993062,2.843,0.004,-0.013,0.004,0.0,1.0,0.0,333.9749141528481,949.4906809365472
1668536115.5738811,2.842,-0.0009999999999998,-0.001,0.012,0.0,1.0,0.0,333.9749141528481,949.1567060223944
1668536175.381801,2.836,-0.0060000000000002,-0.007,-0.006,1.0,0.0,947.1528565374772,0.0,947.1528565374772
1668536235.4752316,2.836,0.0,-0.007,0.0,1.0,0.0,947.1528565374772,0.0,947.1528565374772
1668536295.556069,2.835,-0.0009999999999998,-0.011,-0.0039999999999999,1.0,0.0,947.1528565374772,0.0,947.1528565374772
1668536355.5291088,2.834,-0.0009999999999998,-0.012,-0.001,1.0,0.0,947.1528565374772,0.0,947.1528565374772
1668536415.636377,2.831,-0.0030000000000001,-0.016,-0.004,1.0,0.0,947.1528565374772,0.0,947.1528565374772
1668536475.316874,2.834,0.0030000000000001,-0.013,0.003,0.0,1.0,0.0,334.2106056942404,947.1528565374772
1668536535.4418576,2.834,0.0,-0.013,0.0,0.0,1.0,0.0,334.2106056942404,947.1528565374774
1668536595.3064458,2.82,-0.0140000000000002,-0.023,-0.01,1.0,0.0,942.473908057758,0.0,942.473908057758
1668536655.4257417,2.82,0.0,-0.023,0.0,1.0,0.0,942.473908057758,0.0,942.473908057758
1668536715.6377025,2.823,0.0030000000000001,-0.013,0.01,0.0,1.0,0.0,333.8554403321849,942.473908057758
1668536774.8509393,2.827,0.004,-0.016,-0.003,1.0,0.0,943.8093298190868,0.0,943.8093298190868
1668536834.7850158,2.817,-0.0099999999999997,-0.024,-0.008,1.0,0.0,943.8093298190868,0.0,943.8093298190868
1668536894.9102025,2.812,-0.0050000000000003,-0.021,0.0029999999999999,0.0,1.0,0.0,335.6363192813253,943.8093298190868
1668536955.011449,2.808,-0.004,-0.025,-0.004,1.0,0.0,942.4667845419614,0.0,942.4667845419614
1668537014.794786,2.807,-0.0009999999999998,-0.024,0.001,0.0,1.0,0.0,335.7558904673892,942.4667845419614
1668537075.0813725,2.815,0.008,-0.016,0.008,0.0,1.0,0.0,335.7558904673892,945.1528316657004
1668537134.864415,2.797,-0.0179999999999997,-0.025,-0.009,1.0,0.0,939.1092256372876,0.0,939.1092256372876
1668537194.8426008,2.787,-0.0100000000000002,-0.03,-0.0049999999999999,1.0,0.0,939.1092256372876,0.0,939.1092256372876
1668537254.5188684,2.792,0.0049999999999998,-0.025,0.0049999999999999,0.0,1.0,0.0,336.3571725061919,939.1092256372876
1668537368.609719,2.788,-0.004,-0.034,-0.009,1.0,0.0,937.7637969472628,0.0,937.7637969472628
1668537375.5372937,2.788,0.0,-0.034,0.0,1.0,0.0,937.7637969472628,0.0,937.7637969472628
1668537435.5061927,2.788,0.0,-0.027,0.007,0.0,1.0,0.0,336.35717250619183,937.7637969472628
1668537495.2909782,2.775,-0.0129999999999999,-0.033,-0.006,1.0,0.0,933.3911537046824,0.0,933.3911537046824
1668537555.2927637,2.764,-0.0110000000000001,-0.043,-0.0099999999999999,1.0,0.0,933.3911537046824,0.0,933.3911537046824
1668537615.423062,2.767,0.0030000000000001,-0.048,-0.005,1.0,0.0,933.3911537046824,0.0,933.3911537046824
1668537675.3726468,2.76,-0.0070000000000001,-0.039,0.009,0.0,1.0,0.0,338.1852006176386,933.3911537046824
1668537735.42134,2.754,-0.0059999999999997,-0.033,0.0059999999999999,0.0,1.0,0.0,338.1852006176386,931.3620425009768
1668537795.341709,2.76,0.0059999999999997,-0.027,0.006,0.0,1.0,0.0,338.1852006176386,933.3911537046824
1668537855.2937365,2.771,0.0110000000000001,-0.017,0.0099999999999999,0.0,1.0,0.0,338.1852006176386,937.1111909114766
1668537915.389176,2.768,-0.0030000000000001,-0.024,-0.0069999999999999,1.0,0.0,936.0966353096236,0.0,936.0966353096236
1668537975.2374592,2.777,0.0090000000000003,-0.015,0.009,0.0,1.0,0.0,337.0891736800949,936.0966353096236
1668538035.2594354,2.785,0.008,0.01,0.025,0.0,1.0,0.0,337.0891736800949,938.7933486990644
1668538095.3730316,2.784,-0.0010000000000003,0.009,-0.001,1.0,0.0,938.4562595253842,0.0,938.4562595253842
1668538155.649058,2.776,-0.008,0.009,0.0,1.0,0.0,938.4562595253842,0.0,938.4562595253842
1668538215.4613056,2.772,-0.004,0.015,0.006,0.0,1.0,0.0,338.54843417221656,938.4562595253842
1668538275.437272,2.77,-0.0019999999999997,0.013,-0.002,1.0,0.0,937.7791626570398,0.0,937.7791626570398
1668538335.2922616,2.775,0.0049999999999998,0.021,0.008,0.0,1.0,0.0,337.9384369935279,937.7791626570398
1668538395.2897742,2.774,-0.0009999999999998,0.009,-0.012,1.0,0.0,937.4412242200464,0.0,937.4412242200464
1668538455.3103554,2.762,-0.012,-0.01,-0.019,1.0,0.0,937.4412242200464,0.0,937.4412242200464
1668538515.3046274,2.768,0.0059999999999997,-0.004,0.006,0.0,1.0,0.0,338.6709625072422,937.4412242200464
1668538575.5497727,2.768,0.0,-0.013,-0.009,1.0,0.0,937.4412242200464,0.0,937.4412242200464
1668538635.430694,2.77,0.0020000000000002,-0.014,-0.001,1.0,0.0,937.4412242200464,0.0,937.4412242200464
1668538695.4298644,2.78,0.0099999999999997,0.0,0.014,0.0,1.0,0.0,337.20907346044834,937.4412242200464
1668538755.3567572,2.774,-0.0059999999999997,-0.006,-0.006,1.0,0.0,935.4179697792836,0.0,935.4179697792836
1668538815.3682785,2.78,0.0059999999999997,0.003,0.009,0.0,1.0,0.0,336.4812840932675,935.4179697792836
1668538875.4901016,2.777,-0.0029999999999996,0.0,-0.003,1.0,0.0,934.408525927004,0.0,934.408525927004
1668538935.76121,2.777,0.0,0.002,0.002,0.0,1.0,0.0,336.4812840932676,934.408525927004
1668538995.4286425,2.769,-0.008,-0.007,-0.009,1.0,0.0,931.716675654258,0.0,931.716675654258
1668539055.2708242,2.754,-0.0150000000000001,-0.014,-0.007,1.0,0.0,931.716675654258,0.0,931.716675654258
1668539115.3593826,2.75,-0.004,-0.017,-0.003,1.0,0.0,931.716675654258,0.0,931.716675654258
1668539175.3464935,2.755,0.0049999999999998,-0.012,0.005,0.0,1.0,0.0,338.1911708363913,931.716675654258
1668539235.3847902,2.756,0.0009999999999998,-0.024,-0.012,1.0,0.0,932.0548668250945,0.0,932.0548668250945
1668539295.4433253,2.759,0.0030000000000001,-0.021,0.0029999999999999,0.0,1.0,0.0,337.8234385013028,932.0548668250945
1668539355.536806,2.759,0.0,-0.021,0.0,0.0,1.0,0.0,337.8234385013028,932.0548668250945
1668539415.5932467,2.769,0.0100000000000002,-0.012,0.009,0.0,1.0,0.0,337.8234385013028,935.4331012101076
1668539475.4065657,2.776,0.0069999999999996,-0.005,0.007,0.0,1.0,0.0,337.8234385013028,937.7978652796164
1668539535.4608707,2.782,0.0060000000000002,0.009,0.0139999999999999,0.0,1.0,0.0,337.8234385013028,939.8248059106244
1668539595.5168216,2.782,0.0,0.017,0.008,0.0,1.0,0.0,337.8234385013028,939.8248059106244
1668539655.4131465,2.785,0.0030000000000001,0.031,0.0139999999999999,0.0,1.0,0.0,337.8234385013028,940.8382762261284
1668539715.5636015,2.785,0.0,0.031,0.0,0.0,1.0,0.0,337.8234385013028,940.8382762261284
1668539775.3942358,2.782,-0.0030000000000001,0.027,-0.004,1.0,0.0,939.8248059106244,0.0,939.8248059106244
1668539836.4937413,2.785,0.0030000000000001,0.027,0.0,1.0,0.0,939.8248059106244,0.0,939.8248059106244
1668539895.3603916,2.79,0.0049999999999998,0.034,0.007,0.0,1.0,0.0,336.854769143593,939.8248059106244
1668539955.4341557,2.789,-0.0009999999999998,0.033,-0.001,1.0,0.0,939.487951141481,0.0,939.487951141481
1668540015.4507625,2.788,-0.0010000000000003,0.025,-0.008,1.0,0.0,939.487951141481,0.0,939.487951141481
1668540075.491992,2.794,0.0060000000000002,0.031,0.0059999999999999,0.0,1.0,0.0,336.25195101699387,939.4879511414808
1668540135.5381153,2.801,0.0070000000000001,0.026,-0.005,1.0,0.0,941.8417147986,0.0,941.8417147986
1668540195.4339387,2.792,-0.0090000000000003,0.009,-0.017,1.0,0.0,941.8417147986,0.0,941.8417147986
1668540255.4005136,2.791,-0.0009999999999998,0.005,-0.0039999999999999,1.0,0.0,941.8417147986,0.0,941.8417147986
1668540316.6687975,2.794,0.0030000000000001,0.008,0.003,0.0,1.0,0.0,337.09438611259844,941.8417147986
1668540375.5346415,2.791,-0.0030000000000001,0.009,0.0009999999999999,0.0,1.0,0.0,337.09438611259844,940.8304316402622
1668540435.3616865,2.783,-0.008,0.001,-0.008,1.0,0.0,938.1336765513614,0.0,938.1336765513614
1668540495.4128036,2.786,0.0030000000000001,0.004,0.003,0.0,1.0,0.0,336.73139861857914,938.1336765513616
1668540555.404667,2.789,0.0030000000000001,0.0,-0.004,1.0,0.0,939.1438707472172,0.0,939.1438707472172
1668540615.4568992,2.789,0.0,0.0,0.0,1.0,0.0,939.1438707472172,0.0,939.1438707472172
1668540675.3765645,2.785,-0.004,-0.003,-0.003,1.0,0.0,939.1438707472172,0.0,939.1438707472172
1668540735.5599945,2.789,0.004,-0.012,-0.009,1.0,0.0,939.1438707472172,0.0,939.1438707472172
1668540796.875482,2.793,0.004,-0.008,0.004,0.0,1.0,0.0,336.2491481372063,939.1438707472172
1668540855.531505,2.79,-0.0030000000000001,-0.001,0.007,0.0,1.0,0.0,336.2491481372063,938.1351233028056
1668540915.734245,2.781,-0.0089999999999998,-0.014,-0.013,1.0,0.0,935.1088809695708,0.0,935.1088809695708
1668540975.4999895,2.783,0.0019999999999997,-0.012,0.002,0.0,1.0,0.0,336.00750304332405,935.1088809695708
1668541035.5017066,2.792,0.0089999999999998,0.003,0.015,0.0,1.0,0.0,336.00750304332405,938.1329484969608
1668541095.5335708,2.788,-0.004,0.003,0.0,0.0,1.0,0.0,336.00750304332405,936.7889184847874
1668541155.4976034,2.794,0.0060000000000002,0.007,0.004,0.0,1.0,0.0,336.00750304332405,938.8049635030474
1668541215.5014758,2.795,0.0009999999999998,0.006,-0.001,1.0,0.0,939.1409710060908,0.0,939.1409710060908
1668541276.611093,2.793,-0.0019999999999997,0.01,0.004,0.0,1.0,0.0,336.248109919832,939.1409710060908
1668541335.4724011,2.794,0.0009999999999998,0.011,0.0009999999999999,0.0,1.0,0.0,336.248109919832,939.4772191160108
1668541395.5262644,2.794,0.0,0.001,-0.0099999999999999,1.0,0.0,939.4772191160108,0.0,939.4772191160108
1668541455.6434107,2.794,0.0,0.001,0.0,1.0,0.0,939.4772191160108,0.0,939.4772191160108
1668541515.4609883,2.796,0.0019999999999997,0.006,0.005,0.0,1.0,0.0,336.00758909728575,939.4772191160108
1668541575.632969,2.797,0.0010000000000003,0.018,0.0119999999999999,0.0,1.0,0.0,336.00758909728575,939.8132267051084
1668541635.525841,2.793,-0.004,0.004,-0.0139999999999999,1.0,0.0,938.4691963487192,0.0,938.4691963487192
1668541695.6708877,2.794,0.0009999999999998,0.005,0.001,0.0,1.0,0.0,335.8873286860125,938.469196348719
1668541756.0882018,2.799,0.0049999999999998,0.007,0.002,0.0,1.0,0.0,335.8873286860125,940.1486329921488
1668541815.5779696,2.799,0.0,0.007,0.0,0.0,1.0,0.0,335.8873286860125,940.1486329921488
1668541875.636998,2.8,0.0009999999999998,0.012,0.005,0.0,1.0,0.0,335.8873286860125,940.4845203208348
1668541935.5550268,2.801,0.0010000000000003,0.007,-0.005,1.0,0.0,940.820407649521,0.0,940.820407649521
1668541995.5086763,2.801,0.0,0.006,-0.001,1.0,0.0,940.820407649521,0.0,940.820407649521
1668542055.4848566,2.797,-0.004,0.001,-0.005,1.0,0.0,940.820407649521,0.0,940.820407649521
1668542115.598215,2.796,-0.0010000000000003,0.002,0.001,0.0,1.0,0.0,336.48798556849823,940.820407649521
1668542175.8611295,2.802,0.0060000000000002,0.006,0.004,0.0,1.0,0.0,336.48798556849823,942.839335562932
1668542235.577428,2.808,0.0059999999999997,0.012,0.006,0.0,1.0,0.0,336.48798556849823,944.8582634763428
1668542295.60212,2.815,0.0070000000000001,0.021,0.009,0.0,1.0,0.0,336.48798556849823,947.2136793753224
1668542355.5566876,2.813,-0.0019999999999997,0.014,-0.007,1.0,0.0,946.5407034041856,0.0,946.5407034041856
1668542415.581582,2.814,0.0009999999999998,0.014,0.0,1.0,0.0,946.5407034041856,0.0,946.5407034041856
1668542475.4631028,2.825,0.0110000000000001,0.024,0.01,0.0,1.0,0.0,335.05865607227804,946.5407034041856
1668542535.586918,2.826,0.0009999999999998,0.025,0.001,0.0,1.0,0.0,335.05865607227804,946.8757620602578
1668542595.682469,2.825,-0.0009999999999998,0.024,-0.001,1.0,0.0,946.5407034041856,0.0,946.5407034041856
1668542655.7477555,2.829,0.004,0.032,0.008,0.0,1.0,0.0,334.5849075306418,946.5407034041856
1668542715.7490318,2.827,-0.0020000000000002,0.031,-0.001,1.0,0.0,945.8715335891244,0.0,945.8715335891244
1668542775.7402864,2.815,-0.012,0.017,-0.0139999999999999,1.0,0.0,945.8715335891244,0.0,945.8715335891244
1668542837.7753384,2.813,-0.0019999999999997,0.0,-0.017,1.0,0.0,945.8715335891244,0.0,945.8715335891244
1668542895.925944,2.809,-0.004,-0.004,-0.004,1.0,0.0,945.8715335891244,0.0,945.8715335891244
1668542955.7566528,2.816,0.0069999999999996,0.009,0.013,0.0,1.0,0.0,335.8918798256834,945.8715335891244
1668543015.7670703,2.817,0.0010000000000003,-0.007,-0.016,1.0,0.0,946.2074254689502,0.0,946.2074254689502
1668543075.9398096,2.819,0.0019999999999997,-0.005,0.002,0.0,1.0,0.0,335.6535741287514,946.2074254689502
1668543135.8427289,2.81,-0.0089999999999998,-0.014,-0.009,1.0,0.0,943.1865433017916,0.0,943.1865433017916
1668543195.7934003,2.81,0.0,-0.016,-0.002,1.0,0.0,943.1865433017916,0.0,943.1865433017916
1668543255.7492852,2.812,0.0019999999999997,-0.017,-0.001,1.0,0.0,943.1865433017916,0.0,943.1865433017916
1668543315.7067585,2.81,-0.0019999999999997,-0.015,0.002,0.0,1.0,0.0,335.6535741287515,943.1865433017916
1668543375.897851,2.809,-0.0009999999999998,-0.006,0.009,0.0,1.0,0.0,335.6535741287515,942.8508897276628
1668543435.8118434,2.809,0.0,-0.004,0.002,0.0,1.0,0.0,335.6535741287515,942.8508897276628
1668543495.7450771,2.807,-0.0020000000000002,-0.006,-0.002,1.0,0.0,942.1795825794054,0.0,942.1795825794054
1668543556.25568,2.808,0.0009999999999998,-0.001,0.005,0.0,1.0,0.0,335.53403938013014,942.1795825794054
1668543615.894152,2.808,0.0,-0.008,-0.007,1.0,0.0,942.1795825794054,0.0,942.1795825794054
1668543676.1373234,2.805,-0.0029999999999996,-0.014,-0.006,1.0,0.0,942.1795825794054,0.0,942.1795825794054
1668543735.7539158,2.805,0.0,-0.014,0.0,1.0,0.0,942.1795825794054,0.0,942.1795825794054
1668543795.8096185,2.804,-0.0010000000000003,-0.005,0.009,0.0,1.0,0.0,336.012689935594,942.1795825794056
1668546144.3696392,2.811,0.0070000000000001,0.01,0.015,0.0,1.0,0.0,336.012689935594,944.5316714089548
1668546204.1082635,2.809,-0.0019999999999997,0.008,-0.002,1.0,0.0,943.8596460290836,0.0,943.8596460290836
1668546264.143921,2.809,0.0,0.008,0.0,1.0,0.0,943.8596460290836,0.0,943.8596460290836
1668546325.1173668,2.809,0.0,0.008,0.0,1.0,0.0,943.8596460290836,0.0,943.8596460290836
1668546385.0488915,2.808,-0.0010000000000003,0.011,0.0029999999999999,0.0,1.0,0.0,336.13235257446,943.8596460290836
1668546445.101104,2.803,-0.0049999999999998,0.007,-0.0039999999999999,1.0,0.0,942.1789842662114,0.0,942.1789842662114
1668546506.6382382,2.804,0.0009999999999998,0.008,0.001,0.0,1.0,0.0,336.0124765571367,942.1789842662112
1668546565.9026694,2.804,0.0,0.008,0.0,0.0,1.0,0.0,336.0124765571367,942.1789842662112
1668546625.9674263,2.8,-0.004,-0.001,-0.009,1.0,0.0,940.8349343599828,0.0,940.8349343599828
1668546686.5716634,2.798,-0.0019999999999997,-0.003,-0.002,1.0,0.0,940.8349343599828,0.0,940.8349343599828
1668546746.7684488,2.8,0.0019999999999997,0.0,0.003,0.0,1.0,0.0,336.0124765571367,940.8349343599828
1668546806.8238966,2.792,-0.008,-0.013,-0.013,1.0,0.0,938.1468345475256,0.0,938.1468345475256
1668546868.1915455,2.791,-0.0009999999999998,-0.014,-0.001,1.0,0.0,938.1468345475256,0.0,938.1468345475256
1668546928.1648457,2.796,0.0049999999999998,-0.01,0.004,0.0,1.0,0.0,335.5317720127059,938.1468345475256
1668546988.948941,2.799,0.0030000000000001,-0.014,-0.004,1.0,0.0,939.1534298635638,0.0,939.1534298635638
1668547048.9881873,2.799,0.0,-0.014,0.0,1.0,0.0,939.1534298635638,0.0,939.1534298635638
1668547109.030394,2.8,0.0009999999999998,-0.009,0.005,0.0,1.0,0.0,335.4119392369871,939.1534298635638
1668547169.1275914,2.8,0.0,-0.009,0.0,0.0,1.0,0.0,335.4119392369871,939.1534298635638
1668547229.7976656,2.802,0.0020000000000002,-0.007,0.0019999999999999,0.0,1.0,0.0,335.4119392369871,939.824253742038
1668547289.8662777,2.801,-0.0009999999999998,-0.003,0.004,0.0,1.0,0.0,335.4119392369871,939.488841802801
1668547349.8208115,2.8,-0.0010000000000003,-0.004,-0.001,1.0,0.0,939.1534298635638,0.0,939.1534298635638
1668547410.8441887,2.796,-0.004,-0.004,0.0,1.0,0.0,939.1534298635638,0.0,939.1534298635638
1668547470.7868872,2.796,0.0,-0.004,0.0,1.0,0.0,939.1534298635638,0.0,939.1534298635638
1668547531.293393,2.797,0.0010000000000003,0.005,0.009,0.0,1.0,0.0,335.7716946240843,939.153429863564
1668547591.758774,2.796,-0.0010000000000003,0.005,0.0,0.0,1.0,0.0,335.7716946240843,938.8176581689396
1668547651.6604252,2.796,0.0,0.005,0.0,0.0,1.0,0.0,335.7716946240843,938.8176581689396
1668547711.6116493,2.798,0.0020000000000002,0.002,-0.003,1.0,0.0,939.489201558188,0.0,939.489201558188
1668547772.3928998,2.798,0.0,0.002,0.0,1.0,0.0,939.489201558188,0.0,939.489201558188
1668547832.3783617,2.805,0.0070000000000001,0.006,0.004,0.0,1.0,0.0,334.9337616963237,939.489201558188
1668547892.50324,2.808,0.0029999999999996,0.007,0.001,0.0,1.0,0.0,334.9337616963237,940.4940028432768
1668547953.352658,2.807,-0.0009999999999998,0.006,-0.001,1.0,0.0,940.1590690815806,0.0,940.1590690815806
1668548014.2883253,2.8,-0.0070000000000001,-0.002,-0.008,1.0,0.0,940.1590690815806,0.0,940.1590690815806
1668548073.247561,2.812,0.012,0.009,0.011,0.0,1.0,0.0,334.3382180233217,940.1590690815806
1668548134.4398055,2.81,-0.0019999999999997,0.01,0.001,0.0,1.0,0.0,334.3382180233217,939.490392645534
1668548194.3416083,2.814,0.004,0.018,0.0079999999999999,0.0,1.0,0.0,334.3382180233217,940.8277455176272
1668548254.2842293,2.817,0.0030000000000001,0.021,0.003,0.0,1.0,0.0,334.3382180233217,941.8307601716972
1668548315.0649242,2.817,0.0,0.021,0.0,0.0,1.0,0.0,334.3382180233217,941.8307601716972
1668548375.1394415,2.817,0.0,0.021,0.0,0.0,1.0,0.0,334.3382180233217,941.8307601716972
1668548435.1665783,2.818,0.0009999999999998,0.022,0.0009999999999999,0.0,1.0,0.0,334.3382180233217,942.1650983897206
1668548496.3561275,2.811,-0.0070000000000001,0.015,-0.0069999999999999,1.0,0.0,939.8247308635572,0.0,939.8247308635572
1668548555.9448736,2.819,0.008,0.023,0.008,0.0,1.0,0.0,333.3894043503218,939.8247308635572
1668548616.0867603,2.816,-0.0030000000000001,0.018,-0.005,1.0,0.0,938.824562650506,0.0,938.824562650506
1668548676.9888277,2.811,-0.0049999999999998,0.013,-0.0049999999999999,1.0,0.0,938.824562650506,0.0,938.824562650506
1668548736.940435,2.808,-0.0030000000000001,0.002,-0.011,1.0,0.0,938.824562650506,0.0,938.824562650506
1668548797.188208,2.805,-0.0029999999999996,0.005,0.003,0.0,1.0,0.0,334.6968137791465,938.824562650506
1668548857.786415,2.805,0.0,-0.001,-0.006,1.0,0.0,938.824562650506,0.0,938.824562650506
1668548917.8372922,2.807,0.0019999999999997,0.001,0.002,0.0,1.0,0.0,334.45834080887283,938.824562650506
1668548977.8073118,2.819,0.012,0.002,0.001,0.0,1.0,0.0,334.45834080887283,942.8380627402124
1668549039.4783194,2.815,-0.004,-0.002,-0.004,1.0,0.0,941.500229376977,0.0,941.500229376977
1668549098.6696758,2.82,0.0049999999999998,0.003,0.005,0.0,1.0,0.0,333.8653295663039,941.5002293769768
1668549158.7222145,2.82,0.0,0.001,-0.002,1.0,0.0,941.5002293769768,0.0,941.5002293769768
1668549219.512749,2.82,0.0,0.001,0.0,1.0,0.0,941.5002293769768,0.0,941.5002293769768
1668549279.5183702,2.822,0.0020000000000002,0.011,0.0099999999999999,0.0,1.0,0.0,333.62871345746873,941.5002293769768
1668549339.4485655,2.825,0.0030000000000001,0.017,0.006,0.0,1.0,0.0,333.62871345746873,942.5011155173491
1668549400.6118846,2.824,-0.0010000000000003,0.016,-0.001,1.0,0.0,942.1674868038916,0.0,942.1674868038916
1668549460.4452858,2.825,0.0010000000000003,0.018,0.0019999999999999,0.0,1.0,0.0,333.5106147978377,942.1674868038916
1668549520.8772974,2.823,-0.0020000000000002,0.006,-0.0119999999999999,1.0,0.0,941.5004655742958,0.0,941.5004655742958
1668549581.376842,2.822,-0.0009999999999998,0.005,-0.001,1.0,0.0,941.5004655742958,0.0,941.5004655742958
1668549641.2450204,2.821,-0.0009999999999998,0.004,-0.001,1.0,0.0,941.5004655742958,0.0,941.5004655742958
1668549701.2644825,2.824,0.0029999999999996,0.004,0.0,1.0,0.0,941.5004655742958,0.0,941.5004655742958
1668549762.196308,2.817,-0.0069999999999996,-0.003,-0.007,1.0,0.0,941.5004655742958,0.0,941.5004655742958
1668549822.25786,2.821,0.004,-0.003,0.0,1.0,0.0,941.5004655742958,0.0,941.5004655742958
1668549882.2376962,2.821,0.0,-0.003,0.0,1.0,0.0,941.5004655742958,0.0,941.5004655742958
1668549943.5136952,2.821,0.0,-0.003,0.0,1.0,0.0,941.5004655742958,0.0,941.5004655742958
1668550003.1298025,2.821,0.0,-0.003,0.0,1.0,0.0,941.5004655742958,0.0,941.5004655742958
1668550063.053297,2.817,-0.004,-0.008,-0.005,1.0,0.0,941.5004655742958,0.0,941.5004655742958
1668550124.1479723,2.815,-0.0020000000000002,-0.01,-0.002,1.0,0.0,941.5004655742958,0.0,941.5004655742958
1668550183.9012833,2.816,0.0009999999999998,-0.006,0.004,0.0,1.0,0.0,334.33965396814483,941.5004655742956
1668550243.8427892,2.823,0.0070000000000001,0.001,0.007,0.0,1.0,0.0,334.33965396814483,943.8408431520728
1668550304.628976,2.819,-0.004,-0.003,-0.004,1.0,0.0,942.5034845362004,0.0,942.5034845362004
1668550364.6680532,2.819,0.0,-0.004,-0.001,1.0,0.0,942.5034845362004,0.0,942.5034845362004
1668550424.6152318,2.82,0.0009999999999998,-0.003,0.001,0.0,1.0,0.0,334.2210938071633,942.5034845362004
1668550485.648353,2.821,0.0010000000000003,-0.001,0.002,0.0,1.0,0.0,334.2210938071633,942.8377056300076
1668550545.829684,2.821,0.0,0.0,0.001,0.0,1.0,0.0,334.2210938071633,942.8377056300076
1668550605.552879,2.821,0.0,0.0,0.0,0.0,1.0,0.0,334.2210938071633,942.8377056300076
1668550666.5951955,2.817,-0.004,-0.001,-0.001,1.0,0.0,941.5008212547792,0.0,941.5008212547792
1668550726.40322,2.817,0.0,-0.002,-0.001,1.0,0.0,941.5008212547792,0.0,941.5008212547792
1668550786.4253843,2.818,0.0009999999999998,-0.003,-0.001,1.0,0.0,941.5008212547792,0.0,941.5008212547792
1668550847.1046133,2.819,0.0009999999999998,0.004,0.007,0.0,1.0,0.0,333.9839734852002,941.5008212547792
1668550907.0993128,2.816,-0.0030000000000001,-0.007,-0.011,1.0,0.0,940.4988693343236,0.0,940.4988693343236
1668550967.1745374,2.817,0.0010000000000003,-0.006,0.001,0.0,1.0,0.0,333.8654133242185,940.4988693343236
1668551028.1256497,2.817,0.0,-0.006,0.0,0.0,1.0,0.0,333.8654133242185,940.4988693343236
1668551088.06728,2.813,-0.004,-0.006,0.0,0.0,1.0,0.0,333.8654133242185,939.1634076810268
1668551148.0271482,2.815,0.0019999999999997,-0.005,0.001,0.0,1.0,0.0,333.8654133242185,939.831138507675
1668551209.1202147,2.815,0.0,-0.005,0.0,0.0,1.0,0.0,333.8654133242185,939.831138507675
1668551268.979007,2.813,-0.0019999999999997,-0.008,-0.003,1.0,0.0,939.1634076810268,0.0,939.1634076810268
1668551329.213995,2.813,0.0,-0.008,0.0,1.0,0.0,939.1634076810268,0.0,939.1634076810268
1668551389.8339858,2.813,0.0,-0.008,0.0,1.0,0.0,939.1634076810268,0.0,939.1634076810268
1668551450.1079557,2.813,0.0,-0.008,0.0,1.0,0.0,939.1634076810268,0.0,939.1634076810268
1668551509.8847153,2.813,0.0,-0.008,0.0,1.0,0.0,939.1634076810268,0.0,939.1634076810268
1668551570.7510962,2.818,0.0049999999999998,-0.003,0.005,0.0,1.0,0.0,333.27303324379943,939.1634076810268
1668551630.684515,2.818,0.0,0.001,0.004,0.0,1.0,0.0,333.27303324379943,939.1634076810268
1668551690.8247895,2.818,0.0,0.001,0.0,0.0,1.0,0.0,333.27303324379943,939.1634076810268
1668551751.742763,2.817,-0.0009999999999998,0.0,-0.001,1.0,0.0,938.8301346477832,0.0,938.8301346477832
1668551811.7571285,2.818,0.0009999999999998,0.0,0.0,1.0,0.0,938.8301346477832,0.0,938.8301346477832
1668551871.7006624,2.818,0.0,0.0,0.0,1.0,0.0,938.8301346477832,0.0,938.8301346477832
1668551932.574647,2.813,-0.0049999999999998,-0.004,-0.004,1.0,0.0,938.8301346477832,0.0,938.8301346477832
1668551992.4583294,2.81,-0.0030000000000001,-0.003,0.001,0.0,1.0,0.0,334.10325076433566,938.8301346477832
1668552052.4167907,2.811,0.0009999999999998,-0.004,-0.001,1.0,0.0,939.1642378985476,0.0,939.1642378985476
1668552113.2094498,2.811,0.0,-0.004,0.0,1.0,0.0,939.1642378985476,0.0,939.1642378985476
1668552173.169797,2.812,0.0009999999999998,-0.001,0.003,0.0,1.0,0.0,333.98443737501697,939.1642378985476
1668552233.15071,2.812,0.0,-0.001,0.0,0.0,1.0,0.0,333.98443737501697,939.1642378985476
1668552294.2934754,2.812,0.0,-0.001,0.0,0.0,1.0,0.0,333.98443737501697,939.1642378985476
1668552354.495283,2.813,0.0010000000000003,-0.005,-0.004,1.0,0.0,939.4982223359228,0.0,939.4982223359228
1668552414.269811,2.812,-0.0010000000000003,-0.006,-0.001,1.0,0.0,939.4982223359228,0.0,939.4982223359228
1668552475.0507834,2.815,0.0030000000000001,-0.003,0.003,0.0,1.0,0.0,333.74714825432426,939.4982223359228
1668552535.297188,2.815,0.0,-0.003,0.0,0.0,1.0,0.0,333.74714825432426,939.4982223359228
1668552595.0090053,2.815,0.0,-0.003,0.0,0.0,1.0,0.0,333.74714825432426,939.4982223359228
1668552655.9178786,2.814,-0.0009999999999998,-0.004,-0.001,1.0,0.0,939.1644751876684,0.0,939.1644751876684
1668552715.80562,2.815,0.0009999999999998,0.001,0.005,0.0,1.0,0.0,333.62858798851454,939.1644751876684
1668552775.9058654,2.815,0.0,0.001,0.0,0.0,1.0,0.0,333.62858798851454,939.1644751876684
1668552836.61928,2.815,0.0,0.001,0.0,0.0,1.0,0.0,333.62858798851454,939.1644751876684
1668552896.4705582,2.817,0.0020000000000002,0.004,0.003,0.0,1.0,0.0,333.62858798851454,939.8317323636456
1668552956.8020906,2.821,0.004,0.01,0.006,0.0,1.0,0.0,333.62858798851454,941.1662467155996
1668553018.2266877,2.821,0.0,0.01,0.0,0.0,1.0,0.0,333.62858798851454,941.1662467155996
1668553078.5227506,2.821,0.0,0.01,0.0,0.0,1.0,0.0,333.62858798851454,941.1662467155996
1668553137.976769,2.818,-0.0030000000000001,0.006,-0.004,1.0,0.0,940.165360951634,0.0,940.165360951634
1668553198.8743386,2.818,0.0,0.006,0.0,1.0,0.0,940.165360951634,0.0,940.165360951634
1668553258.517912,2.815,-0.0030000000000001,0.003,-0.003,1.0,0.0,940.165360951634,0.0,940.165360951634
1668553318.9822264,2.815,0.0,0.0,-0.003,1.0,0.0,940.165360951634,0.0,940.165360951634
1668553379.4655888,2.82,0.0049999999999998,0.005,0.005,0.0,1.0,0.0,333.39197196866456,940.165360951634
1668553439.5830815,2.815,-0.0049999999999998,0.0,-0.005,1.0,0.0,938.4984010917908,0.0,938.4984010917908
1668553499.3693984,2.81,-0.0049999999999998,-0.005,-0.005,1.0,0.0,938.4984010917908,0.0,938.4984010917908
1668553560.5168147,2.81,0.0,-0.005,0.0,1.0,0.0,938.4984010917908,0.0,938.4984010917908
1668553620.4070022,2.809,-0.0009999999999998,-0.012,-0.007,1.0,0.0,938.4984010917908,0.0,938.4984010917908
1668553680.2417662,2.809,0.0,-0.012,0.0,1.0,0.0,938.4984010917908,0.0,938.4984010917908
1668553740.971298,2.809,0.0,-0.012,0.0,1.0,0.0,938.4984010917908,0.0,938.4984010917908
1668553801.1781864,2.809,0.0,-0.012,0.0,1.0,0.0,938.4984010917908,0.0,938.4984010917908
1668553861.327544,2.809,0.0,-0.012,0.0,1.0,0.0,938.4984010917908,0.0,938.4984010917908
1668553921.9192352,2.809,0.0,-0.012,0.0,1.0,0.0,938.4984010917908,0.0,938.4984010917908
1668553981.1948173,2.809,0.0,-0.012,0.0,1.0,0.0,938.4984010917908,0.0,938.4984010917908
1668554041.193906,2.809,0.0,-0.012,0.0,1.0,0.0,938.4984010917908,0.0,938.4984010917908
1668554102.662037,2.813,0.004,-0.004,0.008,0.0,1.0,0.0,333.6290085644475,938.4984010917908
1668554161.0001106,2.813,0.0,-0.008,-0.004,1.0,0.0,938.4984010917908,0.0,938.4984010917908
1668554221.2724,2.813,0.0,-0.008,0.0,1.0,0.0,938.4984010917908,0.0,938.4984010917908
1668554281.241034,2.813,0.0,-0.008,0.0,1.0,0.0,938.4984010917908,0.0,938.4984010917908
1668554341.3253937,2.818,0.0049999999999998,0.003,0.011,0.0,1.0,0.0,333.03704793888954,938.4984010917908
1668554401.228882,2.818,0.0,0.003,0.0,0.0,1.0,0.0,333.03704793888954,938.4984010917908
1668554461.2248368,2.818,0.0,0.003,0.0,0.0,1.0,0.0,333.03704793888954,938.4984010917908
1668554521.0446465,2.818,0.0,0.003,0.0,0.0,1.0,0.0,333.03704793888954,938.4984010917908
1668554581.6578183,2.818,0.0,0.003,0.0,0.0,1.0,0.0,333.03704793888954,938.4984010917908
1668554641.1329565,2.815,-0.0030000000000001,0.0,-0.003,1.0,0.0,937.499289947974,0.0,937.499289947974
1668554701.1778488,2.815,0.0,0.0,0.0,1.0,0.0,937.499289947974,0.0,937.499289947974
1668554761.1683023,2.815,0.0,0.0,0.0,1.0,0.0,937.499289947974,0.0,937.499289947974
1668554821.2613006,2.813,-0.0019999999999997,-0.002,-0.002,1.0,0.0,937.499289947974,0.0,937.499289947974
1668554881.2271817,2.81,-0.0030000000000001,-0.005,-0.003,1.0,0.0,937.499289947974,0.0,937.499289947974
1668554941.156751,2.81,0.0,-0.007,-0.002,1.0,0.0,937.499289947974,0.0,937.499289947974
1668555001.2897372,2.808,-0.0020000000000002,-0.002,0.005,0.0,1.0,0.0,333.8672684999908,937.499289947974
1668555062.071955,2.808,0.0,-0.002,0.0,0.0,1.0,0.0,333.8672684999908,937.499289947974
1668555121.255663,2.809,0.0010000000000003,0.0,0.002,0.0,1.0,0.0,333.8672684999908,937.8331572164742
1668555181.1537466,2.809,0.0,0.0,0.0,0.0,1.0,0.0,333.8672684999908,937.8331572164742
1668555241.201465,2.809,0.0,0.0,0.0,0.0,1.0,0.0,333.8672684999908,937.8331572164742
1668555301.1854444,2.81,0.0009999999999998,0.001,0.001,0.0,1.0,0.0,333.8672684999908,938.167024484974
1668555361.1983724,2.809,-0.0009999999999998,0.0,-0.001,1.0,0.0,937.8331572164742,0.0,937.8331572164742
1668555421.3048573,2.806,-0.0030000000000001,-0.007,-0.007,1.0,0.0,937.8331572164742,0.0,937.8331572164742
1668555481.368816,2.808,0.0019999999999997,-0.005,0.002,0.0,1.0,0.0,333.986167099884,937.833157216474
1668555542.273357,2.808,0.0,-0.005,0.0,0.0,1.0,0.0,333.986167099884,937.8331572164744
1668555601.282112,2.808,0.0,-0.005,0.0,0.0,1.0,0.0,333.986167099884,937.8331572164744
1668555661.265787,2.808,0.0,-0.005,0.0,0.0,1.0,0.0,333.986167099884,937.8331572164744
1668555721.2883542,2.808,0.0,-0.005,0.0,0.0,1.0,0.0,333.986167099884,937.8331572164744
1668555781.4552891,2.812,0.004,-0.005,0.0,0.0,1.0,0.0,333.986167099884,939.1691018848738
1668555841.233658,2.811,-0.0009999999999998,-0.007,-0.002,1.0,0.0,938.835115717774,0.0,938.835115717774
1668555901.22739,2.811,0.0,-0.007,0.0,1.0,0.0,938.835115717774,0.0,938.835115717774
1668555961.2122955,2.815,0.004,0.0,0.007,0.0,1.0,0.0,333.5115864006302,938.835115717774
1668556022.3135478,2.817,0.0020000000000002,0.007,0.007,0.0,1.0,0.0,333.5115864006302,939.5021388905752
1668556081.2244406,2.819,0.0019999999999997,0.009,0.0019999999999999,0.0,1.0,0.0,333.5115864006302,940.1691620633766
1668556141.342481,2.819,0.0,0.011,0.002,0.0,1.0,0.0,333.5115864006302,940.1691620633766
1668556201.6707842,2.819,0.0,0.011,0.0,0.0,1.0,0.0,333.5115864006302,940.1691620633766
1668556261.268748,2.819,0.0,0.011,0.0,0.0,1.0,0.0,333.5115864006302,940.1691620633766
1668556321.331849,2.816,-0.0030000000000001,0.007,-0.0039999999999999,1.0,0.0,939.1686273041746,0.0,939.1686273041746
1668556381.2392488,2.816,0.0,0.007,0.0,1.0,0.0,939.1686273041746,0.0,939.1686273041746
1668556441.2104058,2.811,-0.0049999999999998,0.005,-0.002,1.0,0.0,939.1686273041746,0.0,939.1686273041746
1668556501.7008648,2.819,0.008,0.011,0.0059999999999999,0.0,1.0,0.0,333.15666098055146,939.1686273041746
1668556561.2933629,2.818,-0.0009999999999998,0.006,-0.0049999999999999,1.0,0.0,938.835470643194,0.0,938.835470643194
1668556621.5253265,2.822,0.004,0.011,0.0049999999999999,0.0,1.0,0.0,332.68443325414387,938.835470643194
1668556681.3107362,2.824,0.0019999999999997,0.008,-0.0029999999999999,1.0,0.0,939.5008395097022,0.0,939.5008395097022
1668556741.2439492,2.825,0.0010000000000003,0.008,0.0,1.0,0.0,939.5008395097022,0.0,939.5008395097022
1668556801.4314673,2.825,0.0,0.008,0.0,1.0,0.0,939.5008395097022,0.0,939.5008395097022
1668556861.5383856,2.825,0.0,0.006,-0.002,1.0,0.0,939.5008395097022,0.0,939.5008395097022
1668556921.4850016,2.818,-0.0070000000000001,-0.001,-0.007,1.0,0.0,939.5008395097022,0.0,939.5008395097022
1668556981.6775198,2.826,0.008,0.01,0.011,0.0,1.0,0.0,332.44898779536527,939.5008395097022
1668557041.3620684,2.827,0.0009999999999998,0.017,0.007,0.0,1.0,0.0,332.44898779536527,939.8332884974976
1668557101.335706,2.827,0.0,0.017,0.0,0.0,1.0,0.0,332.44898779536527,939.8332884974976
1668557161.2833,2.827,0.0,0.017,0.0,0.0,1.0,0.0,332.44898779536527,939.8332884974976
1668557221.453055,2.822,-0.0049999999999998,0.011,-0.006,1.0,0.0,938.1710435585208,0.0,938.1710435585208
1668557281.4105134,2.826,0.004,0.007,-0.0039999999999999,1.0,0.0,938.1710435585208,0.0,938.1710435585208
1668557341.3711472,2.827,0.0009999999999998,0.009,0.0019999999999999,0.0,1.0,0.0,331.8609987826391,938.1710435585208
1668557401.204866,2.822,-0.0049999999999998,0.0,-0.009,1.0,0.0,936.5117385646076,0.0,936.5117385646076
1668557461.5169156,2.822,0.0,0.0,0.0,1.0,0.0,936.5117385646076,0.0,936.5117385646076
1668557521.8342783,2.819,-0.0030000000000001,-0.005,-0.005,1.0,0.0,936.5117385646076,0.0,936.5117385646076
1668557581.4369872,2.817,-0.0019999999999997,-0.008,-0.003,1.0,0.0,936.5117385646076,0.0,936.5117385646076
1668557641.3391757,2.814,-0.0030000000000001,-0.004,0.004,0.0,1.0,0.0,332.804455779889,936.5117385646076
1668557701.3570998,2.815,0.0009999999999998,-0.003,0.001,0.0,1.0,0.0,332.804455779889,936.8445430203876
1668557761.403044,2.813,-0.0019999999999997,-0.018,-0.015,1.0,0.0,936.1789341088278,0.0,936.1789341088278
1668557821.590793,2.812,-0.0010000000000003,-0.015,0.0029999999999999,0.0,1.0,0.0,332.92280729332424,936.1789341088275
1668557881.5796485,2.812,0.0,-0.015,0.0,0.0,1.0,0.0,332.92280729332424,936.1789341088275
1668557941.3899632,2.816,0.004,-0.006,0.009,0.0,1.0,0.0,332.92280729332424,937.510625338001
1668558001.6297877,2.82,0.004,-0.006,0.0,0.0,1.0,0.0,332.92280729332424,938.8423165671744
1668558061.3339317,2.82,0.0,-0.006,0.0,0.0,1.0,0.0,332.92280729332424,938.8423165671744
1668558121.3259306,2.82,0.0,-0.006,0.0,0.0,1.0,0.0,332.92280729332424,938.8423165671744
1668558181.3293598,2.811,-0.0089999999999998,-0.016,-0.01,1.0,0.0,935.8460113015344,0.0,935.8460113015344
1668558241.2227783,2.814,0.0030000000000001,-0.008,0.008,0.0,1.0,0.0,332.56787892733985,935.8460113015344
1668558301.343298,2.811,-0.0030000000000001,-0.007,0.001,0.0,1.0,0.0,332.56787892733985,934.8483076647524
1668558361.422399,2.802,-0.0089999999999998,-0.016,-0.009,1.0,0.0,931.8551967544064,0.0,931.8551967544064
1668558421.367136,2.802,0.0,-0.015,0.001,0.0,1.0,0.0,332.5678789273399,931.8551967544064
1668558481.6461952,2.802,0.0,-0.012,0.0029999999999999,0.0,1.0,0.0,332.5678789273399,931.8551967544064
1668558542.1480744,2.802,0.0,-0.013,-0.0009999999999999,1.0,0.0,931.8551967544064,0.0,931.8551967544064
1668558601.5337534,2.801,-0.0009999999999998,-0.012,0.0009999999999999,0.0,1.0,0.0,332.686610765586,931.8551967544064
1668558661.385952,2.797,-0.004,-0.015,-0.0029999999999999,1.0,0.0,930.524450311344,0.0,930.524450311344
1668558721.6801713,2.799,0.0019999999999997,-0.017,-0.002,1.0,0.0,930.524450311344,0.0,930.524450311344
1668558781.4273896,2.796,-0.0030000000000001,-0.024,-0.0069999999999999,1.0,0.0,930.524450311344,0.0,930.524450311344
1668558841.4202547,2.801,0.0050000000000003,-0.012,0.012,0.0,1.0,0.0,332.21151385624563,930.524450311344
1668558901.395179,2.801,0.0,-0.012,0.0,0.0,1.0,0.0,332.21151385624563,930.524450311344
1668558961.3759785,2.801,0.0,-0.001,0.011,0.0,1.0,0.0,332.21151385624563,930.524450311344
1668559022.039058,2.801,0.0,-0.001,0.0,0.0,1.0,0.0,332.21151385624563,930.524450311344
1668559081.3775015,2.801,0.0,-0.001,0.0,0.0,1.0,0.0,332.21151385624563,930.524450311344
1668559141.5367715,2.797,-0.004,-0.005,-0.004,1.0,0.0,929.1956042559192,0.0,929.1956042559192
1668559201.3812904,2.8,0.0029999999999996,-0.002,0.003,0.0,1.0,0.0,331.8555729485426,929.1956042559192
1668559261.4929526,2.801,0.0010000000000003,0.005,0.007,0.0,1.0,0.0,331.8555729485426,929.527459828868
1668559321.5611491,2.801,0.0,0.005,0.0,0.0,1.0,0.0,331.8555729485426,929.527459828868
1668559381.3933074,2.801,0.0,0.005,0.0,0.0,1.0,0.0,331.8555729485426,929.527459828868
1668559441.4207127,2.794,-0.0070000000000001,-0.005,-0.01,1.0,0.0,927.204470818228,0.0,927.204470818228
1668559501.8959377,2.798,0.004,0.002,0.007,0.0,1.0,0.0,331.3811546884303,927.204470818228
1668559561.579155,2.798,0.0,0.002,0.0,0.0,1.0,0.0,331.3811546884303,927.204470818228
1668559621.4994235,2.793,-0.0049999999999998,-0.008,-0.01,1.0,0.0,925.547565044786,0.0,925.547565044786
1668559681.503599,2.796,0.0029999999999996,-0.002,0.006,0.0,1.0,0.0,331.0255955095801,925.547565044786
1668559741.5134678,2.805,0.0090000000000003,0.004,0.006,0.0,1.0,0.0,331.0255955095801,928.5267954043724
1668559801.6804252,2.802,-0.0030000000000001,0.001,-0.003,1.0,0.0,927.5337186178436,0.0,927.5337186178436
1668559861.5253596,2.802,0.0,0.006,0.005,0.0,1.0,0.0,331.02559550958017,927.5337186178436
1668559921.4458458,2.802,0.0,0.006,0.0,0.0,1.0,0.0,331.02559550958017,927.5337186178436
1668559982.30632,2.802,0.0,0.006,0.0,0.0,1.0,0.0,331.02559550958017,927.5337186178436
1668560041.4440036,2.797,-0.0049999999999998,-0.003,-0.009,1.0,0.0,925.8785906402958,0.0,925.8785906402958
1668560101.5582066,2.798,0.0009999999999998,-0.003,0.0,1.0,0.0,925.8785906402958,0.0,925.8785906402958
1668560161.465044,2.796,-0.0020000000000002,0.002,0.005,0.0,1.0,0.0,331.14398806877534,925.8785906402958
1668560221.9805162,2.793,-0.0029999999999996,-0.002,-0.004,1.0,0.0,924.8851586760896,0.0,924.8851586760896
1668560281.605929,2.791,-0.0020000000000002,-0.007,-0.005,1.0,0.0,924.8851586760896,0.0,924.8851586760896
1668560341.4871893,2.79,-0.0009999999999998,-0.005,0.002,0.0,1.0,0.0,331.5000568731504,924.8851586760896
1668560401.5972688,2.79,0.0,-0.005,0.0,0.0,1.0,0.0,331.5000568731504,924.8851586760896
1668560462.0026932,2.791,0.0009999999999998,-0.005,0.0,0.0,1.0,0.0,331.5000568731504,925.2166587329629
1668560521.6463945,2.794,0.0030000000000001,-0.011,-0.0059999999999999,1.0,0.0,926.2111589035824,0.0,926.2111589035824
1668560581.607569,2.791,-0.0030000000000001,-0.011,0.0,1.0,0.0,926.2111589035824,0.0,926.2111589035824
1668560641.517552,2.791,0.0,-0.011,0.0,1.0,0.0,926.2111589035824,0.0,926.2111589035824
1668560701.6072578,2.792,0.0009999999999998,-0.01,0.0009999999999999,0.0,1.0,0.0,331.73752109727167,926.2111589035824
1668560761.4583662,2.795,0.0030000000000001,-0.005,0.005,0.0,1.0,0.0,331.73752109727167,927.2063714668744
1668560821.4716089,2.79,-0.0049999999999998,-0.007,-0.002,1.0,0.0,925.547683861388,0.0,925.547683861388
1668560881.5172782,2.796,0.0059999999999997,0.0,0.007,0.0,1.0,0.0,331.0256380047883,925.547683861388
1668560942.0684257,2.797,0.0010000000000003,0.01,0.01,0.0,1.0,0.0,331.0256380047883,925.8787094993928
1668561001.537257,2.799,0.0019999999999997,0.012,0.002,0.0,1.0,0.0,331.0256380047883,926.5407607754024
1668561061.521686,2.803,0.004,0.009,-0.003,1.0,0.0,927.8648633274216,0.0,927.8648633274216
1668561121.5562558,2.803,0.0,0.009,0.0,1.0,0.0,927.8648633274216,0.0,927.8648633274216
1668561181.5744753,2.803,0.0,0.009,0.0,1.0,0.0,927.8648633274216,0.0,927.8648633274216
1668561241.6026616,2.796,-0.0070000000000001,0.006,-0.0029999999999999,1.0,0.0,927.8648633274216,0.0,927.8648633274216
1668561301.5909402,2.795,-0.0009999999999998,0.004,-0.002,1.0,0.0,927.8648633274216,0.0,927.8648633274216
1668561361.466874,2.796,0.0009999999999998,0.001,-0.003,1.0,0.0,927.8648633274216,0.0,927.8648633274216
1668561422.1252606,2.797,0.0010000000000003,0.006,0.005,0.0,1.0,0.0,331.7357394806656,927.8648633274216
1668561481.704036,2.797,0.0,0.006,0.0,0.0,1.0,0.0,331.7357394806656,927.8648633274216
1668561541.5195673,2.797,0.0,0.005,-0.001,1.0,0.0,927.8648633274216,0.0,927.8648633274216
1668561601.618868,2.797,0.0,0.005,0.0,1.0,0.0,927.8648633274216,0.0,927.8648633274216
1668561661.4575624,2.797,0.0,0.005,0.0,1.0,0.0,927.8648633274216,0.0,927.8648633274216
1668561721.665079,2.794,-0.0030000000000001,-0.001,-0.006,1.0,0.0,927.8648633274216,0.0,927.8648633274216
1668561781.6156695,2.796,0.0019999999999997,0.006,0.007,0.0,1.0,0.0,331.8543860255442,927.8648633274216
1668561841.4936578,2.797,0.0010000000000003,0.001,-0.005,1.0,0.0,928.1967177134472,0.0,928.1967177134472
1668561901.9083967,2.803,0.0059999999999997,0.004,0.003,0.0,1.0,0.0,331.144030579182,928.1967177134472
1668561961.7295735,2.804,0.0009999999999998,0.005,0.001,0.0,1.0,0.0,331.144030579182,928.5278617440264
1668562021.574662,2.804,0.0,0.005,0.0,0.0,1.0,0.0,331.144030579182,928.5278617440264
1668562081.7335236,2.805,0.0010000000000003,0.002,-0.003,1.0,0.0,928.8590057746056,0.0,928.8590057746056
1668562141.582878,2.804,-0.0010000000000003,0.008,0.006,0.0,1.0,0.0,331.2621275943672,928.8590057746056
1668562201.5739093,2.802,-0.0019999999999997,0.007,-0.001,1.0,0.0,928.1964815194168,0.0,928.1964815194168
1668562261.6599338,2.799,-0.0030000000000001,0.006,-0.001,1.0,0.0,928.1964815194168,0.0,928.1964815194168
1668562321.4933288,2.794,-0.0049999999999998,-0.003,-0.009,1.0,0.0,928.1964815194168,0.0,928.1964815194168
1668562381.5377011,2.801,0.0070000000000001,0.004,0.007,0.0,1.0,0.0,331.380393259342,928.1964815194168
1668562441.663693,2.796,-0.0050000000000003,0.002,-0.002,1.0,0.0,926.53957955312,0.0,926.53957955312
1668562501.842703,2.798,0.0020000000000002,0.001,-0.001,1.0,0.0,926.53957955312,0.0,926.53957955312
1668562561.712356,2.803,0.0049999999999998,0.0,-0.001,1.0,0.0,926.53957955312,0.0,926.53957955312
1668562621.6136076,2.803,0.0,0.0,0.0,1.0,0.0,926.53957955312,0.0,926.53957955312
1668562681.5865178,2.803,0.0,0.0,0.0,1.0,0.0,926.53957955312,0.0,926.53957955312
1668562741.5204508,2.803,0.0,0.0,0.0,1.0,0.0,926.53957955312,0.0,926.53957955312
1668562801.5303335,2.803,0.0,-0.001,-0.001,1.0,0.0,926.53957955312,0.0,926.53957955312
1668562861.6016865,2.803,0.0,-0.002,-0.001,1.0,0.0,926.53957955312,0.0,926.53957955312
1668562921.5456958,2.802,-0.0009999999999998,-0.002,0.0,1.0,0.0,926.53957955312,0.0,926.53957955312
1668562981.5423934,2.8,-0.0020000000000002,-0.002,0.0,1.0,0.0,926.53957955312,0.0,926.53957955312
1668563041.6056309,2.8,0.0,-0.002,0.0,1.0,0.0,926.53957955312,0.0,926.53957955312
1668563101.6375911,2.802,0.0020000000000002,0.0,0.002,0.0,1.0,0.0,330.6707992694932,926.53957955312
1668563161.6311736,2.8,-0.0020000000000002,0.006,0.006,0.0,1.0,0.0,330.6707992694932,925.878237954581
1668563221.6282814,2.8,0.0,0.002,-0.004,1.0,0.0,925.878237954581,0.0,925.878237954581
1668563281.7303932,2.8,0.0,0.002,0.0,1.0,0.0,925.878237954581,0.0,925.878237954581
1668563341.5429566,2.8,0.0,0.004,0.002,0.0,1.0,0.0,330.6707992694932,925.878237954581
1668563401.615564,2.8,0.0,0.002,-0.002,1.0,0.0,925.878237954581,0.0,925.878237954581
1668563461.94084,2.8,0.0,0.002,0.0,1.0,0.0,925.878237954581,0.0,925.878237954581
1668563521.7246234,2.8,0.0,0.002,0.0,1.0,0.0,925.878237954581,0.0,925.878237954581
1668563581.6181676,2.799,-0.0009999999999998,-0.004,-0.006,1.0,0.0,925.878237954581,0.0,925.878237954581
1668563641.639254,2.8,0.0009999999999998,-0.003,0.001,0.0,1.0,0.0,330.6707992694932,925.878237954581
1668563701.683729,2.801,0.0010000000000003,-0.002,0.001,0.0,1.0,0.0,330.6707992694932,926.2089087538506
1668563761.612845,2.804,0.0029999999999996,0.004,0.006,0.0,1.0,0.0,330.6707992694932,927.2009211516588
1668563821.6104512,2.808,0.004,0.008,0.004,0.0,1.0,0.0,330.6707992694932,928.5236043487369
1668563882.1557562,2.809,0.0010000000000003,0.007,-0.001,1.0,0.0,928.8542751480064,0.0,928.8542751480064
1668563941.6117427,2.809,0.0,0.009,0.0019999999999999,0.0,1.0,0.0,330.6707992694932,928.8542751480064
1668564001.6174574,2.812,0.0029999999999996,0.012,0.003,0.0,1.0,0.0,330.6707992694932,929.8462875458148
1668564061.618202,2.811,-0.0009999999999998,0.011,-0.001,1.0,0.0,929.5156167465454,0.0,929.5156167465454
1668564121.6572416,2.815,0.004,0.015,0.004,0.0,1.0,0.0,330.20092957248505,929.5156167465454
1668564181.5777,2.809,-0.0059999999999997,0.01,-0.0049999999999999,1.0,0.0,927.5344111691104,0.0,927.5344111691104
1668564242.0084066,2.807,-0.0020000000000002,0.007,-0.003,1.0,0.0,927.5344111691104,0.0,927.5344111691104
1668564301.7241006,2.8,-0.0070000000000001,-0.001,-0.008,1.0,0.0,927.5344111691104,0.0,927.5344111691104
1668564362.053388,2.8,0.0,-0.004,-0.003,1.0,0.0,927.5344111691104,0.0,927.5344111691104
1668564421.8996446,2.802,0.0020000000000002,-0.002,0.002,0.0,1.0,0.0,331.02584267277314,927.5344111691104
1668564482.0095806,2.802,0.0,-0.002,0.0,0.0,1.0,0.0,331.02584267277314,927.5344111691104
1668564542.0326912,2.802,0.0,-0.002,0.0,0.0,1.0,0.0,331.02584267277314,927.5344111691104
1668564602.9183269,2.802,0.0,-0.002,0.0,0.0,1.0,0.0,331.02584267277314,927.5344111691104
1668564662.737453,2.803,0.0009999999999998,-0.005,-0.003,1.0,0.0,927.8654370117832,0.0,927.8654370117832
1668564722.6719265,2.803,0.0,-0.006,-0.001,1.0,0.0,927.8654370117832,0.0,927.8654370117832
1668564783.4697802,2.804,0.0009999999999998,-0.005,0.001,0.0,1.0,0.0,330.9077878073407,927.8654370117832
1668564843.836256,2.804,0.0,-0.005,0.0,0.0,1.0,0.0,330.9077878073407,927.8654370117832
1668564903.611107,2.805,0.0010000000000003,-0.004,0.001,0.0,1.0,0.0,330.9077878073407,928.1963447995907
1668564964.5013924,2.812,0.0069999999999996,0.0,0.004,0.0,1.0,0.0,330.9077878073407,930.512699314242
1668565024.571175,2.814,0.0020000000000002,0.0,0.0,0.0,1.0,0.0,330.9077878073407,931.1745148898568
1668565084.3893688,2.816,0.0019999999999997,0.001,0.001,0.0,1.0,0.0,330.9077878073407,931.8363304654712
1668565145.0850582,2.815,-0.0009999999999998,0.0,-0.001,1.0,0.0,931.505422677664,0.0,931.505422677664
1668565205.162605,2.817,0.0020000000000002,0.009,0.009,0.0,1.0,0.0,330.67285150076816,931.505422677664
1668565265.123334,2.815,-0.0020000000000002,0.008,-0.0009999999999999,1.0,0.0,930.8440769746624,0.0,930.8440769746624
1668565326.042247,2.815,0.0,0.008,0.0,1.0,0.0,930.8440769746624,0.0,930.8440769746624
1668565386.396366,2.82,0.0049999999999998,0.017,0.009,0.0,1.0,0.0,330.0865521186746,930.8440769746624
1668565446.1193333,2.819,-0.0009999999999998,0.016,-0.001,1.0,0.0,930.5139904225437,0.0,930.5139904225437
1668565506.8095598,2.815,-0.004,0.013,-0.003,1.0,0.0,930.5139904225437,0.0,930.5139904225437
1668565566.794508,2.822,0.0070000000000001,0.019,0.006,0.0,1.0,0.0,329.73564508240383,930.5139904225437
1668565626.8593757,2.824,0.0019999999999997,0.021,0.002,0.0,1.0,0.0,329.73564508240383,931.1734617127084
1668565687.6055627,2.824,0.0,0.021,0.0,0.0,1.0,0.0,329.73564508240383,931.1734617127084
1668565747.6944857,2.824,0.0,0.021,0.0,0.0,1.0,0.0,329.73564508240383,931.1734617127084
1668565807.6024177,2.824,0.0,0.021,0.0,0.0,1.0,0.0,329.73564508240383,931.1734617127084
1668565868.3916698,2.824,0.0,0.02,-0.001,1.0,0.0,931.1734617127084,0.0,931.1734617127084
1668565928.3387706,2.83,0.0060000000000002,0.025,0.005,0.0,1.0,0.0,329.03655890908425,931.1734617127084
1668565988.3578763,2.851,0.0209999999999999,0.039,0.0139999999999999,0.0,1.0,0.0,329.03655890908425,938.0832294497992
1668566049.8082228,2.851,0.0,0.036,-0.003,1.0,0.0,938.0832294497992,0.0,938.0832294497992
1668566109.965799,2.845,-0.0059999999999997,0.03,-0.0059999999999999,1.0,0.0,938.0832294497992,0.0,938.0832294497992
1668566169.8135886,2.847,0.0019999999999997,0.03,0.0,1.0,0.0,938.0832294497992,0.0,938.0832294497992
1668566230.6744013,2.851,0.004,0.036,0.0059999999999999,0.0,1.0,0.0,329.03655890908425,938.0832294497992
1668566290.697147,2.851,0.0,0.036,0.0,0.0,1.0,0.0,329.03655890908425,938.0832294497992
1668566350.597816,2.851,0.0,0.036,0.0,0.0,1.0,0.0,329.03655890908425,938.0832294497992
1668566412.3575494,2.851,0.0,0.036,0.0,0.0,1.0,0.0,329.03655890908425,938.0832294497992
1668566471.4223585,2.851,0.0,0.036,0.0,0.0,1.0,0.0,329.03655890908425,938.0832294497992
1668566531.3761024,2.845,-0.0059999999999997,0.026,-0.0099999999999999,1.0,0.0,936.1090100963448,0.0,936.1090100963448
1668566592.1019654,2.845,0.0,0.032,0.006,0.0,1.0,0.0,329.03655890908425,936.1090100963448
1668566652.1244886,2.852,0.0069999999999996,0.028,-0.004,1.0,0.0,938.4122660087082,0.0,938.4122660087082
1668566712.6882005,2.849,-0.0029999999999996,0.025,-0.0029999999999999,1.0,0.0,938.4122660087082,0.0,938.4122660087082
1668566772.9833395,2.84,-0.0090000000000003,0.015,-0.01,1.0,0.0,938.4122660087082,0.0,938.4122660087082
1668566833.0944116,2.84,0.0,0.015,0.0,1.0,0.0,938.4122660087082,0.0,938.4122660087082
1668566893.4857612,2.838,-0.0019999999999997,0.008,-0.0069999999999999,1.0,0.0,938.4122660087082,0.0,938.4122660087082
1668566953.7791286,2.836,-0.0020000000000002,-0.01,-0.018,1.0,0.0,938.4122660087082,0.0,938.4122660087082
1668567013.8822453,2.84,0.004,-0.013,-0.0029999999999999,1.0,0.0,938.4122660087082,0.0,938.4122660087082
1668567073.8503325,2.84,0.0,-0.013,0.0,1.0,0.0,938.4122660087082,0.0,938.4122660087082
1668567134.5665624,2.84,0.0,-0.013,0.0,1.0,0.0,938.4122660087082,0.0,938.4122660087082
1668567195.1053438,2.84,0.0,-0.013,0.0,1.0,0.0,938.4122660087082,0.0,938.4122660087082
1668567254.4181857,2.842,0.0020000000000002,-0.013,0.0,1.0,0.0,938.4122660087082,0.0,938.4122660087082
1668567315.4661648,2.843,0.0009999999999998,-0.012,0.0009999999999999,0.0,1.0,0.0,330.07818009451574,938.4122660087082
1668567375.5413902,2.842,-0.0009999999999998,-0.009,0.003,0.0,1.0,0.0,330.07818009451574,938.0821878286138
1668567435.7856562,2.844,0.0019999999999997,-0.006,0.0029999999999999,0.0,1.0,0.0,330.07818009451574,938.7423441888028
1668567496.2500284,2.844,0.0,-0.006,0.0,0.0,1.0,0.0,330.07818009451574,938.7423441888028
1668567556.249082,2.839,-0.0049999999999998,-0.006,0.0,0.0,1.0,0.0,330.07818009451574,937.0919532883302
1668567616.2221437,2.839,0.0,-0.006,0.0,0.0,1.0,0.0,330.07818009451574,937.0919532883302
1668567677.0564468,2.834,-0.0049999999999998,-0.015,-0.009,1.0,0.0,935.4415623878576,0.0,935.4415623878576
1668567737.0613604,2.834,0.0,-0.006,0.009,0.0,1.0,0.0,330.07818009451574,935.4415623878576
1668567797.0304914,2.835,0.0009999999999998,-0.005,0.001,0.0,1.0,0.0,330.07818009451574,935.771640567952
1668567858.4019554,2.835,0.0,-0.005,0.0,0.0,1.0,0.0,330.07818009451574,935.771640567952
1668567918.8447387,2.835,0.0,-0.001,0.004,0.0,1.0,0.0,330.07818009451574,935.771640567952
1668567978.4756844,2.835,0.0,-0.001,0.0,0.0,1.0,0.0,330.07818009451574,935.771640567952
1668568039.1414697,2.835,0.0,-0.001,0.0,0.0,1.0,0.0,330.07818009451574,935.771640567952
1668568099.149408,2.835,0.0,-0.001,0.0,0.0,1.0,0.0,330.07818009451574,935.771640567952
1668568159.1929054,2.835,0.0,-0.006,-0.005,1.0,0.0,935.771640567952,0.0,935.771640567952
1668568219.9866965,2.838,0.0030000000000001,-0.002,0.004,0.0,1.0,0.0,329.7292602424073,935.771640567952
1668568279.9890125,2.838,0.0,-0.004,-0.002,1.0,0.0,935.771640567952,0.0,935.771640567952
1668568339.935638,2.839,0.0009999999999998,-0.004,0.0,1.0,0.0,935.771640567952,0.0,935.771640567952
1668568400.7513626,2.838,-0.0009999999999998,-0.007,-0.003,1.0,0.0,935.771640567952,0.0,935.771640567952
1668568460.9067838,2.838,0.0,-0.006,0.001,0.0,1.0,0.0,329.7292602424073,935.771640567952
1668568520.785114,2.834,-0.004,-0.005,0.001,0.0,1.0,0.0,329.7292602424073,934.4527235269824
1668568581.702655,2.834,0.0,-0.005,0.0,0.0,1.0,0.0,329.7292602424073,934.4527235269824
1668568641.6205642,2.834,0.0,-0.005,0.0,0.0,1.0,0.0,329.7292602424073,934.4527235269824
1668568701.8097222,2.838,0.004,0.005,0.01,0.0,1.0,0.0,329.7292602424073,935.771640567952
1668568762.451376,2.839,0.0009999999999998,0.004,-0.001,1.0,0.0,936.1013698281944,0.0,936.1013698281944
1668568822.684428,2.835,-0.004,0.0,-0.004,1.0,0.0,936.1013698281944,0.0,936.1013698281944
1668568882.3838909,2.834,-0.0009999999999998,-0.004,-0.004,1.0,0.0,936.1013698281944,0.0,936.1013698281944
1668568943.2978091,2.836,0.0019999999999997,-0.002,0.002,0.0,1.0,0.0,330.0780570621278,936.1013698281944
1668569003.2060788,2.835,-0.0009999999999998,-0.003,-0.001,1.0,0.0,935.7712917711324,0.0,935.7712917711324
1668569063.400914,2.834,-0.0009999999999998,-0.004,-0.001,1.0,0.0,935.7712917711324,0.0,935.7712917711324
1668569124.3144617,2.834,0.0,-0.004,0.0,1.0,0.0,935.7712917711324,0.0,935.7712917711324
1668569184.297849,2.833,-0.0009999999999998,-0.005,-0.001,1.0,0.0,935.7712917711324,0.0,935.7712917711324
1668569244.2587008,2.832,-0.0010000000000003,-0.006,-0.001,1.0,0.0,935.7712917711324,0.0,935.7712917711324
1668569305.0432637,2.832,0.0,-0.006,0.0,1.0,0.0,935.7712917711324,0.0,935.7712917711324
1668569365.0219648,2.832,0.0,-0.006,0.0,1.0,0.0,935.7712917711324,0.0,935.7712917711324
1668569425.1253903,2.835,0.0030000000000001,-0.003,0.003,0.0,1.0,0.0,330.0780570621278,935.7712917711324
1668569486.135163,2.832,-0.0030000000000001,-0.002,0.001,0.0,1.0,0.0,330.0780570621278,934.781057599946
1668569546.0010383,2.838,0.0060000000000002,0.0,0.002,0.0,1.0,0.0,330.0780570621278,936.7615259423188
1668569605.7499435,2.841,0.0030000000000001,0.003,0.003,0.0,1.0,0.0,330.0780570621278,937.7517601135052
1668569666.614444,2.84,-0.0010000000000003,0.002,-0.001,1.0,0.0,937.4216820564428,0.0,937.4216820564428
1668569726.6279054,2.835,-0.0049999999999998,0.0,-0.002,1.0,0.0,937.4216820564428,0.0,937.4216820564428
1668569786.6732943,2.835,0.0,0.0,0.0,1.0,0.0,937.4216820564428,0.0,937.4216820564428
1668569847.4190953,2.839,0.004,0.005,0.005,0.0,1.0,0.0,330.19432266870126,937.4216820564428
1668569907.4261017,2.84,0.0009999999999998,0.006,0.001,0.0,1.0,0.0,330.19432266870126,937.7518763791116
1668569967.4238212,2.84,0.0,0.005,-0.001,1.0,0.0,937.7518763791116,0.0,937.7518763791116
1668570028.5965562,2.84,0.0,0.005,0.0,1.0,0.0,937.7518763791116,0.0,937.7518763791116
1668570088.2770543,2.84,0.0,0.005,0.0,1.0,0.0,937.7518763791116,0.0,937.7518763791116
1668570148.1578662,2.84,0.0,0.005,0.0,1.0,0.0,937.7518763791116,0.0,937.7518763791116
1668570208.8493488,2.84,0.0,0.005,0.0,1.0,0.0,937.7518763791116,0.0,937.7518763791116
1668570268.8811154,2.84,0.0,0.005,0.0,1.0,0.0,937.7518763791116,0.0,937.7518763791116
1668570328.9086883,2.843,0.0030000000000001,0.011,0.0059999999999999,0.0,1.0,0.0,329.8458939075314,937.7518763791116
1668570390.2709565,2.843,0.0,0.011,0.0,0.0,1.0,0.0,329.8458939075314,937.7518763791116
1668570449.866578,2.84,-0.0030000000000001,0.01,-0.0009999999999999,1.0,0.0,936.762338697389,0.0,936.762338697389
1668570509.9475029,2.834,-0.0059999999999997,-0.001,-0.011,1.0,0.0,936.762338697389,0.0,936.762338697389
1668570571.0422342,2.834,0.0,-0.001,0.0,1.0,0.0,936.762338697389,0.0,936.762338697389
1668570630.7456615,2.835,0.0009999999999998,-0.005,-0.004,1.0,0.0,936.762338697389,0.0,936.762338697389
1668570691.1495948,2.835,0.0,-0.005,0.0,1.0,0.0,936.762338697389,0.0,936.762338697389
1668570751.531139,2.835,0.0,-0.005,0.0,1.0,0.0,936.762338697389,0.0,936.762338697389
1668570811.5078733,2.835,0.0,-0.005,0.0,1.0,0.0,936.762338697389,0.0,936.762338697389
1668570871.5370765,2.835,0.0,-0.005,0.0,1.0,0.0,936.762338697389,0.0,936.762338697389
1668570932.52152,2.835,0.0,-0.005,0.0,1.0,0.0,936.762338697389,0.0,936.762338697389
1668570992.4768322,2.835,0.0,-0.005,0.0,1.0,0.0,936.762338697389,0.0,936.762338697389
1668571053.3253615,2.843,0.008,0.01,0.015,0.0,1.0,0.0,329.497832816528,936.762338697389
1668571113.3665004,2.841,-0.0019999999999997,0.006,-0.004,1.0,0.0,936.103343031756,0.0,936.103343031756
1668571173.548241,2.841,0.0,0.006,0.0,1.0,0.0,936.103343031756,0.0,936.103343031756
1668571233.6106024,2.841,0.0,0.006,0.0,1.0,0.0,936.103343031756,0.0,936.103343031756
1668571294.1255174,2.841,0.0,0.006,0.0,1.0,0.0,936.103343031756,0.0,936.103343031756
1668571354.1286693,2.841,0.0,0.006,0.0,1.0,0.0,936.103343031756,0.0,936.103343031756
1668571414.1372075,2.837,-0.004,-0.003,-0.009,1.0,0.0,936.103343031756,0.0,936.103343031756
1668571475.1194632,2.834,-0.0030000000000001,-0.009,-0.0059999999999999,1.0,0.0,936.103343031756,0.0,936.103343031756
1668571535.2231526,2.835,0.0009999999999998,-0.008,0.0009999999999999,0.0,1.0,0.0,330.1951827272508,936.103343031756
1668571595.0952065,2.835,0.0,-0.008,0.0,0.0,1.0,0.0,330.1951827272508,936.103343031756
1668571656.3767786,2.835,0.0,-0.008,0.0,0.0,1.0,0.0,330.1951827272508,936.103343031756
1668571715.8622484,2.835,0.0,-0.008,0.0,0.0,1.0,0.0,330.1951827272508,936.103343031756
1668571775.869646,2.836,0.0009999999999998,-0.004,0.004,0.0,1.0,0.0,330.1951827272508,936.4335382144832
1668571837.0225823,2.835,-0.0009999999999998,-0.005,-0.001,1.0,0.0,936.103343031756,0.0,936.103343031756
1668571896.6710489,2.839,0.004,0.005,0.01,0.0,1.0,0.0,329.7299552771244,936.103343031756
1668571956.637498,2.839,0.0,0.005,0.0,0.0,1.0,0.0,329.7299552771244,936.1033430317564
1668572017.4422991,2.838,-0.0009999999999998,0.004,-0.001,1.0,0.0,935.7736130764793,0.0,935.7736130764793
1668572077.382741,2.836,-0.0020000000000002,-0.006,-0.01,1.0,0.0,935.7736130764793,0.0,935.7736130764793
1668572137.485144,2.836,0.0,-0.006,0.0,1.0,0.0,935.7736130764793,0.0,935.7736130764793
1668572198.525036,2.838,0.0020000000000002,-0.003,0.003,0.0,1.0,0.0,329.7299552771245,935.7736130764793
1668572258.400087,2.836,-0.0020000000000002,-0.005,-0.002,1.0,0.0,935.114153165925,0.0,935.114153165925
1668572318.4494514,2.838,0.0020000000000002,0.001,0.006,0.0,1.0,0.0,329.4975874439482,935.114153165925
1668572379.2109375,2.838,0.0,0.001,0.0,0.0,1.0,0.0,329.4975874439482,935.114153165925
1668572439.2264102,2.837,-0.0009999999999998,0.004,0.003,0.0,1.0,0.0,329.4975874439482,934.7846555784812
1668572499.2965996,2.835,-0.0020000000000002,0.0,-0.004,1.0,0.0,934.1256604035932,0.0,934.1256604035932
1668572559.964703,2.831,-0.004,-0.004,-0.004,1.0,0.0,934.1256604035932,0.0,934.1256604035932
1668572620.0014627,2.829,-0.0019999999999997,-0.006,-0.002,1.0,0.0,934.1256604035932,0.0,934.1256604035932
1668572680.0748546,2.823,-0.0060000000000002,-0.016,-0.01,1.0,0.0,934.1256604035932,0.0,934.1256604035932
1668572741.1452234,2.825,0.0020000000000002,-0.011,0.005,0.0,1.0,0.0,330.6639505853427,934.1256604035932
1668572800.9834726,2.825,0.0,-0.011,0.0,0.0,1.0,0.0,330.6639505853427,934.1256604035932
1668572861.0502138,2.825,0.0,-0.011,0.0,0.0,1.0,0.0,330.6639505853427,934.1256604035932
1668572921.8260474,2.822,-0.0030000000000001,-0.014,-0.003,1.0,0.0,933.1336685518372,0.0,933.1336685518372
1668572981.8169289,2.821,-0.0009999999999998,-0.015,-0.0009999999999999,1.0,0.0,933.1336685518372,0.0,933.1336685518372
1668573041.9287448,2.826,0.0049999999999998,-0.01,0.0049999999999999,0.0,1.0,0.0,330.195919515866,933.1336685518372
1668573102.6486025,2.825,-0.0009999999999998,-0.015,-0.0049999999999999,1.0,0.0,932.8034726323216,0.0,932.8034726323216
1668573163.3774626,2.829,0.004,-0.009,0.006,0.0,1.0,0.0,329.7290465296294,932.8034726323216
1668573222.5776436,2.829,0.0,-0.009,0.0,0.0,1.0,0.0,329.7290465296294,932.8034726323216
1668573283.9228137,2.827,-0.0020000000000002,-0.01,-0.001,1.0,0.0,932.1440145392622,0.0,932.1440145392622
1668573343.8600075,2.827,0.0,-0.008,0.002,0.0,1.0,0.0,329.7290465296294,932.1440145392622
1668573403.6668675,2.827,0.0,-0.008,0.0,0.0,1.0,0.0,329.7290465296294,932.1440145392622
1668573464.4289515,2.823,-0.004,-0.006,0.002,0.0,1.0,0.0,329.7290465296294,930.8250983531436
1668573524.4891405,2.823,0.0,-0.006,0.0,0.0,1.0,0.0,329.7290465296294,930.8250983531436
1668573584.4394858,2.826,0.0030000000000001,0.003,0.009,0.0,1.0,0.0,329.7290465296294,931.8142854927328
1668573645.296945,2.826,0.0,0.002,-0.001,1.0,0.0,931.8142854927328,0.0,931.8142854927328
1668573705.254239,2.827,0.0009999999999998,0.003,0.001,0.0,1.0,0.0,329.6124108569978,931.8142854927328
1668573765.2792463,2.827,0.0,0.003,0.0,0.0,1.0,0.0,329.6124108569978,931.8142854927328
1668573826.148136,2.827,0.0,0.003,0.0,0.0,1.0,0.0,329.6124108569978,931.8142854927328
1668573886.0753026,2.827,0.0,0.003,0.0,0.0,1.0,0.0,329.6124108569978,931.8142854927328
1668573946.0655334,2.827,0.0,0.003,0.0,0.0,1.0,0.0,329.6124108569978,931.8142854927328
1668574007.279295,2.824,-0.0030000000000001,-0.002,-0.005,1.0,0.0,930.8254482601618,0.0,930.8254482601618
1668574067.2014945,2.827,0.0030000000000001,0.001,0.003,0.0,1.0,0.0,329.2626276123671,930.8254482601618
1668574127.10286,2.828,0.0009999999999998,0.007,0.006,0.0,1.0,0.0,329.2626276123671,931.1547108877742
1668574188.0601687,2.83,0.0020000000000002,0.009,0.0019999999999999,0.0,1.0,0.0,329.2626276123671,931.8132361429988
1668574248.6046376,2.828,-0.0020000000000002,-0.001,-0.0099999999999999,1.0,0.0,931.1547108877742,0.0,931.1547108877742
1668574308.026007,2.824,-0.004,-0.005,-0.004,1.0,0.0,931.1547108877742,0.0,931.1547108877742
1668574368.886632,2.824,0.0,-0.005,0.0,1.0,0.0,931.1547108877742,0.0,931.1547108877742
1668574428.7625062,2.824,0.0,-0.005,0.0,1.0,0.0,931.1547108877742,0.0,931.1547108877742
1668574488.7809782,2.824,0.0,-0.005,0.0,1.0,0.0,931.1547108877742,0.0,931.1547108877742
1668574549.858368,2.826,0.0020000000000002,-0.001,0.004,0.0,1.0,0.0,329.495651411102,931.1547108877742
1668574609.8785794,2.826,0.0,-0.001,0.0,0.0,1.0,0.0,329.495651411102,931.1547108877744
1668574669.890894,2.826,0.0,-0.001,0.0,0.0,1.0,0.0,329.495651411102,931.1547108877744
1668574730.9333937,2.823,-0.0030000000000001,0.0,0.001,0.0,1.0,0.0,329.495651411102,930.166223933541
1668574790.786575,2.826,0.0030000000000001,0.0,0.0,0.0,1.0,0.0,329.495651411102,931.1547108877744
1668574850.8270683,2.826,0.0,-0.001,-0.001,1.0,0.0,931.1547108877744,0.0,931.1547108877744
1668574911.5274007,2.823,-0.0030000000000001,0.0,0.001,0.0,1.0,0.0,329.84580619474826,931.1547108877744
1668574971.5430565,2.823,0.0,-0.004,-0.004,1.0,0.0,931.1547108877744,0.0,931.1547108877744
1668575031.4786017,2.824,0.0009999999999998,-0.003,0.001,0.0,1.0,0.0,329.7290052718748,931.1547108877744
1668575092.5466628,2.824,0.0,-0.003,0.0,0.0,1.0,0.0,329.7290052718748,931.1547108877744
1668575152.638781,2.824,0.0,-0.003,0.0,0.0,1.0,0.0,329.7290052718748,931.1547108877744
1668575212.5790677,2.823,-0.0009999999999998,-0.007,-0.004,1.0,0.0,930.8249818825026,0.0,930.8249818825026
1668575273.563442,2.818,-0.0049999999999998,-0.008,-0.001,1.0,0.0,930.8249818825026,0.0,930.8249818825026
1668575333.3918056,2.818,0.0,-0.008,0.0,1.0,0.0,930.8249818825026,0.0,930.8249818825026
1668575393.349429,2.821,0.0030000000000001,-0.003,0.005,0.0,1.0,0.0,329.9627727339605,930.8249818825026
1668575454.2337096,2.819,-0.0020000000000002,-0.007,-0.004,1.0,0.0,930.1650563370346,0.0,930.1650563370346
1668575514.465912,2.823,0.004,-0.003,0.004,0.0,1.0,0.0,329.4952378097891,930.1650563370346
1668575574.1733682,2.822,-0.0009999999999998,0.002,0.005,0.0,1.0,0.0,329.4952378097891,929.8355610992248
1668575635.060503,2.822,0.0,0.002,0.0,0.0,1.0,0.0,329.4952378097891,929.8355610992248
1668575695.1489851,2.825,0.0030000000000001,0.004,0.002,0.0,1.0,0.0,329.4952378097891,930.8240468126544
1668575755.4431431,2.825,0.0,0.004,0.0,0.0,1.0,0.0,329.4952378097891,930.8240468126544
1668575816.2179763,2.825,0.0,0.002,-0.002,1.0,0.0,930.8240468126544,0.0,930.8240468126544
1668575876.0217931,2.818,-0.0070000000000001,-0.006,-0.008,1.0,0.0,930.8240468126544,0.0,930.8240468126544
1668575935.9968705,2.825,0.0070000000000001,0.007,0.013,0.0,1.0,0.0,329.4952378097892,930.8240468126544
1668575996.8598924,2.826,0.0009999999999998,0.008,0.001,0.0,1.0,0.0,329.4952378097892,931.1535420504644
1668576056.837091,2.825,-0.0009999999999998,0.004,-0.004,1.0,0.0,930.8240468126546,0.0,930.8240468126546
1668576117.1072185,2.829,0.004,0.006,0.002,0.0,1.0,0.0,329.02935553646324,930.8240468126546
1668576177.910337,2.83,0.0009999999999998,0.008,0.002,0.0,1.0,0.0,329.02935553646324,931.153076168191
1668576237.645151,2.827,-0.0030000000000001,0.005,-0.003,1.0,0.0,930.1659881015815,0.0,930.1659881015815
1668576297.7561595,2.828,0.0009999999999998,0.003,-0.002,1.0,0.0,930.1659881015815,0.0,930.1659881015815
1668576358.7556503,2.828,0.0,0.003,0.0,1.0,0.0,930.1659881015815,0.0,930.1659881015815
1668576418.7403429,2.828,0.0,0.003,0.0,1.0,0.0,930.1659881015815,0.0,930.1659881015815
1668576478.6388133,2.828,0.0,0.003,0.0,1.0,0.0,930.1659881015815,0.0,930.1659881015815
1668576539.6195154,2.831,0.0030000000000001,0.009,0.0059999999999999,0.0,1.0,0.0,328.5644606505057,930.1659881015815
1668576599.5289989,2.832,0.0009999999999998,0.01,0.001,0.0,1.0,0.0,328.5644606505057,930.494552562232
1668576659.5763032,2.832,0.0,0.006,-0.004,1.0,0.0,930.494552562232,0.0,930.494552562232
1668576720.38961,2.832,0.0,0.006,0.0,1.0,0.0,930.494552562232,0.0,930.494552562232
1668576780.6844592,2.832,0.0,0.006,0.0,1.0,0.0,930.494552562232,0.0,930.494552562232
1668576840.3777058,2.832,0.0,0.006,0.0,1.0,0.0,930.494552562232,0.0,930.494552562232
1668576901.7773385,2.832,0.0,0.003,-0.003,1.0,0.0,930.494552562232,0.0,930.494552562232
1668576961.6202526,2.831,-0.0009999999999998,0.002,-0.001,1.0,0.0,930.494552562232,0.0,930.494552562232
1668577021.498181,2.828,-0.0030000000000001,0.002,0.0,1.0,0.0,930.494552562232,0.0,930.494552562232
1668577082.6498191,2.828,0.0,0.002,0.0,1.0,0.0,930.494552562232,0.0,930.494552562232
1668577142.4423766,2.824,-0.004,-0.003,-0.005,1.0,0.0,930.494552562232,0.0,930.494552562232
1668577203.0026665,2.827,0.0030000000000001,0.0,0.003,0.0,1.0,0.0,329.1455792579526,930.494552562232
1668577263.2845948,2.831,0.004,0.003,0.003,0.0,1.0,0.0,329.1455792579526,931.8111348792638
1668577323.321013,2.829,-0.0019999999999997,0.001,-0.002,1.0,0.0,931.152843720748,0.0,931.152843720748
1668577383.2681005,2.831,0.0019999999999997,-0.001,-0.002,1.0,0.0,931.152843720748,0.0,931.152843720748
1668577444.8580587,2.828,-0.0030000000000001,-0.003,-0.002,1.0,0.0,931.152843720748,0.0,931.152843720748
1668577504.1261928,2.834,0.0060000000000002,0.002,0.005,0.0,1.0,0.0,328.56487075538035,931.152843720748
1668577564.0921102,2.835,0.0009999999999998,0.003,0.001,0.0,1.0,0.0,328.56487075538035,931.4814085915032
1668577625.1839275,2.835,0.0,0.005,0.002,0.0,1.0,0.0,328.56487075538035,931.4814085915032
1668577685.0532856,2.835,0.0,0.005,0.0,0.0,1.0,0.0,328.56487075538035,931.4814085915032
1668577745.3154569,2.835,0.0,0.003,-0.002,1.0,0.0,931.4814085915032,0.0,931.4814085915032
1668577806.225462,2.835,0.0,0.003,0.0,1.0,0.0,931.4814085915032,0.0,931.4814085915032
1668577865.9255471,2.835,0.0,0.003,0.0,1.0,0.0,931.4814085915032,0.0,931.4814085915032
1668577925.9364202,2.83,-0.0049999999999998,0.002,-0.001,1.0,0.0,931.4814085915032,0.0,931.4814085915032
1668577986.9512637,2.827,-0.0030000000000001,-0.001,-0.003,1.0,0.0,931.4814085915032,0.0,931.4814085915032
1668578046.7157867,2.831,0.004,0.004,0.005,0.0,1.0,0.0,329.0291093576486,931.4814085915032
1668578106.8014257,2.831,0.0,0.004,0.0,0.0,1.0,0.0,329.0291093576486,931.4814085915032
1668578167.9247646,2.827,-0.004,-0.004,-0.008,1.0,0.0,930.1652921540726,0.0,930.1652921540726
1668578227.788154,2.825,-0.0019999999999997,-0.004,0.0,1.0,0.0,930.1652921540726,0.0,930.1652921540726
1668578288.6999133,2.825,0.0,-0.004,0.0,1.0,0.0,930.1652921540726,0.0,930.1652921540726
1668578348.7944472,2.83,0.0049999999999998,-0.001,0.003,0.0,1.0,0.0,328.68031524878893,930.1652921540727
1668578408.946887,2.83,0.0,-0.001,0.0,0.0,1.0,0.0,328.68031524878893,930.1652921540727
1668578469.229067,2.83,0.0,-0.001,0.0,0.0,1.0,0.0,328.68031524878893,930.1652921540727
1668578529.633145,2.827,-0.0030000000000001,-0.001,0.0,0.0,1.0,0.0,328.68031524878893,929.1792512083264
1668578589.6561422,2.827,0.0,-0.001,0.0,0.0,1.0,0.0,328.68031524878893,929.1792512083264
1668578649.57394,2.828,0.0009999999999998,-0.007,-0.006,1.0,0.0,929.507931523575,0.0,929.507931523575
1668578710.714894,2.828,0.0,-0.007,0.0,1.0,0.0,929.507931523575,0.0,929.507931523575
1668578770.733024,2.831,0.0030000000000001,-0.004,0.003,0.0,1.0,0.0,328.33201396099435,929.5079315235748
1668578830.7131755,2.829,-0.0019999999999997,-0.006,-0.002,1.0,0.0,928.851267495653,0.0,928.851267495653
1668578891.9740038,2.831,0.0019999999999997,0.001,0.007,0.0,1.0,0.0,328.1000591648368,928.851267495653
1668578951.538551,2.831,0.0,0.001,0.0,0.0,1.0,0.0,328.1000591648368,928.851267495653
1668579011.5416925,2.827,-0.004,0.0,-0.001,1.0,0.0,927.5388672589936,0.0,927.5388672589936
1668579072.4756076,2.822,-0.0049999999999998,-0.009,-0.009,1.0,0.0,927.5388672589936,0.0,927.5388672589936
1668579132.5437577,2.817,-0.0049999999999998,-0.008,0.0009999999999999,0.0,1.0,0.0,329.2647736098664,927.5388672589936
1668579192.4440796,2.806,-0.0110000000000001,-0.024,-0.016,1.0,0.0,923.9169547492852,0.0,923.9169547492852
1668579254.1124604,2.814,0.008,-0.013,0.011,0.0,1.0,0.0,328.3286974944155,923.9169547492852
1668579314.0368514,2.811,-0.0030000000000001,-0.016,-0.003,1.0,0.0,922.931968656802,0.0,922.931968656802
1668579375.099183,2.806,-0.0049999999999998,-0.025,-0.009,1.0,0.0,922.931968656802,0.0,922.931968656802
1668579434.8878615,2.806,0.0,-0.025,0.0,1.0,0.0,922.931968656802,0.0,922.931968656802
1668579494.9772546,2.81,0.004,-0.021,0.004,0.0,1.0,0.0,328.4455404472605,922.931968656802
1668579555.0505905,2.806,-0.004,-0.021,0.0,0.0,1.0,0.0,328.4455404472605,921.618186495013
1668579615.8404903,2.804,-0.0020000000000002,-0.019,0.002,0.0,1.0,0.0,328.4455404472605,920.9612954141184
1668579675.8898757,2.8,-0.004,-0.02,-0.001,1.0,0.0,919.6475132523292,0.0,919.6475132523292
1668579735.8519602,2.798,-0.0019999999999997,-0.013,0.007,0.0,1.0,0.0,328.68031209875954,919.6475132523292
1668579796.571211,2.8,0.0019999999999997,-0.014,-0.001,1.0,0.0,920.3048738765268,0.0,920.3048738765268
