time,open,close,macd,mom,rsi
1.0,2.0,3.0,4.0,5.0,6.0
1666567041.638876,1367.13,1367.13,0.47018862,1.46,53.31133944
1666567067.249629,1367.13,1367.31,0.4845476,1.64,54.14756109
1666567157.9555087,1366.61,1366.61,0.34944327,0.14,50.40160667
1666567167.926542,1366.61,1366.61,0.34944327,0.14,50.40160667
1666567177.9365804,1366.61,1366.61,0.34944327,0.14,50.40160667
1666567187.9044344,1366.61,1366.85,0.36858857,0.38,51.64646504
1666567197.911801,1366.61,1366.85,0.36858857,0.38,51.64646504
1666567210.3275294,1366.49,1366.49,0.28075367,-1.44,49.75880627
1666567217.897956,1366.49,1366.49,0.28075367,-1.44,49.75880627
1666567227.7809029,1366.49,1366.49,0.28075367,-1.44,49.75880627
1666567237.8374455,1366.49,1366.49,0.28075367,-1.44,49.75880627
1666567252.1740298,1366.49,1366.88,0.31186478,-1.05,51.89665644
1666567262.6444974,1366.49,1366.88,0.31186478,-1.05,51.89665644
1666567267.9285655,1366.49,1366.88,0.31186478,-1.05,51.89665644
1666567277.8974917,1366.16,1366.16,0.18396288,-1.22,47.95892634
1666567287.8461196,1366.16,1366.16,0.18396288,-1.22,47.95892634
1666567298.5082362,1366.16,1366.16,0.18396288,-1.22,47.95892634
1666567308.9466062,1366.16,1365.78,0.15364949,-1.6,45.90000093
1666567318.7404828,1366.16,1365.78,0.15364949,-1.6,45.90000093
1666567336.7637246,1365.03,1365.03,-0.03369749,-1.98,42.33517572
1666567338.5737493,1365.03,1365.03,-0.03369749,-1.98,42.33517572
1666567348.5558753,1365.03,1365.03,-0.03369749,-1.98,42.33517572
1666567358.5463676,1365.03,1365.03,-0.03369749,-1.98,42.33517572
1666567372.1183028,1365.03,1364.98,-0.03768609,-2.03,42.08195925
1666567407.5139065,1364.35,1364.35,-0.22872217,-3.2,39.3188571
1666567408.5122106,1364.35,1364.35,-0.22872217,-3.2,39.3188571
1666567422.740312,1364.35,1364.01,-0.25584468,-3.54,37.87355025
1666567428.5971005,1364.35,1364.01,-0.25584468,-3.54,37.87355025
1666567438.6045818,1364.35,1364.01,-0.25584468,-3.54,37.87355025
1666567448.573223,1364.35,1364.01,-0.25584468,-3.54,37.87355025
1666567458.6072493,1363.89,1363.89,-0.40143985,-3.3,37.38848588
1666567468.6278725,1363.89,1363.89,-0.40143985,-3.3,37.38848588
1666567479.2111945,1363.89,1363.89,-0.40143985,-3.3,37.38848588
1666567504.97395,1363.89,1362.96,-0.47562789,-4.23,33.77786458
1666567509.231466,1363.89,1362.96,-0.47562789,-4.23,33.77786458
1666567519.3339508,1362.54,1362.54,-0.69489066,-5.03,32.40647608
1666567529.3011858,1362.54,1362.54,-0.69489066,-5.03,32.40647608
1666567539.2084994,1362.54,1362.54,-0.69489066,-5.03,32.40647608
1666567549.200423,1362.54,1363.62,-0.60873681,-3.95,39.40448117
1666567559.774966,1362.54,1363.62,-0.60873681,-3.95,39.40448117
1666567569.1724317,1362.54,1363.62,-0.60873681,-3.95,39.40448117
1666567579.198951,1362.45,1362.45,-0.84460659,-4.69,32.05956868
1666567589.2634535,1362.45,1362.45,-0.84460659,-4.69,32.05956868
1666567599.4572225,1362.45,1362.45,-0.84460659,-4.69,32.05956868
1666567609.2445889,1362.45,1362.44,-0.84540431,-4.7,32.02296561
1666567619.241018,1362.45,1362.44,-0.84540431,-4.7,32.02296561
1666567649.6775317,1362.44,1362.44,-0.94806893,-4.85,32.02296561
1666567659.9753108,1362.44,1362.44,-0.94806893,-4.85,32.02296561
1666567670.0052,1362.44,1362.05,-0.97918004,-5.24,30.55765675
1666567728.379325,1361.9,1361.83,-1.09900384,-4.79,29.76779042
1666567729.9710388,1361.9,1361.83,-1.09900384,-4.79,29.76779042
1666567739.9953334,1361.9,1361.83,-1.09900384,-4.79,29.76779042
1666567750.040707,1361.9,1361.83,-1.09900384,-4.79,29.76779042
1666567759.9941509,1360.59,1360.59,-1.34689819,-5.91,25.82600349
1666567769.9657242,1360.59,1360.59,-1.34689819,-5.91,25.82600349
1666567779.9731045,1360.59,1360.59,-1.34689819,-5.91,25.82600349
1666567790.0226183,1360.59,1360.89,-1.32296657,-5.61,28.29972949
1666567800.0055752,1360.59,1360.89,-1.32296657,-5.61,28.29972949
1666567810.058841,1360.59,1360.89,-1.32296657,-5.61,28.29972949
1666567820.0352771,1360.24,1360.24,-1.49774564,-5.92,24.82670181
1666567830.112538,1360.24,1360.24,-1.49774564,-5.92,24.82670181
1666567840.7197895,1360.24,1361.81,-1.37250348,-4.35,36.66523432
1666567850.7764077,1360.24,1361.81,-1.37250348,-4.35,36.66523432
1666567860.0,1363.48,1364.13,-0.04340943,0.15,52.70419564
1666569058.2659898,1363.48,1364.13,-0.04340943,0.15,52.70419564
1666569068.710143,1363.48,1364.13,-0.04340943,0.15,52.70419564
1666569078.713873,1363.87,1363.87,-0.04146661,-0.68,51.01991069
1666569088.70895,1363.87,1363.87,-0.04146661,-0.68,51.01991069
1666569098.7480376,1363.87,1363.87,-0.04146661,-0.68,51.01991069
1666569109.1080678,1363.87,1363.65,-0.05901647,-0.9,49.42816983
1666569118.7732277,1363.87,1363.65,-0.05901647,-0.9,49.42816983
1666569130.3825023,1363.87,1363.65,-0.05901647,-0.9,49.42816983
1666569138.75467,1363.9,1363.9,-0.01899025,-0.56,51.2283152
1666569148.9060328,1363.9,1363.9,-0.01899025,-0.56,51.2283152
1666569158.8217015,1363.9,1363.9,-0.01899025,-0.56,51.2283152
1666569320.6961994,1364.36,1364.36,0.00449938,0.21,54.33986622
1666569321.170123,1364.36,1364.36,0.00449938,0.21,54.33986622
1666569329.4179957,1364.36,1364.36,0.00449938,0.21,54.33986622
1666569339.3845005,1364.36,1364.36,0.00449938,0.21,54.33986622
1666569349.8016863,1364.36,1365.65,0.10740537,1.5,60.8685916
1666569359.423116,1364.36,1365.65,0.10740537,1.5,60.8685916
1666569369.3958845,1364.36,1365.65,0.10740537,1.5,60.8685916
1666569525.040069,1363.64,1363.95,0.05305135,0.61,50.77945605
1666569531.4930604,1363.64,1363.95,0.05305135,0.61,50.77945605
1666569540.9071765,1363.64,1363.95,0.05305135,0.61,50.77945605
1666569550.8784504,1364.31,1364.31,0.10718406,0.83,52.5622283
1666569560.8450708,1364.31,1364.31,0.10718406,0.83,52.5622283
1666569661.2378514,1364.19,1364.39,0.12548127,0.51,52.97344907
1666569661.4240942,1364.19,1364.39,0.12548127,0.51,52.97344907
1666569666.6970928,1364.19,1364.39,0.12548127,0.51,52.97344907
1666569671.09398,1364.19,1364.39,0.12548127,0.51,52.97344907
1666569681.1089852,1364.08,1364.08,0.10205518,0.17,51.22971401
1666569708.1539571,1364.08,1366.12,0.26479022,2.21,61.00064793
1666569716.5915108,1364.08,1366.12,0.26479022,2.21,61.00064793
1666569721.607604,1364.08,1366.12,0.26479022,2.21,61.00064793
1666569793.736164,1365.05,1365.05,0.30242218,2.4,55.66852392
1666569801.5623703,1365.05,1365.05,0.30242218,2.4,55.66852392
1666569841.0603738,1365.05,1365.38,0.32874697,2.73,57.29813346
1666569841.591005,1365.05,1365.38,0.32874697,2.73,57.29813346
1666569851.5275648,1365.21,1365.21,0.35051387,0.85,56.47388866
1666569861.5912468,1365.21,1365.21,0.35051387,0.85,56.47388866
1666569873.0057042,1365.21,1365.21,0.35051387,0.85,56.47388866
1666569882.3367548,1365.21,1365.13,0.34413211,0.77,55.92680329
1666569892.3511934,1365.21,1365.13,0.34413211,0.77,55.92680329
1666569902.326604,1365.21,1365.13,0.34413211,0.77,55.92680329
1666570079.5510144,1366.49,1366.21,0.65073229,2.56,59.43284495
1666570079.737466,1366.49,1366.21,0.65073229,2.56,59.43284495
1666570081.3422894,1366.49,1366.21,0.65073229,2.56,59.43284495
1666570107.3236265,1366.47,1366.47,0.70164802,2.16,61.18250041
1666570111.242746,1366.47,1366.47,0.70164802,2.16,61.18250041
1666570202.0108936,1366.42,1367.04,0.76219304,2.84,64.00661439
1666570202.234271,1366.42,1367.04,0.76219304,2.84,64.00661439
1666570218.2154367,1369.26,1369.26,1.11913323,5.17,71.91611877
1666570221.345583,1369.26,1369.26,1.11913323,5.17,71.91611877
1666570231.300069,1369.26,1369.26,1.11913323,5.17,71.91611877
1666570241.9567032,1369.26,1368.6,1.06648366,4.51,67.17068572
1666570251.9321024,1369.26,1368.6,1.06648366,4.51,67.17068572
1666570262.166565,1369.26,1368.6,1.06648366,4.51,67.17068572
1666570271.947039,1368.18,1368.18,1.09398822,2.69,64.46379434
1666570281.973108,1368.18,1368.18,1.09398822,2.69,64.46379434
1666570291.9776862,1368.18,1368.18,1.09398822,2.69,64.46379434
1666570490.628444,1367.79,1366.9,0.99685452,1.08,55.68043298
1666570500.4807918,1367.79,1366.9,0.99685452,1.08,55.68043298
1666570510.605116,1365.75,1365.75,0.75183039,-1.1,49.35874797
1666570520.5119576,1365.75,1365.75,0.75183039,-1.1,49.35874797
1666570530.4746175,1365.75,1365.75,0.75183039,-1.1,49.35874797
1666570540.520605,1365.75,1365.35,0.71992156,-1.5,47.34222079
1666570550.544816,1365.75,1365.35,0.71992156,-1.5,47.34222079
1666570979.6811385,1366.69,1366.44,0.32945361,-1.4,53.35354213
1666571014.9746673,1366.27,1366.27,0.29331337,-1.53,52.25142189
1666571019.4639916,1366.27,1366.27,0.29331337,-1.53,52.25142189
1666571029.4076395,1366.27,1366.03,0.27416807,-1.77,50.66733114
1666571039.4547937,1366.27,1366.03,0.27416807,-1.77,50.66733114
1666571049.3978295,1366.27,1366.03,0.27416807,-1.77,50.66733114
1666571059.400138,1366.78,1366.78,0.34375055,1.04,55.23887264
1666571069.4434905,1366.78,1366.78,0.34375055,1.04,55.23887264
1666571079.399377,1366.78,1366.78,0.34375055,1.04,55.23887264
1666571089.437709,1366.78,1367.23,0.37964798,1.49,57.74630769
1666571099.4609804,1366.78,1367.23,0.37964798,1.49,57.74630769
1666571109.7186763,1366.78,1367.23,0.37964798,1.49,57.74630769
1666571119.7034574,1367.39,1367.39,0.43432175,2.0,58.54510719
1666571129.4929636,1367.39,1367.39,0.43432175,2.0,58.54510719
1666571147.1546545,1367.39,1367.62,0.45266933,2.23,59.78350325
1666571151.9496408,1367.39,1367.62,0.45266933,2.23,59.78350325
1666571161.916119,1367.39,1367.62,0.45266933,2.23,59.78350325
1666571182.47371,1368.88,1368.88,0.67221298,3.72,65.35367004
1666571191.942892,1368.88,1368.88,0.67221298,3.72,65.35367004
1666571205.2360568,1368.88,1368.79,0.66503349,3.63,64.66471956
1666571211.955992,1368.88,1368.79,0.66503349,3.63,64.66471956
1666571222.0519338,1368.88,1368.79,0.66503349,3.63,64.66471956
1666571231.987376,1368.64,1368.64,0.72388321,2.67,63.54819066
1666571241.9629965,1368.64,1368.64,0.72388321,2.67,63.54819066
1666571251.944775,1368.64,1368.64,0.72388321,2.67,63.54819066
1666571261.967477,1368.64,1368.88,0.74302851,2.91,64.60134965
1666571273.346882,1368.64,1368.88,0.74302851,2.91,64.60134965
1666571282.2080555,1368.64,1368.88,0.74302851,2.91,64.60134965
1666571291.9165547,1368.64,1368.88,0.74302851,2.91,64.60134965
1666571301.9379852,1369.33,1369.33,0.8680403,3.82,66.42337698
1666571332.88994,1369.33,1369.33,0.8680403,3.82,66.42337698
1666571338.191098,1369.33,1369.33,0.8680403,3.82,66.42337698
1666571348.1741848,1369.33,1369.33,0.8680403,3.82,66.42337698
1666571358.1749372,1369.26,1369.26,0.91808075,3.07,65.85969347
1666571434.5916116,1368.75,1368.75,0.87911297,2.56,61.73033379
1666571440.3719015,1368.75,1369.2,0.9150104,3.01,63.88377057
1666571450.3716776,1368.75,1369.2,0.9150104,3.01,63.88377057
1666571460.4279287,1368.75,1369.2,0.9150104,3.01,63.88377057
1666571470.3506055,1368.75,1369.2,0.9150104,3.01,63.88377057
1666571480.356717,1368.59,1368.59,0.848446,1.91,60.47600014
1666571490.6412604,1368.59,1368.59,0.848446,1.91,60.47600014
1666571500.431923,1368.59,1369.13,0.89152293,2.45,63.25573183
1666571510.363953,1368.59,1369.13,0.89152293,2.45,63.25573183
1666571555.2500224,1368.72,1368.72,0.84312732,2.44,61.18294486
1666571557.0991514,1368.72,1368.72,0.84312732,2.44,61.18294486
1666571566.680168,1368.72,1369.11,0.87423844,2.83,63.30352574
1666571576.705155,1368.72,1369.11,0.87423844,2.83,63.30352574
1666571586.6375923,1368.72,1369.11,0.87423844,2.83,63.30352574
1666571596.7159436,1368.52,1368.52,0.79233864,1.74,59.39945164
1666571606.7224908,1368.52,1368.52,0.79233864,1.74,59.39945164
1666571616.7045252,1368.52,1368.52,0.79233864,1.74,59.39945164
1666571626.617386,1368.52,1368.4,0.78276599,1.62,58.34344104
1666571636.7023904,1368.52,1368.4,0.78276599,1.62,58.34344104
1666571646.795322,1368.52,1368.4,0.78276599,1.62,58.34344104
1666571656.7122269,1368.53,1368.53,0.75867186,1.13,59.42595243
1666571666.7204504,1368.53,1368.53,0.75867186,1.13,59.42595243
1666571676.7282846,1368.53,1368.53,0.75867186,1.13,59.42595243
1666571686.7165215,1368.53,1367.96,0.71320178,0.56,54.3000393
1666571696.7126973,1368.53,1367.96,0.71320178,0.56,54.3000393
1666571706.722341,1368.53,1367.96,0.71320178,0.56,54.3000393
1666571717.057469,1367.41,1367.41,0.56468885,-1.47,50.12248149
1666571727.326209,1367.41,1367.41,0.56468885,-1.47,50.12248149
1666571775.9105716,1367.05,1367.05,0.4247566,-1.59,47.54753704
1666571779.7617292,1367.05,1367.05,0.4247566,-1.59,47.54753704
1666571793.052305,1367.05,1367.05,0.4247566,-1.59,47.54753704
1666571799.6001434,1367.05,1367.05,0.4247566,-1.59,47.54753704
1666571809.520615,1367.05,1368.46,0.53723523,-0.18,56.88917319
1666571819.5680969,1367.05,1368.46,0.53723523,-0.18,56.88917319
1666571829.5268896,1367.05,1368.46,0.53723523,-0.18,56.88917319
1666571880.9884558,1367.96,1366.69,0.35949577,-2.63,45.57227062
1666571891.0098753,1367.96,1366.69,0.35949577,-2.63,45.57227062
1666571901.016826,1364.25,1364.25,-0.09690534,-5.0,35.06018506
1666571911.0039668,1364.25,1364.25,-0.09690534,-5.0,35.06018506
1666571921.0899982,1364.25,1364.06,-0.11206203,-5.19,34.3948655
1666571930.9819276,1364.25,1364.06,-0.11206203,-5.19,34.3948655
1666571940.981697,1364.25,1364.06,-0.11206203,-5.19,34.3948655
1666571950.9923005,1364.84,1364.84,-0.2180935,-3.9,38.74441427
1666571961.0109746,1364.84,1364.84,-0.2180935,-3.9,38.74441427
1666571971.4383063,1364.84,1364.84,-0.2180935,-3.9,38.74441427
1666571990.5411184,1364.84,1364.22,-0.26755219,-4.52,36.3833464
1666572000.654277,1364.84,1364.22,-0.26755219,-4.52,36.3833464
1666572010.5827398,1364.84,1364.22,-0.26755219,-4.52,36.3833464
1666572026.761448,1364.19,1364.19,-0.43807551,-4.4,36.27465962
1666572030.5260415,1364.19,1364.19,-0.43807551,-4.4,36.27465962
1666572040.4443042,1364.19,1364.79,-0.39021226,-3.8,40.01669333
1666572050.479902,1364.19,1364.79,-0.39021226,-3.8,40.01669333
1666572060.558747,1364.19,1364.79,-0.39021226,-3.8,40.01669333
1666572070.5393996,1363.26,1363.26,-0.69751711,-5.46,33.09716457
1666572085.0082896,1363.26,1363.26,-0.69751711,-5.46,33.09716457
1666572090.552554,1363.26,1363.26,-0.69751711,-5.46,33.09716457
1666572100.6059735,1363.26,1363.44,-0.68315814,-5.28,34.30818663
1666572110.603896,1363.26,1363.44,-0.68315814,-5.28,34.30818663
1666572120.728367,1363.26,1363.44,-0.68315814,-5.28,34.30818663
1666572131.1923404,1362.44,1362.44,-0.94630671,-6.07,30.48279591
1666572140.5711565,1362.44,1362.44,-0.94630671,-6.07,30.48279591
1666572150.5875816,1362.44,1362.44,-0.94630671,-6.07,30.48279591
1666572160.5517294,1362.44,1362.44,-0.94630671,-6.07,30.48279591
1666572171.2076857,1362.44,1362.45,-0.94550899,-6.06,30.51388876
1666572181.399416,1362.44,1362.45,-0.94550899,-6.06,30.51388876
1666572191.2597475,1362.44,1362.45,-0.94550899,-6.06,30.51388876
1666572227.3590343,1362.51,1362.65,-1.06064832,-5.89,31.78393687
1666572231.2997391,1362.51,1362.65,-1.06064832,-5.89,31.78393687
1666572241.2672656,1362.51,1362.65,-1.06064832,-5.89,31.78393687
1666572274.4449222,1362.31,1362.31,-1.19121735,-5.11,30.15022792
1666572281.264713,1362.31,1362.62,-1.166488,-4.8,32.53029356
1666572291.7056808,1362.31,1362.62,-1.166488,-4.8,32.53029356
1666572301.2576497,1362.31,1362.62,-1.166488,-4.8,32.53029356
1666572311.293037,1362.65,1362.65,-1.2106359,-4.4,32.7917626
1666572321.2882218,1362.65,1362.65,-1.2106359,-4.4,32.7917626
1666572331.2458975,1362.65,1362.65,-1.2106359,-4.4,32.7917626
1666572341.3436005,1362.65,1362.22,-1.2449379,-4.83,31.18400081
1666572351.8805025,1362.65,1362.22,-1.2449379,-4.83,31.18400081
1666572361.9428272,1362.65,1362.22,-1.2449379,-4.83,31.18400081
1666572371.8943343,1362.38,1362.38,-1.27209615,-5.57,31.76347823
1666572381.9716148,1362.38,1362.38,-1.27209615,-5.57,31.76347823
1666572392.3187418,1362.38,1362.38,-1.27209615,-5.57,31.76347823
1666572401.9132743,1362.38,1363.19,-1.20748076,-4.76,38.04061391
1666572411.8967547,1362.38,1363.19,-1.20748076,-4.76,38.04061391
1666572421.9169917,1362.38,1363.19,-1.20748076,-4.76,38.04061391
1666572431.9163616,1363.05,1363.05,-1.19416421,-1.2,37.03956482
1666572441.9300632,1363.05,1363.05,-1.19416421,-1.2,37.03956482
1666572714.9085302,1362.07,1362.23,-1.20773647,-0.27,34.9864953
1666572715.233143,1362.07,1362.23,-1.20773647,-0.27,34.9864953
1666572716.2275488,1362.07,1362.23,-1.20773647,-0.27,34.9864953
1666572716.4544544,1362.07,1362.23,-1.20773647,-0.27,34.9864953
1666572716.6379995,1362.07,1362.23,-1.20773647,-0.27,34.9864953
1666572716.9132593,1362.07,1362.23,-1.20773647,-0.27,34.9864953
1666572745.6389334,1362.05,1362.05,-1.20905538,-0.48,33.47282811
1666572751.2311845,1362.05,1362.05,-1.20905538,-0.48,33.47282811
1666572761.4782426,1362.05,1361.61,-1.2441551,-0.92,31.38131856
1666572771.7402928,1362.05,1361.61,-1.2441551,-0.92,31.38131856
1666572781.267164,1362.05,1361.61,-1.2441551,-0.92,31.38131856
1666572791.243157,1360.63,1360.63,-1.38517014,-1.69,27.62163676
1666572801.3313622,1360.63,1360.63,-1.38517014,-1.69,27.62163676
1666572827.587741,1360.63,1361.49,-1.31656615,-0.83,34.98308588
1666572835.0206983,1360.63,1361.49,-1.31656615,-0.83,34.98308588
1666572861.5359817,1360.6,1360.6,-1.42285796,-2.06,27.51296987
1666572871.5941317,1360.6,1360.6,-1.42285796,-2.06,27.51296987
1666572881.5340784,1360.6,1360.58,-1.4244534,-2.08,27.43547842
1666572891.5984418,1360.6,1360.58,-1.4244534,-2.08,27.43547842
1666573046.374214,1359.93,1359.93,-1.52404712,-3.4,27.16896581
1666573052.32516,1359.93,1359.93,-1.52404712,-3.4,27.16896581
1666573062.2891674,1359.93,1359.92,-1.52484484,-3.41,27.06259649
1666573072.3669984,1359.93,1359.92,-1.52484484,-3.41,27.06259649
1666573082.2530444,1359.93,1359.92,-1.52484484,-3.41,27.06259649
1666573092.6168118,1359.93,1359.92,-1.52484484,-3.41,27.06259649
1666573102.3268366,1360.39,1360.39,-1.45011131,-2.41,31.74765837
1666573112.5614874,1360.39,1360.39,-1.45011131,-2.41,31.74765837
1666573122.3275158,1360.39,1360.52,-1.43974094,-2.28,33.02904938
1666573132.3690906,1360.39,1360.52,-1.43974094,-2.28,33.02904938
1666573142.2588396,1360.39,1360.52,-1.43974094,-2.28,33.02904938
1666573152.3406708,1360.39,1360.52,-1.43974094,-2.28,33.02904938
1666573162.3574283,1361.75,1361.75,-1.21215569,-0.3,43.13092548
1666573205.0297656,1361.75,1361.06,-1.26719843,-0.99,39.52880737
1666573210.6177175,1361.75,1361.06,-1.26719843,-0.99,39.52880737
1666573220.6336963,1360.94,1360.94,-1.21141241,-1.12,38.96289069
1666573230.6100683,1360.94,1360.94,-1.21141241,-1.12,38.96289069
1666573240.7560952,1360.94,1360.89,-1.21540102,-1.17,38.71418692
1666573251.1399,1360.94,1360.89,-1.21540102,-1.17,38.71418692
1666573260.5918252,1360.94,1360.89,-1.21540102,-1.17,38.71418692
1666573270.613125,1360.94,1360.89,-1.21540102,-1.17,38.71418692
1666573280.6461527,1360.53,1360.53,-1.20497474,-1.51,37.05064765
1666573290.5778017,1360.53,1360.53,-1.20497474,-1.51,37.05064765
1666573300.6427252,1360.53,1360.63,-1.19699753,-1.41,37.86528869
1666573310.6349342,1360.53,1360.63,-1.19699753,-1.41,37.86528869
1666573320.549075,1360.53,1360.63,-1.19699753,-1.41,37.86528869
1666573330.6190257,1360.54,1360.54,-1.15853566,-0.09,37.13307175
1666573340.621652,1360.54,1360.54,-1.15853566,-0.09,37.13307175
1666573350.6444342,1360.54,1360.54,-1.15853566,-0.09,37.13307175
1666573360.745612,1360.54,1360.69,-1.14656985,0.06,38.43525177
1666573370.613267,1360.54,1360.69,-1.14656985,0.06,38.43525177
1666573381.2225263,1360.54,1360.69,-1.14656985,0.06,38.43525177
1666573391.466268,1361.5,1361.5,-0.97448199,0.9,44.63392218
1666573401.3272796,1361.5,1361.5,-0.97448199,0.9,44.63392218
1666573411.8093553,1361.5,1361.5,-0.97448199,0.9,44.63392218
1666573421.2869744,1361.5,1361.58,-0.96810022,0.98,45.22001414
1666573431.3444748,1361.5,1361.58,-0.96810022,0.98,45.22001414
1666573441.3101952,1361.5,1361.58,-0.96810022,0.98,45.22001414
1666573451.5776646,1361.62,1361.62,-0.8609703,1.51,45.51562812
1666573461.3533163,1361.62,1361.62,-0.8609703,1.51,45.51562812
1666573471.5178728,1361.62,1361.62,-0.8609703,1.51,45.51562812
1666573481.3325973,1361.62,1362.29,-0.80752301,2.18,50.23016874
1666573491.3672464,1361.62,1362.29,-0.80752301,2.18,50.23016874
1666573501.372408,1361.62,1362.29,-0.80752301,2.18,50.23016874
1666573511.481867,1362.39,1362.39,-0.66211674,1.94,50.8711211
1666573521.277499,1362.39,1362.39,-0.66211674,1.94,50.8711211
1666573531.299958,1362.39,1362.39,-0.66211674,1.94,50.8711211
1666573541.2690327,1362.39,1362.27,-0.67168939,1.82,50.04471951
1666573551.317462,1362.39,1362.27,-0.67168939,1.82,50.04471951
1666573562.2905462,1362.39,1362.27,-0.67168939,1.82,50.04471951
1666573572.480908,1362.06,1362.06,-0.59353944,2.14,48.66622185
1666573582.0840826,1362.06,1362.06,-0.59353944,2.14,48.66622185
1666573592.1993637,1362.06,1362.06,-0.59353944,2.14,48.66622185
1666573602.0312684,1362.06,1362.26,-0.57758502,2.34,50.08155285
1666573611.9859688,1362.06,1362.26,-0.57758502,2.34,50.08155285
1666573622.0027015,1362.06,1362.26,-0.57758502,2.34,50.08155285
1666573632.2133603,1362.22,1362.22,-0.48917898,1.83,49.80476484
1666573642.058181,1362.22,1362.22,-0.48917898,1.83,49.80476484
1666573652.0893424,1362.22,1362.22,-0.48917898,1.83,49.80476484
1666573662.0299654,1362.22,1362.22,-0.48917898,1.83,49.80476484
1666573672.0412948,1362.22,1362.68,-0.45248382,2.29,53.03019396
1666573682.1124854,1362.22,1362.68,-0.45248382,2.29,53.03019396
1666573692.077388,1362.29,1362.29,-0.40256084,0.54,50.32951643
1666573702.0787072,1362.29,1362.29,-0.40256084,0.54,50.32951643
1666573712.1077302,1362.29,1362.29,-0.40256084,0.54,50.32951643
1666573722.0683324,1362.29,1362.1,-0.41771754,0.35,48.84932075
1666573732.6989803,1362.29,1362.1,-0.41771754,0.35,48.84932075
1666573742.7089782,1362.29,1362.1,-0.41771754,0.35,48.84932075
1666573752.8283024,1362.1,1362.1,-0.36133479,1.16,48.85894918
1666573762.7292204,1362.1,1362.1,-0.36133479,1.16,48.85894918
1666573772.8927908,1362.1,1362.1,-0.36133479,1.16,48.85894918
1666573807.0511904,1362.1,1362.01,-0.36851427,1.07,48.13244032
1666573817.0561872,1362.05,1362.05,-0.31948562,1.53,48.45098387
1666573827.0559533,1362.05,1362.05,-0.31948562,1.53,48.45098387
1666573837.2616076,1362.05,1362.05,-0.31948562,1.53,48.45098387
1666573847.109618,1362.05,1362.14,-0.31230614,1.62,49.26458095
1666573857.5503042,1362.05,1362.14,-0.31230614,1.62,49.26458095
1666573867.1041186,1362.05,1362.14,-0.31230614,1.62,49.26458095
1666573877.2631834,1362.06,1362.06,-0.27790245,1.52,48.54121782
1666573887.0863097,1362.06,1362.06,-0.27790245,1.52,48.54121782
1666573897.1170342,1362.06,1362.06,-0.27790245,1.52,48.54121782
1666573907.1112957,1362.06,1361.69,-0.30741812,1.15,45.33976702
1666573944.6641188,1361.19,1361.19,-0.36639142,-0.3,41.6294963
1666573948.9443502,1361.19,1361.19,-0.36639142,-0.3,41.6294963
1666573959.0204525,1361.19,1361.19,-0.36639142,-0.3,41.6294963
1666573968.8337245,1361.19,1361.11,-0.37277319,-0.38,41.05066609
1666574101.6387706,1361.01,1361.31,-0.39184265,-1.07,43.72530826
1666574106.243865,1361.01,1361.31,-0.39184265,-1.07,43.72530826
1666574116.0324314,1362.0,1362.0,-0.2807717,-0.05,50.13649827
1666574126.0704548,1362.0,1362.0,-0.2807717,-0.05,50.13649827
1666574402.6776152,1354.86,1354.88,-1.52905062,-7.17,20.63770853
1666574403.3267655,1354.86,1354.88,-1.52905062,-7.17,20.63770853
1666574404.26253,1354.86,1354.88,-1.52905062,-7.17,20.63770853
1666574404.4668608,1354.86,1354.88,-1.52905062,-7.17,20.63770853
1666574404.704013,1354.86,1354.88,-1.52905062,-7.17,20.63770853
1666574408.7296374,1354.86,1354.88,-1.52905062,-7.17,20.63770853
1666574418.548428,1355.68,1355.68,-1.61914924,-6.39,26.41146018
1666574445.3462207,1355.68,1355.68,-1.61914924,-6.39,26.41146018
1666574455.4344797,1355.68,1354.53,-1.71088713,-7.54,23.69400062
1666574466.307298,1355.68,1354.53,-1.71088713,-7.54,23.69400062
1666574475.43688,1355.48,1355.48,-1.74893459,-5.71,25.85821983
1666574485.4158025,1355.48,1355.48,-1.74893459,-5.71,25.85821983
1666574495.4804437,1355.48,1355.48,-1.74893459,-5.71,25.85821983
1666574505.417224,1355.48,1356.0,-1.7074531,-5.19,29.64625906
1666574515.4024477,1355.48,1356.0,-1.7074531,-5.19,29.64625906
1666574525.4584496,1355.48,1356.0,-1.7074531,-5.19,29.64625906
1666574535.4631453,1355.66,1355.66,-1.79212633,-5.35,27.25888268
1666574545.6418133,1355.66,1355.66,-1.79212633,-5.35,27.25888268
1666574555.5170095,1355.66,1355.66,-1.79212633,-5.35,27.25888268
1666574565.5358796,1355.66,1354.6,-1.87668474,-6.41,24.43007424
1666574575.5224328,1355.66,1354.6,-1.87668474,-6.41,24.43007424
1666574585.4988935,1355.66,1354.6,-1.87668474,-6.41,24.43007424
1666574595.4882092,1355.16,1355.16,-1.88809907,-5.84,25.84714049
1666574605.4468646,1355.16,1355.16,-1.88809907,-5.84,25.84714049
1666574615.4976006,1355.16,1355.16,-1.88809907,-5.84,25.84714049
1666574626.6101253,1355.16,1354.95,-1.90485121,-6.05,25.25552742
1666574636.288223,1355.16,1354.95,-1.90485121,-6.05,25.25552742
1666574646.3045192,1355.16,1354.95,-1.90485121,-6.05,25.25552742
1666574656.3490627,1354.74,1354.74,-1.96989709,-7.26,24.69039109
1666574666.4554613,1354.74,1354.74,-1.96989709,-7.26,24.69039109
1666574676.5108206,1354.74,1354.74,-1.96989709,-7.26,24.69039109
1666574686.2802162,1354.74,1355.46,-1.91246119,-6.54,30.43774963
1666574696.3203225,1354.74,1355.46,-1.91246119,-6.54,30.43774963
1666574706.320191,1354.74,1355.46,-1.91246119,-6.54,30.43774963
1666574716.422375,1354.77,1354.77,-1.98042832,-6.48,25.00373195
1666574726.359786,1354.77,1354.77,-1.98042832,-6.48,25.00373195
1666574736.3212085,1354.77,1354.77,-1.98042832,-6.48,25.00373195
1666574746.5241263,1354.77,1355.41,-1.92937419,-5.84,30.42640432
1666574756.3148248,1354.77,1355.41,-1.92937419,-5.84,30.42640432
1666574766.3263783,1354.77,1355.41,-1.92937419,-5.84,30.42640432
1666574776.351043,1355.79,1355.79,-1.82442055,-3.37,33.31924819
1666574786.6104853,1355.79,1355.79,-1.82442055,-3.37,33.31924819
1666574796.339109,1355.79,1355.79,-1.82442055,-3.37,33.31924819
1666574806.9854984,1355.79,1356.22,-1.79011855,-2.94,36.53501305
1666574817.929633,1355.79,1356.22,-1.79011855,-2.94,36.53501305
1666574827.2000687,1355.79,1356.22,-1.79011855,-2.94,36.53501305
1666574837.01612,1356.28,1356.28,-1.67588298,0.13,36.95923008
1666574847.0651314,1356.28,1356.28,-1.67588298,0.13,36.95923008
1666574857.1497087,1356.28,1356.28,-1.67588298,0.13,36.95923008
1666574867.0260298,1356.28,1355.76,-1.71736446,-0.39,34.78887371
1666574877.0212922,1356.28,1355.76,-1.71736446,-0.39,34.78887371
1666574886.9918556,1356.28,1355.76,-1.71736446,-0.39,34.78887371
1666574897.0157485,1355.82,1355.82,-1.6354446,0.95,35.02313861
1666574907.0208924,1355.82,1355.82,-1.6354446,0.95,35.02313861
1666574917.0454392,1355.82,1355.82,-1.6354446,0.95,35.02313861
1666574927.2804475,1355.82,1356.46,-1.58439047,1.59,39.72129658
1666574937.0270634,1355.82,1356.46,-1.58439047,1.59,39.72129658
1666574947.1601288,1355.82,1356.46,-1.58439047,1.59,39.72129658
1666574957.0314765,1356.1,1356.1,-1.51741829,0.43,37.14639188
1666574967.2290037,1356.1,1356.1,-1.51741829,0.43,37.14639188
1666574977.453164,1356.1,1356.1,-1.51741829,0.43,37.14639188
1666574987.6703384,1356.1,1356.68,-1.47115049,1.01,41.48336544
1666574997.685994,1356.1,1356.68,-1.47115049,1.01,41.48336544
1666575007.7060564,1356.1,1356.68,-1.47115049,1.01,41.48336544
1666575017.7200246,1356.58,1356.58,-1.35791679,1.1,40.78430983
1666575027.9308531,1356.58,1356.58,-1.35791679,1.1,40.78430983
1666575037.621765,1356.58,1356.58,-1.35791679,1.1,40.78430983
1666575047.7065196,1356.58,1356.33,-1.37785981,0.85,39.47746697
1666575057.60131,1356.58,1356.33,-1.37785981,0.85,39.47746697
1666575067.6705558,1356.58,1356.33,-1.37785981,0.85,39.47746697
1666575077.685709,1356.37,1356.37,-1.27653728,0.7,39.67727433
1666575088.1690962,1356.37,1356.37,-1.27653728,0.7,39.67727433
1666575097.6845293,1356.37,1356.37,-1.27653728,0.7,39.67727433
1666575107.8998826,1356.37,1356.37,-1.27653728,0.7,39.67727433
1666575117.728265,1356.37,1356.37,-1.27653728,0.7,39.67727433
1666575127.6974654,1356.37,1356.37,-1.27653728,0.7,39.67727433
1666575137.966507,1357.01,1357.01,-1.09463408,1.85,44.51603707
1666575147.689085,1357.01,1357.01,-1.09463408,1.85,44.51603707
1666575157.7169454,1357.01,1357.01,-1.09463408,1.85,44.51603707
1666575168.6703846,1357.01,1356.79,-1.11218394,1.63,43.23226263
1666575178.3933735,1357.01,1356.79,-1.11218394,1.63,43.23226263
1666575188.8301225,1357.01,1356.79,-1.11218394,1.63,43.23226263
1666575198.6335092,1356.7,1356.7,-1.02346492,1.96,42.72817458
1666575208.372388,1356.7,1356.7,-1.02346492,1.96,42.72817458
1666575218.7490022,1356.7,1356.7,-1.02346492,1.96,42.72817458
1666575228.3718586,1356.7,1357.28,-0.97719711,2.54,47.01578307
1666575238.4390364,1356.7,1357.28,-0.97719711,2.54,47.01578307
1666575248.4262848,1356.7,1357.28,-0.97719711,2.54,47.01578307
1666575258.4246738,1356.87,1356.87,-0.91201981,2.09,44.0666636
1666575268.4548094,1356.87,1356.87,-0.91201981,2.09,44.0666636
1666575278.4396036,1356.87,1356.87,-0.91201981,2.09,44.0666636
1666575288.6569543,1356.87,1357.36,-0.87293149,2.58,47.80353134
1666575298.4307373,1356.87,1357.36,-0.87293149,2.58,47.80353134
1666575308.429479,1356.87,1357.36,-0.87293149,2.58,47.80353134
1666575318.4069965,1357.72,1357.72,-0.70540367,1.93,50.25581233
1666575328.6318395,1357.72,1357.72,-0.70540367,1.93,50.25581233
1666575338.4866457,1357.72,1357.72,-0.70540367,1.93,50.25581233
1666575349.1422615,1357.72,1357.6,-0.71497632,1.81,49.42229347
1666575359.1285665,1357.72,1357.6,-0.71497632,1.81,49.42229347
1666575369.3632915,1357.72,1357.6,-0.71497632,1.81,49.42229347
1666575379.0357718,1358.19,1358.19,-0.52217035,1.91,53.33808935
1666575389.0978084,1358.19,1358.19,-0.52217035,1.91,53.33808935
1666575399.080731,1358.19,1358.19,-0.52217035,1.91,53.33808935
1666575409.1585777,1358.19,1357.6,-0.56923587,1.32,49.21550012
1666575419.0593112,1358.19,1357.6,-0.56923587,1.32,49.21550012
1666575429.057197,1358.19,1357.6,-0.56923587,1.32,49.21550012
1666575439.1977654,1357.55,1357.55,-0.49189166,1.72,48.89033482
1666575449.1615431,1357.55,1357.55,-0.49189166,1.72,48.89033482
1666575459.190278,1357.55,1357.55,-0.49189166,1.72,48.89033482
1666575469.1754413,1357.55,1357.86,-0.46716232,2.03,51.0211248
1666575479.1584206,1357.55,1357.86,-0.46716232,2.03,51.0211248
1666575490.0638635,1357.55,1357.86,-0.46716232,2.03,51.0211248
1666575499.151203,1357.68,1357.68,-0.40419573,1.58,49.79957857
1666575509.191827,1357.68,1357.68,-0.40419573,1.58,49.79957857
1666575519.2890687,1357.68,1357.68,-0.40419573,1.58,49.79957857
1666575529.8310025,1357.68,1357.74,-0.39940941,1.64,50.24277572
1666575539.818077,1357.68,1357.74,-0.39940941,1.64,50.24277572
1666575549.7997932,1357.68,1357.74,-0.39940941,1.64,50.24277572
1666575559.8054178,1357.81,1357.81,-0.32187059,1.24,50.75624251
1666575569.754901,1357.81,1357.81,-0.32187059,1.24,50.75624251
1666575579.8158803,1357.81,1357.81,-0.32187059,1.24,50.75624251
1666575589.802649,1357.81,1357.7,-0.33064552,1.13,49.89404753
1666575599.9772713,1357.81,1357.7,-0.33064552,1.13,49.89404753
1666575609.8918116,1357.81,1357.7,-0.33064552,1.13,49.89404753
1666575619.875706,1356.89,1356.89,-0.39187212,0.52,44.35491294
1666575629.893229,1356.89,1356.89,-0.39187212,0.52,44.35491294
1666575639.844223,1356.89,1356.89,-0.39187212,0.52,44.35491294
1666575650.5862916,1356.89,1357.16,-0.37033366,0.79,46.48958945
1666575660.0763216,1356.89,1357.16,-0.37033366,0.79,46.48958945
1666575669.8575766,1356.89,1357.16,-0.37033366,0.79,46.48958945
1666575679.8699572,1357.08,1357.08,-0.35726745,0.07,45.87436373
1666575689.8748314,1357.08,1357.08,-0.35726745,0.07,45.87436373
1666575700.1293216,1357.08,1357.08,-0.35726745,0.07,45.87436373
1666575710.8630326,1357.08,1357.44,-0.3285495,0.43,48.73095824
1666575720.583902,1357.08,1357.44,-0.3285495,0.43,48.73095824
1666575730.5914276,1357.08,1357.44,-0.3285495,0.43,48.73095824
1666575740.568876,1357.69,1357.69,-0.25234379,0.99,50.54895378
1666575750.8168328,1357.69,1357.69,-0.25234379,0.99,50.54895378
1666575760.834159,1357.69,1357.69,-0.25234379,0.99,50.54895378
1666575770.5983348,1357.69,1358.23,-0.20926687,1.53,54.30643527
1666575780.5825338,1357.69,1358.23,-0.20926687,1.53,54.30643527
1666575790.5673482,1357.69,1358.23,-0.20926687,1.53,54.30643527
1666575800.520921,1357.51,1357.51,-0.22959197,0.63,49.19233391
1666575811.0969903,1357.51,1357.51,-0.22959197,0.63,49.19233391
1666575820.7467773,1357.51,1357.28,-0.24793955,0.4,47.44550173
1666575830.6074724,1357.51,1357.28,-0.24793955,0.4,47.44550173
1666575840.6661618,1357.51,1357.28,-0.24793955,0.4,47.44550173
1666575850.6595037,1357.51,1357.28,-0.24793955,0.4,47.44550173
1666575860.608286,1356.59,1356.59,-0.32857862,-1.13,42.87770717
1666575870.6205711,1356.59,1356.59,-0.32857862,-1.13,42.87770717
1666575880.6464868,1356.59,1356.44,-0.34054443,-1.28,41.93258063
1666575891.29045,1356.59,1356.44,-0.34054443,-1.28,41.93258063
1666575901.320192,1356.59,1356.44,-0.34054443,-1.28,41.93258063
1666575911.2981768,1356.3,1356.3,-0.38649926,-1.89,41.11939183
1666575921.491856,1356.3,1356.3,-0.38649926,-1.89,41.11939183
1666575931.451373,1356.3,1356.3,-0.38649926,-1.89,41.11939183
1666637354.9922686,1340.56,1340.44,0.65124283,2.33,65.38994865
1666637355.6993196,1340.61,1340.61,0.70182887,1.78,67.02818246
1666637355.9278016,1340.61,1340.61,0.70182887,1.78,67.02818246
1666637356.218973,1340.61,1340.61,0.70182887,1.78,67.02818246
1666637356.683519,1340.61,1340.61,0.70182887,1.78,67.02818246
1666637360.378234,1340.61,1340.61,0.70182887,1.78,67.02818246
1666637490.8633258,1340.67,1340.67,0.75537755,2.41,65.47617691
1666637500.8579946,1340.67,1340.87,0.77133196,2.61,66.85288371
1666637510.854246,1340.67,1340.87,0.77133196,2.61,66.85288371
1666637520.913148,1340.67,1340.87,0.77133196,2.61,66.85288371
1666637530.8339286,1340.69,1340.69,0.75431539,1.48,65.67379559
1666637540.842659,1340.69,1340.69,0.75431539,1.48,65.67379559
1666637550.8050056,1340.69,1340.69,0.75431539,1.48,65.67379559
1666637560.9065454,1340.69,1340.69,0.75431539,1.48,65.67379559
1666637570.8554118,1340.69,1340.37,0.72878832,1.16,61.48642038
1666637580.841945,1340.69,1340.37,0.72878832,1.16,61.48642038
1666637590.911242,1340.69,1340.37,0.72878832,1.16,61.48642038
1666637600.8197956,1340.31,1340.31,0.68991929,0.32,60.76003177
1666637610.8407533,1340.31,1340.31,0.68991929,0.32,60.76003177
1666637620.866789,1340.31,1340.22,0.68273981,0.23,59.62221106
1666637630.8410783,1340.31,1340.22,0.68273981,0.23,59.62221106
1666637640.9064858,1340.31,1340.22,0.68273981,0.23,59.62221106
1666637650.9041078,1340.05,1340.05,0.61798384,0.31,57.56146067
1666637660.8518147,1340.05,1340.05,0.61798384,0.31,57.56146067
1666637671.4831862,1340.05,1340.05,0.61798384,0.31,57.56146067
1666637681.4660149,1340.05,1340.12,0.62356788,0.38,58.19219721
1666637691.4731996,1340.05,1340.12,0.62356788,0.38,58.19219721
1666637701.495121,1340.05,1340.12,0.62356788,0.38,58.19219721
1666637711.7209122,1340.24,1340.24,0.59769943,0.66,59.23741674
1666637721.5298576,1340.24,1340.24,0.59769943,0.66,59.23741674
1666637731.7707305,1340.24,1340.24,0.59769943,0.66,59.23741674
1666637741.4602234,1340.24,1340.09,0.58573362,0.51,57.35232127
1666637751.4873016,1340.24,1340.09,0.58573362,0.51,57.35232127
1666637761.4783611,1340.24,1340.09,0.58573362,0.51,57.35232127
1666637771.492122,1340.38,1340.38,0.58415245,0.35,60.41606502
1666637781.599162,1340.38,1340.38,0.58415245,0.35,60.41606502
1666637791.4935565,1340.38,1340.38,0.58415245,0.35,60.41606502
1666637801.537494,1340.38,1339.99,0.55304134,-0.04,55.40760639
1666637811.5246484,1340.38,1339.99,0.55304134,-0.04,55.40760639
1666637821.641112,1340.38,1339.99,0.55304134,-0.04,55.40760639
1666637831.4885092,1340.36,1340.36,0.55529543,-0.2,60.12662582
1666637841.6703508,1340.36,1340.36,0.55529543,-0.2,60.12662582
1666637852.1068738,1340.36,1340.36,0.55529543,-0.2,60.12662582
1666637862.2024653,1340.36,1340.87,0.59597919,0.31,64.67484637
1666637872.0880506,1340.36,1340.87,0.59597919,0.31,64.67484637
1666637882.04971,1340.36,1340.87,0.59597919,0.31,64.67484637
1666637892.1130383,1341.47,1341.47,0.68451177,0.85,68.73449176
1666637904.3635006,1341.47,1341.47,0.68451177,0.85,68.73449176
1666637912.1304636,1341.47,1341.47,0.68451177,0.85,68.73449176
1666637922.1854537,1341.47,1341.47,0.68451177,0.85,68.73449176
1666637932.1579049,1341.47,1342.45,0.76268841,1.83,74.14769635
1666637942.1388235,1341.47,1342.45,0.76268841,1.83,74.14769635
1666637952.1397686,1341.79,1341.79,0.7525696,0.83,70.78640026
1666637962.0615346,1341.79,1341.79,0.7525696,0.83,70.78640026
1666637972.1005957,1341.79,1341.79,0.7525696,0.83,70.78640026
1666637982.069147,1341.79,1341.43,0.72385165,0.47,65.82069072
1666637992.173878,1341.79,1341.43,0.72385165,0.47,65.82069072
1666638002.09746,1341.79,1341.43,0.72385165,0.47,65.82069072
1666638012.5170698,1341.73,1341.73,0.76945838,1.05,69.9794544
1666638022.0599265,1341.73,1341.73,0.76945838,1.05,69.9794544
1666638032.7708993,1341.73,1341.73,0.76945838,1.05,69.9794544
1666638042.779929,1341.73,1341.73,0.76945838,1.05,69.9794544
1666638052.8147943,1341.73,1342.16,0.80376037,1.48,72.64715002
1666638062.7743056,1341.73,1342.16,0.80376037,1.48,72.64715002
1666638072.788513,1341.73,1342.16,0.80376037,1.48,72.64715002
1666638082.803751,1343.12,1343.12,0.97662901,2.43,76.76536501
1666638092.7099764,1343.12,1343.12,0.97662901,2.43,76.76536501
1666638102.7417738,1343.12,1342.57,0.93275437,1.88,69.74244325
1666638112.7562928,1343.12,1342.57,0.93275437,1.88,69.74244325
1666638122.8426974,1343.12,1342.57,0.93275437,1.88,69.74244325
1666638132.7854776,1343.12,1342.57,0.93275437,1.88,69.74244325
1666638142.7830768,1343.32,1343.32,1.06732664,3.01,77.87087782
1666638152.800493,1343.32,1343.32,1.06732664,3.01,77.87087782
1666638162.845224,1343.32,1343.08,1.04818134,2.77,74.43694975
1666638172.725129,1343.32,1343.08,1.04818134,2.77,74.43694975
1666638182.8989868,1343.32,1343.08,1.04818134,2.77,74.43694975
1666638192.8795698,1344.03,1344.03,1.21346524,3.99,80.63188065
1666638202.862915,1344.03,1344.03,1.21346524,3.99,80.63188065
1666638213.4162264,1344.03,1344.03,1.21346524,3.99,80.63188065
1666638223.4659483,1344.03,1344.53,1.25335128,4.49,82.25357513
1666638233.415315,1344.03,1344.53,1.25335128,4.49,82.25357513
1666638243.395612,1344.03,1344.53,1.25335128,4.49,82.25357513
1666638253.3891766,1344.83,1344.83,1.38284799,4.6,83.102474
1666638263.460649,1344.83,1344.83,1.38284799,4.6,83.102474
1666638273.4128387,1344.83,1344.83,1.38284799,4.6,83.102474
1666638283.3894622,1344.83,1344.92,1.39002748,4.69,83.35964011
1666638293.4146512,1344.83,1344.92,1.39002748,4.69,83.35964011
1666638303.3745189,1344.83,1344.92,1.39002748,4.69,83.35964011
1666638313.4221904,1345.25,1345.25,1.50855306,4.86,84.24109338
1666638323.409887,1345.25,1345.25,1.50855306,4.86,84.24109338
1666638333.334796,1345.25,1345.25,1.50855306,4.86,84.24109338
1666638343.3273575,1345.25,1345.54,1.53168696,5.15,84.99172183
1666638353.452289,1345.25,1345.54,1.53168696,5.15,84.99172183
1666638363.4152496,1345.25,1345.54,1.53168696,5.15,84.99172183
1666638373.4583478,1345.73,1345.73,1.63207766,5.36,85.44591383
1666638383.3711214,1345.73,1345.73,1.63207766,5.36,85.44591383
1666638394.4638767,1345.73,1345.73,1.63207766,5.36,85.44591383
1666638404.5677457,1345.73,1345.62,1.62330273,5.25,83.86355259
1666638414.4304056,1345.73,1345.62,1.62330273,5.25,83.86355259
1666638424.4527822,1345.73,1345.62,1.62330273,5.25,83.86355259
1666638434.4949532,1345.75,1345.75,1.68370041,4.27,85.36354417
1666638444.5117712,1345.75,1345.75,1.68370041,4.27,85.36354417
1666638454.483853,1345.75,1345.75,1.68370041,4.27,85.36354417
1666638464.50172,1345.75,1347.32,1.80894257,5.84,88.74669009
1666638474.488633,1345.75,1347.32,1.80894257,5.84,88.74669009
1666638484.5026174,1345.75,1347.32,1.80894257,5.84,88.74669009
1666638494.4575768,1347.8,1347.8,1.99287623,6.02,89.46869966
1666638504.463112,1347.8,1347.8,1.99287623,6.02,89.46869966
1666638514.5140371,1347.8,1347.8,1.99287623,6.02,89.46869966
1666638524.5629315,1347.8,1349.46,2.12529789,7.68,91.4998452
1666638534.5831535,1347.8,1349.46,2.12529789,7.68,91.4998452
1666638544.5329742,1347.8,1349.46,2.12529789,7.68,91.4998452
1666638554.5832012,1349.28,1349.28,2.29287378,7.55,91.31907386
1666638564.5383906,1349.28,1349.28,2.29287378,7.55,91.31907386
1666638575.2300334,1349.28,1349.28,2.29287378,7.55,91.31907386
1666638585.2666266,1349.28,1350.27,2.37184814,8.54,92.29393494
1666638595.4872222,1349.28,1350.27,2.37184814,8.54,92.29393494
1666638605.288443,1349.28,1350.27,2.37184814,8.54,92.29393494
1666638615.208588,1349.67,1349.67,2.4650421,6.51,91.73115643
1666638625.1939468,1349.67,1349.67,2.4650421,6.51,91.73115643
1666638635.199837,1349.67,1349.67,2.4650421,6.51,91.73115643
1666638645.2223008,1349.67,1350.34,2.51848939,7.18,92.39873013
1666638655.2598896,1349.67,1350.34,2.51848939,7.18,92.39873013
1666638665.2366705,1349.67,1350.34,2.51848939,7.18,92.39873013
1666638675.2893488,1350.51,1350.51,2.66620985,7.18,92.55131387
1666638685.2165847,1350.51,1350.51,2.66620985,7.18,92.55131387
1666638695.4302874,1350.51,1350.51,2.66620985,7.18,92.55131387
1666638705.4591243,1350.51,1349.36,2.57447195,6.03,80.74364801
1666638715.415699,1350.51,1349.36,2.57447195,6.03,80.74364801
1666638726.1082497,1350.51,1349.36,2.57447195,6.03,80.74364801
1666638735.4985526,1350.24,1350.24,2.7027683,6.21,89.47915626
1666734659.9105403,1474.94,1473.94,0.87915683,3.14,58.76000636
1666734660.4802692,1474.94,1473.94,0.87915683,3.14,58.76000636
1666734660.993581,1474.94,1473.94,0.87915683,3.14,58.76000636
1666734661.2009711,1474.94,1473.94,0.87915683,3.14,58.76000636
1666734661.428975,1474.94,1473.94,0.87915683,3.14,58.76000636
1666734661.61025,1474.94,1473.94,0.87915683,3.14,58.76000636
1666734661.9445834,1474.94,1473.94,0.87915683,3.14,58.76000636
1666734662.378971,1474.94,1473.94,0.87915683,3.14,58.76000636
1666734662.5631268,1474.94,1473.94,0.87915683,3.14,58.76000636
1666734662.7715695,1474.94,1473.94,0.87915683,3.14,58.76000636
1666734669.3848612,1474.94,1473.94,0.87915683,3.14,58.76000636
1666734679.4029324,1473.79,1473.79,0.92180239,3.16,58.19855733
1666734689.364677,1473.79,1473.79,0.92180239,3.16,58.19855733
1666734699.4830997,1473.79,1473.79,0.92180239,3.16,58.19855733
1666734709.5730524,1473.79,1473.79,0.92180239,3.16,58.19855733
1666734719.545384,1473.79,1473.79,0.92180239,3.16,58.19855733
1666734729.5624435,1473.79,1473.79,0.92180239,3.16,58.19855733
1666734739.6042109,1473.26,1473.26,0.87977799,1.27,56.15395882
1666734749.475639,1473.26,1473.26,0.87977799,1.27,56.15395882
1666734759.5516276,1473.26,1473.26,0.87977799,1.27,56.15395882
1666734769.4504745,1473.26,1471.97,0.77687201,-0.02,51.42526679
1666734779.4976676,1473.26,1471.97,0.77687201,-0.02,51.42526679
1666734789.510774,1473.26,1471.97,0.77687201,-0.02,51.42526679
1666734799.5306077,1474.53,1474.53,1.05070474,3.5,59.75918606
1666734809.7628005,1474.53,1474.53,1.05070474,3.5,59.75918606
1666734820.0616393,1474.53,1474.53,1.05070474,3.5,59.75918606
1666734829.5200503,1474.53,1481.17,1.58039135,10.14,72.61770697
1666734841.224676,1474.53,1481.17,1.58039135,10.14,72.61770697
1666734851.4492152,1478.01,1478.01,1.58272409,6.99,67.72096283
1666734861.1323211,1478.01,1478.01,1.58272409,6.99,67.72096283
1666734871.1422226,1478.01,1478.01,1.58272409,6.99,67.72096283
1666734881.0699,1478.01,1480.3,1.76540215,9.28,71.67504462
1666734891.1086314,1478.01,1480.3,1.76540215,9.28,71.67504462
1666734901.120981,1478.01,1480.3,1.76540215,9.28,71.67504462
1666734911.064045,1481.68,1481.68,2.28343871,11.43,73.62222773
1666734921.107124,1481.68,1481.68,2.28343871,11.43,73.62222773
1666734931.1819472,1481.68,1481.68,2.28343871,11.43,73.62222773
1666734941.1170952,1481.68,1482.15,2.32093159,11.9,74.27095869
1666734951.1213758,1481.68,1482.15,2.32093159,11.9,74.27095869
1666734961.1756964,1481.68,1482.15,2.32093159,11.9,74.27095869
1666734971.1779842,1481.01,1481.01,2.48232356,10.01,71.06781584
1666734981.1919265,1481.01,1481.01,2.48232356,10.01,71.06781584
1666734991.1478088,1481.01,1481.01,2.48232356,10.01,71.06781584
1666735001.1692708,1481.01,1482.47,2.59879079,11.47,73.24618013
1666735011.3290482,1481.01,1482.47,2.59879079,11.47,73.24618013
1666735021.8446712,1481.01,1482.47,2.59879079,11.47,73.24618013
1666735031.8355525,1479.68,1479.68,2.46371898,5.58,66.16051827
1666735042.3559303,1479.68,1479.68,2.46371898,5.58,66.16051827
1666735051.8797977,1479.68,1479.68,2.46371898,5.58,66.16051827
1666735061.882096,1479.68,1478.81,2.39431727,4.71,63.0915465
1666735071.8081565,1479.68,1478.81,2.39431727,4.71,63.0915465
1666735081.8474965,1479.68,1478.81,2.39431727,4.71,63.0915465
1666735091.8829138,1479.43,1479.43,2.46946577,6.51,65.24571291
1666735101.857098,1479.43,1479.43,2.46946577,6.51,65.24571291
1666735111.8871477,1479.43,1479.43,2.46946577,6.51,65.24571291
1666735121.8265245,1479.43,1479.43,2.46946577,6.51,65.24571291
1666735131.8671634,1479.43,1482.82,2.73989312,9.9,71.0902424
1666735141.9299989,1479.43,1482.82,2.73989312,9.9,71.0902424
1666735151.8449757,1482.81,1482.81,2.93801538,7.86,71.07703249
1666735161.9459069,1482.81,1482.81,2.93801538,7.86,71.07703249
1666735172.2849371,1482.81,1482.81,2.93801538,7.86,71.07703249
1666735181.9789033,1482.81,1481.34,2.82075042,6.39,65.92762855
1666735191.997913,1482.81,1481.34,2.82075042,6.39,65.92762855
1666735203.0407157,1482.81,1481.34,2.82075042,6.39,65.92762855
1666735212.594252,1482.09,1482.09,2.95984261,8.3,68.46600876
1666735222.644272,1482.09,1482.09,2.95984261,8.3,68.46600876
1666735232.815407,1482.09,1482.09,2.95984261,8.3,68.46600876
1666735242.6612315,1482.09,1482.09,2.95984261,8.3,68.46600876
1666735252.6274548,1482.09,1479.22,2.73089674,5.43,59.0818699
1666735262.633891,1482.09,1479.22,2.73089674,5.43,59.0818699
1666735272.5738509,1478.5,1478.5,2.48009663,5.23,57.11786757
1666735282.5957174,1478.5,1478.5,2.48009663,5.23,57.11786757
1666735292.5571747,1478.5,1478.5,2.48009663,5.23,57.11786757
1666735302.6852818,1478.5,1477.5,2.40032455,4.23,54.41242668
1666735312.631179,1478.5,1477.5,2.40032455,4.23,54.41242668
1666735322.7620504,1478.5,1477.5,2.40032455,4.23,54.41242668
1666735332.9437792,1477.16,1477.16,2.1115274,2.6,53.54811452
1666735342.6337843,1477.16,1477.16,2.1115274,2.6,53.54811452
1666735352.6837475,1477.16,1477.16,2.1115274,2.6,53.54811452
1666735362.6539743,1477.16,1477.31,2.12349321,2.75,53.89916302
1666735372.599758,1477.16,1477.31,2.12349321,2.75,53.89916302
1666735383.2104876,1477.16,1477.31,2.12349321,2.75,53.89916302
1666735393.216481,1475.22,1475.22,1.60819635,-2.78,48.79432401
1666735403.4838586,1475.22,1475.22,1.60819635,-2.78,48.79432401
1666735413.3179195,1475.22,1475.22,1.60819635,-2.78,48.79432401
1666735423.232509,1475.22,1472.78,1.41355247,-5.22,43.5586685
1666735493.120749,1471.89,1472.53,0.8964627,-9.15,43.56417394
1666735502.5735433,1471.89,1472.53,0.8964627,-9.15,43.56417394
1666735512.5863602,1470.06,1470.06,0.18757848,-10.95,38.6911621
1666735522.6011746,1470.06,1470.06,0.18757848,-10.95,38.6911621
1666735532.666237,1470.06,1470.06,0.18757848,-10.95,38.6911621
1666735542.6768055,1470.06,1470.74,0.2418235,-10.27,40.52336587
1666735552.583329,1470.06,1470.74,0.2418235,-10.27,40.52336587
1666735562.686636,1470.06,1470.74,0.2418235,-10.27,40.52336587
1666735572.6311083,1470.06,1470.74,0.2418235,-10.27,40.52336587
1666735582.644077,1469.55,1469.55,-0.287058,-10.13,37.81613728
1666735592.667039,1469.55,1469.55,-0.287058,-10.13,37.81613728
1666735602.5782957,1469.55,1469.49,-0.29184432,-10.19,37.70825349
1666735612.5674322,1469.55,1469.49,-0.29184432,-10.19,37.70825349
1666735622.684078,1469.55,1469.49,-0.29184432,-10.19,37.70825349
1666735632.6201005,1469.55,1469.49,-0.29184432,-10.19,37.70825349
1666735642.6710224,1470.66,1470.66,-0.46749076,-8.78,40.93379094
1666735653.0654814,1470.66,1470.66,-0.46749076,-8.78,40.93379094
1666735662.6937046,1470.66,1469.93,-0.52572438,-9.51,39.52532579
1666735673.0871887,1470.66,1469.93,-0.52572438,-9.51,39.52532579
1666735683.0748608,1470.66,1469.93,-0.52572438,-9.51,39.52532579
1666735693.0762427,1469.54,1469.54,-0.83184426,-13.26,38.8243876
1666735703.1025324,1469.54,1469.54,-0.83184426,-13.26,38.8243876
1666735713.1848774,1469.54,1469.54,-0.83184426,-13.26,38.8243876
1666735723.1541288,1469.54,1469.75,-0.81509212,-13.05,39.45749503
1666735733.1345754,1469.54,1469.75,-0.81509212,-13.05,39.45749503
1666735743.0930064,1469.54,1469.75,-0.81509212,-13.05,39.45749503
1666735753.0903015,1469.37,1469.37,-1.06123389,-12.73,38.48711341
1666735763.5683973,1469.37,1469.37,-1.06123389,-12.73,38.48711341
1666735773.024089,1469.37,1469.37,-1.06123389,-12.73,38.48711341
1666735783.1345034,1469.37,1469.99,-1.0117752,-12.11,40.45231497
1666735793.1259725,1469.37,1469.99,-1.0117752,-12.11,40.45231497
1666735803.1400256,1469.37,1469.99,-1.0117752,-12.11,40.45231497
1666735813.4270723,1469.37,1469.99,-1.0117752,-12.11,40.45231497
1666735823.1875613,1468.2,1468.2,-1.38424638,-10.3,36.24696745
1666735833.2194548,1468.2,1468.2,-1.38424638,-10.3,36.24696745
1666735843.23971,1468.2,1467.1,-1.47199567,-11.4,34.20184406
1666735853.7972,1468.2,1467.1,-1.47199567,-11.4,34.20184406
1666735863.7370253,1468.2,1467.1,-1.47199567,-11.4,34.20184406
1666735873.720859,1467.93,1467.93,-1.58657834,-9.24,35.72959224
1666735883.7715995,1467.93,1467.93,-1.58657834,-9.24,35.72959224
1666735893.729492,1467.93,1467.93,-1.58657834,-9.24,35.72959224
1666735903.7339213,1467.93,1465.27,-1.79877207,-11.9,30.99097408
1666735913.725947,1467.93,1465.27,-1.79877207,-11.9,30.99097408
1666735923.7348409,1467.93,1465.27,-1.79877207,-11.9,30.99097408
1666735933.6894455,1466.05,1466.05,-1.97589738,-9.18,32.26211232
1666735943.6261466,1466.05,1466.05,-1.97589738,-9.18,32.26211232
1666735953.6855268,1466.05,1466.05,-1.97589738,-9.18,32.26211232
1666735963.8371716,1466.05,1466.21,-1.96313385,-9.02,32.85974653
1666735973.956006,1466.05,1466.21,-1.96313385,-9.02,32.85974653
1666735983.7536178,1466.05,1466.21,-1.96313385,-9.02,32.85974653
1666735993.894608,1465.7,1465.7,-2.189139,-6.19,31.62453459
1666736003.9064064,1465.7,1465.7,-2.189139,-6.19,31.62453459
1666736013.864628,1465.7,1465.7,-2.189139,-6.19,31.62453459
1666736023.8627863,1465.7,1463.66,-2.35187404,-8.23,28.23586428
1666736034.5534112,1465.7,1463.66,-2.35187404,-8.23,28.23586428
1666736044.5784023,1465.7,1463.66,-2.35187404,-8.23,28.23586428
1666736054.5374317,1462.74,1462.74,-2.72844433,-7.32,26.93429169
1666736064.664381,1462.74,1462.74,-2.72844433,-7.32,26.93429169
1666736074.5865798,1462.74,1462.74,-2.72844433,-7.32,26.93429169
1666736084.676839,1462.74,1460.15,-2.93505402,-9.91,23.63167325
1666736094.750895,1462.74,1460.15,-2.93505402,-9.91,23.63167325
1666736104.5963428,1462.74,1460.15,-2.93505402,-9.91,23.63167325
1666736114.850732,1459.35,1459.35,-3.41410396,-10.21,22.76930485
1666736124.857314,1459.35,1459.35,-3.41410396,-10.21,22.76930485
1666736134.759109,1459.35,1459.35,-3.41410396,-10.21,22.76930485
1666736144.6678953,1459.35,1459.21,-3.42527205,-10.35,22.61378196
1666736154.574119,1459.35,1459.21,-3.42527205,-10.35,22.61378196
1666736164.6225884,1459.35,1459.21,-3.42527205,-10.35,22.61378196
1666736174.5734746,1458.01,1458.01,-3.89056286,-12.65,21.39221646
1666736184.5858395,1458.01,1458.01,-3.89056286,-12.65,21.39221646
1666736194.61045,1458.01,1458.01,-3.89056286,-12.65,21.39221646
1666736205.115522,1458.01,1456.58,-4.00463693,-14.08,19.94789255
1666736215.5371747,1458.01,1456.58,-4.00463693,-14.08,19.94789255
1666736225.511526,1458.01,1456.58,-4.00463693,-14.08,19.94789255
1666736235.489203,1458.64,1458.64,-4.04547139,-10.89,23.79787876
1666736245.7423544,1458.64,1458.64,-4.04547139,-10.89,23.79787876
1666736255.528841,1458.64,1458.64,-4.04547139,-10.89,23.79787876
1666736265.5355363,1458.64,1463.27,-3.67612666,-6.26,38.51346418
1666736275.465762,1458.64,1463.27,-3.67612666,-6.26,38.51346418
1666736285.5000875,1458.64,1463.27,-3.67612666,-6.26,38.51346418
1666736295.5300417,1461.98,1461.98,-3.68920109,-7.39,35.01379602
1666736305.5064218,1461.98,1461.98,-3.68920109,-7.39,35.01379602
1666736315.4297297,1461.98,1461.98,-3.68920109,-7.39,35.01379602
1666736325.9823656,1461.98,1466.31,-3.34378799,-3.06,46.10835831
1666736335.5735426,1461.98,1466.31,-3.34378799,-3.06,46.10835831
1666736345.4863431,1461.98,1466.31,-3.34378799,-3.06,46.10835831
1666736355.5271392,1464.71,1464.71,-3.18961758,-3.48,42.48468425
1666736365.5624912,1464.71,1464.71,-3.18961758,-3.48,42.48468425
1666736375.5349207,1464.71,1464.71,-3.18961758,-3.48,42.48468425
1666736385.61964,1464.71,1468.63,-2.87691103,0.44,51.15550063
1666736396.050172,1464.71,1468.63,-2.87691103,0.44,51.15550063
1666736406.046213,1464.71,1468.63,-2.87691103,0.44,51.15550063
1666736416.0998816,1466.56,1466.56,-2.67158508,-1.36,46.92765986
1666736426.2795656,1466.56,1466.56,-2.67158508,-1.36,46.92765986
1666736436.0755277,1466.56,1466.56,-2.67158508,-1.36,46.92765986
1666736446.1134984,1466.56,1465.28,-2.77369335,-2.64,44.37014528
1666736456.0791323,1466.56,1465.28,-2.77369335,-2.64,44.37014528
1666736466.0815845,1466.56,1465.28,-2.77369335,-2.64,44.37014528
1666736476.027181,1466.01,1466.01,-2.42864718,-0.03,45.79347565
1666736486.3577094,1466.01,1466.01,-2.42864718,-0.03,45.79347565
1666736496.0172508,1466.01,1466.01,-2.42864718,-0.03,45.79347565
1666736506.0697076,1466.01,1465.75,-2.44938793,-0.29,45.23687637
1666736516.1153884,1466.01,1465.75,-2.44938793,-0.29,45.23687637
1666736526.0725305,1466.01,1465.75,-2.44938793,-0.29,45.23687637
1666736536.0578785,1464.07,1464.07,-2.45111874,-1.64,41.95172127
1666736545.989503,1464.07,1464.07,-2.45111874,-1.64,41.95172127
1666736556.070788,1464.07,1464.07,-2.45111874,-1.64,41.95172127
1666736566.066993,1464.07,1464.94,-2.38171703,-0.77,44.21511589
1666736576.6539314,1464.07,1464.94,-2.38171703,-0.77,44.21511589
1666736586.612754,1464.07,1464.94,-2.38171703,-0.77,44.21511589
1666736596.5801437,1464.88,1464.88,-2.20441406,2.14,44.06470168
1666736606.6146555,1464.88,1464.88,-2.20441406,2.14,44.06470168
1666736616.653288,1464.88,1464.88,-2.20441406,2.14,44.06470168
1666736626.5607593,1464.88,1464.92,-2.20122318,2.18,44.17277334
1666736636.6375515,1464.88,1464.92,-2.20122318,2.18,44.17277334
1666736647.1715884,1464.88,1464.92,-2.20122318,2.18,44.17277334
1666736656.5914054,1463.56,1463.56,-2.22322847,4.21,41.41877979
1666736666.5961523,1463.56,1463.56,-2.22322847,4.21,41.41877979
1666736676.6373606,1463.56,1463.56,-2.22322847,4.21,41.41877979
1666736686.6376302,1463.56,1463.53,-2.22562163,4.18,41.35799741
1666736696.6077163,1463.56,1463.53,-2.22562163,4.18,41.35799741
1666736706.6753385,1463.56,1463.53,-2.22562163,4.18,41.35799741
1666736716.658965,1463.65,1463.65,-2.1174112,5.65,41.67593022
1666736726.6670754,1463.65,1463.65,-2.1174112,5.65,41.67593022
1666736736.6100967,1463.65,1463.65,-2.1174112,5.65,41.67593022
1666736746.876335,1463.65,1463.65,-2.1174112,5.65,41.67593022
1666736757.3875496,1463.65,1463.65,-2.1174112,5.65,41.67593022
1666736767.3078258,1463.65,1463.65,-2.1174112,5.65,41.67593022
1666736777.3671126,1464.58,1464.58,-1.88453374,5.93,44.39230011
1666736787.552352,1464.58,1464.58,-1.88453374,5.93,44.39230011
1666736797.4074132,1464.58,1464.58,-1.88453374,5.93,44.39230011
1666736807.8517995,1464.58,1464.86,-1.86219756,6.21,45.21953073
1666736817.4373586,1464.58,1464.86,-1.86219756,6.21,45.21953073
1666736827.452361,1464.58,1464.86,-1.86219756,6.21,45.21953073
1666736837.4336622,1464.49,1464.49,-1.75145087,2.52,44.17786787
1666736847.461588,1464.49,1464.49,-1.75145087,2.52,44.17786787
1666736857.4767315,1464.49,1464.49,-1.75145087,2.52,44.17786787
1666736867.4001703,1464.49,1463.4,-1.83840244,1.43,41.55955242
1666736877.619367,1464.49,1463.4,-1.83840244,1.43,41.55955242
1666736887.4147973,1464.49,1463.4,-1.83840244,1.43,41.55955242
1666736897.6154883,1463.39,1463.39,-1.7777138,-1.33,41.54859633
1666736907.4747975,1463.39,1463.39,-1.7777138,-1.33,41.54859633
1666736917.4731896,1463.39,1463.39,-1.7777138,-1.33,41.54859633
1666736927.4491591,1463.39,1463.61,-1.76016394,-1.11,42.29078997
1666736937.7964787,1463.39,1463.61,-1.76016394,-1.11,42.29078997
1666736947.9017138,1463.39,1463.61,-1.76016394,-1.11,42.29078997
1666736957.8337164,1461.05,1461.05,-2.0388292,-5.51,36.53364584
1666736968.3556242,1461.05,1461.05,-2.0388292,-5.51,36.53364584
1666736977.811203,1461.05,1461.05,-2.0388292,-5.51,36.53364584
1666736987.7745905,1461.05,1461.1,-2.0348406,-5.46,36.69436061
1666736997.7689214,1461.05,1461.1,-2.0348406,-5.46,36.69436061
1666737007.804063,1461.05,1461.1,-2.0348406,-5.46,36.69436061
1666737017.8733516,1460.03,1460.03,-2.2187382,-5.98,34.57845994
1666737027.8312109,1460.03,1460.03,-2.2187382,-5.98,34.57845994
1666737037.8375683,1460.03,1460.03,-2.2187382,-5.98,34.57845994
1666737047.9076388,1460.03,1458.78,-2.3184533,-7.23,32.29729976
1666737057.8364885,1460.03,1458.78,-2.3184533,-7.23,32.29729976
1666737067.912302,1460.03,1458.78,-2.3184533,-7.23,32.29729976
1666737077.969755,1460.32,1460.32,-2.22966317,-3.74,35.63318573
1666737087.9374518,1460.32,1460.32,-2.22966317,-3.74,35.63318573
1666737097.8829825,1460.32,1460.32,-2.22966317,-3.74,35.63318573
1666737107.868508,1460.32,1461.8,-2.11160049,-2.26,40.87230354
1666737118.3931353,1460.32,1461.8,-2.11160049,-2.26,40.87230354
1666737129.0267863,1460.32,1461.8,-2.11160049,-2.26,40.87230354
1666737138.581923,1460.7,1460.7,-2.17722046,-4.18,37.06498271
1666737148.3724344,1460.7,1460.7,-2.17722046,-4.18,37.06498271
1666737158.4115157,1460.7,1460.7,-2.17722046,-4.18,37.06498271
1666737168.4143388,1460.7,1459.73,-2.25459938,-5.15,34.9290896
1666737178.3460088,1460.7,1459.73,-2.25459938,-5.15,34.9290896
1666737188.3883708,1460.7,1459.73,-2.25459938,-5.15,34.9290896
1666737198.445793,1459.96,1459.96,-2.23967929,-3.6,35.41296564
1666737208.469911,1459.96,1459.96,-2.23967929,-3.6,35.41296564
1666737218.3984334,1459.96,1459.96,-2.23967929,-3.6,35.41296564
1666737228.5939522,1459.96,1459.55,-2.27238584,-4.01,34.49558193
1666737238.4625995,1459.96,1459.55,-2.27238584,-4.01,34.49558193
1666737248.4045243,1459.96,1459.55,-2.27238584,-4.01,34.49558193
1666737258.4635046,1459.01,1459.01,-2.35113559,-4.64,33.35745287
1666737268.46379,1459.01,1459.01,-2.35113559,-4.64,33.35745287
1666737278.4519787,1459.01,1459.01,-2.35113559,-4.64,33.35745287
1666737289.0773373,1459.01,1457.62,-2.46201878,-6.03,30.56221609
1666737299.2305367,1459.01,1457.62,-2.46201878,-6.03,30.56221609
1666737309.2157855,1459.01,1457.62,-2.46201878,-6.03,30.56221609
1666737319.624066,1456.4,1456.4,-2.72124692,-8.18,28.46842121
1666737329.2076056,1456.4,1456.4,-2.72124692,-8.18,28.46842121
1666737339.2103992,1456.4,1456.4,-2.72124692,-8.18,28.46842121
1666737349.3105743,1456.4,1456.98,-2.67497911,-7.6,30.89239533
1666737359.2729373,1456.4,1456.98,-2.67497911,-7.6,30.89239533
1666737369.4736185,1456.4,1456.98,-2.67497911,-7.6,30.89239533
1666737379.3293056,1457.65,1457.65,-2.63976613,-6.84,33.51280013
1666737389.287393,1457.65,1457.65,-2.63976613,-6.84,33.51280013
1666737399.2699382,1457.65,1457.65,-2.63976613,-6.84,33.51280013
1666737409.1527624,1457.65,1456.38,-2.74107667,-8.11,31.12234873
1666737419.2087867,1457.65,1456.38,-2.74107667,-8.11,31.12234873
1666737429.2607417,1457.65,1456.38,-2.74107667,-8.11,31.12234873
1666737439.3045735,1458.22,1458.22,-2.54463375,-5.16,35.71461947
1666737449.3322878,1458.22,1458.22,-2.54463375,-5.16,35.71461947
1666737459.25249,1458.22,1458.22,-2.54463375,-5.16,35.71461947
1666737469.268172,1458.22,1455.12,-2.7919272,-8.26,29.85552214
1666737480.1910014,1458.22,1455.12,-2.7919272,-8.26,29.85552214
1666737489.8221958,1458.22,1455.12,-2.7919272,-8.26,29.85552214
1666737499.8329947,1453.34,1453.34,-3.16594982,-7.72,27.2913416
1666737509.8629136,1453.34,1453.34,-3.16594982,-7.72,27.2913416
1666737519.8539453,1453.34,1453.34,-3.16594982,-7.72,27.2913416
1666737529.8823,1453.34,1451.51,-3.31193272,-9.55,24.9215271
1666737539.882733,1453.34,1451.51,-3.31193272,-9.55,24.9215271
1666737549.857587,1453.34,1451.51,-3.31193272,-9.55,24.9215271
1666737559.877484,1451.84,1451.84,-3.52370292,-8.19,25.31797052
1666737569.8009691,1451.84,1451.84,-3.52370292,-8.19,25.31797052
1666737580.033923,1451.84,1451.84,-3.52370292,-8.19,25.31797052
1666737589.795999,1451.84,1452.81,-3.446324,-7.22,28.89834727
1666737599.850273,1451.84,1452.81,-3.446324,-7.22,28.89834727
1666737610.1022885,1451.84,1452.81,-3.446324,-7.22,28.89834727
1666737619.859578,1453.94,1453.94,-3.37322718,-6.38,32.65929243
1666737629.9233687,1453.94,1453.94,-3.37322718,-6.38,32.65929243
1666737640.1953416,1453.94,1453.94,-3.37322718,-6.38,32.65929243
1666737649.9459388,1453.94,1456.33,-3.18257191,-3.99,39.90022186
1666737660.422722,1453.94,1456.33,-3.18257191,-3.99,39.90022186
1666737670.775417,1453.94,1456.33,-3.18257191,-3.99,39.90022186
1666737680.4374683,1458.14,1458.14,-2.75380233,-2.56,44.4289795
1666737690.450956,1458.14,1458.14,-2.75380233,-2.56,44.4289795
1666737700.4441438,1458.14,1455.69,-2.94924393,-5.01,40.03794534
1666737710.3681917,1458.14,1455.69,-2.94924393,-5.01,40.03794534
1666737720.4248636,1458.14,1455.69,-2.94924393,-5.01,40.03794534
1666737730.531366,1456.17,1456.17,-2.77810666,-3.79,40.82722137
1666737740.4622626,1456.17,1456.17,-2.77810666,-3.79,40.82722137
1666737750.4798262,1456.17,1456.17,-2.77810666,-3.79,40.82722137
1666737760.5309548,1456.17,1457.93,-2.6377078,-2.03,45.10302493
1666737770.4457877,1456.17,1457.93,-2.6377078,-2.03,45.10302493
1666737780.4389448,1456.17,1457.93,-2.6377078,-2.03,45.10302493
1666737790.4084103,1456.17,1457.93,-2.6377078,-2.03,45.10302493
1666737800.3999312,1457.71,1457.71,-2.42467604,-1.3,44.60481425
1666737810.622783,1457.71,1457.71,-2.42467604,-1.3,44.60481425
1666737820.432787,1457.71,1457.71,-2.42467604,-1.3,44.60481425
1666737830.8426912,1457.71,1458.4,-2.3696333,-0.61,46.25752225
1666737841.2379327,1457.71,1458.4,-2.3696333,-0.61,46.25752225
1666737851.27609,1457.6,1457.6,-2.23256416,1.2,44.38676578
1666737861.5524554,1457.6,1457.6,-2.23256416,1.2,44.38676578
1666737871.2638645,1457.6,1457.6,-2.23256416,1.2,44.38676578
1666737881.272484,1457.6,1457.55,-2.23655276,1.15,44.28080411
1666737891.3170795,1457.6,1457.55,-2.23655276,1.15,44.28080411
1666737901.2625084,1457.6,1457.55,-2.23655276,1.15,44.28080411
1666737911.3126934,1458.75,1458.75,-1.88654911,1.09,47.28873272
1666737921.2976587,1458.75,1458.75,-1.88654911,1.09,47.28873272
1666737931.4187872,1458.75,1458.75,-1.88654911,1.09,47.28873272
1666737941.496956,1458.75,1459.22,-1.84905623,1.56,48.46928627
1666737951.3322053,1458.75,1459.22,-1.84905623,1.56,48.46928627
1666737961.3576035,1458.75,1459.22,-1.84905623,1.56,48.46928627
1666737971.343228,1458.75,1459.22,-1.84905623,1.56,48.46928627
1666737981.373273,1459.01,1459.01,-1.62908483,0.8,47.94745316
1666737991.397556,1459.01,1459.01,-1.62908483,0.8,47.94745316
1666738001.3125365,1459.01,1458.07,-1.70407058,-0.14,45.71711882
1666738011.313358,1459.01,1458.07,-1.70407058,-0.14,45.71711882
1666738022.3591044,1459.01,1458.07,-1.70407058,-0.14,45.71711882
1666738031.8387573,1457.96,1457.96,-1.57472411,4.62,45.47612743
1666738041.7833598,1457.96,1457.96,-1.57472411,4.62,45.47612743
1666738051.7976966,1457.96,1457.96,-1.57472411,4.62,45.47612743
1666738061.832158,1457.96,1457.96,-1.57472411,4.62,45.47612743
1666738071.7631545,1457.96,1458.32,-1.54600616,4.98,46.49600637
1666738081.7966158,1457.96,1458.32,-1.54600616,4.98,46.49600637
1666738092.1435196,1458.19,1458.19,-1.41542539,6.35,46.13214794
1666738101.8569686,1458.19,1458.19,-1.41542539,6.35,46.13214794
1666738111.8934023,1458.19,1458.19,-1.41542539,6.35,46.13214794
1666738121.9031513,1458.19,1458.54,-1.38750516,6.7,47.17375839
1666738131.8745975,1458.19,1458.54,-1.38750516,6.7,47.17375839
1666738141.9104917,1458.19,1458.54,-1.38750516,6.7,47.17375839
1666738151.8838196,1459.88,1459.88,-1.04934487,5.94,50.81211963
1666738161.8236268,1459.88,1459.88,-1.04934487,5.94,50.81211963
1666738171.8428664,1459.88,1459.88,-1.04934487,5.94,50.81211963
1666738182.2774186,1459.88,1458.92,-1.12592607,4.98,48.24898589
1666738191.866805,1459.88,1458.92,-1.12592607,4.98,48.24898589
1666738202.3100193,1459.88,1458.92,-1.12592607,4.98,48.24898589
1666738212.3611245,1459.4,1459.4,-0.92405854,1.25,49.49534082
1666738222.4041798,1459.4,1459.4,-0.92405854,1.25,49.49534082
1666738232.378676,1459.4,1459.4,-0.92405854,1.25,49.49534082
1666738242.382956,1459.4,1459.74,-0.89693603,1.59,50.47337779
1666738252.349217,1459.4,1459.74,-0.89693603,1.59,50.47337779
1666738262.3109136,1459.4,1459.74,-0.89693603,1.59,50.47337779
1666738272.3492577,1459.31,1459.31,-0.798717,3.13,49.2381015
1666738282.3418548,1459.31,1459.31,-0.798717,3.13,49.2381015
1666738292.412231,1459.31,1459.31,-0.798717,3.13,49.2381015
1666738302.3647316,1459.31,1458.44,-0.86811871,2.26,46.71082925
1666738312.3000865,1459.31,1458.44,-0.86811871,2.26,46.71082925
1666738322.388382,1459.31,1458.44,-0.86811871,2.26,46.71082925
1666738332.2716734,1459.31,1458.44,-0.86811871,2.26,46.71082925
1666738342.815853,1458.18,1458.18,-0.84552742,0.46,46.00514371
1666738352.3115678,1458.18,1458.18,-0.84552742,0.46,46.00514371
1666738362.3327737,1458.18,1457.32,-0.91413141,-0.4,43.65580606
1666738372.4025717,1458.18,1457.32,-0.91413141,-0.4,43.65580606
1666738383.192247,1458.18,1457.32,-0.91413141,-0.4,43.65580606
1666738393.174982,1456.67,1456.67,-1.01601544,-0.93,42.04508489
1666738403.220532,1456.67,1456.67,-1.01601544,-0.93,42.04508489
1666738413.2328875,1456.67,1456.67,-1.01601544,-0.93,42.04508489
1666738423.2318203,1456.67,1456.86,-1.00085875,-0.74,42.7144476
1666738433.237764,1456.67,1456.86,-1.00085875,-0.74,42.7144476
1666738443.4640155,1456.67,1456.86,-1.00085875,-0.74,42.7144476
1666738453.2357717,1456.67,1456.86,-1.00085875,-0.74,42.7144476
1666738463.2595732,1456.25,1456.25,-1.10176727,-2.51,40.9737233
1666738473.4648683,1456.25,1456.25,-1.10176727,-2.51,40.9737233
1666738483.2652068,1456.25,1456.25,-1.10176727,-2.51,40.9737233
1666738493.2606816,1456.25,1455.69,-1.14643963,-3.07,39.54244233
1666738503.3075936,1456.25,1455.69,-1.14643963,-3.07,39.54244233
1666738513.280537,1454.69,1454.69,-1.35191259,-4.33,37.23851075
1666738523.2786417,1454.69,1454.69,-1.35191259,-4.33,37.23851075
1666738533.5064898,1454.69,1454.69,-1.35191259,-4.33,37.23851075
1666738543.2405326,1454.69,1456.43,-1.21310917,-2.59,43.45249905
1666738553.2781444,1454.69,1456.43,-1.21310917,-2.59,43.45249905
1666738564.4215,1454.69,1456.43,-1.21310917,-2.59,43.45249905
1666738573.9858096,1457.27,1457.27,-1.06903365,-0.68,46.03442863
1666738583.9205232,1457.27,1457.27,-1.06903365,-0.68,46.03442863
1666738593.9331603,1457.27,1457.27,-1.06903365,-0.68,46.03442863
1666738603.91756,1457.27,1458.38,-0.98048664,0.43,49.31992378
1666738613.9392846,1457.27,1458.38,-0.98048664,0.43,49.31992378
1666738623.9821615,1457.27,1458.38,-0.98048664,0.43,49.31992378
1666738634.023323,1457.27,1458.38,-0.98048664,0.43,49.31992378
1666738643.9382396,1458.0,1458.0,-0.8932853,-0.19,48.23958556
1666738653.9804068,1458.0,1458.0,-0.8932853,-0.19,48.23958556
1666738664.2317,1458.0,1457.11,-0.96428245,-1.08,45.78118775
1666738673.8818948,1458.0,1457.11,-0.96428245,-1.08,45.78118775
1666738683.915114,1458.0,1457.11,-0.96428245,-1.08,45.78118775
1666738693.8768098,1457.1,1457.1,-0.9188867,-2.79,45.75498801
1666738703.9363806,1457.1,1457.1,-0.9188867,-2.79,45.75498801
1666738713.9766195,1457.1,1457.1,-0.9188867,-2.79,45.75498801
1666738724.4672325,1457.1,1456.0,-1.00663598,-3.89,42.85003868
1666738733.9953537,1457.1,1456.0,-1.00663598,-3.89,42.85003868
1666738744.3681924,1457.1,1456.0,-1.00663598,-3.89,42.85003868
1666738754.4543338,1456.84,1456.84,-0.90836193,-2.57,45.03127685
1666738764.409274,1456.84,1456.84,-0.90836193,-2.57,45.03127685
1666738774.4477446,1456.84,1456.84,-0.90836193,-2.57,45.03127685
1666738784.6517196,1456.84,1458.58,-0.76955851,-0.83,50.64209343
1666738794.430529,1456.84,1458.58,-0.76955851,-0.83,50.64209343
1666738804.431235,1456.84,1458.58,-0.76955851,-0.83,50.64209343
1666738814.4130385,1458.06,1458.06,-0.70106131,-1.25,49.08623279
1666738824.4370427,1458.06,1458.06,-0.70106131,-1.25,49.08623279
1666738834.420219,1458.06,1458.06,-0.70106131,-1.25,49.08623279
1666738844.4548538,1458.06,1457.75,-0.72579065,-1.56,48.11447688
1666738854.4256177,1458.06,1457.75,-0.72579065,-1.56,48.11447688
1666738864.4258327,1458.06,1457.75,-0.72579065,-1.56,48.11447688
1666738874.6079776,1457.88,1457.88,-0.63359252,-0.3,48.52171776
1666738884.9803064,1457.88,1457.88,-0.63359252,-0.3,48.52171776
1666738894.657982,1457.88,1457.88,-0.63359252,-0.3,48.52171776
1666738904.540658,1457.88,1458.56,-0.5793475,0.38,50.83701986
1666738914.5490916,1457.88,1458.56,-0.5793475,0.38,50.83701986
1666738925.0086706,1457.88,1458.56,-0.5793475,0.38,50.83701986
1666738935.321593,1456.56,1456.56,-0.74823551,-0.1,44.45043513
1666738945.0122073,1456.56,1456.56,-0.74823551,-0.1,44.45043513
1666738955.011969,1456.56,1456.56,-0.74823551,-0.1,44.45043513
1666738965.03942,1456.56,1456.75,-0.73307882,0.09,45.16333745
1666738975.0649636,1456.56,1456.75,-0.73307882,0.09,45.16333745
1666738985.0899012,1456.56,1456.75,-0.73307882,0.09,45.16333745
1666738995.0021842,1456.69,1456.69,-0.72865216,0.43,44.94019526
1666739005.0666704,1456.69,1456.69,-0.72865216,0.43,44.94019526
1666739015.0857596,1456.69,1456.69,-0.72865216,0.43,44.94019526
1666739025.0520716,1456.69,1457.8,-0.64010516,1.54,49.06921928
1666739035.055734,1456.69,1457.8,-0.64010516,1.54,49.06921928
1666739045.5310302,1456.69,1457.8,-0.64010516,1.54,49.06921928
1666739055.053223,1456.58,1456.58,-0.72868017,1.9,44.58201924
1666739065.3269496,1456.58,1456.58,-0.72868017,1.9,44.58201924
1666739074.9836688,1456.58,1456.58,-0.72868017,1.9,44.58201924
1666739085.0331328,1456.58,1456.59,-0.72788245,1.91,44.62522737
1666739095.0856478,1456.58,1456.59,-0.72788245,1.91,44.62522737
1666739105.8040297,1456.58,1456.59,-0.72788245,1.91,44.62522737
1666739115.854183,1456.7,1456.7,-0.69594371,-0.58,45.10100017
1666739125.8927653,1456.7,1456.7,-0.69594371,-0.58,45.10100017
1666739135.8775587,1456.7,1456.7,-0.69594371,-0.58,45.10100017
1666739145.8313794,1456.7,1456.72,-0.69434827,-0.56,45.18411796
1666739155.8719544,1456.7,1456.72,-0.69434827,-0.56,45.18411796
1666739165.94612,1456.7,1456.72,-0.69434827,-0.56,45.18411796
1666739175.853048,1456.47,1456.47,-0.70300281,-1.54,44.25497385
1666739185.8736873,1456.47,1456.47,-0.70300281,-1.54,44.25497385
1666739195.8728814,1456.47,1456.47,-0.70300281,-1.54,44.25497385
1666739206.6020107,1456.47,1456.48,-0.70220509,-1.53,44.30389305
1666739215.9722393,1456.47,1456.48,-0.70220509,-1.53,44.30389305
1666739225.8931108,1456.47,1456.48,-0.70220509,-1.53,44.30389305
1666739235.9045832,1456.06,1456.06,-0.74410576,-1.04,42.71669164
1666739245.998854,1456.06,1456.06,-0.74410576,-1.04,42.71669164
1666739256.1953974,1456.06,1456.06,-0.74410576,-1.04,42.71669164
1666739265.9820569,1456.06,1456.81,-0.6842767,-0.29,46.38781934
1666739275.9945712,1456.06,1456.81,-0.6842767,-0.29,46.38781934
1666739286.4768715,1456.06,1456.81,-0.6842767,-0.29,46.38781934
1666739296.4517808,1456.52,1456.52,-0.67656164,-0.33,45.03120283
1666739306.4514582,1456.52,1456.52,-0.67656164,-0.33,45.03120283
1666739316.508952,1456.52,1456.52,-0.67656164,-0.33,45.03120283
1666739326.467511,1456.52,1456.01,-0.7172454,-0.84,42.96720129
1666739336.6811285,1456.52,1456.01,-0.7172454,-0.84,42.96720129
1666739346.5837584,1456.52,1456.01,-0.7172454,-0.84,42.96720129
1666739356.508869,1456.64,1456.64,-0.62772772,-1.43,45.64228738
1666739366.9558897,1456.64,1456.64,-0.62772772,-1.43,45.64228738
1666739376.4462876,1456.64,1456.64,-0.62772772,-1.43,45.64228738
1666739386.465129,1456.64,1458.27,-0.49769923,0.2,53.28569917
1666739396.4398432,1456.64,1458.27,-0.49769923,0.2,53.28569917
1666739406.5406885,1456.64,1458.27,-0.49769923,0.2,53.28569917
1666739416.47298,1458.41,1458.41,-0.34022726,0.54,53.84368738
1666739426.5922773,1458.41,1458.41,-0.34022726,0.54,53.84368738
1666739436.438391,1458.41,1458.41,-0.34022726,0.54,53.84368738
1666739446.4519966,1458.41,1459.53,-0.25088253,1.66,58.15035739
1666739456.5148666,1458.41,1459.53,-0.25088253,1.66,58.15035739
1666739467.0433726,1458.41,1459.53,-0.25088253,1.66,58.15035739
1666739477.1258547,1458.18,1458.18,-0.25362195,1.62,52.72571216
1666739487.3121328,1458.18,1458.18,-0.25362195,1.62,52.72571216
1666739497.067932,1458.18,1458.18,-0.25362195,1.62,52.72571216
1666739507.0947726,1458.18,1458.0,-0.26798092,1.44,51.82187582
1666739517.4252205,1458.18,1458.0,-0.26798092,1.44,51.82187582
1666739527.625941,1458.18,1458.0,-0.26798092,1.44,51.82187582
1666739537.152127,1459.35,1459.35,-0.0037345,2.66,57.55252819
1666739547.125332,1459.35,1459.35,-0.0037345,2.66,57.55252819
1666739557.5143766,1459.35,1459.35,-0.0037345,2.66,57.55252819
1666739567.3570862,1459.35,1460.11,0.05689228,3.42,60.37961429
1666739577.105101,1459.35,1460.11,0.05689228,3.42,60.37961429
1666739587.1521564,1459.35,1460.11,0.05689228,3.42,60.37961429
1666739597.2038772,1461.57,1461.57,0.43278914,4.99,64.87386079
1666739607.2184925,1461.57,1461.57,0.43278914,4.99,64.87386079
1666739617.1756835,1461.57,1461.57,0.43278914,4.99,64.87386079
1666739627.0547228,1461.57,1461.5,0.42720509,4.92,64.49611329
1666739637.154735,1461.57,1461.5,0.42720509,4.92,64.49611329
1666739647.9720583,1461.57,1461.5,0.42720509,4.92,64.49611329
1666739657.9649563,1460.02,1460.02,0.41200203,3.31,57.42632286
1666739667.9690845,1460.02,1460.02,0.41200203,3.31,57.42632286
1666739677.9955535,1460.02,1460.02,0.41200203,3.31,57.42632286
1666739688.452402,1460.02,1460.08,0.41678836,3.37,57.6290981
1666739697.9758973,1460.02,1460.08,0.41678836,3.37,57.6290981
1666739707.9686434,1460.02,1460.08,0.41678836,3.37,57.6290981
1666739717.9521012,1459.95,1459.95,0.47861541,3.48,57.10398829
1666739727.9359984,1459.95,1459.95,0.47861541,3.48,57.10398829
1666739738.0041945,1459.95,1459.95,0.47861541,3.48,57.10398829
1666739748.0159185,1459.95,1460.15,0.49456982,3.68,57.8376402
1666739758.0075903,1459.95,1460.15,0.49456982,3.68,57.8376402
1666739768.188831,1459.95,1460.15,0.49456982,3.68,57.8376402
1666739778.2401984,1458.87,1458.87,0.37581364,2.81,52.28043085
1666739788.038454,1458.87,1458.87,0.37581364,2.81,52.28043085
1666739797.9829931,1458.87,1458.87,0.37581364,2.81,52.28043085
1666739807.9628572,1458.87,1459.94,0.46116977,3.88,56.21921169
1666739818.0287695,1458.87,1459.94,0.46116977,3.88,56.21921169
1666739828.435478,1458.87,1459.94,0.46116977,3.88,56.21921169
1666739838.4696298,1461.0,1461.0,0.65959882,4.47,59.53073457
1666739848.95336,1461.0,1461.0,0.65959882,4.47,59.53073457
1666739858.5064712,1461.0,1461.0,0.65959882,4.47,59.53073457
1666739868.487685,1461.0,1461.15,0.67156463,4.62,59.9915751
1666739878.4722629,1461.0,1461.15,0.67156463,4.62,59.9915751
1666739888.5233943,1461.0,1461.15,0.67156463,4.62,59.9915751
1666739898.5746434,1461.12,1461.12,0.7582695,4.47,59.90259547
1666739908.5159652,1461.12,1461.12,0.7582695,4.47,59.90259547
1666739918.523129,1461.12,1461.12,0.7582695,4.47,59.90259547
1666739928.750742,1461.12,1461.66,0.80134643,5.01,61.60158475
1666739938.5283773,1461.12,1461.66,0.80134643,5.01,61.60158475
1666739948.5577164,1461.12,1461.66,0.80134643,5.01,61.60158475
1666739958.5843484,1462.37,1462.37,0.99676251,3.96,63.62790144
1666739968.560537,1462.37,1462.37,0.99676251,3.96,63.62790144
1666739978.599569,1462.37,1462.37,0.99676251,3.96,63.62790144
1666739988.5213835,1462.37,1461.25,0.90741779,2.84,58.39310334
1666739998.4985547,1462.37,1461.25,0.90741779,2.84,58.39310334
1666740009.211384,1462.37,1461.25,0.90741779,2.84,58.39310334
1666740019.0602915,1461.1,1461.1,0.91644988,2.91,57.74702414
1666740029.1359785,1461.1,1461.1,0.91644988,2.91,57.74702414
1666740039.4075658,1461.1,1461.1,0.91644988,2.91,57.74702414
1666740049.1058896,1461.1,1461.29,0.93160658,3.1,58.4047544
1666740059.119037,1461.1,1461.29,0.93160658,3.1,58.4047544
1666740069.120261,1461.1,1461.29,0.93160658,3.1,58.4047544
1666740079.1419787,1461.42,1461.42,0.96643428,2.07,58.8023879
1666740089.0694425,1461.42,1461.42,0.96643428,2.07,58.8023879
1666740099.14447,1461.42,1461.42,0.96643428,2.07,58.8023879
1666740109.1323383,1461.42,1461.85,1.00073627,2.5,60.22909264
1666740119.1747208,1461.42,1461.85,1.00073627,2.5,60.22909264
1666740129.1628237,1461.42,1461.85,1.00073627,2.5,60.22909264
1666740139.179556,1462.58,1462.58,1.1373221,1.01,62.41910396
1666740149.2225466,1462.58,1462.58,1.1373221,1.01,62.41910396
1666740159.1699717,1462.58,1462.58,1.1373221,1.01,62.41910396
1666740169.1691449,1462.58,1463.02,1.17242181,1.45,63.71469734
1666740179.134627,1462.58,1463.02,1.17242181,1.45,63.71469734
1666740189.697405,1462.58,1463.02,1.17242181,1.45,63.71469734
1666740200.0890448,1461.64,1461.64,1.05349247,1.62,58.00727934
1666740209.9189572,1461.64,1461.64,1.05349247,1.62,58.00727934
1666740219.7034252,1461.64,1461.64,1.05349247,1.62,58.00727934
1666740229.7108295,1461.64,1460.98,1.0008429,0.96,55.05252678
1666740239.7134736,1461.64,1460.98,1.0008429,0.96,55.05252678
1666740249.7762697,1461.64,1460.98,1.0008429,0.96,55.05252678
1666740259.6915488,1461.38,1461.38,0.99780366,1.42,56.80620727
1666740269.7356708,1461.38,1461.38,0.99780366,1.42,56.80620727
1666740279.7210293,1461.38,1461.38,0.99780366,1.42,56.80620727
1666740289.7253938,1461.38,1460.69,0.94276092,0.73,53.63244363
1666740299.750652,1461.38,1460.69,0.94276092,0.73,53.63244363
1666740309.7724152,1461.38,1460.69,0.94276092,0.73,53.63244363
1666740319.7728536,1461.12,1461.12,0.92291336,2.26,55.56356995
1666740329.75629,1461.12,1461.12,0.92291336,2.26,55.56356995
1666740339.7530682,1461.12,1461.12,0.92291336,2.26,55.56356995
1666740349.7424731,1461.12,1461.17,0.92690196,2.31,55.77377035
1666740360.036966,1461.12,1461.17,0.92690196,2.31,55.77377035
1666740370.6382678,1461.12,1461.17,0.92690196,2.31,55.77377035
1666740380.469941,1459.76,1459.76,0.67770889,-1.23,49.4808407
1666740390.9162688,1459.76,1459.76,0.67770889,-1.23,49.4808407
1666740400.745822,1459.76,1459.76,0.67770889,-1.23,49.4808407
1666740410.4751098,1459.76,1458.7,0.59315048,-2.29,45.31891857
1666740420.4978936,1459.76,1458.7,0.59315048,-2.29,45.31891857
1666740430.4949794,1458.55,1458.55,0.39058374,-2.56,44.79733944
1666740440.5186214,1458.55,1458.55,0.39058374,-2.56,44.79733944
1666740450.4738283,1458.55,1458.55,0.39058374,-2.56,44.79733944
1666740460.5045643,1458.55,1458.55,0.39058374,-2.56,44.79733944
1666740470.488324,1458.55,1460.62,0.55571195,-0.49,53.00005948
1666740480.526648,1458.55,1460.62,0.55571195,-0.49,53.00005948
1666740490.578906,1458.55,1460.62,0.55571195,-0.49,53.00005948
1666740500.5186298,1460.41,1460.41,0.49974475,-1.96,52.2833837
1666740510.4945903,1460.41,1460.41,0.49974475,-1.96,52.2833837
1666740520.7389555,1460.41,1460.41,0.49974475,-1.96,52.2833837
1666740530.4911969,1460.41,1460.45,0.50293564,-1.92,52.43271571
1666740540.4977405,1460.41,1460.45,0.50293564,-1.92,52.43271571
1666740551.2256742,1460.41,1460.45,0.50293564,-1.92,52.43271571
1666740561.0341344,1460.43,1460.43,0.46616195,-0.7,52.36103831
1666740570.994872,1460.43,1460.43,0.46616195,-0.7,52.36103831
1666740581.090482,1460.43,1461.17,0.52519329,0.04,55.1609844
1666740591.0428758,1460.43,1461.17,0.52519329,0.04,55.1609844
1666740600.994254,1460.43,1461.17,0.52519329,0.04,55.1609844
1666740611.0522966,1461.73,1461.73,0.6183004,0.3,57.05633118
1666740621.0838113,1461.73,1461.73,0.6183004,0.3,57.05633118
1666740631.0288403,1461.73,1461.73,0.6183004,0.3,57.05633118
1666740640.980171,1461.73,1461.73,0.6183004,0.3,57.05633118
1666740651.0782783,1461.73,1461.73,0.6183004,0.3,57.05633118
1666740661.0786102,1461.73,1461.73,0.6183004,0.3,57.05633118
1666740671.166037,1461.13,1461.13,0.5643751,-1.44,54.38491301
1666740681.0723422,1461.13,1461.13,0.5643751,-1.44,54.38491301
1666740691.0743992,1461.13,1461.13,0.5643751,-1.44,54.38491301
1666740701.3253472,1461.13,1461.13,0.5643751,-1.44,54.38491301
1666740711.1421006,1461.13,1460.65,0.5260845,-1.92,52.27879902
1666740721.0253034,1461.13,1460.65,0.5260845,-1.92,52.27879902
1666740731.5208423,1460.17,1460.17,0.41686102,-1.47,50.32972646
1666740741.8861582,1460.17,1460.17,0.41686102,-1.47,50.32972646
1666740751.5851789,1460.17,1460.17,0.41686102,-1.47,50.32972646
1666740761.6539896,1460.17,1459.47,0.36102057,-2.17,47.54581035
1666740771.574481,1460.17,1459.47,0.36102057,-2.17,47.54581035
1666740781.5649872,1460.17,1459.47,0.36102057,-2.17,47.54581035
1666740791.6049864,1459.37,1459.37,0.24344628,-2.01,47.17305189
1666740801.578153,1459.37,1459.37,0.24344628,-2.01,47.17305189
1666740811.5670457,1459.37,1459.37,0.24344628,-2.01,47.17305189
1666740821.6378944,1459.37,1459.71,0.27056879,-1.67,48.64720615
1666740831.6002567,1459.37,1459.71,0.27056879,-1.67,48.64720615
1666740841.585323,1459.37,1459.71,0.27056879,-1.67,48.64720615
1666740851.828091,1459.36,1459.36,0.15339169,-1.77,47.133257
1666740861.537817,1459.36,1459.36,0.15339169,-1.77,47.133257
1666740871.621331,1459.36,1459.36,0.15339169,-1.77,47.133257
1666740881.6262355,1459.36,1459.36,0.15339169,-1.77,47.133257
1666740891.6702096,1459.36,1460.56,0.24911818,-0.57,52.33014303
1666740901.946371,1459.36,1460.56,0.24911818,-0.57,52.33014303
1666740912.462364,1460.65,1460.65,0.26407065,0.88,52.67902266
1666740922.446844,1460.65,1460.65,0.26407065,0.88,52.67902266
1666740932.4339757,1460.65,1460.65,0.26407065,0.88,52.67902266
1666740942.4712944,1460.65,1460.81,0.27683418,1.04,53.33291253
1666740952.4307213,1460.65,1460.81,0.27683418,1.04,53.33291253
1666740962.4519231,1460.65,1460.81,0.27683418,1.04,53.33291253
1666740972.458617,1461.49,1461.49,0.38589572,2.95,55.92152138
1666740982.4534557,1461.49,1461.49,0.38589572,2.95,55.92152138
1666740992.4684536,1461.49,1461.49,0.38589572,2.95,55.92152138
1666741002.460132,1461.49,1461.91,0.4194,3.37,57.48997666
1666741012.499446,1461.49,1461.91,0.4194,3.37,57.48997666
1666741022.513405,1461.49,1461.91,0.4194,3.37,57.48997666
1666741032.5383785,1461.49,1461.91,0.4194,3.37,57.48997666
1666741042.5672636,1461.53,1461.53,0.42948407,1.13,56.07882474
1666741052.520822,1461.53,1461.53,0.42948407,1.13,56.07882474
1666741062.769565,1461.53,1461.51,0.42788863,1.11,55.9845569
1666741072.5272622,1461.53,1461.51,0.42788863,1.11,55.9845569
1666741082.5809424,1461.53,1461.51,0.42788863,1.11,55.9845569
1666741093.3411272,1461.44,1461.44,0.44475837,1.02,55.61354435
1666741103.0825603,1461.44,1461.44,0.44475837,1.02,55.61354435
1666741113.1275835,1461.44,1461.44,0.44475837,1.02,55.61354435
1666741123.1209123,1461.44,1461.55,0.4535333,1.13,56.11271962
1666741133.256256,1461.44,1461.55,0.4535333,1.13,56.11271962
1666741143.0953376,1461.44,1461.55,0.4535333,1.13,56.11271962
1666741153.1185124,1461.44,1461.55,0.4535333,1.13,56.11271962
1666741163.1397858,1461.45,1461.45,0.45745463,-0.29,55.66169746
1666741173.1122303,1461.45,1461.45,0.45745463,-0.29,55.66169746
1666741183.1323566,1461.45,1461.1,0.4295344,-0.64,53.63312456
1666741193.1334558,1461.45,1461.1,0.4295344,-0.64,53.63312456
1666741203.172249,1461.45,1461.1,0.4295344,-0.64,53.63312456
1666741213.0739973,1461.14,1461.14,0.41898221,0.0,53.85440643
1666741223.296419,1461.14,1461.14,0.41898221,0.0,53.85440643
1666741233.0588603,1461.14,1461.14,0.41898221,0.0,53.85440643
1666741243.1053588,1461.14,1461.17,0.42137537,0.03,54.0197414
1666741253.0837138,1461.14,1461.17,0.42137537,0.03,54.0197414
1666741263.0834498,1461.14,1461.17,0.42137537,0.03,54.0197414
1666741273.7569785,1461.41,1461.41,0.44036709,1.24,55.2389561
1666741283.548803,1461.41,1461.41,0.44036709,1.24,55.2389561
1666741293.583212,1461.41,1461.41,0.44036709,1.24,55.2389561
1666741303.5895755,1461.41,1461.68,0.46190556,1.51,56.62784418
1666741313.6387696,1461.41,1461.68,0.46190556,1.51,56.62784418
1666741323.5946677,1461.41,1461.68,0.46190556,1.51,56.62784418
1666741333.63737,1461.31,1461.31,0.42171709,1.94,54.60227827
1666741343.6305883,1461.31,1461.31,0.42171709,1.94,54.60227827
1666741353.6320508,1461.31,1461.31,0.42171709,1.94,54.60227827
1666741363.873442,1461.31,1460.92,0.39060598,1.55,52.03464423
1666741373.5531893,1461.31,1460.92,0.39060598,1.55,52.03464423
1666741383.833605,1461.31,1460.92,0.39060598,1.55,52.03464423
1666741393.5682075,1460.21,1460.21,0.25366648,0.85,47.92722828
1666741403.671117,1460.21,1460.21,0.25366648,0.85,47.92722828
1666741413.9413488,1460.21,1460.21,0.25366648,0.85,47.92722828
1666741423.6773477,1460.21,1458.87,0.14677189,-0.49,41.30716228
1666741433.6597643,1460.21,1458.87,0.14677189,-0.49,41.30716228
1666741443.659181,1460.21,1458.87,0.14677189,-0.49,41.30716228
1666741454.8867738,1458.92,1458.92,0.00487895,-1.73,41.52116275
1666741464.6973102,1458.92,1458.92,0.00487895,-1.73,41.52116275
1666741474.7127006,1458.92,1458.92,0.00487895,-1.73,41.52116275
1666741484.7219765,1458.92,1458.33,-0.04218658,-2.32,38.95646833
1666741494.6854749,1458.92,1458.33,-0.04218658,-2.32,38.95646833
1666741504.6826289,1458.92,1458.33,-0.04218658,-2.32,38.95646833
1666741514.7099175,1457.41,1457.41,-0.32231276,-4.08,35.53134255
1666741524.7228446,1457.41,1457.41,-0.32231276,-4.08,35.53134255
1666741534.718208,1457.41,1457.41,-0.32231276,-4.08,35.53134255
1666741544.7165072,1457.41,1458.52,-0.23376576,-2.97,42.12162023
1666741554.609579,1457.41,1458.52,-0.23376576,-2.97,42.12162023
1666741564.6680183,1457.41,1458.52,-0.23376576,-2.97,42.12162023
1666741574.6185155,1460.0,1460.0,-0.11510838,-1.52,49.08893956
1666741584.709649,1460.0,1460.0,-0.11510838,-1.52,49.08893956
1666741594.6888297,1460.0,1460.0,-0.11510838,-1.52,49.08893956
1666741605.1720245,1460.0,1459.1,-0.18690326,-2.42,45.50183727
1666741614.731884,1460.0,1459.1,-0.18690326,-2.42,45.50183727
1666741624.7213054,1460.0,1459.1,-0.18690326,-2.42,45.50183727
1666741635.1591408,1459.37,1459.37,-0.20238905,-2.08,46.52168852
1666741645.1716874,1459.37,1459.37,-0.20238905,-2.08,46.52168852
1666741655.2325618,1459.37,1459.37,-0.20238905,-2.08,46.52168852
1666741665.2395558,1459.37,1459.65,-0.18005286,-1.8,47.82764086
1666741675.2451863,1459.37,1459.65,-0.18005286,-1.8,47.82764086
1666741685.2456515,1459.37,1459.65,-0.18005286,-1.8,47.82764086
1666741695.264958,1460.88,1460.88,-0.01563287,-0.56,52.88218364
1666741705.2393582,1460.88,1460.88,-0.01563287,-0.56,52.88218364
1666741715.2979443,1460.88,1460.88,-0.01563287,-0.56,52.88218364
1666741725.2912498,1460.88,1461.36,0.02265773,-0.08,54.72556523
1666741735.2567112,1460.88,1461.36,0.02265773,-0.08,54.72556523
1666741745.2942455,1460.88,1461.36,0.02265773,-0.08,54.72556523
1666741755.3113222,1460.98,1460.98,0.05062625,-0.17,53.27849615
1666741765.60613,1460.98,1460.98,0.05062625,-0.17,53.27849615
1666741775.2732103,1460.98,1460.98,0.05062625,-0.17,53.27849615
1666741785.3034532,1460.98,1461.34,0.07934419,0.19,54.75393308
1666741795.2829404,1460.98,1461.34,0.07934419,0.19,54.75393308
1666741805.5345104,1460.98,1461.34,0.07934419,0.19,54.75393308
1666741816.1448853,1461.82,1461.82,0.21507216,0.42,56.56736287
1666741826.093906,1461.82,1461.82,0.21507216,0.42,56.56736287
1666741836.1492035,1461.82,1461.82,0.21507216,0.42,56.56736287
1666741846.341662,1461.82,1464.26,0.40971604,2.86,64.44431485
1666741856.134606,1461.82,1464.26,0.40971604,2.86,64.44431485
1666741866.1432607,1461.82,1464.26,0.40971604,2.86,64.44431485
1666741876.121451,1462.69,1462.69,0.41132139,1.38,59.75357683
1666741886.2039993,1462.69,1462.69,0.41132139,1.38,59.75357683
1666741896.2044091,1462.69,1462.69,0.41132139,1.38,59.75357683
1666741906.1885066,1462.69,1463.28,0.45838692,1.97,61.79346706
1666741916.2013412,1462.69,1463.28,0.45838692,1.97,61.79346706
1666741926.4955544,1462.69,1463.28,0.45838692,1.97,61.79346706
1666741936.1998763,1462.33,1462.33,0.45450952,2.11,57.85743075
1666741946.1417944,1462.33,1462.33,0.45450952,2.11,57.85743075
1666741956.24151,1462.33,1462.33,0.45450952,2.11,57.85743075
1666741966.115436,1462.33,1462.89,0.49918189,2.67,59.96931631
1666741976.146155,1462.33,1462.89,0.49918189,2.67,59.96931631
1666741986.1616094,1462.33,1462.89,0.49918189,2.67,59.96931631
1666741996.675049,1462.63,1462.63,0.54808444,3.71,59.01863644
1666742006.7818563,1462.63,1462.63,0.54808444,3.71,59.01863644
1666742016.7336576,1462.63,1462.63,0.54808444,3.71,59.01863644
1666742026.7939355,1462.63,1462.69,0.55287077,3.77,59.25980119
1666742036.8317466,1462.63,1462.69,0.55287077,3.77,59.25980119
1666742046.724951,1462.63,1462.69,0.55287077,3.77,59.25980119
1666742056.7673397,1463.24,1463.24,0.68325841,5.82,61.34498662
1666742066.8173065,1463.24,1463.24,0.68325841,5.82,61.34498662
1666742076.7876415,1463.24,1463.24,0.68325841,5.82,61.34498662
1666742087.3110833,1463.24,1463.71,0.72075129,6.29,63.08382067
1666742096.8282003,1463.24,1463.71,0.72075129,6.29,63.08382067
1666742106.8411157,1463.24,1463.71,0.72075129,6.29,63.08382067
1666742116.8318508,1462.6,1462.6,0.65339674,2.6,57.64334511
1666742126.8502436,1462.6,1462.6,0.65339674,2.6,57.64334511
1666742136.8526037,1462.6,1462.6,0.65339674,2.6,57.64334511
1666742146.892831,1462.6,1461.96,0.60234261,1.96,54.13003416
1666742156.8749497,1462.6,1461.96,0.60234261,1.96,54.13003416
1666742166.8234067,1462.6,1461.96,0.60234261,1.96,54.13003416
1666742177.858193,1461.66,1461.66,0.52904867,2.29,52.62650039
1666742187.6519408,1461.66,1461.66,0.52904867,2.29,52.62650039
1666742197.7091036,1461.66,1461.66,0.52904867,2.29,52.62650039
1666742207.7114804,1461.66,1461.41,0.50910565,2.04,51.3465602
1666742217.753273,1461.66,1461.41,0.50910565,2.04,51.3465602
1666742227.7051375,1461.66,1461.41,0.50910565,2.04,51.3465602
1666742237.7192786,1462.18,1462.18,0.55785394,1.3,54.96169815
1666742248.283792,1462.18,1462.18,0.55785394,1.3,54.96169815
1666742257.6481402,1462.18,1462.18,0.55785394,1.3,54.96169815
1666742267.777153,1462.18,1461.72,0.52115879,0.84,52.4964681
1666742277.7399597,1462.18,1461.72,0.52115879,0.84,52.4964681
1666742287.7725265,1462.18,1461.72,0.52115879,0.84,52.4964681
1666742297.7483442,1461.46,1461.46,0.43916823,0.48,51.1997703
1666742307.7819846,1461.46,1461.46,0.43916823,0.48,51.1997703
1666742317.729596,1461.46,1461.46,0.43916823,0.48,51.1997703
1666742327.7170584,1461.46,1459.76,0.3035557,-1.22,43.60927475
1666742337.7882576,1461.46,1459.76,0.3035557,-1.22,43.60927475
1666742347.7476285,1461.46,1459.76,0.3035557,-1.22,43.60927475
1666742358.5765543,1459.87,1459.87,0.16141846,-1.96,44.04605876
1666742368.5995295,1459.87,1459.87,0.16141846,-1.96,44.04605876
1666742378.5371888,1459.87,1459.87,0.16141846,-1.96,44.04605876
1666742388.5720108,1459.87,1459.53,0.13429595,-2.3,42.6589376
1666742398.5806592,1459.87,1459.53,0.13429595,-2.3,42.6589376
1666742408.9998858,1459.87,1459.53,0.13429595,-2.3,42.6589376
1666742418.6515772,1459.74,1459.74,0.02359077,-2.95,43.49836082
1666742428.6694446,1459.74,1459.74,0.02359077,-2.95,43.49836082
1666742438.608914,1459.74,1459.74,0.02359077,-2.95,43.49836082
1666742448.64479,1459.74,1461.68,0.17834861,-1.01,52.74859613
1666742458.6048455,1459.74,1461.68,0.17834861,-1.01,52.74859613
1666742468.7984445,1459.74,1461.68,0.17834861,-1.01,52.74859613
1666742478.7030156,1462.24,1462.24,0.27625253,-0.08,54.88364671
1666742488.6589177,1462.24,1462.24,0.27625253,-0.08,54.88364671
1666742498.6259203,1462.24,1462.24,0.27625253,-0.08,54.88364671
1666742508.628687,1462.24,1462.23,0.27545481,-0.09,54.84446306
1666742518.6363842,1462.24,1462.23,0.27545481,-0.09,54.84446306
1666742528.6645548,1462.24,1462.23,0.27545481,-0.09,54.84446306
1666742539.0804908,1462.22,1462.22,0.31322364,-0.4,54.7932144
1666742549.0446806,1462.22,1462.22,0.31322364,-0.4,54.7932144
1666742559.157929,1462.22,1462.22,0.31322364,-0.4,54.7932144
1666742569.3521478,1462.22,1462.23,0.31402136,-0.39,54.84446306
1666742579.195901,1462.22,1462.23,0.31402136,-0.39,54.84446306
1666742589.2553084,1462.22,1462.23,0.31402136,-0.39,54.84446306
1666742599.2999437,1463.84,1463.84,0.56825233,0.6,60.75427779
1666742609.220713,1463.84,1463.84,0.56825233,0.6,60.75427779
1666742619.2152138,1463.84,1463.84,0.56825233,0.6,60.75427779
1666742629.2564583,1463.84,1464.56,0.62568823,1.32,63.08130015
1666742639.2601123,1463.84,1464.56,0.62568823,1.32,63.08130015
1666742649.1915565,1463.84,1464.56,0.62568823,1.32,63.08130015
1666742659.4739463,1462.94,1462.94,0.53372581,0.33,56.31360725
1666742669.2083712,1462.94,1462.94,0.53372581,0.33,56.31360725
1666742679.1872082,1462.94,1462.94,0.53372581,0.33,56.31360725
1666742689.171735,1462.94,1464.55,0.66215886,1.94,61.71979955
1666742699.1063895,1462.94,1464.55,0.66215886,1.94,61.71979955
1666742709.195358,1462.94,1464.55,0.66215886,1.94,61.71979955
1666742719.972921,1463.57,1463.57,0.64527569,1.91,58.60744743
1666742729.9538982,1463.57,1463.57,0.64527569,1.91,58.60744743
1666742739.9402618,1463.57,1463.57,0.64527569,1.91,58.60744743
1666742749.9868,1463.57,1462.67,0.57348082,1.01,54.24550996
1666742760.4827852,1463.57,1462.67,0.57348082,1.01,54.24550996
1666742770.068035,1463.57,1462.67,0.57348082,1.01,54.24550996
1666742779.97525,1462.42,1462.42,0.52276131,0.24,53.14457959
1666742790.0495768,1462.42,1462.42,0.52276131,0.24,53.14457959
1666742800.0705528,1462.42,1462.42,0.52276131,0.24,53.14457959
1666742810.0737364,1462.42,1462.33,0.51558182,0.15,52.73591727
1666742820.083907,1462.42,1462.33,0.51558182,0.15,52.73591727
1666742830.0997112,1462.42,1462.33,0.51558182,0.15,52.73591727
1666742840.0598495,1462.59,1462.59,0.51673199,1.14,53.831345
1666742850.1067815,1462.59,1462.59,0.51673199,1.14,53.831345
1666742860.0560868,1462.59,1462.59,0.51673199,1.14,53.831345
1666742870.073817,1462.59,1461.83,0.45610521,0.38,50.29850117
1666742879.9676046,1462.59,1461.83,0.45610521,0.38,50.29850117
1666742889.9634314,1462.59,1461.83,0.45610521,0.38,50.29850117
1666742900.6409907,1461.92,1461.92,0.4014067,2.06,50.69321482
1666742910.5832171,1461.92,1461.92,0.4014067,2.06,50.69321482
1666742921.013636,1461.92,1461.92,0.4014067,2.06,50.69321482
1666742930.667105,1461.92,1460.96,0.3248255,1.1,46.50136061
1666742940.6754322,1461.92,1460.96,0.3248255,1.1,46.50136061
1666742950.7930577,1460.65,1460.65,0.16820608,0.91,45.30337657
1666742960.744842,1460.65,1460.65,0.16820608,0.91,45.30337657
1666742970.8491368,1460.65,1460.65,0.16820608,0.91,45.30337657
1666742980.701046,1460.65,1461.11,0.20490124,1.37,47.48225559
1666742990.7137833,1460.65,1461.11,0.20490124,1.37,47.48225559
1666743000.6932428,1460.65,1461.11,0.20490124,1.37,47.48225559
1666743010.692318,1460.65,1461.11,0.20490124,1.37,47.48225559
1666743020.7114189,1460.6,1460.6,0.0571293,-1.63,45.08805837
1666743030.7377057,1460.6,1460.6,0.0571293,-1.63,45.08805837
1666743040.7323265,1460.6,1460.6,0.0571293,-1.63,45.08805837
1666743050.750951,1460.6,1461.17,0.10259938,-1.06,47.95742149
1666743060.7602232,1460.6,1461.17,0.10259938,-1.06,47.95742149
1666743070.926128,1460.6,1461.17,0.10259938,-1.06,47.95742149
1666743081.1926217,1462.43,1462.43,0.23126152,0.2,53.35262035
1666743091.3533545,1462.43,1462.43,0.23126152,0.2,53.35262035
1666743101.2667255,1462.43,1461.79,0.18020739,-0.44,50.48963728
1666743111.8018942,1462.43,1461.79,0.18020739,-0.44,50.48963728
1666743121.2308283,1462.43,1461.79,0.18020739,-0.44,50.48963728
1666743131.2119353,1461.3,1461.3,0.08969986,-2.54,48.50275295
1666743141.196355,1461.3,1461.3,0.08969986,-2.54,48.50275295
1666743151.2175202,1461.3,1461.3,0.08969986,-2.54,48.50275295
1666743161.1643822,1461.3,1460.36,0.0147141,-3.48,44.84387434
1666743171.210949,1461.3,1460.36,0.0147141,-3.48,44.84387434
1666743181.2759852,1461.3,1460.36,0.0147141,-3.48,44.84387434
1666743191.2609646,1461.3,1460.36,0.0147141,-3.48,44.84387434
1666743201.3925607,1460.01,1460.01,-0.13395659,-2.94,43.63280787
1666743211.2977498,1460.01,1460.01,-0.13395659,-2.94,43.63280787
1666743221.1238112,1460.01,1458.39,-0.26318736,-4.56,38.39621867
1666743231.1169982,1460.01,1458.39,-0.26318736,-4.56,38.39621867
1666743241.193152,1460.01,1458.39,-0.26318736,-4.56,38.39621867
1666743251.2530632,1458.63,1458.63,-0.42149032,-4.94,39.0899885
1666743262.0162032,1458.63,1458.63,-0.42149032,-4.94,39.0899885
1666743272.223571,1458.63,1458.63,-0.42149032,-4.94,39.0899885
1666743282.0183983,1458.63,1458.63,-0.42149032,-4.94,39.0899885
1666743292.0132475,1458.63,1459.63,-0.34171824,-3.94,43.65805316
1666743302.0245447,1458.63,1459.63,-0.34171824,-3.94,43.65805316
1666743312.1057453,1460.37,1460.37,-0.3091268,-2.04,46.62274602
1666743322.108531,1460.37,1460.37,-0.3091268,-2.04,46.62274602
1666743332.0589485,1460.37,1460.37,-0.3091268,-2.04,46.62274602
1666743342.08034,1460.37,1463.15,-0.08736042,0.74,55.98180026
1666743352.1309268,1460.37,1463.15,-0.08736042,0.74,55.98180026
1666743362.1178,1460.37,1463.15,-0.08736042,0.74,55.98180026
1666743372.0704854,1463.56,1463.56,0.12461825,0.98,57.0804637
1666743382.101081,1463.56,1463.56,0.12461825,0.98,57.0804637
1666743392.0480733,1463.56,1463.56,0.12461825,0.98,57.0804637
1666743402.1467133,1463.56,1462.54,0.04325073,-0.04,53.47223017
1666743412.1460483,1463.56,1462.54,0.04325073,-0.04,53.47223017
1666743422.334365,1463.56,1462.54,0.04325073,-0.04,53.47223017
1666743432.1646173,1462.82,1462.82,0.15842022,0.9,54.41649889
1666743442.566926,1462.82,1462.82,0.15842022,0.9,54.41649889
1666743452.552083,1462.82,1462.82,0.15842022,0.9,54.41649889
1666743462.9365294,1462.82,1463.43,0.20708119,1.51,56.22992987
1666743472.5878873,1462.82,1463.43,0.20708119,1.51,56.22992987
1666743482.598742,1462.82,1463.43,0.20708119,1.51,56.22992987
1666743492.605133,1463.21,1463.21,0.28386297,2.57,55.5950428
1666743502.5790255,1463.21,1463.21,0.28386297,2.57,55.5950428
1666743512.589689,1463.21,1463.21,0.28386297,2.57,55.5950428
1666743522.616444,1463.21,1464.01,0.34768064,3.37,57.98972522
1666743532.6222456,1463.21,1464.01,0.34768064,3.37,57.98972522
1666743542.6617086,1463.21,1464.01,0.34768064,3.37,57.98972522
1666743552.8027427,1463.21,1464.01,0.34768064,3.37,57.98972522
1666743562.6158123,1464.61,1464.61,0.5524512,4.0,59.62484064
1666743572.5534568,1464.61,1464.61,0.5524512,4.0,59.62484064
1666743582.7391806,1464.61,1464.61,0.5524512,4.0,59.62484064
1666743592.5571024,1464.61,1470.02,0.98401816,9.41,70.68861847
1666743602.5887606,1464.61,1470.02,0.98401816,9.41,70.68861847
1666743612.5785315,1471.3,1471.3,1.61481269,8.86,72.47428913
1666743623.3543055,1471.3,1471.3,1.61481269,8.86,72.47428913
1666743633.1186404,1471.3,1471.3,1.61481269,8.86,72.47428913
1666743643.15564,1471.3,1468.63,1.40182124,6.19,63.76699567
1666743653.62021,1471.3,1468.63,1.40182124,6.19,63.76699567
1666743663.1329863,1471.3,1468.63,1.40182124,6.19,63.76699567
1666743673.3635132,1466.49,1466.49,1.33129458,5.2,58.15404023
1666743683.2292533,1466.49,1466.49,1.33129458,5.2,58.15404023
1666743693.1882172,1466.49,1466.49,1.33129458,5.2,58.15404023
1666743703.180385,1466.49,1467.8,1.43579601,6.51,60.44910107
1666743713.142876,1466.49,1467.8,1.43579601,6.51,60.44910107
1666743723.191052,1466.49,1467.8,1.43579601,6.51,60.44910107
1666743733.2007058,1467.99,1467.99,1.60665985,7.99,60.76123309
1666743743.1626291,1467.99,1467.99,1.60665985,7.99,60.76123309
1666743753.2773476,1467.99,1467.99,1.60665985,7.99,60.76123309
1666743763.2520683,1467.99,1467.8,1.59150316,7.8,60.24917673
1666743773.236493,1467.99,1467.8,1.59150316,7.8,60.24917673
1666743783.2433858,1467.99,1467.8,1.59150316,7.8,60.24917673
1666743793.3060043,1467.8,1467.8,1.68410015,9.17,60.24712117
1666743803.7794762,1467.8,1467.8,1.68410015,9.17,60.24712117
1666743814.028523,1467.8,1467.8,1.68410015,9.17,60.24712117
1666743823.77229,1467.8,1468.01,1.70085229,9.38,60.65198104
1666743833.7676077,1467.8,1468.01,1.70085229,9.38,60.65198104
1666743843.7923129,1467.8,1468.01,1.70085229,9.38,60.65198104
1666743853.7582002,1468.17,1468.17,1.78975066,7.79,60.93527148
1666743863.81363,1468.17,1468.17,1.78975066,7.79,60.93527148
1666743873.8061397,1468.17,1468.17,1.78975066,7.79,60.93527148
1666743883.8133333,1468.17,1467.57,1.74188741,7.19,59.14172168
1666743894.96326,1468.17,1467.57,1.74188741,7.19,59.14172168
1666743903.7852793,1468.17,1467.57,1.74188741,7.19,59.14172168
1666743913.811501,1466.8,1466.8,1.63471284,3.23,56.98906059
1666743923.75886,1466.8,1466.8,1.63471284,3.23,56.98906059
1666743933.7916565,1466.8,1466.8,1.63471284,3.23,56.98906059
1666743943.8222845,1466.8,1465.7,1.54696355,2.13,53.96704316
1666743953.8151736,1466.8,1465.7,1.54696355,2.13,53.96704316
1666743963.8165183,1466.8,1465.7,1.54696355,2.13,53.96704316
1666743973.871345,1466.46,1466.46,1.53156041,3.64,56.01513172
1666743984.5058713,1466.46,1466.46,1.53156041,3.64,56.01513172
1666743994.5191944,1466.46,1466.46,1.53156041,3.64,56.01513172
1666744004.7633116,1466.46,1468.22,1.67195927,5.4,59.82191793
1666744019.558745,1466.46,1468.22,1.67195927,5.4,59.82191793
1666744024.5186677,1466.46,1468.22,1.67195927,5.4,59.82191793
1666744034.57817,1468.13,1468.13,1.69185539,4.93,59.63152969
1666744044.8490794,1468.13,1468.13,1.69185539,4.93,59.63152969
1666744054.6225798,1468.13,1468.13,1.69185539,4.93,59.63152969
1666744064.563058,1468.13,1467.75,1.661542,4.55,58.45124811
1666744074.5270495,1468.13,1467.75,1.661542,4.55,58.45124811
1666744084.6288707,1468.13,1467.75,1.661542,4.55,58.45124811
1666744094.6233642,1468.0,1468.0,1.67478594,3.4,59.22242189
1666744104.7321246,1468.0,1468.0,1.67478594,3.4,59.22242189
1666744114.6181695,1468.0,1468.0,1.67478594,3.4,59.22242189
1666744124.6360445,1468.0,1469.22,1.77210788,4.62,61.86647359
1666744134.6226602,1468.0,1469.22,1.77210788,4.62,61.86647359
1666744144.5841851,1468.0,1469.22,1.77210788,4.62,61.86647359
1666744154.650662,1469.11,1469.11,1.80674796,-2.18,61.64379972
1666744165.43251,1469.11,1469.11,1.80674796,-2.18,61.64379972
1666744175.1183963,1469.11,1469.11,1.80674796,-2.18,61.64379972
1666744185.400234,1469.11,1470.24,1.89689041,-1.05,63.98664699
1666744195.3904555,1469.11,1470.24,1.89689041,-1.05,63.98664699
1666744205.1929054,1469.11,1470.24,1.89689041,-1.05,63.98664699
1666744215.380079,1469.95,1469.95,1.93954233,3.46,63.41312071
1666744225.185116,1469.95,1469.95,1.93954233,3.46,63.41312071
1666744235.5513484,1469.95,1469.95,1.93954233,3.46,63.41312071
1666744245.160782,1469.95,1471.09,2.0304825,4.6,65.72397096
1666744255.1457312,1469.95,1471.09,2.0304825,4.6,65.72397096
1666744265.1334496,1469.95,1471.09,2.0304825,4.6,65.72397096
1666744275.1109834,1470.31,1470.31,2.01987138,2.32,64.17582321
1666744285.2250755,1470.31,1470.31,2.01987138,2.32,64.17582321
1666744295.1323009,1470.31,1470.31,2.01987138,2.32,64.17582321
1666744305.153362,1470.31,1470.99,2.07411639,3.0,65.63316183
1666744315.1195688,1470.31,1470.99,2.07411639,3.0,65.63316183
1666744325.630758,1470.31,1470.99,2.07411639,3.0,65.63316183
1666744335.071108,1470.89,1470.89,2.11866329,3.08,65.42792887
1666744345.5535936,1470.89,1470.89,2.11866329,3.08,65.42792887
1666744355.6045682,1470.89,1470.89,2.11866329,3.08,65.42792887
1666744365.802161,1470.89,1469.23,1.98624164,1.42,59.0832038
1666744375.6469698,1470.89,1469.23,1.98624164,1.42,59.0832038
1666744385.657066,1470.89,1469.23,1.98624164,1.42,59.0832038
1666744395.6455598,1469.01,1469.01,1.87053386,0.83,58.33140396
1666744405.8428547,1469.01,1469.01,1.87053386,0.83,58.33140396
1666744415.6776867,1469.01,1469.01,1.87053386,0.83,58.33140396
1666744425.630842,1469.01,1468.92,1.86335437,0.74,58.00622882
1666744435.6470475,1469.01,1468.92,1.86335437,0.74,58.00622882
1666744445.674866,1469.01,1468.92,1.86335437,0.74,58.00622882
1666744455.621351,1468.35,1468.35,1.67901364,1.55,56.02810626
1666744465.5879433,1468.35,1468.35,1.67901364,1.55,56.02810626
1666744475.5989714,1468.35,1468.35,1.67901364,1.55,56.02810626
1666744486.149465,1468.35,1467.02,1.57291677,0.22,51.60589629
1666744495.6233804,1468.35,1467.02,1.57291677,0.22,51.60589629
1666744505.6654258,1468.35,1467.02,1.57291677,0.22,51.60589629
1666744515.6625075,1467.66,1467.66,1.45292177,1.21,53.64100842
1666744526.4171531,1467.66,1467.66,1.45292177,1.21,53.64100842
1666744536.348083,1467.66,1467.66,1.45292177,1.21,53.64100842
1666744546.413473,1467.66,1467.99,1.47924655,1.54,54.63428067
1666744556.3324535,1467.66,1467.99,1.47924655,1.54,54.63428067
1666744566.430752,1467.66,1467.99,1.47924655,1.54,54.63428067
1666744576.365943,1468.06,1468.06,1.35952139,-0.08,54.83952771
1666744586.3635485,1468.06,1468.06,1.35952139,-0.08,54.83952771
1666744596.7078176,1468.06,1468.06,1.35952139,-0.08,54.83952771
1666744606.5204442,1468.06,1468.08,1.36111683,-0.06,54.90230753
1666744616.4562688,1468.06,1468.08,1.36111683,-0.06,54.90230753
1666744626.6009834,1468.06,1468.08,1.36111683,-0.06,54.90230753
1666744636.4284585,1468.62,1468.62,1.32563043,0.62,56.52211935
1666744646.9541414,1468.62,1468.62,1.32563043,0.62,56.52211935
1666744656.3819678,1468.62,1468.62,1.32563043,0.62,56.52211935
1666744666.4582543,1468.62,1468.08,1.28255351,0.08,54.40548188
1666744676.413896,1468.62,1468.08,1.28255351,0.08,54.40548188
1666744686.4166536,1468.62,1468.08,1.28255351,0.08,54.40548188
1666744696.4373026,1468.85,1468.85,1.28085945,-0.25,57.24109338
1666744707.011828,1468.85,1468.85,1.28085945,-0.25,57.24109338
1666744716.9331849,1468.85,1468.85,1.28085945,-0.25,57.24109338
1666744727.035143,1468.85,1468.62,1.26251187,-0.48,56.25221991
1666744736.987058,1468.85,1468.62,1.26251187,-0.48,56.25221991
1666744747.0234368,1468.85,1468.62,1.26251187,-0.48,56.25221991
1666744756.9929876,1468.17,1468.17,1.1200685,-1.78,54.4091963
1666744767.0905,1468.17,1468.17,1.1200685,-1.78,54.4091963
1666744777.0007231,1468.17,1468.17,1.1200685,-1.78,54.4091963
1666744787.0216477,1468.17,1467.57,1.07220526,-2.38,51.97586874
1666744796.982865,1468.17,1467.57,1.07220526,-2.38,51.97586874
1666744807.6178942,1468.17,1467.57,1.07220526,-2.38,51.97586874
1666744817.092884,1467.82,1467.82,0.97497616,-2.49,52.96552653
1666744827.0323954,1467.82,1467.82,0.97497616,-2.49,52.96552653
1666744836.9997904,1467.82,1467.82,0.97497616,-2.49,52.96552653
1666744846.9681702,1467.82,1468.9,1.06113,-1.41,56.79294852
1666744857.0226655,1467.82,1468.9,1.06113,-1.41,56.79294852
1666744866.9786327,1467.82,1468.9,1.06113,-1.41,56.79294852
1666744877.0076652,1468.29,1468.29,0.93788826,-2.59,54.71415873
1666744887.676967,1468.29,1468.29,0.93788826,-2.59,54.71415873
1666744897.4971073,1468.29,1468.29,0.93788826,-2.59,54.71415873
1666744907.5553036,1468.29,1468.38,0.94506775,-2.5,55.0581538
1666744917.6031933,1468.29,1468.38,0.94506775,-2.5,55.0581538
1666744927.544881,1468.29,1468.38,0.94506775,-2.5,55.0581538
1666744937.6994352,1468.92,1468.92,0.95906712,-0.09,57.0023171
1666744947.568382,1468.92,1468.92,0.95906712,-0.09,57.0023171
1666744957.5500183,1468.92,1468.92,0.95906712,-0.09,57.0023171
1666744967.6959426,1468.92,1468.32,0.91120387,-0.69,54.18103086
1666744977.6429665,1468.92,1468.32,0.91120387,-0.69,54.18103086
1666744987.5779078,1468.92,1468.32,0.91120387,-0.69,54.18103086
1666744997.9083686,1468.47,1468.47,0.860502,0.12,54.85463338
1666745007.619156,1468.47,1468.47,0.860502,0.12,54.85463338
1666745017.6111276,1468.47,1468.47,0.860502,0.12,54.85463338
1666745027.603105,1468.47,1468.5,0.86289516,0.15,54.97591884
1666745037.566319,1468.47,1468.5,0.86289516,0.15,54.97591884
1666745047.5664306,1468.47,1468.5,0.86289516,0.15,54.97591884
1666745057.566639,1467.99,1467.99,0.734984,0.34,52.5890289
1666745068.321761,1467.99,1467.99,0.734984,0.34,52.5890289
1666745078.3490424,1467.99,1467.99,0.734984,0.34,52.5890289
1666745088.4014757,1467.99,1468.13,0.74615209,0.48,53.20334205
1666745098.5732322,1467.99,1468.13,0.74615209,0.48,53.20334205
1666745108.4117088,1467.99,1468.13,0.74615209,0.48,53.20334205
1666745118.4290943,1469.58,1469.58,0.88240892,1.52,58.70254065
1666745128.4069662,1469.58,1469.58,0.88240892,1.52,58.70254065
1666745138.606213,1469.58,1469.58,0.88240892,1.52,58.70254065
1666745148.3694005,1469.58,1469.8,0.89995878,1.74,59.48055467
1666745158.6601532,1469.58,1469.8,0.89995878,1.74,59.48055467
1666745168.4250004,1469.58,1469.8,0.89995878,1.74,59.48055467
1666745178.4065475,1467.74,1467.74,0.62837566,-0.89,50.57990329
1666745188.5819664,1467.74,1467.74,0.62837566,-0.89,50.57990329
1666745198.4343586,1467.74,1467.74,0.62837566,-0.89,50.57990329
1666745208.354142,1467.74,1468.6,0.69697965,-0.03,53.79777253
1666745218.3429856,1467.74,1468.6,0.69697965,-0.03,53.79777253
1666745228.374235,1467.74,1468.6,0.69697965,-0.03,53.79777253
1666745238.456515,1468.01,1468.01,0.57535271,-0.84,51.63740335
1666745248.964451,1468.01,1468.01,0.57535271,-0.84,51.63740335
1666745259.146959,1468.01,1468.01,0.57535271,-0.84,51.63740335
1666745269.0253904,1468.01,1467.5,0.53466895,-1.35,49.48349
1666745278.8790889,1468.01,1467.5,0.53466895,-1.35,49.48349
1666745288.95267,1468.01,1467.5,0.53466895,-1.35,49.48349
1666745299.0774703,1467.11,1467.11,0.38253679,-1.05,47.96028178
1666745308.915626,1467.11,1467.11,0.38253679,-1.05,47.96028178
1666745319.0507,1467.11,1467.11,0.38253679,-1.05,47.96028178
1666745328.971743,1467.11,1466.11,0.30276471,-2.05,44.18504421
1666745338.9166958,1467.11,1466.11,0.30276471,-2.05,44.18504421
1666745348.8848708,1467.11,1466.11,0.30276471,-2.05,44.18504421
1666745359.0204213,1466.3,1466.3,0.17009761,-1.52,44.85257679
1666745368.9800534,1466.3,1466.3,0.17009761,-1.52,44.85257679
1666745379.078985,1466.3,1466.3,0.17009761,-1.52,44.85257679
1666745389.0021508,1466.3,1466.92,0.2195563,-0.9,47.63967417
1666745398.94436,1466.3,1466.92,0.2195563,-0.9,47.63967417
1666745408.978573,1466.3,1466.92,0.2195563,-0.9,47.63967417
1666745418.9528675,1468.39,1468.39,0.34654952,0.11,53.26019163
1666745429.4121578,1468.39,1468.39,0.34654952,0.11,53.26019163
1666745439.4051244,1468.39,1468.39,0.34654952,0.11,53.26019163
1666745450.136322,1468.39,1468.06,0.32022473,-0.22,51.91661744
1666745459.477629,1468.39,1468.06,0.32022473,-0.22,51.91661744
1666745469.405528,1468.39,1468.06,0.32022473,-0.22,51.91661744
1666745479.4834816,1468.32,1468.32,0.34095171,-0.61,52.9734117
1666745489.467732,1468.32,1468.32,0.34095171,-0.61,52.9734117
1666745499.4311717,1468.32,1468.32,0.34095171,-0.61,52.9734117
1666745509.5058649,1468.32,1468.96,0.39200584,0.03,55.38106825
1666745519.4813762,1468.32,1468.96,0.39200584,0.03,55.38106825
1666745529.4815898,1468.32,1468.96,0.39200584,0.03,55.38106825
1666745539.549276,1468.42,1468.42,0.35057579,-0.04,53.3695917
1666745549.5084047,1468.42,1468.42,0.35057579,-0.04,53.3695917
1666745559.4693308,1468.42,1468.42,0.35057579,-0.04,53.3695917
1666745569.4729064,1468.42,1468.56,0.36174388,0.1,53.95003944
1666745579.4700377,1468.42,1468.56,0.36174388,0.1,53.95003944
1666745589.47703,1468.42,1468.56,0.36174388,0.1,53.95003944
1666745599.4574656,1468.56,1468.56,0.36767074,0.56,53.9531888
1666745610.9511445,1468.56,1468.56,0.36767074,0.56,53.9531888
1666745620.355867,1468.56,1468.57,0.36846846,0.57,53.99723463
1666745630.2909744,1468.56,1468.57,0.36846846,0.57,53.99723463
1666745640.3178613,1468.56,1468.57,0.36846846,0.57,53.99723463
1666745650.5535846,1468.56,1468.57,0.36846846,0.57,53.99723463
1666745660.327933,1468.09,1468.09,0.30169304,-1.49,51.63322289
1666745670.290301,1468.09,1468.09,0.30169304,-1.49,51.63322289
1666745680.3237896,1468.09,1468.09,0.30169304,-1.49,51.63322289
1666745690.3190231,1468.09,1469.23,0.39263321,-0.35,56.52334132
1666745700.551556,1468.09,1469.23,0.39263321,-0.35,56.52334132
1666745710.368522,1468.28,1468.28,0.30280573,0.54,52.52676601
1666745720.3850937,1468.28,1468.28,0.30280573,0.54,52.52676601
1666745730.4032297,1468.28,1468.28,0.30280573,0.54,52.52676601
1666745740.382943,1468.28,1468.28,0.30280573,0.54,52.52676601
1666745750.646592,1468.28,1469.25,0.38018465,1.51,56.88804774
1666745760.403376,1468.28,1469.25,0.38018465,1.51,56.88804774
1666745770.9879394,1469.8,1469.8,0.5038478,1.79,59.02257144
1666745780.3877993,1469.8,1469.8,0.5038478,1.79,59.02257144
1666745790.9683666,1469.8,1469.8,0.5038478,1.79,59.02257144
1666745800.961239,1469.8,1472.38,0.70965976,4.37,67.22115214
1666745810.8661227,1469.8,1472.38,0.70965976,4.37,67.22115214
1666745820.8980355,1469.8,1472.38,0.70965976,4.37,67.22115214
1666745830.9249046,1469.8,1472.38,0.70965976,4.37,67.22115214
1666745840.9424694,1472.14,1472.14,0.89079062,5.04,66.60154315
1666745850.949162,1472.14,1472.14,0.89079062,5.04,66.60154315
1666745860.9211636,1472.14,1471.7,0.85569091,4.6,64.22125476
1666745870.957053,1472.14,1471.7,0.85569091,4.6,64.22125476
1666745880.896107,1472.14,1471.7,0.85569091,4.6,64.22125476
1666745890.8768046,1471.9,1471.9,1.00363278,5.59,65.27084103
1666745900.864272,1471.9,1471.9,1.00363278,5.59,65.27084103
1666745910.896109,1471.9,1471.9,1.00363278,5.59,65.27084103
1666745921.0498886,1471.9,1471.07,0.93742195,4.76,60.76145479
1666745931.0782957,1471.9,1471.07,0.93742195,4.76,60.76145479
1666745940.9550853,1471.9,1471.07,0.93742195,4.76,60.76145479
1666745950.968632,1470.68,1470.68,0.9237671,2.3,58.84050314
1666745960.9449117,1470.68,1470.68,0.9237671,2.3,58.84050314
1666745971.4103503,1470.68,1470.68,0.9237671,2.3,58.84050314
1666745981.6292255,1470.68,1470.72,0.92695798,2.34,58.98373001
1666745991.502993,1470.68,1470.72,0.92695798,2.34,58.98373001
1666746001.6992638,1470.68,1470.72,0.92695798,2.34,58.98373001
1666746011.531775,1471.86,1471.86,1.09372413,3.54,62.68447267
1666746021.4844947,1471.86,1471.86,1.09372413,3.54,62.68447267
1666746031.5662832,1471.86,1471.86,1.09372413,3.54,62.68447267
1666746041.552647,1471.86,1471.76,1.08574692,3.44,62.15470366
1666746051.491649,1471.86,1471.76,1.08574692,3.44,62.15470366
1666746061.4909592,1471.86,1471.76,1.08574692,3.44,62.15470366
1666746071.5554028,1472.97,1472.97,1.29696431,4.56,65.91178269
1666746081.6553454,1472.97,1472.97,1.29696431,4.56,65.91178269
1666746091.5037248,1472.97,1472.97,1.29696431,4.56,65.91178269
1666746101.4965932,1472.97,1471.71,1.19645149,3.3,59.62803855
1666746111.5451765,1472.97,1471.71,1.19645149,3.3,59.62803855
1666746121.504483,1472.97,1471.71,1.19645149,3.3,59.62803855
1666746131.6061268,1472.97,1471.71,1.19645149,3.3,59.62803855
1666746141.5707183,1471.34,1471.34,1.14224756,2.79,57.9981127
1666746151.9537375,1471.34,1471.34,1.14224756,2.79,57.9981127
1666746162.1076686,1471.34,1471.03,1.11751821,2.48,56.60208383
1666746172.180524,1471.34,1471.03,1.11751821,2.48,56.60208383
1666746182.0053525,1471.34,1471.03,1.11751821,2.48,56.60208383
1666746192.1187966,1471.34,1471.03,1.11751821,2.48,56.60208383
1666746202.0629532,1470.93,1470.93,1.05192921,2.85,56.16597772
1666746212.1439896,1470.93,1470.93,1.05192921,2.85,56.16597772
1666746222.071762,1470.93,1470.41,1.01044773,2.33,53.84283602
1666746232.1008005,1470.93,1470.41,1.01044773,2.33,53.84283602
1666746242.1042457,1470.93,1470.41,1.01044773,2.33,53.84283602
1666746252.048023,1470.24,1470.24,0.89664795,1.97,53.12240426
1666746262.0670884,1470.24,1470.24,0.89664795,1.97,53.12240426
1666746271.994455,1470.24,1470.24,0.89664795,1.97,53.12240426
1666746282.0554106,1470.24,1470.24,0.89664795,1.97,53.12240426
1666746292.1734655,1470.24,1469.57,0.84320065,1.3,50.28027827
1666746302.07034,1470.24,1469.57,0.84320065,1.3,50.28027827
1666746312.024041,1470.63,1470.63,0.86426755,0.83,54.60496966
1666746322.0358658,1470.63,1470.63,0.86426755,0.83,54.60496966
1666746332.8962946,1470.63,1470.63,0.86426755,0.83,54.60496966
1666746342.783816,1470.63,1469.9,0.80603393,0.1,51.3149642
1666746352.781523,1470.63,1469.9,0.80603393,0.1,51.3149642
1666746362.8484757,1470.63,1469.9,0.80603393,0.1,51.3149642
1666746372.8103173,1469.72,1469.72,0.67540942,-2.41,50.56376776
1666746382.8186605,1469.72,1469.72,0.67540942,-2.41,50.56376776
1666746392.8005297,1469.72,1469.72,0.67540942,-2.41,50.56376776
1666746402.849336,1469.72,1469.72,0.67540942,-2.41,50.56376776
1666746412.842137,1469.72,1469.77,0.67939803,-2.36,50.77931345
1666746423.053764,1469.72,1469.77,0.67939803,-2.36,50.77931345
1666746432.9789553,1469.99,1469.99,0.61478909,-1.9,51.70580525
1666746442.8289778,1469.99,1469.99,0.61478909,-1.9,51.70580525
1666746452.7408488,1469.99,1469.99,0.61478909,-1.9,51.70580525
1666746462.786455,1469.99,1470.0,0.61558681,-1.89,51.75026335
1666746473.0576005,1469.99,1470.0,0.61558681,-1.89,51.75026335
1666746482.830952,1469.99,1470.0,0.61558681,-1.89,51.75026335
1666746492.849404,1469.99,1470.0,0.61558681,-1.89,51.75026335
1666746502.858908,1469.5,1469.5,0.47414591,-1.18,49.47216654
1666746513.401726,1469.5,1469.5,0.47414591,-1.18,49.47216654
1666746523.5072348,1469.5,1469.25,0.45420289,-1.43,48.32513513
1666746533.3416488,1469.5,1469.25,0.45420289,-1.43,48.32513513
1666746543.3659306,1469.5,1469.25,0.45420289,-1.43,48.32513513
1666746553.507092,1468.76,1468.76,0.28456851,-3.1,46.22453678
1666746563.3893845,1468.76,1468.76,0.28456851,-3.1,46.22453678
1666746573.3095424,1468.76,1468.76,0.28456851,-3.1,46.22453678
1666746583.3999896,1468.76,1468.99,0.30291609,-2.87,47.38073204
1666746593.7412288,1468.76,1468.99,0.30291609,-2.87,47.38073204
1666746603.413944,1468.76,1468.99,0.30291609,-2.87,47.38073204
1666746613.4217348,1469.37,1469.37,0.26527701,-3.59,49.1857772
1666746623.4312668,1469.37,1469.37,0.26527701,-3.59,49.1857772
1666746633.5011652,1469.37,1469.37,0.26527701,-3.59,49.1857772
1666746643.422917,1469.37,1468.48,0.19427986,-4.48,45.2689469
1666746653.4920447,1469.37,1468.48,0.19427986,-4.48,45.2689469
1666746663.4520414,1469.37,1468.48,0.19427986,-4.48,45.2689469
1666746673.614953,1468.57,1468.57,0.09654071,-2.77,45.63328246
1666746683.3295524,1468.57,1468.57,0.09654071,-2.77,45.63328246
1666746694.088783,1468.57,1468.57,0.09654071,-2.77,45.63328246
1666746703.9085195,1468.57,1468.54,0.09414755,-2.8,45.50069255
1666746713.9786038,1468.57,1468.54,0.09414755,-2.8,45.50069255
1666746723.9404593,1468.57,1468.54,0.09414755,-2.8,45.50069255
1666746734.0060153,1468.25,1468.25,-0.03262167,-2.68,44.25762811
1666746743.847383,1468.25,1468.25,-0.03262167,-2.68,44.25762811
1666746754.6816888,1468.25,1468.25,-0.03262167,-2.68,44.25762811
1666746763.9010642,1468.25,1468.45,-0.01666725,-2.48,45.36617464
1666746773.874375,1468.25,1468.45,-0.01666725,-2.48,45.36617464
1666746783.908218,1468.25,1468.45,-0.01666725,-2.48,45.36617464
1666746793.951108,1469.88,1469.88,0.11759109,-0.35,52.16030124
1666746804.0487852,1469.88,1469.88,0.11759109,-0.35,52.16030124
1666746814.046981,1469.88,1469.88,0.11759109,-0.35,52.16030124
1666746823.9020336,1469.88,1469.03,0.04978482,-1.2,48.31688473
1666746833.9337902,1469.88,1469.03,0.04978482,-1.2,48.31688473
1666746844.0134408,1469.88,1469.03,0.04978482,-1.2,48.31688473
1666746853.9363763,1467.74,1467.74,-0.17107582,-2.9,43.45718197
1666746863.9770632,1467.74,1467.74,-0.17107582,-2.9,43.45718197
1666746874.8641517,1467.74,1467.74,-0.17107582,-2.9,43.45718197
1666746884.8238485,1467.74,1467.99,-0.1511328,-2.65,44.6197036
1666746894.8742423,1467.74,1467.99,-0.1511328,-2.65,44.6197036
1666746904.9224775,1467.74,1467.99,-0.1511328,-2.65,44.6197036
1666746915.1545928,1467.97,1467.97,-0.22964338,-1.75,44.53197869
1666746924.9783866,1467.97,1467.97,-0.22964338,-1.75,44.53197869
1666746934.9072998,1467.97,1467.97,-0.22964338,-1.75,44.53197869
1666746945.1819477,1467.97,1469.8,-0.08366048,0.08,52.27871666
1666746954.9355743,1467.97,1469.8,-0.08366048,0.08,52.27871666
1666746964.857576,1467.97,1469.8,-0.08366048,0.08,52.27871666
1666746974.8607564,1469.61,1469.61,-0.05482804,-0.38,51.57655947
1666746984.91157,1469.61,1469.61,-0.05482804,-0.38,51.57655947
1666746995.0600708,1469.61,1469.61,-0.05482804,-0.38,51.57655947
1666747004.9636364,1469.61,1469.45,-0.06759157,-0.54,50.89740442
1666747014.966858,1469.61,1469.45,-0.06759157,-0.54,50.89740442
1666747024.9261594,1469.61,1469.45,-0.06759157,-0.54,50.89740442
1666747034.8582444,1469.63,1469.63,-0.01691155,0.13,51.6571929
1666747045.016539,1469.63,1469.63,-0.01691155,0.13,51.6571929
1666747055.4463322,1469.63,1469.63,-0.01691155,0.13,51.6571929
1666747065.427245,1469.63,1470.36,0.04132207,0.86,54.62704066
1666747075.7674935,1469.63,1470.36,0.04132207,0.86,54.62704066
1666747085.4605758,1469.63,1470.36,0.04132207,0.86,54.62704066
1666747095.4645298,1470.34,1470.34,0.1121052,1.58,54.55054476
1666747105.4377968,1470.34,1470.34,0.1121052,1.58,54.55054476
1666747115.4209893,1470.34,1470.34,0.1121052,1.58,54.55054476
1666747125.4642277,1470.34,1470.1,0.0929599,1.34,53.38736864
1666747135.4293735,1470.34,1470.1,0.0929599,1.34,53.38736864
1666747145.505083,1470.34,1470.1,0.0929599,1.34,53.38736864
1666747155.4178011,1469.96,1469.96,0.11443267,0.59,52.72791618
1666747165.415883,1469.96,1469.96,0.11443267,0.59,52.72791618
1666747175.3818176,1469.96,1469.96,0.11443267,0.59,52.72791618
1666747185.4189837,1469.96,1469.5,0.07773752,0.13,50.53136764
1666747195.4334536,1469.96,1469.5,0.07773752,0.13,50.53136764
1666747205.380381,1469.96,1469.5,0.07773752,0.13,50.53136764
1666747215.456185,1469.08,1469.08,0.01429384,0.5,48.6765298
1666747225.4454076,1469.08,1469.08,0.01429384,0.5,48.6765298
1666747236.182647,1469.08,1469.08,0.01429384,0.5,48.6765298
1666747246.1183145,1469.08,1469.33,0.03423686,0.75,49.85402871
1666747255.9950411,1469.08,1469.33,0.03423686,0.75,49.85402871
1666747265.9600236,1469.08,1469.33,0.03423686,0.75,49.85402871
1666747275.899196,1469.67,1469.67,0.07406892,1.42,51.36842089
1666747285.9066298,1469.67,1469.67,0.07406892,1.42,51.36842089
1666747295.9320393,1469.67,1469.67,0.07406892,1.42,51.36842089
1666747305.9698017,1469.67,1470.15,0.11235952,1.9,53.51398168
1666747315.8722467,1469.67,1470.15,0.11235952,1.9,53.51398168
1666747325.9285147,1469.67,1470.15,0.11235952,1.9,53.51398168
1666747335.9946308,1470.0,1470.0,0.12920709,0.11,52.86488686
1666747346.0535705,1470.0,1470.0,0.12920709,0.11,52.86488686
1666747355.9353745,1470.0,1470.0,0.12920709,0.11,52.86488686
1666747365.9678988,1470.0,1469.48,0.08772561,-0.41,50.24561414
1666747375.8610008,1470.0,1469.48,0.08772561,-0.41,50.24561414
1666747385.952934,1470.0,1469.48,0.08772561,-0.41,50.24561414
1666747395.9274516,1470.0,1469.48,0.08772561,-0.41,50.24561414
1666747406.0075076,1469.21,1469.21,0.03801696,1.47,48.99093048
1666747416.6208756,1469.21,1469.21,0.03801696,1.47,48.99093048
1666747426.6597407,1469.21,1468.51,-0.01782349,0.77,45.78268852
1666747436.707689,1469.21,1468.51,-0.01782349,0.77,45.78268852
1666747446.6848264,1469.21,1468.51,-0.01782349,0.77,45.78268852
1666747456.7310555,1466.68,1466.68,-0.34089314,-1.28,39.09136109
1666747466.7909424,1466.68,1466.68,-0.34089314,-1.28,39.09136109
1666747476.9501646,1466.68,1466.68,-0.34089314,-1.28,39.09136109
1666747486.7138107,1466.68,1466.87,-0.32573644,-1.09,40.05347707
1666747496.761703,1466.68,1466.87,-0.32573644,-1.09,40.05347707
1666747506.73991,1466.68,1466.87,-0.32573644,-1.09,40.05347707
1666747516.6306238,1466.45,1466.45,-0.50827395,-3.16,38.33087942
1666747526.788567,1466.45,1466.45,-0.50827395,-3.16,38.33087942
1666747536.781645,1466.45,1466.45,-0.50827395,-3.16,38.33087942
1666747546.772607,1466.45,1465.72,-0.56650756,-3.89,35.94846168
1666747556.6939683,1466.45,1465.72,-0.56650756,-3.89,35.94846168
1666747566.7328796,1466.45,1465.72,-0.56650756,-3.89,35.94846168
1666747576.6781776,1465.99,1465.99,-0.68489732,-3.64,36.79430643
1666747586.778587,1465.99,1465.99,-0.68489732,-3.64,36.79430643
1666747597.2278748,1465.99,1465.99,-0.68489732,-3.64,36.79430643
1666747607.3321154,1465.99,1466.71,-0.62746142,-2.92,40.79488659
1666747617.3619788,1465.99,1466.71,-0.62746142,-2.92,40.79488659
1666747627.293563,1465.99,1466.71,-0.62746142,-2.92,40.79488659
1666747637.2583208,1466.44,1466.44,-0.72310947,-3.9,39.35545922
1666747647.330387,1466.44,1466.44,-0.72310947,-3.9,39.35545922
1666747657.1822271,1466.44,1466.44,-0.72310947,-3.9,39.35545922
1666747667.257997,1466.44,1466.97,-0.68083027,-3.37,42.31996851
1666747677.3551588,1466.44,1466.97,-0.68083027,-3.37,42.31996851
1666747687.253754,1466.44,1466.97,-0.68083027,-3.37,42.31996851
1666747697.3155031,1465.42,1465.42,-0.91712171,-4.55,35.81309299
1666747707.394461,1465.42,1465.42,-0.91712171,-4.55,35.81309299
1666747717.2677343,1465.42,1465.42,-0.91712171,-4.55,35.81309299
1666747727.7781775,1465.42,1463.71,-1.05353197,-6.26,30.80680572
1666747737.3367312,1465.42,1463.71,-1.05353197,-6.26,30.80680572
1666747747.3729832,1465.42,1463.71,-1.05353197,-6.26,30.80680572
1666747757.369711,1464.87,1464.87,-1.07205806,-4.22,34.03183033
1666747767.4100437,1464.87,1464.87,-1.07205806,-4.22,34.03183033
1666747777.759921,1464.87,1464.87,-1.07205806,-4.22,34.03183033
1666747787.7936423,1464.87,1465.87,-0.99228598,-3.22,39.86080149
1666747797.8928106,1464.87,1465.87,-0.99228598,-3.22,39.86080149
1666747807.757411,1464.87,1465.87,-0.99228598,-3.22,39.86080149
1666747817.767325,1465.87,1465.87,-1.00673344,-3.81,39.86490872
1666747827.7355454,1465.87,1465.87,-1.00673344,-3.81,39.86490872
1666747837.824689,1465.87,1465.87,-1.00673344,-3.81,39.86490872
1666747847.808304,1465.87,1466.36,-0.96764512,-3.32,42.55619191
1666747857.7542896,1465.87,1466.36,-0.96764512,-3.32,42.55619191
1666747867.810207,1465.87,1466.36,-0.96764512,-3.32,42.55619191
1666747877.7498355,1467.0,1467.0,-0.84559941,-3.0,45.73290988
1666747888.146724,1467.0,1467.0,-0.84559941,-3.0,45.73290988
1666747897.8188777,1467.0,1467.0,-0.84559941,-3.0,45.73290988
1666747907.8549163,1467.0,1467.83,-0.77938859,-2.17,49.61171
1666747917.8570418,1467.0,1467.83,-0.77938859,-2.17,49.61171
1666747927.7731895,1467.0,1467.83,-0.77938859,-2.17,49.61171
1666747937.7353942,1467.76,1467.76,-0.67291637,-1.44,49.30345551
1666747947.7677765,1467.76,1467.76,-0.67291637,-1.44,49.30345551
1666747958.3529031,1467.76,1467.76,-0.67291637,-1.44,49.30345551
1666747968.303463,1467.76,1468.08,-0.64738931,-1.12,50.77476661
1666747978.3207586,1467.76,1468.08,-0.64738931,-1.12,50.77476661
1666747988.3024583,1467.76,1468.08,-0.64738931,-1.12,50.77476661
1666747998.343439,1470.47,1470.47,-0.19498709,3.78,59.55011659
1666748008.291355,1470.47,1470.47,-0.19498709,3.78,59.55011659
1666748018.38885,1470.47,1470.47,-0.19498709,3.78,59.55011659
1666748028.4225938,1470.47,1469.95,-0.23646857,3.26,57.16242921
1666748038.3158631,1470.47,1469.95,-0.23646857,3.26,57.16242921
1666748048.797439,1470.47,1469.95,-0.23646857,3.26,57.16242921
1666748058.3778334,1472.47,1472.47,0.29503235,6.01,65.14908065
1666748068.3385994,1472.47,1472.47,0.29503235,6.01,65.14908065
1666748078.293064,1472.47,1472.47,0.29503235,6.01,65.14908065
1666748088.56848,1472.47,1472.54,0.3006164,6.08,65.32996352
1666748098.3455997,1472.47,1472.54,0.3006164,6.08,65.32996352
1666748108.368528,1472.47,1472.54,0.3006164,6.08,65.32996352
1666748118.3805814,1473.58,1473.58,0.7075019,7.59,67.81202294
1666748128.385201,1473.58,1473.58,0.7075019,7.59,67.81202294
1666748139.2304585,1473.58,1473.58,0.7075019,7.59,67.81202294
1666748149.2820537,1473.58,1474.18,0.75536515,8.19,69.18276017
1666748159.2847812,1473.58,1474.18,0.75536515,8.19,69.18276017
1666748169.200959,1473.58,1474.18,0.75536515,8.19,69.18276017
1666748179.3469625,1474.39,1474.39,1.06834419,7.95,69.60417781
1666748189.3211477,1474.39,1474.39,1.06834419,7.95,69.60417781
1666748199.2213752,1474.39,1474.39,1.06834419,7.95,69.60417781
1666748209.3464017,1474.39,1473.25,0.97740402,6.81,64.10806313
1666748219.2228785,1474.39,1473.25,0.97740402,6.81,64.10806313
1666748229.2973387,1474.39,1473.25,0.97740402,6.81,64.10806313
1666748239.2850928,1474.48,1474.48,1.30035357,9.06,69.83816075
1666748249.3169432,1474.48,1474.48,1.30035357,9.06,69.83816075
1666748259.3326416,1474.48,1474.48,1.30035357,9.06,69.83816075
1666748269.20305,1474.48,1474.52,1.30354445,9.1,69.93504724
1666748279.2161994,1474.48,1474.52,1.30354445,9.1,69.93504724
1666748289.250482,1474.48,1474.52,1.30354445,9.1,69.93504724
1666748299.230792,1475.37,1475.37,1.58749611,10.49,71.85613868
1666748309.2834804,1475.37,1475.37,1.58749611,10.49,71.85613868
1666748319.9854531,1475.37,1475.37,1.58749611,10.49,71.85613868
1666748329.9224875,1475.37,1475.62,1.60743913,10.74,72.4144481
1666748339.9395354,1475.37,1475.62,1.60743913,10.74,72.4144481
1666748349.8048296,1475.37,1475.62,1.60743913,10.74,72.4144481
1666748359.969126,1476.94,1476.94,1.96068877,11.08,75.02989313
1666748369.9073858,1476.94,1476.94,1.96068877,11.08,75.02989313
1666748379.8847368,1476.94,1476.94,1.96068877,11.08,75.02989313
1666748389.9474633,1476.94,1475.31,1.83066028,9.45,66.62899809
1666748400.037798,1476.94,1475.31,1.83066028,9.45,66.62899809
1666748409.980319,1476.94,1475.31,1.83066028,9.45,66.62899809
1666748419.8252869,1476.94,1476.94,2.13199205,9.93,74.99271611
1666748429.9298131,1476.94,1476.94,2.13199205,9.93,74.99271611
1666748439.8973515,1476.94,1476.94,2.13199205,9.93,74.99271611
1666748450.1892762,1476.94,1476.78,2.11922851,9.77,74.04736322
1666748460.0725062,1476.94,1476.78,2.11922851,9.77,74.04736322
1666748469.938974,1476.94,1476.78,2.11922851,9.77,74.04736322
1666748480.0072954,1479.01,1479.01,2.53576906,11.24,78.62073562
1666748489.9287636,1479.01,1479.01,2.53576906,11.24,78.62073562
1666748500.3601935,1479.01,1477.91,2.44801977,10.14,72.5330911
1666748510.3684704,1479.01,1477.91,2.44801977,10.14,72.5330911
1666748520.45444,1479.01,1477.91,2.44801977,10.14,72.5330911
1666748530.3808367,1479.01,1477.91,2.44801977,10.14,72.5330911
1666748540.3784783,1477.29,1477.29,2.4506944,6.82,69.49632383
1666748550.351982,1477.29,1477.29,2.4506944,6.82,69.49632383
1666748560.4588475,1477.29,1480.72,2.72431263,10.25,75.6098218
1666748570.4511132,1477.29,1480.72,2.72431263,10.25,75.6098218
1666748580.459545,1477.29,1480.72,2.72431263,10.25,75.6098218
1666748590.420303,1477.29,1480.72,2.72431263,10.25,75.6098218
1666748600.477582,1481.2,1481.2,3.01571378,8.73,76.2728244
1666748610.4585474,1481.2,1481.2,3.01571378,8.73,76.2728244
1666748620.5384502,1481.2,1481.2,3.01571378,8.73,76.2728244
1666748630.6590648,1481.2,1480.04,2.92317817,7.57,71.23335197
1666748640.464266,1481.2,1480.04,2.92317817,7.57,71.23335197
1666748650.4419105,1480.4,1480.4,3.06594677,6.82,72.69939068
1666748660.550575,1480.4,1480.4,3.06594677,6.82,72.69939068
1666748670.4538317,1480.4,1480.4,3.06594677,6.82,72.69939068
1666748681.1845407,1480.4,1480.44,3.06913765,6.86,72.76752448
1666748691.1810422,1480.4,1480.44,3.06913765,6.86,72.76752448
1666748701.3084788,1480.4,1480.44,3.06913765,6.86,72.76752448
1666748711.204691,1480.54,1480.54,3.14139477,6.14,72.90449905
1666748721.100991,1480.54,1480.54,3.14139477,6.14,72.90449905
1666748731.0892332,1480.54,1480.54,3.14139477,6.14,72.90449905
1666748741.1788905,1480.54,1480.23,3.11666543,5.83,71.42782737
1666748751.162685,1480.54,1480.23,3.11666543,5.83,71.42782737
1666748761.1444707,1480.54,1480.23,3.11666543,5.83,71.42782737
1666748771.234418,1480.54,1480.23,3.11666543,5.83,71.42782737
1666748781.0818458,1483.27,1483.27,3.54125176,8.79,77.10833942
1666748791.1589284,1483.27,1483.27,3.54125176,8.79,77.10833942
1666748801.2133417,1483.27,1483.41,3.55241985,8.93,77.30163082
1666748811.2824566,1483.27,1483.41,3.55241985,8.93,77.30163082
1666748826.160926,1483.27,1483.41,3.55241985,8.93,77.30163082
1666748831.1684706,1483.27,1483.41,3.55241985,8.93,77.30163082
1666748841.0950696,1482.78,1482.78,3.57428264,7.41,74.87665714
1666748851.5230763,1482.78,1482.78,3.57428264,7.41,74.87665714
1666748861.6655202,1482.78,1482.66,3.56470999,7.29,74.30944582
1666748871.8038886,1482.78,1482.66,3.56470999,7.29,74.30944582
1666748881.7290854,1482.78,1482.66,3.56470999,7.29,74.30944582
1666748891.7642455,1481.89,1481.89,3.4636252,4.95,70.84110324
1666748901.7497108,1481.89,1481.89,3.4636252,4.95,70.84110324
1666748911.664569,1481.89,1481.89,3.4636252,4.95,70.84110324
1666748921.6154497,1481.89,1482.64,3.52345426,5.7,72.1915696
1666748931.8386192,1481.89,1482.64,3.52345426,5.7,72.1915696
1666748941.8069994,1481.89,1482.64,3.52345426,5.7,72.1915696
1666748952.047953,1482.45,1482.45,3.47348471,5.52,71.83068828
1666748961.780211,1482.45,1482.45,3.47348471,5.52,71.83068828
1666748971.6667628,1482.45,1482.45,3.47348471,5.52,71.83068828
1666748982.2480774,1482.45,1481.69,3.41285793,4.76,68.34018344
1666748991.677533,1482.45,1481.69,3.41285793,4.76,68.34018344
1666749001.707529,1482.45,1481.69,3.41285793,4.76,68.34018344
1666749011.732272,1482.14,1482.14,3.36217844,3.12,70.36475109
1666749021.6839995,1482.14,1482.14,3.36217844,3.12,70.36475109
1666749031.744719,1482.14,1482.14,3.36217844,3.12,70.36475109
1666749042.2526853,1482.14,1482.14,3.36217844,3.12,70.36475109
1666749052.3868892,1482.14,1482.54,3.39408728,3.52,71.18199598
1666749062.256028,1482.14,1482.54,3.39408728,3.52,71.18199598
1666749072.232396,1482.21,1482.21,3.26592747,4.91,70.51109847
1666749082.2954965,1482.21,1482.21,3.26592747,4.91,70.51109847
1666749092.330797,1482.21,1482.21,3.26592747,4.91,70.51109847
1666749102.2104645,1482.21,1482.21,3.26592747,4.91,70.51109847
1666749112.3063314,1482.21,1483.29,3.35208132,5.99,72.7472304
1666749122.301028,1482.21,1483.29,3.35208132,5.99,72.7472304
1666749132.308576,1484.51,1484.51,3.47344147,3.31,74.89874402
1666749142.2211738,1484.51,1484.51,3.47344147,3.31,74.89874402
1666749152.202049,1484.51,1484.51,3.47344147,3.31,74.89874402
1666749162.2740495,1484.51,1483.84,3.41999418,2.64,71.58838742
1666749172.2396011,1484.51,1483.84,3.41999418,2.64,71.58838742
1666749182.243093,1484.51,1483.84,3.41999418,2.64,71.58838742
1666749192.3213258,1484.74,1484.74,3.48582983,4.35,75.29448078
1666749202.3268557,1484.74,1484.74,3.48582983,4.35,75.29448078
1666749212.4637775,1484.74,1484.74,3.48582983,4.35,75.29448078
1666749223.294042,1484.74,1483.78,3.40924863,3.39,70.31175537
1666749233.3213358,1484.74,1483.78,3.40924863,3.39,70.31175537
1666749243.4071488,1484.74,1483.78,3.40924863,3.39,70.31175537
1666749253.317304,1483.77,1483.77,3.30369884,3.22,70.23701619
1666749263.2965837,1483.77,1483.77,3.30369884,3.22,70.23701619
1666749273.3272135,1483.77,1483.77,3.30369884,3.22,70.23701619
1666749283.2724986,1483.77,1482.75,3.22233132,2.2,65.32379361
1666749293.3507695,1483.77,1482.75,3.22233132,2.2,65.32379361
1666749303.2846224,1483.77,1482.75,3.22233132,2.2,65.32379361
1666749313.2780025,1482.66,1482.66,3.02707587,-0.61,64.90223144
1666749323.3924963,1482.66,1482.66,3.02707587,-0.61,64.90223144
1666749333.325184,1482.66,1482.66,3.02707587,-0.61,64.90223144
1666749343.3488283,1482.66,1483.18,3.06855735,-0.09,66.1978805
1666749353.3163042,1482.66,1483.18,3.06855735,-0.09,66.1978805
1666749363.2870057,1482.66,1483.18,3.06855735,-0.09,66.1978805
1666749373.8010392,1482.9,1482.9,2.87916241,0.12,65.5142724
1666749383.347349,1482.9,1482.9,2.87916241,0.12,65.5142724
1666749393.3507397,1482.9,1482.9,2.87916241,0.12,65.5142724
1666749404.1303566,1482.9,1481.87,2.79699717,-0.91,60.6577647
1666749414.095771,1482.9,1481.87,2.79699717,-0.91,60.6577647
1666749424.1818275,1482.9,1481.87,2.79699717,-0.91,60.6577647
1666749434.2192526,1482.25,1482.25,2.62420432,0.37,62.371413
1666749444.1246247,1482.25,1482.25,2.62420432,0.37,62.371413
1666749454.1631553,1482.25,1482.25,2.62420432,0.37,62.371413
1666749464.0766098,1482.25,1481.86,2.59309321,-0.02,60.48284259
1666749474.1290543,1482.25,1481.86,2.59309321,-0.02,60.48284259
1666749484.2019403,1482.25,1481.86,2.59309321,-0.02,60.48284259
1666749494.0607867,1481.58,1481.58,2.34107308,-0.88,59.192517
1666749504.1668634,1481.58,1481.58,2.34107308,-0.88,59.192517
1666749514.19958,1481.58,1481.58,2.34107308,-0.88,59.192517
1666749524.1618905,1481.58,1480.81,2.27964858,-1.65,55.68400113
1666749534.7874773,1481.58,1480.81,2.27964858,-1.65,55.68400113
1666749544.2310293,1481.58,1480.81,2.27964858,-1.65,55.68400113
1666749554.1675482,1481.58,1480.81,2.27964858,-1.65,55.68400113
1666749564.2269683,1480.18,1480.18,1.9365258,-1.96,53.10545136
1666749574.4183366,1480.18,1480.18,1.9365258,-1.96,53.10545136
1666749585.101329,1480.18,1479.84,1.90940329,-2.3,51.71531514
1666749595.141258,1480.18,1479.84,1.90940329,-2.3,51.71531514
1666749605.1038358,1480.18,1479.84,1.90940329,-2.3,51.71531514
1666749615.1274643,1480.37,1480.37,1.7118532,-1.84,53.79622896
1666749625.1679142,1480.37,1480.37,1.7118532,-1.84,53.79622896
1666749635.1194108,1480.37,1480.37,1.7118532,-1.84,53.79622896
1666749645.1452923,1480.37,1481.5,1.80199565,-0.71,57.80829803
1666749655.067519,1480.37,1481.5,1.80199565,-0.71,57.80829803
1666749665.1270363,1480.37,1481.5,1.80199565,-0.71,57.80829803
1666749675.1976535,1481.93,1481.93,1.72434495,-2.57,59.15595283
1666749685.2555,1481.93,1481.93,1.72434495,-2.57,59.15595283
1666749695.924957,1481.93,1481.93,1.72434495,-2.57,59.15595283
1666749705.1018305,1481.93,1481.0,1.65015692,-3.5,55.0597186
1666749715.1677997,1481.93,1481.0,1.65015692,-3.5,55.0597186
1666749725.192184,1481.93,1481.0,1.65015692,-3.5,55.0597186
1666749735.177482,1480.57,1480.57,1.42472908,-4.17,53.35159519
1666749745.1627655,1480.57,1480.57,1.42472908,-4.17,53.35159519
1666749755.393162,1480.57,1480.57,1.42472908,-4.17,53.35159519
1666749765.8540475,1480.57,1479.53,1.34176612,-5.21,49.36286056
1666749775.841303,1480.57,1479.53,1.34176612,-5.21,49.36286056
1666749785.855302,1480.57,1479.53,1.34176612,-5.21,49.36286056
1666749795.888732,1478.79,1478.79,1.00712516,-4.97,46.86954715
1666749805.8872232,1478.79,1478.79,1.00712516,-4.97,46.86954715
1666749815.9575908,1478.79,1478.79,1.00712516,-4.97,46.86954715
1666749826.0471623,1478.79,1477.3,0.88826476,-6.46,42.24286994
1666749835.930582,1478.79,1477.3,0.88826476,-6.46,42.24286994
1666749845.9269676,1478.79,1477.3,0.88826476,-6.46,42.24286994
1666749856.134779,1477.26,1477.26,0.56342987,-5.39,42.13122059
1666749865.862345,1477.26,1477.26,0.56342987,-5.39,42.13122059
1666749875.9659836,1477.26,1477.26,0.56342987,-5.39,42.13122059
1666749885.9839404,1477.26,1477.05,0.54667774,-5.6,41.51091023
1666749895.965723,1477.26,1477.05,0.54667774,-5.6,41.51091023
1666749905.9651637,1477.26,1477.05,0.54667774,-5.6,41.51091023
1666749915.9715505,1476.97,1476.97,0.26401361,-5.92,41.27937939
1666749925.9554403,1476.97,1476.97,0.26401361,-5.92,41.27937939
1666749935.9326408,1476.97,1476.97,0.26401361,-5.92,41.27937939
1666749946.791945,1476.97,1477.4,0.29831561,-5.49,43.11591977
1666749956.766017,1476.97,1477.4,0.29831561,-5.49,43.11591977
1666749966.7541215,1476.97,1477.4,0.29831561,-5.49,43.11591977
1666749976.7151344,1477.56,1477.56,0.12733234,-4.69,43.77340516
1666749986.696525,1477.56,1477.56,0.12733234,-4.69,43.77340516
1666749996.7689664,1477.56,1477.56,0.12733234,-4.69,43.77340516
1666750006.787737,1477.56,1477.82,0.14807308,-4.43,44.88292888
1666750017.0811963,1477.56,1477.82,0.14807308,-4.43,44.88292888
1666750026.7852802,1477.56,1477.82,0.14807308,-4.43,44.88292888
1666750036.809812,1478.0,1478.0,0.04474458,-3.59,45.62575507
1666750046.6995888,1478.0,1478.0,0.04474458,-3.59,45.62575507
1666750056.9026878,1478.0,1478.0,0.04474458,-3.59,45.62575507
1666750066.722884,1478.0,1478.01,0.0455423,-3.58,45.66956338
1666750076.7045336,1478.0,1478.01,0.0455423,-3.58,45.66956338
1666750086.991307,1478.0,1478.01,0.0455423,-3.58,45.66956338
1666750096.71154,1478.0,1478.0,-0.04797062,-2.19,45.62575507
1666750106.823235,1478.0,1478.0,-0.04797062,-2.19,45.62575507
1666750116.831944,1478.0,1478.0,-0.04797062,-2.19,45.62575507
1666750127.2214632,1478.0,1476.96,-0.13093358,-3.23,41.846626
1666750137.206222,1478.0,1476.96,-0.13093358,-3.23,41.846626
1666750147.2073183,1478.0,1476.96,-0.13093358,-3.23,41.846626
1666750157.3291569,1477.12,1477.12,-0.24507895,-3.26,42.40258826
1666750167.2137115,1477.12,1477.12,-0.24507895,-3.26,42.40258826
1666750177.4754672,1477.12,1477.12,-0.24507895,-3.26,42.40258826
1666750187.260594,1477.12,1477.14,-0.24348351,-3.24,42.50232518
1666750197.2594008,1477.12,1477.14,-0.24348351,-3.24,42.50232518
1666750207.291168,1477.12,1477.14,-0.24348351,-3.24,42.50232518
1666750217.2842128,1478.11,1478.11,-0.20114222,-3.82,46.95706452
1666750227.498984,1478.11,1478.11,-0.20114222,-3.82,46.95706452
1666750237.313366,1478.11,1478.11,-0.20114222,-3.82,46.95706452
1666750247.8256755,1478.11,1478.51,-0.16923339,-3.42,48.72139979
1666750257.27484,1478.11,1478.51,-0.16923339,-3.42,48.72139979
1666750267.2882955,1478.11,1478.51,-0.16923339,-3.42,48.72139979
1666750277.32145,1478.58,1478.58,-0.15986077,-1.99,49.01816098
1666750287.3414104,1478.58,1478.58,-0.15986077,-1.99,49.01816098
1666750297.260326,1478.58,1478.58,-0.15986077,-1.99,49.01816098
1666750307.972365,1478.58,1478.75,-0.14629951,-1.82,49.77830845
1666750317.951453,1478.58,1478.75,-0.14629951,-1.82,49.77830845
1666750327.932192,1478.58,1478.75,-0.14629951,-1.82,49.77830845
1666750337.9541426,1481.37,1481.37,0.23994652,2.58,59.14615684
1666750348.1267688,1481.37,1481.37,0.23994652,2.58,59.14615684
1666750357.9669275,1481.37,1481.37,0.23994652,2.58,59.14615684
1666750367.9948037,1481.37,1482.55,0.33407757,3.76,62.5540888
1666750377.9876904,1481.37,1482.55,0.33407757,3.76,62.5540888
1666750388.001198,1481.37,1482.55,0.33407757,3.76,62.5540888
1666750397.9595304,1482.55,1482.55,0.54226056,5.29,62.5540888
1666750407.8853486,1482.55,1482.55,0.54226056,5.29,62.5540888
1666750417.8896348,1482.55,1482.55,0.54226056,5.29,62.5540888
1666750427.9076643,1482.55,1482.69,0.55342866,5.43,62.94751318
1666750437.8972726,1482.55,1482.69,0.55342866,5.43,62.94751318
1666750447.922639,1482.55,1482.69,0.55342866,5.43,62.94751318
1666750457.9019232,1482.4,1482.4,0.67798292,5.43,61.85044967
1666750467.9206235,1482.4,1482.4,0.67798292,5.43,61.85044967
1666750477.9245777,1482.4,1482.4,0.67798292,5.43,61.85044967
1666750489.1244092,1482.4,1482.22,0.66362394,5.25,60.96424222
1666750499.1874404,1482.4,1482.22,0.66362394,5.25,60.96424222
1666750509.7232604,1482.4,1482.22,0.66362394,5.25,60.96424222
1666750519.1079855,1483.8,1483.8,0.9838742,6.25,65.72557635
1666750529.2198277,1483.8,1483.8,0.9838742,6.25,65.72557635
1666750539.1354644,1483.8,1483.8,0.9838742,6.25,65.72557635
1666750549.1379623,1483.8,1484.63,1.05008503,7.08,67.81300506
1666750559.131098,1483.8,1484.63,1.05008503,7.08,67.81300506
1666750569.1182375,1483.8,1484.63,1.05008503,7.08,67.81300506
1666750579.154467,1484.95,1484.95,1.28800385,6.95,68.52110717
1666750589.116738,1484.95,1484.95,1.28800385,6.95,68.52110717
1666750599.117587,1484.95,1484.95,1.28800385,6.95,68.52110717
1666750609.070438,1484.95,1487.73,1.50977023,9.73,74.10759346
1666750619.1606,1484.95,1487.73,1.50977023,9.73,74.10759346
1666750629.1197922,1484.95,1487.73,1.50977023,9.73,74.10759346
1666750639.2854202,1486.43,1486.43,1.64832103,8.43,71.77512693
1666750649.1301243,1486.43,1486.43,1.64832103,8.43,71.77512693
1666750659.1974275,1486.43,1486.43,1.64832103,8.43,71.77512693
1666750670.2076814,1486.43,1486.59,1.66108456,8.59,72.10815555
1666750679.871834,1486.43,1486.59,1.66108456,8.59,72.10815555
1666750689.8050072,1486.43,1486.59,1.66108456,8.59,72.10815555
1666750699.75729,1487.14,1487.14,1.91908875,10.03,73.19679957
1666750709.7371004,1487.14,1487.14,1.91908875,10.03,73.19679957
1666750719.8003974,1487.14,1487.14,1.91908875,10.03,73.19679957
1666750729.7296634,1487.14,1486.46,1.86484373,9.35,69.61405716
1666750739.888255,1487.14,1486.46,1.86484373,9.35,69.61405716
1666750749.728789,1487.14,1486.46,1.86484373,9.35,69.61405716
1666750759.745645,1485.98,1485.98,1.90224451,7.87,67.26440518
1666750769.8938997,1485.98,1485.98,1.90224451,7.87,67.26440518
1666750779.7195165,1485.98,1485.98,1.90224451,7.87,67.26440518
1666750789.776813,1485.98,1488.39,2.09449522,10.28,72.33839758
1666750799.785241,1485.98,1488.39,2.09449522,10.28,72.33839758
1666750809.8343978,1485.98,1488.39,2.09449522,10.28,72.33839758
1666750819.8158362,1490.74,1490.74,2.61274522,12.16,75.92439515
1666750830.0291362,1490.74,1490.74,2.61274522,12.16,75.92439515
1666750839.7345955,1490.74,1490.74,2.61274522,12.16,75.92439515
1666750850.5200016,1490.74,1489.23,2.49228938,10.65,69.62948881
1666750860.2951226,1490.74,1489.23,2.49228938,10.65,69.62948881
1666750870.3812976,1490.74,1489.23,2.49228938,10.65,69.62948881
1666750880.292422,1488.66,1488.66,2.5480898,7.28,67.51364742
1666750890.335898,1488.66,1488.66,2.5480898,7.28,67.51364742
1666750900.3097126,1488.66,1488.8,2.55925789,7.42,67.79257225
1666750910.3292005,1488.66,1488.8,2.55925789,7.42,67.79257225
1666750920.4505749,1488.66,1488.8,2.55925789,7.42,67.79257225
1666750930.4369023,1488.66,1488.8,2.55925789,7.42,67.79257225
1666750940.443886,1488.12,1488.12,2.52143399,5.57,65.48616386
1666750950.331854,1488.12,1488.12,2.52143399,5.57,65.48616386
1666750960.4350011,1488.12,1485.34,2.2996676,2.79,56.13925264
1666750970.4168928,1488.12,1485.34,2.2996676,2.79,56.13925264
1666750980.3945937,1488.12,1485.34,2.2996676,2.79,56.13925264
1666750991.094458,1488.12,1485.34,2.2996676,2.79,56.13925264
1666751000.3417134,1485.28,1485.28,2.10471167,2.88,55.96464179
1666751010.365223,1485.28,1485.28,2.10471167,2.88,55.96464179
1666751020.3368304,1485.28,1485.28,2.10471167,2.88,55.96464179
1666751031.5399313,1485.28,1485.37,2.11189116,2.97,56.18880103
1666751041.5722606,1485.28,1485.37,2.11189116,2.97,56.18880103
1666751051.713246,1485.28,1485.37,2.11189116,2.97,56.18880103
1666751061.5551803,1486.42,1486.42,2.09287722,2.62,58.56573344
1666751071.5578487,1486.42,1486.42,2.09287722,2.62,58.56573344
1666751081.5371938,1486.42,1487.09,2.14632451,3.29,60.07104663
1666751091.5212135,1486.42,1487.09,2.14632451,3.29,60.07104663
1666751101.610226,1486.42,1487.09,2.14632451,3.29,60.07104663
1666751111.606578,1486.67,1486.67,2.02260506,1.71,59.14807955
1666751121.8378885,1486.67,1486.67,2.02260506,1.71,59.14807955
1666751131.5414226,1486.67,1486.67,2.02260506,1.71,59.14807955
1666751141.544388,1486.67,1486.67,2.02260506,1.71,59.14807955
1666751151.5705965,1486.67,1485.84,1.95639424,0.88,56.37714891
1666751161.5562315,1486.67,1485.84,1.95639424,0.88,56.37714891
1666751171.5541005,1485.79,1485.79,1.80571593,-0.64,56.21545829
1666751181.5900598,1485.79,1485.79,1.80571593,-0.64,56.21545829
1666751191.589605,1485.79,1485.79,1.80571593,-0.64,56.21545829
1666751201.4941518,1485.79,1485.04,1.74588687,-1.39,53.76241157
1666751212.2604656,1485.79,1485.04,1.74588687,-1.39,53.76241157
1666751222.3473887,1485.79,1485.04,1.74588687,-1.39,53.76241157
1666751232.2305515,1485.01,1485.01,1.55932241,-2.12,53.66873491
1666751242.3192043,1485.01,1485.01,1.55932241,-2.12,53.66873491
1666751252.3175232,1485.01,1485.01,1.55932241,-2.12,53.66873491
1666751262.3865757,1485.01,1484.51,1.51943637,-2.62,52.04118875
1666751272.3382068,1485.01,1484.51,1.51943637,-2.62,52.04118875
1666751282.4831324,1485.01,1484.51,1.51943637,-2.62,52.04118875
1666751292.364901,1485.01,1484.51,1.51943637,-2.62,52.04118875
1666751302.349352,1484.61,1484.61,1.34132951,-1.38,52.35629515
1666751312.5299037,1484.61,1484.61,1.34132951,-1.38,52.35629515
1666751322.474384,1484.61,1485.52,1.4139221,-0.47,55.05082306
1666751332.408621,1484.61,1485.52,1.4139221,-0.47,55.05082306
1666751342.3573148,1484.61,1485.52,1.4139221,-0.47,55.05082306
1666751352.4841492,1484.61,1485.52,1.4139221,-0.47,55.05082306
1666751362.424358,1486.38,1486.38,1.43045386,-4.37,57.31781475
1666751372.3364017,1486.38,1486.38,1.43045386,-4.37,57.31781475
1666751382.3532076,1486.38,1486.67,1.45358776,-4.08,58.09837674
1666751392.7564788,1486.38,1486.67,1.45358776,-4.08,58.09837674
1666751402.8179052,1486.38,1486.67,1.45358776,-4.08,58.09837674
1666751412.7429569,1486.42,1486.42,1.37838456,-2.25,57.43517042
1666751422.8616517,1486.42,1486.42,1.37838456,-2.25,57.43517042
1666751432.8264463,1486.42,1486.42,1.37838456,-2.25,57.43517042
1666751442.8410091,1486.42,1485.04,1.26829909,-3.63,52.4958568
1666751452.8382978,1486.42,1485.04,1.26829909,-3.63,52.4958568
1666751462.8368435,1486.42,1485.04,1.26829909,-3.63,52.4958568
1666751472.8508751,1485.95,1485.95,1.25355699,-2.17,55.64897996
1666751483.0967736,1485.95,1485.95,1.25355699,-2.17,55.64897996
1666751492.8013997,1485.95,1485.95,1.25355699,-2.17,55.64897996
1666751502.84172,1485.95,1486.24,1.27669089,-1.88,56.5546361
1666751512.7625518,1485.95,1486.24,1.27669089,-1.88,56.5546361
1666751523.065277,1485.95,1486.24,1.27669089,-1.88,56.5546361
1666751532.8068864,1486.43,1486.43,1.23807583,1.14,57.12327775
1666751542.8847568,1486.43,1486.43,1.23807583,1.14,57.12327775
1666751553.2435029,1486.43,1486.43,1.23807583,1.14,57.12327775
1666751562.858737,1486.43,1486.99,1.28274819,1.7,58.83352167
1666751573.454466,1486.43,1486.99,1.28274819,1.7,58.83352167
1666751583.6846178,1486.43,1486.99,1.28274819,1.7,58.83352167
1666751593.517445,1487.08,1487.08,1.27372345,0.65,59.09573787
1666751603.4876475,1487.08,1487.08,1.27372345,0.65,59.09573787
1666751613.5060985,1487.08,1487.08,1.27372345,0.65,59.09573787
1666751623.5000436,1487.08,1486.04,1.19076048,-0.39,54.75544874
1666751633.530361,1487.08,1486.04,1.19076048,-0.39,54.75544874
1666751643.5084844,1487.08,1486.04,1.19076048,-0.39,54.75544874
1666751653.729079,1485.43,1485.43,1.01326435,-1.23,52.49409028
1666751663.4370787,1485.43,1485.43,1.01326435,-1.23,52.49409028
1666751673.535417,1485.43,1485.43,1.01326435,-1.23,52.49409028
1666751683.5177517,1485.43,1484.68,0.95343529,-1.98,49.7723521
1666751693.5685804,1485.43,1484.68,0.95343529,-1.98,49.7723521
1666751703.5647128,1485.43,1484.68,0.95343529,-1.98,49.7723521
1666751713.582482,1485.43,1484.68,0.95343529,-1.98,49.7723521
1666751723.7493255,1483.67,1483.67,0.65136406,-2.13,46.53107114
1666751733.7889817,1483.67,1483.67,0.65136406,-2.13,46.53107114
1666751743.5940003,1483.67,1484.0,0.67768884,-1.8,47.72983305
1666751754.8247705,1483.67,1484.0,0.67768884,-1.8,47.72983305
1666751764.3896315,1483.67,1484.0,0.67768884,-1.8,47.72983305
1666751774.417858,1483.86,1483.86,0.49849987,-1.15,47.2292043
1666751784.4180026,1483.86,1483.86,0.49849987,-1.15,47.2292043
1666751794.4158285,1483.86,1483.86,0.49849987,-1.15,47.2292043
1666751804.6365435,1483.86,1483.09,0.43707537,-1.92,44.6908966
1666751814.3344693,1483.86,1483.09,0.43707537,-1.92,44.6908966
1666751824.3674977,1483.86,1483.09,0.43707537,-1.92,44.6908966
1666751834.3164651,1484.52,1484.52,0.45446882,-0.1,49.67630039
1666751844.4242272,1484.52,1484.52,0.45446882,-0.1,49.67630039
1666751854.4805648,1484.52,1484.52,0.45446882,-0.1,49.67630039
1666751864.3946283,1484.52,1485.11,0.50153435,0.49,51.83168279
1666751874.4585233,1484.52,1485.11,0.50153435,0.49,51.83168279
1666751884.6878915,1484.52,1485.11,0.50153435,0.49,51.83168279
1666751894.4507723,1486.02,1486.02,0.5849615,-0.37,54.81713177
1666751904.4193902,1486.02,1486.02,0.5849615,-0.37,54.81713177
1666751914.3726478,1486.02,1486.02,0.5849615,-0.37,54.81713177
1666751924.570454,1486.02,1486.21,0.6001182,-0.18,55.43815555
1666751934.8820288,1486.02,1486.21,0.6001182,-0.18,55.43815555
1666751944.936672,1486.02,1486.21,0.6001182,-0.18,55.43815555
1666751954.959715,1484.1,1484.1,0.31536791,-2.32,48.05025325
1666751975.0806696,1484.1,1484.1,0.31536791,-2.32,48.05025325
1666751985.0364711,1484.1,1483.02,0.22921406,-3.4,44.7071036
1666751994.9653904,1484.1,1483.02,0.22921406,-3.4,44.7071036
1666752004.937561,1484.1,1483.02,0.22921406,-3.4,44.7071036
1666752014.9343138,1483.35,1483.35,0.11453108,-2.61,45.67819305
1666752024.926237,1483.35,1483.35,0.11453108,-2.61,45.67819305
1666752034.9874887,1483.35,1483.35,0.11453108,-2.61,45.67819305
1666752044.9038832,1483.35,1483.34,0.11373336,-2.62,45.64583707
1666752054.973179,1483.35,1483.34,0.11373336,-2.62,45.64583707
1666752064.922372,1483.35,1483.34,0.11373336,-2.62,45.64583707
1666752074.9077363,1484.62,1484.62,0.18228008,-1.81,50.16456635
1666752085.092845,1484.62,1484.62,0.18228008,-1.81,50.16456635
1666752095.077325,1484.62,1484.62,0.18228008,-1.81,50.16456635
1666752104.9599094,1484.62,1484.76,0.19344817,-1.67,50.64843902
1666752115.439007,1484.62,1484.76,0.19344817,-1.67,50.64843902
1666752125.4535882,1484.62,1484.76,0.19344817,-1.67,50.64843902
1666752135.4530911,1485.0,1485.0,0.20762589,-2.08,51.4564323
1666752145.8746245,1485.0,1485.0,0.20762589,-2.08,51.4564323
1666752155.515442,1485.0,1485.0,0.20762589,-2.08,51.4564323
1666752165.472594,1485.0,1485.6,0.25548914,-1.48,53.50584718
1666752175.4863043,1485.0,1485.6,0.25548914,-1.48,53.50584718
1666752185.524978,1485.0,1485.6,0.25548914,-1.48,53.50584718
1666752195.5803032,1485.25,1485.25,0.23670844,-0.18,52.33191587
1666752205.4238734,1485.25,1485.25,0.23670844,-0.18,52.33191587
1666752215.4963207,1485.25,1485.25,0.23670844,-0.18,52.33191587
1666752225.431752,1485.25,1484.71,0.19363152,-0.72,50.22487198
1666752235.4713624,1485.25,1484.71,0.19363152,-0.72,50.22487198
1666752245.5050778,1485.25,1484.71,0.19363152,-0.72,50.22487198
1666752255.6829112,1484.27,1484.27,0.10263626,0.61,48.62948681
1666752265.513425,1484.27,1484.27,0.10263626,0.61,48.62948681
1666752276.0259404,1484.27,1484.27,0.10263626,0.61,48.62948681
1666752285.575462,1484.27,1485.57,0.20633997,1.91,53.34491422
1666752296.3094766,1484.27,1485.57,0.20633997,1.91,53.34491422
1666752306.52647,1484.27,1485.57,0.20633997,1.91,53.34491422
1666752316.310559,1485.56,1485.56,0.24064733,1.69,53.30438098
1666752326.3432417,1485.56,1485.56,0.24064733,1.69,53.30438098
1666752336.3563385,1485.56,1485.56,0.24064733,1.69,53.30438098
1666752346.529921,1485.56,1486.38,0.30606044,2.51,56.05182743
1666752356.3733962,1485.56,1486.38,0.30606044,2.51,56.05182743
1666752366.3642893,1485.56,1486.38,0.30606044,2.51,56.05182743
1666752376.3153534,1486.18,1486.18,0.35304455,1.65,55.40213357
1666752386.3527057,1486.18,1486.18,0.35304455,1.65,55.40213357
1666752396.7385845,1486.18,1486.18,0.35304455,1.65,55.40213357
1666752406.3904953,1486.18,1486.83,0.4048964,2.3,57.56913475
1666752416.3397915,1486.18,1486.83,0.4048964,2.3,57.56913475
1666752426.3641467,1486.18,1486.83,0.4048964,2.3,57.56913475
1666752436.4016268,1486.32,1486.32,0.41811372,0.3,55.8814288
1666752446.427024,1486.32,1486.32,0.41811372,0.3,55.8814288
1666752456.3299785,1486.32,1486.32,0.41811372,0.3,55.8814288
1666752466.4303916,1486.32,1486.6,0.44044991,0.58,56.89748284
1666752476.9738617,1486.32,1486.6,0.44044991,0.58,56.89748284
1666752486.9758112,1486.32,1486.6,0.44044991,0.58,56.89748284
1666752497.0084152,1486.23,1486.23,0.44223147,2.13,55.46591178
1666752507.3046412,1486.23,1486.23,0.44223147,2.13,55.46591178
1666752516.9515915,1486.23,1486.23,0.44223147,2.13,55.46591178
1666752527.2198906,1486.23,1486.19,0.43904058,2.09,55.26921069
1666752537.268356,1486.23,1486.19,0.43904058,2.09,55.26921069
1666752547.0231345,1486.23,1486.19,0.43904058,2.09,55.26921069
1666752556.9983058,1484.65,1484.65,0.23835968,1.3,48.62960805
1666752567.01539,1484.65,1484.65,0.23835968,1.3,48.62960805
1666752577.012139,1484.65,1484.65,0.23835968,1.3,48.62960805
1666752587.0440242,1484.65,1483.88,0.17693518,0.53,45.67504988
1666752597.0254245,1484.65,1483.88,0.17693518,0.53,45.67504988
1666752607.0386827,1484.65,1483.88,0.17693518,0.53,45.67504988
1666752617.072878,1483.31,1483.31,-0.01414591,-1.31,43.70666825
1666752627.0497086,1483.31,1483.31,-0.01414591,-1.31,43.70666825
1666752637.2626758,1483.31,1483.31,-0.01414591,-1.31,43.70666825
1666752647.0320284,1483.31,1483.0,-0.03887525,-1.62,42.63205457
1666752658.203261,1483.31,1483.0,-0.03887525,-1.62,42.63205457
1666752668.2669785,1483.31,1483.0,-0.03887525,-1.62,42.63205457
1666752678.2381754,1482.07,1482.07,-0.30459778,-2.93,39.72209964
1666752688.1419318,1482.07,1482.07,-0.30459778,-2.93,39.72209964
1666752698.2371817,1482.07,1482.07,-0.30459778,-2.93,39.72209964
1666752708.193114,1482.07,1481.86,-0.32134992,-3.14,39.05333496
1666752718.2044191,1482.07,1481.86,-0.32134992,-3.14,39.05333496
1666752728.1709006,1482.07,1481.86,-0.32134992,-3.14,39.05333496
1666752738.6337044,1481.73,1481.73,-0.49862747,-3.52,38.66009667
1666752748.1897857,1481.73,1481.73,-0.49862747,-3.52,38.66009667
1666752758.3513308,1481.73,1481.73,-0.49862747,-3.52,38.66009667
1666752768.2120328,1481.73,1482.66,-0.42443943,-2.59,43.0759793
1666752778.2380154,1481.73,1482.66,-0.42443943,-2.59,43.0759793
1666752788.2041051,1481.73,1482.66,-0.42443943,-2.59,43.0759793
1666752798.219752,1482.99,1482.99,-0.4455961,-1.28,44.49388153
1666752808.3384416,1482.99,1482.99,-0.4455961,-1.28,44.49388153
1666752818.156517,1482.99,1482.99,-0.4455961,-1.28,44.49388153
1666752828.168118,1482.99,1482.01,-0.52377274,-2.26,41.21096164
1666752839.087007,1482.99,1482.01,-0.52377274,-2.26,41.21096164
1666752849.005559,1482.99,1482.01,-0.52377274,-2.26,41.21096164
1666752859.1598504,1482.12,1482.12,-0.60070402,-3.45,41.55511427
1666752869.141529,1482.12,1482.12,-0.60070402,-3.45,41.55511427
1666752879.0636766,1482.12,1482.12,-0.60070402,-3.45,41.55511427
1666752889.0463848,1482.12,1482.2,-0.59432225,-3.37,41.93489726
1666752899.2336233,1482.12,1482.2,-0.59432225,-3.37,41.93489726
1666752909.110207,1482.12,1482.2,-0.59432225,-3.37,41.93489726
1666752919.1090274,1482.41,1482.41,-0.6193961,-3.78,42.91741437
1666752929.0988865,1482.41,1482.41,-0.6193961,-3.78,42.91741437
1666752939.1292834,1482.41,1482.41,-0.6193961,-3.78,42.91741437
1666752949.0956533,1482.41,1482.47,-0.61460978,-3.72,43.19837166
1666752959.1286006,1482.41,1482.47,-0.61460978,-3.72,43.19837166
1666752969.2668374,1482.41,1482.47,-0.61460978,-3.72,43.19837166
1666752979.135609,1482.72,1482.72,-0.60190973,-3.61,44.38807109
1666752989.1489189,1482.72,1482.72,-0.60190973,-3.61,44.38807109
1666752999.1041653,1482.72,1482.72,-0.60190973,-3.61,44.38807109
1666753009.1533763,1482.72,1484.64,-0.44874733,-1.69,52.59928335
1666753019.5838523,1482.72,1484.64,-0.44874733,-1.69,52.59928335
1666753029.6891758,1482.72,1484.64,-0.44874733,-1.69,52.59928335
1666753039.6045024,1483.68,1483.68,-0.46501706,-2.55,48.82093804
1666753049.4644327,1483.68,1483.68,-0.46501706,-2.55,48.82093804
1666753059.5025232,1483.68,1483.68,-0.46501706,-2.55,48.82093804
1666753069.5066376,1483.68,1483.51,-0.47857831,-2.72,48.0899116
1666753079.48782,1483.68,1483.51,-0.47857831,-2.72,48.0899116
1666753089.6439056,1483.68,1483.51,-0.47857831,-2.72,48.0899116
1666753099.7134757,1484.26,1484.26,-0.3310908,-0.39,51.34754975
1666753109.4961302,1484.26,1484.26,-0.3310908,-0.39,51.34754975
1666753119.51821,1484.26,1484.26,-0.3310908,-0.39,51.34754975
1666753129.6918645,1484.26,1484.27,-0.33029308,-0.38,51.39204715
1666753140.3053844,1484.26,1484.27,-0.33029308,-0.38,51.39204715
1666753149.5885484,1484.26,1484.27,-0.33029308,-0.38,51.39204715
1666753159.7186255,1485.07,1485.07,-0.1428949,1.75,54.69451378
1666753169.6277168,1485.07,1485.07,-0.1428949,1.75,54.69451378
1666753179.6127574,1485.07,1485.07,-0.1428949,1.75,54.69451378
1666753189.6602132,1485.07,1484.79,-0.16523108,1.47,53.32653212
1666753200.1260183,1485.07,1484.79,-0.16523108,1.47,53.32653212
1666753210.3043084,1485.07,1484.79,-0.16523108,1.47,53.32653212
1666753220.1160166,1485.71,1485.71,0.04601878,3.65,57.20006787
1666753230.191154,1485.71,1485.71,0.04601878,3.65,57.20006787
1666753240.1833718,1485.71,1485.71,0.04601878,3.65,57.20006787
1666753250.383773,1485.71,1484.8,-0.02657382,2.74,52.72835478
1666753260.141314,1485.71,1484.8,-0.02657382,2.74,52.72835478
1666753270.1899867,1485.71,1484.8,-0.02657382,2.74,52.72835478
1666753280.230628,1485.45,1485.45,0.11674062,3.72,55.84296389
1666753290.430963,1485.45,1485.45,0.11674062,3.72,55.84296389
1666753300.3603938,1485.45,1485.45,0.11674062,3.72,55.84296389
1666753310.242865,1485.45,1484.45,0.03696854,2.72,50.85964956
1666753320.1587029,1485.45,1484.45,0.03696854,2.72,50.85964956
1666753330.348004,1485.45,1484.45,0.03696854,2.72,50.85964956
1666753340.258437,1484.99,1484.99,0.12141723,2.0,53.43458299
1666753350.2224822,1484.99,1484.99,0.12141723,2.0,53.43458299
1666753360.261773,1484.99,1484.99,0.12141723,2.0,53.43458299
1666753370.2074444,1484.99,1484.57,0.08791296,1.58,51.26079016
1666753380.8782194,1484.99,1484.57,0.08791296,1.58,51.26079016
1666753391.0093515,1484.57,1484.57,0.09245918,2.45,51.26197682
1666753401.118456,1484.57,1484.57,0.09245918,2.45,51.26197682
1666753410.894941,1484.57,1484.57,0.09245918,2.45,51.26197682
1666753420.9645076,1484.57,1484.46,0.08368425,2.34,50.68301751
1666753431.121227,1484.57,1484.46,0.08368425,2.34,50.68301751
1666753440.8616374,1484.57,1484.46,0.08368425,2.34,50.68301751
1666753450.9772754,1484.57,1484.46,0.08368425,2.34,50.68301751
1666753460.8855188,1483.84,1483.84,-0.00821815,1.42,47.64538989
1666753471.270022,1483.84,1483.84,-0.00821815,1.42,47.64538989
1666753481.0358405,1483.84,1483.51,-0.03454294,1.09,46.05380549
1666753490.9439306,1483.84,1483.51,-0.03454294,1.09,46.05380549
1666753500.9391112,1483.84,1483.51,-0.03454294,1.09,46.05380549
1666753511.055712,1483.84,1483.51,-0.03454294,1.09,46.05380549
1666753521.267152,1483.7,1483.7,-0.06054388,0.98,46.95418148
1666753531.0967848,1483.7,1483.7,-0.06054388,0.98,46.95418148
1666753540.9692,1483.7,1483.99,-0.03740997,1.27,48.60576989
1666753550.96762,1483.7,1483.99,-0.03740997,1.27,48.60576989
1666753562.3101742,1483.7,1483.99,-0.03740997,1.27,48.60576989
1666753572.020244,1485.22,1485.22,0.12338696,1.54,54.58829294
1666753582.300486,1485.22,1485.22,0.12338696,1.54,54.58829294
1666753592.0673733,1485.22,1485.22,0.12338696,1.54,54.58829294
1666753602.1202664,1485.22,1485.0,0.1058371,1.32,53.39098597
1666753612.121796,1485.22,1485.0,0.1058371,1.32,53.39098597
1666753622.1421757,1485.22,1485.0,0.1058371,1.32,53.39098597
1666753632.904136,1485.24,1485.24,0.17267332,0.99,54.69377842
1666753642.173566,1485.24,1485.24,0.17267332,0.99,54.69377842
1666753652.1160972,1485.24,1485.24,0.17267332,0.99,54.69377842
1666753662.079022,1485.24,1485.24,0.17267332,0.99,54.69377842
1666753672.263809,1485.24,1485.24,0.17267332,0.99,54.69377842
1666753682.21841,1485.24,1485.24,0.17267332,0.99,54.69377842
1666753692.315353,1485.24,1485.24,0.17267332,0.99,54.69377842
1666753702.1097536,1485.32,1485.32,0.21938831,0.24,55.09191856
1666753712.130406,1485.32,1485.32,0.21938831,0.24,55.09191856
1666753722.0813968,1485.32,1484.96,0.19067036,-0.12,52.8685785
1666753732.1011484,1485.32,1484.96,0.19067036,-0.12,52.8685785
1666753742.8182688,1485.32,1484.96,0.19067036,-0.12,52.8685785
1666753752.9872563,1484.89,1484.89,0.18832738,-0.83,52.45483157
1666753762.8871124,1484.89,1484.89,0.18832738,-0.83,52.45483157
1666753772.8396263,1484.89,1484.89,0.18832738,-0.83,52.45483157
1666753782.9504938,1484.89,1484.69,0.17237296,-1.03,51.22142726
1666753793.1241558,1484.89,1484.69,0.17237296,-1.03,51.22142726
1666753802.8416977,1484.89,1484.69,0.17237296,-1.03,51.22142726
1666753813.0339146,1484.89,1484.69,0.17237296,-1.03,51.22142726
1666753823.0417852,1483.17,1483.17,-0.05442299,-2.29,43.4557277
1666753832.9864335,1483.17,1483.17,-0.05442299,-2.29,43.4557277
1666753842.8856013,1483.17,1482.47,-0.11026344,-2.99,40.41673751
1666753852.914576,1483.17,1482.47,-0.11026344,-2.99,40.41673751
1666753862.904106,1483.17,1482.47,-0.11026344,-2.99,40.41673751
1666753872.9251318,1481.38,1481.38,-0.38953154,-3.61,36.44773583
1666753882.9221084,1481.38,1481.38,-0.38953154,-3.61,36.44773583
1666753892.95882,1481.38,1481.38,-0.38953154,-3.61,36.44773583
1666753903.182792,1481.38,1481.21,-0.4030928,-3.78,35.85632012
1666753912.859378,1481.38,1481.21,-0.4030928,-3.78,35.85632012
1666753924.0536685,1481.38,1481.21,-0.4030928,-3.78,35.85632012
1666753933.9541435,1481.51,1481.51,-0.51739066,-3.05,37.23934179
1666753943.8478992,1481.51,1481.51,-0.51739066,-3.05,37.23934179
1666753954.0783622,1481.51,1481.51,-0.51739066,-3.05,37.23934179
1666753963.8275485,1481.51,1481.09,-0.55089493,-3.47,35.69250095
1666753973.7604697,1481.51,1481.09,-0.55089493,-3.47,35.69250095
1666753983.8845007,1481.51,1481.09,-0.55089493,-3.47,35.69250095
1666753993.7917476,1481.51,1481.09,-0.55089493,-3.47,35.69250095
1666754004.0207434,1480.43,1480.43,-0.77184951,-3.4,33.50308179
1666754013.7971003,1480.43,1480.43,-0.77184951,-3.4,33.50308179
1666754023.87318,1480.43,1481.76,-0.66575265,-2.07,41.29182269
1666754033.856274,1480.43,1481.76,-0.66575265,-2.07,41.29182269
1666754043.9625683,1480.43,1481.76,-0.66575265,-2.07,41.29182269
1666754054.007187,1481.82,1481.82,-0.69843163,-1.88,41.61349129
1666754064.011643,1481.82,1481.82,-0.69843163,-1.88,41.61349129
1666754073.839943,1481.82,1481.82,-0.69843163,-1.88,41.61349129
1666754084.044017,1481.82,1481.68,-0.70959972,-2.02,41.07000938
1666754093.950416,1481.82,1481.68,-0.70959972,-2.02,41.07000938
1666754104.6060908,1481.82,1481.68,-0.70959972,-2.02,41.07000938
1666754114.8947802,1482.79,1482.79,-0.58271294,-2.44,46.5140344
1666754124.7779627,1482.79,1482.79,-0.58271294,-2.44,46.5140344
1666754134.808988,1482.79,1482.79,-0.58271294,-2.44,46.5140344
1666754144.625451,1482.79,1482.02,-0.64413744,-3.21,43.39834548
1666754154.7186658,1482.79,1482.02,-0.64413744,-3.21,43.39834548
1666754164.815399,1482.79,1482.02,-0.64413744,-3.21,43.39834548
1666754174.6037743,1482.46,1482.46,-0.59392457,-2.77,45.13820725
1666754184.5989127,1482.46,1482.46,-0.59392457,-2.77,45.13820725
1666754194.723823,1482.46,1482.46,-0.59392457,-2.77,45.13820725
1666754204.793656,1482.46,1482.35,-0.6026995,-2.88,44.65025805
1666754214.7644238,1482.46,1482.35,-0.6026995,-2.88,44.65025805
1666754224.8248055,1482.46,1482.35,-0.6026995,-2.88,44.65025805
1666754234.6973238,1482.27,1482.27,-0.60093338,-3.04,44.30533926
1666754244.622615,1482.27,1482.27,-0.60093338,-3.04,44.30533926
1666754254.9906108,1482.27,1482.27,-0.60093338,-3.04,44.30533926
1666754264.6526506,1482.27,1482.26,-0.6017311,-3.05,44.25975231
1666754274.7040858,1482.27,1482.26,-0.6017311,-3.05,44.25975231
1666754285.6765268,1482.27,1482.26,-0.6017311,-3.05,44.25975231
1666754295.2236896,1482.99,1482.99,-0.48592956,-1.9,48.14690077
1666754305.4217937,1482.99,1482.99,-0.48592956,-1.9,48.14690077
1666754315.241986,1482.99,1482.99,-0.48592956,-1.9,48.14690077
1666754325.3559608,1482.99,1484.17,-0.39179851,-0.72,53.78558397
1666754335.322217,1482.99,1484.17,-0.39179851,-0.72,53.78558397
1666754345.29846,1482.99,1484.17,-0.39179851,-0.72,53.78558397
1666754355.254509,1483.18,1483.18,-0.40905496,0.01,49.14287913
1666754365.2467554,1483.18,1483.18,-0.40905496,0.01,49.14287913
1666754375.4319766,1483.18,1483.18,-0.40905496,0.01,49.14287913
1666754385.2720537,1483.18,1484.56,-0.29896949,1.39,55.80743735
1666754395.3048382,1483.18,1484.56,-0.29896949,1.39,55.80743735
1666754405.259129,1483.18,1484.56,-0.29896949,1.39,55.80743735
1666754415.375218,1484.29,1484.29,-0.19974241,2.91,54.64796066
1666754425.3231175,1484.29,1484.29,-0.19974241,2.91,54.64796066
1666754435.4324777,1484.29,1484.29,-0.19974241,2.91,54.64796066
1666754445.2618463,1484.29,1484.53,-0.18059712,3.15,55.76219775
1666754455.6052437,1484.29,1484.53,-0.18059712,3.15,55.76219775
1666754465.841564,1484.29,1484.53,-0.18059712,3.15,55.76219775
1666754476.002793,1484.67,1484.67,-0.04912244,3.16,56.39062805
1666754486.6040576,1484.67,1484.67,-0.04912244,3.16,56.39062805
1666754496.0435832,1484.67,1484.67,-0.04912244,3.16,56.39062805
1666754506.0653343,1484.67,1485.03,-0.02040449,3.52,58.03256127
1666754515.951258,1484.67,1485.03,-0.02040449,3.52,58.03256127
1666754525.8627412,1484.67,1485.03,-0.02040449,3.52,58.03256127
1666754536.0693867,1484.33,1484.33,-0.00112769,3.89,54.3860279
1666754545.9077983,1484.33,1484.33,-0.00112769,3.89,54.3860279
1666754555.9274514,1484.33,1484.33,-0.00112769,3.89,54.3860279
1666754566.130573,1484.33,1484.48,0.01083812,4.04,55.1583998
1666754576.0198076,1484.33,1484.48,0.01083812,4.04,55.1583998
1666754586.2195897,1484.33,1484.48,0.01083812,4.04,55.1583998
1666754595.9870238,1484.81,1484.81,0.12558261,2.98,56.73002896
1666754605.9893224,1484.81,1484.81,0.12558261,2.98,56.73002896
1666754616.5850496,1484.81,1484.81,0.12558261,2.98,56.73002896
1666754626.0678484,1484.81,1484.29,0.08410113,2.46,53.515503
1666754635.895406,1484.81,1484.29,0.08410113,2.46,53.515503
1666754646.9995391,1484.81,1484.29,0.08410113,2.46,53.515503
1666754656.7150092,1484.96,1484.96,0.21400555,2.16,57.48399701
1666754666.954086,1484.96,1484.96,0.21400555,2.16,57.48399701
1666754676.774165,1484.96,1484.96,0.21400555,2.16,57.48399701
1666754686.7359862,1484.96,1486.08,0.30335028,3.28,62.61560855
1666754697.0336902,1484.96,1486.08,0.30335028,3.28,62.61560855
1666754706.847717,1484.96,1486.08,0.30335028,3.28,62.61560855
1666754716.7553103,1485.3,1485.3,0.31891639,2.85,59.18846458
1666754726.8484852,1485.3,1485.3,0.31891639,2.85,59.18846458
1666754736.8275795,1485.3,1485.3,0.31891639,2.85,59.18846458
1666754746.8073714,1485.3,1486.49,0.41384516,4.04,64.53537553
1666754756.8206906,1485.3,1486.49,0.41384516,4.04,64.53537553
1666754766.807155,1485.3,1486.49,0.41384516,4.04,64.53537553
1666754777.1458004,1487.08,1487.08,0.62847751,4.8,66.69853439
1666754786.9149015,1487.08,1487.08,0.62847751,4.8,66.69853439
1666754796.7553198,1487.08,1487.08,0.62847751,4.8,66.69853439
1666754806.8136916,1487.08,1486.75,0.60215273,4.47,64.33486855
1666754816.9081817,1487.08,1486.75,0.60215273,4.47,64.33486855
1666754827.2732434,1487.08,1486.75,0.60215273,4.47,64.33486855
1666754837.2309854,1490.27,1490.27,1.20293036,7.27,75.42761386
1666754847.4396644,1490.27,1490.27,1.20293036,7.27,75.42761386
1666754857.519673,1490.27,1490.27,1.20293036,7.27,75.42761386
1666754867.623789,1490.27,1489.93,1.17580785,6.93,73.26499082
1666754877.1669457,1490.27,1489.93,1.17580785,6.93,73.26499082
1666754887.4001114,1490.27,1489.93,1.17580785,6.93,73.26499082
1666754897.7195134,1489.57,1489.57,1.34220542,6.39,71.0594183
1666754907.332188,1489.57,1489.57,1.34220542,6.39,71.0594183
1666754917.339602,1489.57,1489.57,1.34220542,6.39,71.0594183
1666754927.3287587,1489.57,1489.8,1.360553,6.62,71.6836445
1666754937.328401,1489.57,1489.8,1.360553,6.62,71.6836445
1666754947.225814,1489.57,1489.8,1.360553,6.62,71.6836445
1666754957.388812,1494.24,1494.24,2.13931574,9.96,79.65195716
1666754967.4711988,1494.24,1494.24,2.13931574,9.96,79.65195716
1666754977.3846982,1494.24,1494.24,2.13931574,9.96,79.65195716
1666754987.4497151,1494.24,1497.64,2.41054081,13.36,83.48460278
1666754997.4811945,1494.24,1497.64,2.41054081,13.36,83.48460278
1666755008.201566,1494.24,1497.64,2.41054081,13.36,83.48460278
1666755018.2258928,1496.37,1496.37,2.74868218,11.71,82.23470887
1666755028.1594503,1496.37,1496.37,2.74868218,11.71,82.23470887
1666755038.090619,1496.37,1496.37,2.74868218,11.71,82.23470887
1666755048.1732423,1496.37,1498.71,2.93534885,14.05,84.55419369
1666755057.97251,1496.37,1498.71,2.93534885,14.05,84.55419369
1666755068.8547835,1496.37,1498.71,2.93534885,14.05,84.55419369
1666755078.3225515,1495.37,1495.37,2.92091151,11.03,77.27197431
1666755088.1537275,1495.37,1495.37,2.92091151,11.03,77.27197431
1666755097.9761286,1495.37,1495.37,2.92091151,11.03,77.27197431
1666755108.0696282,1495.37,1493.93,2.80603971,9.59,70.66387492
1666755118.0231771,1495.37,1493.93,2.80603971,9.59,70.66387492
1666755128.0465791,1495.37,1493.93,2.80603971,9.59,70.66387492
1666755138.246505,1494.0,1494.0,2.89015426,9.18,70.93522159
1666755148.123542,1494.0,1494.0,2.89015426,9.18,70.93522159
1666755158.921922,1494.0,1494.0,2.89015426,9.18,70.93522159
1666755168.1269412,1494.0,1493.25,2.8303252,8.43,67.70102622
1666755178.086616,1494.0,1493.25,2.8303252,8.43,67.70102622
1666755188.6201696,1494.0,1493.25,2.8303252,8.43,67.70102622
1666755198.7018695,1492.87,1492.87,2.7651733,7.91,66.13312665
1666755208.5665357,1492.87,1492.87,2.7651733,7.91,66.13312665
1666755218.6815016,1492.87,1492.87,2.7651733,7.91,66.13312665
1666755228.6520033,1492.87,1492.5,2.73565763,7.54,64.59260584
1666755239.01203,1492.87,1492.5,2.73565763,7.54,64.59260584
1666755248.5330794,1492.87,1492.5,2.73565763,7.54,64.59260584
1666755258.593001,1492.58,1492.58,2.62279189,7.29,63.96447753
1666755268.550958,1492.58,1492.58,2.62279189,7.29,63.96447753
1666755278.649933,1492.58,1492.58,2.62279189,7.29,63.96447753
1666755288.570724,1492.58,1492.84,2.64353264,7.55,64.5467048
1666755298.6348212,1492.58,1492.84,2.64353264,7.55,64.5467048
1666755309.2855034,1492.58,1492.84,2.64353264,7.55,64.5467048
1666755318.796962,1491.64,1491.64,2.40409396,4.56,61.17941005
1666755328.6965811,1491.64,1491.64,2.40409396,4.56,61.17941005
1666755339.020231,1491.64,1491.64,2.40409396,4.56,61.17941005
1666755348.7030866,1491.64,1491.54,2.39611675,4.46,60.75921513
1666755359.2137537,1491.64,1491.54,2.39611675,4.46,60.75921513
1666755369.56036,1491.64,1491.54,2.39611675,4.46,60.75921513
1666755379.4809842,1490.68,1490.68,2.12900978,0.42,57.36765635
1666755389.6394238,1490.68,1490.68,2.12900978,0.42,57.36765635
1666755399.5450647,1490.68,1490.68,2.12900978,0.42,57.36765635
1666755409.734676,1490.68,1491.63,2.20479325,1.37,60.03326649
1666755419.4170675,1490.68,1491.63,2.20479325,1.37,60.03326649
1666755429.5285385,1490.68,1491.63,2.20479325,1.37,60.03326649
1666755439.6131985,1491.71,1491.71,2.09358774,2.13,60.24384156
1666755449.3691263,1491.71,1491.71,2.09358774,2.13,60.24384156
1666755459.5177784,1491.71,1491.71,2.09358774,2.13,60.24384156
1666755469.5243576,1491.71,1491.75,2.09677862,2.17,60.35524351
1666755479.4485583,1491.71,1491.75,2.09677862,2.17,60.35524351
1666755489.362631,1491.71,1491.75,2.09677862,2.17,60.35524351
1666755499.5165222,1490.83,1490.83,1.85444431,-3.41,56.74242589
1666755509.4500148,1490.83,1490.83,1.85444431,-3.41,56.74242589
1666755519.6715243,1490.83,1490.83,1.85444431,-3.41,56.74242589
1666755529.5137084,1490.83,1491.3,1.89193719,-2.94,58.15705196
1666755539.5496094,1490.83,1491.3,1.89193719,-2.94,58.15705196
1666755550.0441875,1490.83,1491.3,1.89193719,-2.94,58.15705196
1666755560.1000123,1491.99,1491.99,1.86430301,-4.38,60.06184468
1666755570.1386883,1491.99,1491.99,1.86430301,-4.38,60.06184468
1666755580.2294996,1491.99,1491.99,1.86430301,-4.38,60.06184468
1666755590.0866776,1491.99,1492.37,1.8946164,-4.0,61.11178037
1666755600.2913258,1491.99,1492.37,1.8946164,-4.0,61.11178037
1666755610.0480783,1491.99,1492.37,1.8946164,-4.0,61.11178037
1666755620.0525985,1491.0,1491.0,1.63894906,-4.38,56.11192113
1666755630.160535,1491.0,1491.0,1.63894906,-4.38,56.11192113
1666755639.9694605,1491.0,1491.0,1.63894906,-4.38,56.11192113
1666755650.031413,1491.0,1490.96,1.63575818,-4.42,55.95193685
1666755660.008328,1491.0,1490.96,1.63575818,-4.42,55.95193685
1666755670.9036827,1491.0,1490.96,1.63575818,-4.42,55.95193685
1666755680.083578,1491.11,1491.11,1.5198957,-2.88,56.46587297
1666755690.0138156,1491.11,1491.11,1.5198957,-2.88,56.46587297
1666755700.1397195,1491.11,1491.11,1.5198957,-2.88,56.46587297
1666755710.1078153,1491.11,1490.81,1.49596407,-3.18,55.20707895
1666755720.1841476,1491.11,1490.81,1.49596407,-3.18,55.20707895
1666755730.734539,1488.36,1488.36,1.01491863,-4.6,46.64660292
1666755740.6260428,1488.36,1488.36,1.01491863,-4.6,46.64660292
1666755750.707563,1488.36,1488.36,1.01491863,-4.6,46.64660292
1666755760.629871,1488.36,1488.07,0.99178473,-4.89,45.74273385
1666755770.695859,1488.36,1488.07,0.99178473,-4.89,45.74273385
1666755780.6772373,1488.36,1488.07,0.99178473,-4.89,45.74273385
1666755791.4865358,1488.36,1488.07,0.99178473,-4.89,45.74273385
1666755800.692493,1488.17,1488.17,0.75210504,-3.81,46.05042938
1666755810.6049652,1488.17,1488.17,0.75210504,-3.81,46.05042938
1666755820.6012108,1488.17,1488.89,0.80954094,-3.09,48.72481185
1666755830.7189436,1488.17,1488.89,0.80954094,-3.09,48.72481185
1666755840.5710409,1488.17,1488.89,0.80954094,-3.09,48.72481185
1666755850.6205091,1487.91,1487.91,0.51274661,-3.73,45.19912065
1666755860.6864452,1487.91,1487.91,0.51274661,-3.73,45.19912065
1666755870.696754,1487.91,1487.91,0.51274661,-3.73,45.19912065
1666755880.657318,1487.91,1487.66,0.49280359,-3.98,44.35013625
1666755890.6304784,1487.91,1487.66,0.49280359,-3.98,44.35013625
1666755901.054527,1487.91,1487.66,0.49280359,-3.98,44.35013625
1666755911.330295,1487.91,1487.66,0.49280359,-3.98,44.35013625
1666755921.424543,1488.29,1488.29,0.38933943,-2.4,46.74857772
1666755931.4562013,1488.29,1488.29,0.38933943,-2.4,46.74857772
1666755941.3280127,1488.29,1488.29,0.38933943,-2.4,46.74857772
1666755951.396636,1488.29,1487.54,0.32951037,-3.15,44.0983873
1666755961.5651605,1488.29,1487.54,0.32951037,-3.15,44.0983873
1666755971.6145854,1488.29,1487.54,0.32951037,-3.15,44.0983873
1666755981.9086158,1487.54,1487.54,0.1584443,-4.16,44.0983873
1666755991.5173376,1487.54,1487.54,0.1584443,-4.16,44.0983873
1666756001.535513,1487.54,1487.79,0.17838732,-3.91,45.21331607
1666756011.5308108,1487.54,1487.79,0.17838732,-3.91,45.21331607
1666756021.3578348,1487.54,1487.79,0.17838732,-3.91,45.21331607
1666756031.4464524,1487.6,1487.6,0.03047839,-3.24,44.3735548
1666756041.6672182,1487.6,1487.6,0.03047839,-3.24,44.3735548
1666756051.9093273,1487.6,1487.6,0.03047839,-3.24,44.3735548
1666756061.414041,1487.6,1487.44,0.01771486,-3.4,43.75200529
1666756071.4026964,1487.6,1487.44,0.01771486,-3.4,43.75200529
1666756081.6554348,1487.6,1487.44,0.01771486,-3.4,43.75200529
1666756092.331076,1490.61,1490.61,0.35163308,-1.38,55.94413113
1666756102.2353237,1490.61,1490.61,0.35163308,-1.38,55.94413113
1666756111.989067,1490.61,1490.61,0.35163308,-1.38,55.94413113
1666756122.1462967,1490.61,1490.0,0.30297211,-1.99,53.52035709
1666756131.9803832,1490.61,1490.0,0.30297211,-1.99,53.52035709
1666756141.9871645,1490.61,1490.0,0.30297211,-1.99,53.52035709
1666756152.0353897,1489.33,1489.33,0.23141623,-1.68,51.07842297
1666756162.0807104,1489.33,1489.33,0.23141623,-1.68,51.07842297
1666756172.0311568,1489.33,1489.33,0.23141623,-1.68,51.07842297
1666756182.0352137,1489.33,1489.28,0.22742762,-1.73,50.89202284
1666756192.260165,1489.33,1489.28,0.22742762,-1.73,50.89202284
1666756202.0635755,1489.33,1489.28,0.22742762,-1.73,50.89202284
1666756212.0998256,1489.47,1489.47,0.23375712,-1.63,51.57732991
1666756222.154684,1489.47,1489.47,0.23375712,-1.63,51.57732991
1666756232.1139326,1489.47,1489.47,0.23375712,-1.63,51.57732991
1666756242.0504105,1489.47,1489.47,0.23375712,-1.63,51.57732991
1666756252.147312,1489.47,1489.97,0.27364316,-1.13,53.39942695
1666756262.481365,1489.47,1489.97,0.27364316,-1.13,53.39942695
1666756272.5712345,1490.06,1490.06,0.30758119,1.69,53.71293947
1666756282.6268654,1490.06,1490.06,0.30758119,1.69,53.71293947
1666756292.6959786,1490.06,1490.06,0.30758119,1.69,53.71293947
1666756302.554638,1490.06,1490.06,0.30758119,1.69,53.71293947
1666756312.6401951,1490.06,1490.06,0.30758119,1.69,53.71293947
1666756322.5886917,1490.06,1490.06,0.30758119,1.69,53.71293947
1666756332.6245797,1490.01,1490.01,0.31735663,1.84,53.49487063
1666756342.556909,1490.01,1490.01,0.31735663,1.84,53.49487063
1666756352.6854708,1490.01,1490.01,0.31735663,1.84,53.49487063
1666756362.761868,1490.01,1490.29,0.33969281,2.12,54.59090501
1666756372.7003956,1490.01,1490.29,0.33969281,2.12,54.59090501
1666756382.6217327,1490.01,1490.29,0.33969281,2.12,54.59090501
1666756392.6934826,1489.92,1489.92,0.3124262,2.01,53.0883207
1666756402.7012146,1489.92,1489.92,0.3124262,2.01,53.0883207
1666756412.5855994,1489.92,1489.92,0.3124262,2.01,53.0883207
1666756422.6168413,1489.92,1489.24,0.25818119,1.33,49.95378961
1666756432.6482906,1489.92,1489.24,0.25818119,1.33,49.95378961
1666756442.6244876,1489.92,1489.24,0.25818119,1.33,49.95378961
1666756453.4476943,1488.8,1488.8,0.15291779,0.51,48.11245193
1666756463.488968,1488.8,1488.8,0.15291779,0.51,48.11245193
1666756473.4742546,1488.8,1488.8,0.15291779,0.51,48.11245193
1666756483.912336,1488.8,1488.0,0.08910012,-0.29,44.87896414
1666756493.5106268,1488.8,1488.0,0.08910012,-0.29,44.87896414
1666756503.8193202,1488.8,1488.0,0.08910012,-0.29,44.87896414
1666756513.6134927,1488.0,1488.0,-0.0168955,0.46,44.87606416
1666756523.5966864,1488.0,1488.0,-0.0168955,0.46,44.87606416
1666756533.6696625,1488.0,1488.0,-0.0168955,0.46,44.87606416
1666756543.6478095,1488.0,1487.85,-0.02886131,0.31,44.27526025
1666756553.5198498,1488.0,1487.85,-0.02886131,0.31,44.27526025
1666756563.6979065,1488.0,1487.85,-0.02886131,0.31,44.27526025
1666756573.5460477,1487.63,1487.63,-0.15267707,0.04,43.42262076
1666756583.9370987,1487.63,1487.63,-0.15267707,0.04,43.42262076
1666756593.6509209,1487.63,1487.63,-0.15267707,0.04,43.42262076
1666756603.6756916,1487.63,1487.85,-0.13512722,0.26,44.57214226
1666756613.5586233,1487.63,1487.85,-0.13512722,0.26,44.57214226
1666756623.680951,1487.63,1487.85,-0.13512722,0.26,44.57214226
1666756634.438898,1488.46,1488.46,-0.11747897,-2.14,47.531693
1666756644.1000016,1488.46,1488.46,-0.11747897,-2.14,47.531693
1666756654.1460545,1488.46,1488.46,-0.11747897,-2.14,47.531693
1666756664.020396,1488.46,1488.04,-0.15098324,-2.56,45.71594367
1666756674.0130632,1488.46,1488.04,-0.15098324,-2.56,45.71594367
1666756684.178605,1488.46,1488.04,-0.15098324,-2.56,45.71594367
1666756694.2215188,1487.81,1487.81,-0.23108261,-1.53,44.77838801
1666756704.204707,1487.81,1487.81,-0.23108261,-1.53,44.77838801
1666756714.1258223,1487.81,1487.81,-0.23108261,-1.53,44.77838801
1666756724.053904,1487.81,1487.82,-0.23028489,-1.52,44.82128437
1666756734.134614,1487.81,1487.82,-0.23028489,-1.52,44.82128437
1666756744.0674765,1487.81,1487.82,-0.23028489,-1.52,44.82128437
1666756754.19137,1487.81,1487.81,-0.27745521,-1.66,44.77838801
1666756764.5429878,1487.81,1487.81,-0.27745521,-1.66,44.77838801
1666756774.040016,1487.81,1487.81,-0.27745521,-1.66,44.77838801
1666756784.1088452,1487.81,1487.11,-0.33329567,-2.36,41.76515334
1666756794.1301,1487.81,1487.11,-0.33329567,-2.36,41.76515334
1666756804.132594,1487.81,1487.11,-0.33329567,-2.36,41.76515334
1666756815.021119,1487.02,1487.02,-0.42168561,-3.04,41.40387155
1666756825.013689,1487.02,1487.02,-0.42168561,-3.04,41.40387155
1666756835.1063578,1487.02,1487.02,-0.42168561,-3.04,41.40387155
1666756845.1893368,1487.02,1487.65,-0.3714292,-2.41,44.95272764
1666756854.973348,1487.02,1487.65,-0.3714292,-2.41,44.95272764
1666756865.0730224,1487.02,1487.65,-0.3714292,-2.41,44.95272764
1666756875.2782843,1487.67,1487.67,-0.38862997,-2.33,45.06502935
1666756885.0336282,1487.67,1487.67,-0.38862997,-2.33,45.06502935
1666756895.0069287,1487.67,1487.67,-0.38862997,-2.33,45.06502935
1666756905.0372546,1487.67,1487.16,-0.42931373,-2.84,42.80334471
1666756915.080481,1487.67,1487.16,-0.42931373,-2.84,42.80334471
1666756925.5200195,1487.67,1487.16,-0.42931373,-2.84,42.80334471
1666756935.0898612,1486.39,1486.39,-0.58049649,-3.53,39.78846414
1666756945.1532152,1486.39,1486.39,-0.58049649,-3.53,39.78846414
1666756955.0582018,1486.39,1486.39,-0.58049649,-3.53,39.78846414
1666756965.0071723,1486.39,1486.6,-0.56374436,-3.32,41.00883721
1666756975.0581484,1486.39,1486.6,-0.56374436,-3.32,41.00883721
1666756984.9868357,1486.39,1486.6,-0.56374436,-3.32,41.00883721
1666756995.5862896,1486.99,1486.99,-0.55877118,-1.82,43.1583996
1666757005.7047455,1486.99,1486.99,-0.55877118,-1.82,43.1583996
1666757015.5942743,1486.99,1486.99,-0.55877118,-1.82,43.1583996
1666757025.9739375,1486.99,1488.03,-0.47580822,-0.78,48.5091493
1666757035.5553384,1486.99,1488.03,-0.47580822,-0.78,48.5091493
1666757045.7258012,1486.99,1488.03,-0.47580822,-0.78,48.5091493
1666757055.912257,1488.56,1488.56,-0.35218364,0.55,50.87470054
1666757065.8293943,1488.56,1488.56,-0.35218364,0.55,50.87470054
1666757075.658774,1488.56,1488.56,-0.35218364,0.55,50.87470054
1666757085.741346,1488.56,1488.51,-0.35617225,0.5,50.63987613
1666757095.7066388,1488.56,1488.51,-0.35617225,0.5,50.63987613
1666757105.6796827,1488.56,1488.51,-0.35617225,0.5,50.63987613
1666757115.7833283,1488.09,1488.09,-0.3496375,0.46,48.73378956
1666757125.7229006,1488.09,1488.09,-0.3496375,0.46,48.73378956
1666757135.591441,1488.09,1488.09,-0.3496375,0.46,48.73378956
1666757145.6823516,1488.09,1487.84,-0.36958052,0.21,47.58768232
1666757155.6022046,1488.09,1487.84,-0.36958052,0.21,47.58768232
1666757165.5373602,1488.09,1487.84,-0.36958052,0.21,47.58768232
1666757176.4734468,1487.39,1487.39,-0.41447806,-1.06,45.66661322
1666757186.7344828,1487.39,1487.39,-0.41447806,-1.06,45.66661322
1666757196.5642629,1487.39,1487.39,-0.41447806,-1.06,45.66661322
1666757206.8786838,1487.39,1487.52,-0.40410769,-0.93,46.34330008
1666757216.8916397,1487.39,1487.52,-0.40410769,-0.93,46.34330008
1666757226.5033731,1487.39,1487.52,-0.40410769,-0.93,46.34330008
1666757236.4025383,1487.26,1487.26,-0.43517407,-0.56,45.10191104
1666757246.6579432,1487.26,1487.26,-0.43517407,-0.56,45.10191104
1666757256.6051545,1487.26,1487.26,-0.43517407,-0.56,45.10191104
1666757266.5521612,1487.26,1486.96,-0.45910569,-0.86,43.73540301
1666757276.4111032,1487.26,1486.96,-0.45910569,-0.86,43.73540301
1666757286.6024177,1487.26,1486.96,-0.45910569,-0.86,43.73540301
1666757296.7153978,1485.56,1485.56,-0.67738003,-2.25,38.34916526
1666757306.466629,1485.56,1485.56,-0.67738003,-2.25,38.34916526
1666757316.577635,1485.56,1485.56,-0.67738003,-2.25,38.34916526
1666757326.4910111,1485.56,1485.4,-0.69014357,-2.41,37.77687483
1666757336.5207598,1485.56,1485.4,-0.69014357,-2.41,37.77687483
1666757346.4674747,1485.56,1485.4,-0.69014357,-2.41,37.77687483
1666757356.891111,1485.67,1485.67,-0.73824909,-1.36,38.96396285
1666757366.9628778,1485.67,1485.67,-0.73824909,-1.36,38.96396285
1666757376.951823,1485.67,1485.67,-0.73824909,-1.36,38.96396285
1666757386.9364495,1485.67,1485.68,-0.73745137,-1.35,39.02561064
1666757396.9724746,1485.67,1485.68,-0.73745137,-1.35,39.02561064
1666757407.008027,1485.67,1485.68,-0.73745137,-1.35,39.02561064
1666757417.3725858,1485.34,1485.34,-0.8304341,-2.34,37.70308781
1666757427.2372737,1485.34,1485.34,-0.8304341,-2.34,37.70308781
1666757436.9878702,1485.34,1485.34,-0.8304341,-2.34,37.70308781
1666757447.0663896,1485.34,1485.17,-0.84399535,-2.51,37.03967388
1666757457.2016358,1485.34,1485.17,-0.84399535,-2.51,37.03967388
1666757467.0116792,1485.34,1485.17,-0.84399535,-2.51,37.03967388
1666757477.0115523,1484.86,1484.86,-0.94166524,-1.53,35.92133498
1666757487.026556,1484.86,1484.86,-0.94166524,-1.53,35.92133498
1666757497.030959,1484.86,1484.86,-0.94166524,-1.53,35.92133498
1666757507.0285208,1484.86,1485.28,-0.90816097,-1.11,38.69631352
1666757517.0117412,1484.86,1485.28,-0.90816097,-1.11,38.69631352
1666757527.0077796,1484.86,1485.28,-0.90816097,-1.11,38.69631352
1666757537.56805,1485.04,1485.04,-0.96139501,-1.96,37.16490569
1666757547.5960934,1485.04,1485.04,-0.96139501,-1.96,37.16490569
1666757557.6025803,1485.04,1485.04,-0.96139501,-1.96,37.16490569
1666757567.532663,1485.04,1484.9,-0.9725631,-2.1,36.58304476
1666757577.8973036,1485.04,1484.9,-0.9725631,-2.1,36.58304476
1666757587.5133955,1485.04,1484.9,-0.9725631,-2.1,36.58304476
1666757597.6025474,1484.66,1484.66,-1.03087349,-3.89,35.62386469
1666757607.6265678,1484.66,1484.66,-1.03087349,-3.89,35.62386469
1666757617.5994694,1484.66,1484.66,-1.03087349,-3.89,35.62386469
1666757627.5861309,1484.66,1484.79,-1.02050312,-3.76,36.55953444
1666757637.6057203,1484.66,1484.79,-1.02050312,-3.76,36.55953444
1666757647.580139,1484.66,1484.79,-1.02050312,-3.76,36.55953444
1666757657.5722132,1484.8,1484.8,-1.03064479,-3.3,36.6329015
1666757667.552639,1484.8,1484.8,-1.03064479,-3.3,36.6329015
1666757677.542176,1484.8,1484.8,-1.03064479,-3.3,36.6329015
1666757687.6693468,1484.8,1484.57,-1.04899237,-3.53,35.61277706
1666757697.5321298,1484.8,1484.57,-1.04899237,-3.53,35.61277706
1666757707.5850596,1484.8,1484.57,-1.04899237,-3.53,35.61277706
1666757718.345398,1484.34,1484.34,-1.09249704,-3.04,34.64792859
1666757728.2661352,1484.34,1484.34,-1.09249704,-3.04,34.64792859
1666757738.8282206,1484.34,1484.34,-1.09249704,-3.04,34.64792859
1666757748.401553,1484.34,1483.11,-1.1906167,-4.27,29.97141244
1666757758.3643184,1484.34,1483.11,-1.1906167,-4.27,29.97141244
1666757768.3056023,1484.34,1483.11,-1.1906167,-4.27,29.97141244
1666757778.5406785,1483.01,1483.01,-1.28776902,-4.24,29.64609485
1666757788.381749,1483.01,1483.01,-1.28776902,-4.24,29.64609485
1666757798.3459437,1483.01,1483.01,-1.28776902,-4.24,29.64609485
1666757808.5678165,1483.01,1484.11,-1.20001973,-3.14,37.6616402
1666757818.3565516,1483.01,1484.11,-1.20001973,-3.14,37.6616402
1666757828.3403022,1483.01,1484.11,-1.20001973,-3.14,37.6616402
1666757838.3645957,1484.29,1484.29,-1.16140024,-1.28,38.82226158
1666757848.5760942,1484.29,1484.29,-1.16140024,-1.28,38.82226158
1666757858.3983016,1484.29,1484.29,-1.16140024,-1.28,38.82226158
1666757868.4054072,1484.29,1484.5,-1.1446481,-1.07,40.17359794
1666757878.3647065,1484.29,1484.5,-1.1446481,-1.07,40.17359794
1666757888.3998497,1484.29,1484.5,-1.1446481,-1.07,40.17359794
1666757899.4961522,1484.45,1484.45,-1.10778028,-1.22,39.85664216
1666757909.028613,1484.45,1484.45,-1.10778028,-1.22,39.85664216
1666757918.9882386,1484.45,1484.45,-1.10778028,-1.22,39.85664216
1666757929.0364492,1484.45,1485.29,-1.04077173,-0.38,45.19215155
1666757939.102037,1484.45,1485.29,-1.04077173,-0.38,45.19215155
1666757949.0019617,1484.45,1485.29,-1.04077173,-0.38,45.19215155
1666757959.0160227,1485.17,1485.17,-0.96073999,-0.18,44.48863866
1666757969.0230243,1485.17,1485.17,-0.96073999,-0.18,44.48863866
1666757978.978216,1485.17,1485.17,-0.96073999,-0.18,44.48863866
1666757989.043748,1485.17,1485.68,-0.92005623,0.33,47.56892893
1666757999.0571952,1485.17,1485.68,-0.92005623,0.33,47.56892893
1666758008.9913538,1485.17,1485.68,-0.92005623,0.33,47.56892893
1666758019.0400147,1485.37,1485.37,-0.85193193,0.52,45.74346027
1666758028.9920757,1485.37,1485.37,-0.85193193,0.52,45.74346027
1666758039.0276332,1485.37,1485.37,-0.85193193,0.52,45.74346027
1666758049.180796,1485.37,1485.36,-0.85272965,0.51,45.67759345
1666758059.6905406,1485.37,1485.36,-0.85272965,0.51,45.67759345
1666758069.0184028,1485.37,1485.36,-0.85272965,0.51,45.67759345
1666758079.618362,1485.21,1485.21,-0.79208362,0.16,44.87795735
1666758089.6559372,1485.21,1485.21,-0.79208362,0.16,44.87795735
1666758099.5831106,1485.21,1485.21,-0.79208362,0.16,44.87795735
1666758109.6354108,1485.21,1485.06,-0.80404944,0.01,44.01696435
1666758119.682899,1485.21,1485.06,-0.80404944,0.01,44.01696435
1666758129.5894933,1485.21,1485.06,-0.80404944,0.01,44.01696435
1666758139.5587034,1484.83,1484.83,-0.77864426,0.16,42.77340135
1666758149.6589575,1484.83,1484.83,-0.77864426,0.16,42.77340135
1666758159.605591,1484.83,1484.83,-0.77864426,0.16,42.77340135
1666758169.603396,1484.83,1484.74,-0.78582375,0.07,42.27181251
1666758179.6369598,1484.83,1484.74,-0.78582375,0.07,42.27181251
1666758189.61607,1484.83,1484.74,-0.78582375,0.07,42.27181251
1666758199.608914,1484.76,1484.76,-0.74601197,-0.04,42.38225741
1666758209.64552,1484.76,1484.76,-0.74601197,-0.04,42.38225741
1666758220.2122664,1484.76,1484.76,-0.74601197,-0.04,42.38225741
1666758229.9165149,1484.76,1483.99,-0.80743647,-0.81,38.23981936
1666758239.6300528,1484.76,1483.99,-0.80743647,-0.81,38.23981936
1666758249.6280527,1484.76,1483.99,-0.80743647,-0.81,38.23981936
1666758260.3465912,1484.06,1484.06,-0.80713848,-0.28,38.61784551
1666758270.4623578,1484.06,1484.06,-0.80713848,-0.28,38.61784551
1666758280.417855,1484.06,1484.06,-0.80713848,-0.28,38.61784551
1666758290.4143047,1484.06,1484.18,-0.79756583,-0.16,39.61463016
1666758300.5426643,1484.06,1484.18,-0.79756583,-0.16,39.61463016
1666758310.4154754,1484.06,1484.18,-0.79756583,-0.16,39.61463016
1666758320.4662287,1484.14,1484.14,-0.79076373,1.13,39.29233907
1666758330.414266,1484.14,1484.14,-0.79076373,1.13,39.29233907
1666758340.7144816,1484.14,1484.12,-0.79235917,1.11,39.14582666
1666758350.5503044,1484.14,1484.12,-0.79235917,1.11,39.14582666
1666758360.494243,1484.14,1484.12,-0.79235917,1.11,39.14582666
1666758370.4774349,1483.45,1483.45,-0.87145394,-0.85,35.69141447
1666758380.7168338,1483.45,1483.45,-0.87145394,-0.85,35.69141447
1666758390.482532,1483.45,1483.45,-0.87145394,-0.85,35.69141447
1666758400.3976972,1483.45,1483.25,-0.88740835,-1.05,34.65437274
1666758410.5183156,1483.45,1483.25,-0.88740835,-1.05,34.65437274
1666758420.4393148,1483.45,1483.25,-0.88740835,-1.05,34.65437274
1666758430.454565,1482.78,1482.78,-0.97570489,-1.66,32.51949354
1666758441.0147018,1482.78,1482.78,-0.97570489,-1.66,32.51949354
1666758451.304858,1482.78,1482.78,-0.97570489,-1.66,32.51949354
1666758461.0877826,1482.78,1482.3,-1.01399549,-2.14,30.4559418
1666758471.1106188,1482.78,1482.3,-1.01399549,-2.14,30.4559418
1666758481.231696,1482.78,1482.3,-1.01399549,-2.14,30.4559418
1666758491.1003642,1482.36,1482.36,-1.06314552,-2.81,30.69630269
1666758501.1629064,1482.36,1482.36,-1.06314552,-2.81,30.69630269
1666758511.0976684,1482.36,1482.36,-1.06314552,-2.81,30.69630269
1666758521.1264806,1482.36,1482.0,-1.09186347,-3.17,29.18850385
1666758531.1079185,1482.36,1482.0,-1.09186347,-3.17,29.18850385
1666758541.0685356,1482.36,1482.0,-1.09186347,-3.17,29.18850385
1666758551.0988495,1480.81,1480.81,-1.31302458,-4.55,25.11123081
1666758561.3566694,1480.81,1480.81,-1.31302458,-4.55,25.11123081
1666758571.56444,1480.81,1480.81,-1.31302458,-4.55,25.11123081
1666758581.1329715,1480.81,1482.06,-1.21330948,-3.3,35.33020252
1666758591.1295917,1480.81,1482.06,-1.21330948,-3.3,35.33020252
1666758601.316349,1480.81,1482.06,-1.21330948,-3.3,35.33020252
1666758611.2034798,1483.11,1483.11,-1.07121169,-2.09,41.99305718
1666758621.775164,1483.11,1483.11,-1.07121169,-2.09,41.99305718
1666758631.8026657,1483.11,1483.11,-1.07121169,-2.09,41.99305718
1666758641.7239804,1483.11,1484.49,-0.96112622,-0.71,49.34904055
1666758651.7987106,1483.11,1484.49,-0.96112622,-0.71,49.34904055
1666758661.7885394,1483.11,1484.49,-0.96112622,-0.71,49.34904055
1666758671.740252,1484.65,1484.65,-0.79684111,-0.19,50.08789714
1666758681.7366085,1484.65,1484.65,-0.79684111,-0.19,50.08789714
1666758691.7190013,1484.65,1484.65,-0.79684111,-0.19,50.08789714
1666758701.7434657,1484.65,1485.13,-0.75855051,0.29,52.3240172
1666758711.7800577,1484.65,1485.13,-0.75855051,0.29,52.3240172
1666758721.7499526,1484.65,1485.13,-0.75855051,0.29,52.3240172
1666758731.8859243,1484.94,1484.94,-0.6280426,0.18,51.46682448
1666758741.7664554,1484.94,1484.94,-0.6280426,0.18,51.46682448
1666758751.7404182,1484.94,1484.94,-0.6280426,0.18,51.46682448
1666758761.8256552,1484.94,1484.94,-0.6280426,0.18,51.46682448
1666758771.7445369,1484.94,1485.12,-0.61368362,0.36,52.34454623
1666758781.7285044,1484.94,1485.12,-0.61368362,0.36,52.34454623
1666758791.7520638,1484.98,1484.98,-0.50048123,0.93,51.66465648
1666758802.3819003,1484.98,1484.98,-0.50048123,0.93,51.66465648
1666758812.334618,1484.98,1484.98,-0.50048123,0.93,51.66465648
1666758822.2975893,1484.98,1485.39,-0.46777467,1.34,53.74587123
1666758832.3521185,1484.98,1485.39,-0.46777467,1.34,53.74587123
1666758842.371768,1484.98,1485.39,-0.46777467,1.34,53.74587123
1666758852.3108032,1485.71,1485.71,-0.29475776,1.58,55.25325011
1666758862.40425,1485.71,1485.71,-0.29475776,1.58,55.25325011
1666758872.4009728,1485.71,1485.71,-0.29475776,1.58,55.25325011
1666758882.3452454,1485.71,1484.99,-0.35219366,0.86,51.22091961
1666758892.4271889,1485.71,1484.99,-0.35219366,0.86,51.22091961
1666758902.411036,1485.71,1484.99,-0.35219366,0.86,51.22091961
1666758912.445819,1485.73,1485.73,-0.17300763,2.29,55.35470198
1666758922.7843854,1485.73,1485.73,-0.17300763,2.29,55.35470198
1666758932.3784533,1485.73,1485.73,-0.17300763,2.29,55.35470198
1666758942.5542617,1485.73,1485.16,-0.21847772,1.72,51.88249756
1666758952.3862236,1485.73,1485.16,-0.21847772,1.72,51.88249756
1666758962.4159408,1485.73,1485.16,-0.21847772,1.72,51.88249756
1666758972.4349608,1485.05,1485.05,-0.17239925,2.27,51.25987801
1666758983.210713,1485.05,1485.05,-0.17239925,2.27,51.25987801
1666758993.2174716,1485.05,1485.05,-0.17239925,2.27,51.25987801
1666759003.351688,1485.05,1484.45,-0.22026249,1.67,47.88437173
1666759013.2576053,1485.05,1484.45,-0.22026249,1.67,47.88437173
1666759023.2591653,1485.05,1484.45,-0.22026249,1.67,47.88437173
1666759033.268646,1484.54,1484.54,-0.20016905,2.17,48.37008994
1666759043.289551,1484.54,1484.54,-0.20016905,2.17,48.37008994
1666759053.7379043,1484.54,1484.54,-0.20016905,2.17,48.37008994
1666759063.331355,1484.54,1484.44,-0.20814625,2.07,47.79559946
1666759073.2639868,1484.54,1484.44,-0.20814625,2.07,47.79559946
1666759083.3286543,1484.54,1484.44,-0.20814625,2.07,47.79559946
1666759093.3142917,1483.28,1483.28,-0.36526188,2.47,42.04210912
1666759103.2605996,1483.28,1483.28,-0.36526188,2.47,42.04210912
1666759113.7213938,1483.28,1483.28,-0.36526188,2.47,42.04210912
1666759123.3247275,1483.28,1483.15,-0.37563225,2.34,41.44005731
1666759133.2351933,1483.28,1483.15,-0.37563225,2.34,41.44005731
1666759143.2823546,1483.28,1483.15,-0.37563225,2.34,41.44005731
1666759153.4726615,1483.62,1483.62,-0.36424889,0.5,44.16834313
1666759163.9077828,1483.62,1483.62,-0.36424889,0.5,44.16834313
1666759173.932963,1483.62,1483.62,-0.36424889,0.5,44.16834313
1666759183.8892035,1483.62,1484.87,-0.26453379,1.75,51.23538421
1666759193.8881862,1483.62,1484.87,-0.26453379,1.75,51.23538421
1666759203.905783,1483.62,1484.87,-0.26453379,1.75,51.23538421
1666759213.8800027,1484.72,1484.72,-0.22381444,0.08,50.47828238
1666759223.8792284,1484.72,1484.72,-0.22381444,0.08,50.47828238
1666759234.0828712,1484.72,1484.72,-0.22381444,0.08,50.47828238
1666759243.9126754,1484.72,1485.28,-0.17914207,0.64,53.37106601
1666759254.0291944,1484.72,1485.28,-0.17914207,0.64,53.37106601
1666759263.8606918,1484.72,1485.28,-0.17914207,0.64,53.37106601
1666759273.903881,1485.29,1485.29,-0.10003468,0.36,53.41963793
1666759283.9055283,1485.29,1485.29,-0.10003468,0.36,53.41963793
1666759293.9130917,1485.29,1485.29,-0.10003468,0.36,53.41963793
1666759304.4524372,1485.29,1485.21,-0.10641644,0.28,52.94449388
1666759313.8641276,1485.29,1485.21,-0.10641644,0.28,52.94449388
1666759323.904544,1485.29,1485.21,-0.10641644,0.28,52.94449388
1666759333.980369,1485.5,1485.5,-0.00785482,0.52,54.49171081
1666759344.3315375,1485.5,1485.5,-0.00785482,0.52,54.49171081
1666759354.42418,1485.5,1485.5,-0.00785482,0.52,54.49171081
1666759364.46154,1485.5,1485.5,-0.00785482,0.52,54.49171081
1666759374.3655603,1485.5,1485.5,-0.00785482,0.52,54.49171081
1666759384.5854633,1485.5,1485.5,-0.00785482,0.52,54.49171081
1666759394.3492932,1485.5,1485.5,-0.00785482,0.52,54.49171081
1666759404.365699,1484.29,1484.29,-0.12033403,-1.41,47.69095261
1666759414.327912,1484.29,1484.29,-0.12033403,-1.41,47.69095261
1666759424.3782322,1484.29,1484.29,-0.12033403,-1.41,47.69095261
1666759434.3560302,1484.29,1484.79,-0.08044799,-0.91,50.44110547
1666759444.3129838,1484.29,1484.79,-0.08044799,-0.91,50.44110547
1666759454.384157,1484.69,1484.69,-0.07367716,-1.03,49.91056524
1666759464.6942592,1484.69,1484.69,-0.07367716,-1.03,49.91056524
1666759474.363328,1484.69,1484.69,-0.07367716,-1.03,49.91056524
1666759484.475561,1484.69,1484.52,-0.08723841,-1.2,48.9601365
1666759494.3637016,1484.69,1484.52,-0.08723841,-1.2,48.9601365
1666759504.3919115,1484.69,1484.52,-0.08723841,-1.2,48.9601365
1666759514.44178,1484.66,1484.66,-0.06553277,-0.39,49.73581656
1666759525.147928,1484.66,1484.66,-0.06553277,-0.39,49.73581656
1666759535.1231172,1484.66,1484.66,-0.06553277,-0.39,49.73581656
1666759545.1615045,1484.66,1485.26,-0.01766952,0.21,53.18569137
1666759555.40413,1484.66,1485.26,-0.01766952,0.21,53.18569137
1666759565.2131464,1484.66,1485.26,-0.01766952,0.21,53.18569137
1666759575.3632753,1485.79,1485.79,0.10196867,1.26,55.86578922
1666759585.1214578,1485.79,1485.79,0.10196867,1.26,55.86578922
1666759595.2170632,1485.79,1485.79,0.10196867,1.26,55.86578922
1666759605.2513638,1485.79,1487.26,0.21923363,2.73,62.30271357
1666759615.1381266,1485.79,1487.26,0.21923363,2.73,62.30271357
1666759625.1706026,1485.79,1487.26,0.21923363,2.73,62.30271357
1666759635.123252,1487.19,1487.19,0.35994802,3.91,62.03906792
1666759645.176613,1487.19,1487.19,0.35994802,3.91,62.03906792
1666759655.6113412,1487.19,1487.19,0.35994802,3.91,62.03906792
1666759665.1153138,1487.19,1487.47,0.3822842,4.19,63.14926815
1666759675.1820488,1487.19,1487.47,0.3822842,4.19,63.14926815
1666759685.1825566,1487.19,1487.47,0.3822842,4.19,63.14926815
1666759695.1041088,1486.98,1486.98,0.4407812,3.37,60.66825569
1666759705.687879,1486.98,1486.98,0.4407812,3.37,60.66825569
1666759715.745401,1486.98,1486.98,0.4407812,3.37,60.66825569
1666759725.7085536,1486.98,1487.09,0.44955613,3.48,61.15246622
1666759735.8488593,1486.98,1487.09,0.44955613,3.48,61.15246622
1666759745.7494028,1486.98,1487.09,0.44955613,3.48,61.15246622
1666759755.6898491,1488.42,1488.42,0.71515987,3.69,66.18826681
1666759765.8044102,1488.42,1488.42,0.71515987,3.69,66.18826681
1666759776.0792377,1488.42,1488.42,0.71515987,3.69,66.18826681
1666759785.8174906,1488.42,1489.38,0.79174106,4.65,69.28179496
1666759795.8106709,1488.42,1489.38,0.79174106,4.65,69.28179496
1666759805.7731793,1488.42,1489.38,0.79174106,4.65,69.28179496
1666759816.2781928,1488.76,1488.76,0.88066791,3.47,67.35269642
1666759825.8023772,1488.76,1488.76,0.88066791,3.47,67.35269642
1666759835.697306,1488.76,1488.76,0.88066791,3.47,67.35269642
1666759845.746514,1488.76,1487.95,0.81605252,2.66,61.88479649
1666759855.7016528,1488.76,1487.95,0.81605252,2.66,61.88479649
1666759865.702606,1488.76,1487.95,0.81605252,2.66,61.88479649
1666759875.7347095,1488.32,1488.32,0.91685403,2.82,64.26809079
1666759886.257042,1488.32,1488.32,0.91685403,2.82,64.26809079
1666759896.3513436,1488.32,1488.32,0.91685403,2.82,64.26809079
1666759906.3258054,1488.32,1488.2,0.90728138,2.7,63.41508788
1666759916.288926,1488.32,1488.2,0.90728138,2.7,63.41508788
1666759926.3904755,1488.32,1488.2,0.90728138,2.7,63.41508788
1666759936.4227269,1488.14,1488.14,0.93681103,3.86,62.99702161
1666759946.5683358,1488.14,1488.14,0.93681103,3.86,62.99702161
1666759956.3466618,1488.14,1488.14,0.93681103,3.86,62.99702161
1666759966.3328474,1488.14,1486.98,0.84427541,2.7,55.39368504
1666759976.9462297,1488.14,1486.98,0.84427541,2.7,55.39368504
1666759986.3531637,1488.14,1486.98,0.84427541,2.7,55.39368504
1666759996.5354223,1486.34,1486.34,0.69918427,1.64,51.93143685
1666760006.394771,1486.34,1486.34,0.69918427,1.64,51.93143685
1666760016.3896427,1486.34,1486.34,0.69918427,1.64,51.93143685
1666760026.418501,1486.34,1485.19,0.60744638,0.49,46.33412183
1666760036.396304,1486.34,1485.19,0.60744638,0.49,46.33412183
1666760046.465349,1486.34,1485.19,0.60744638,0.49,46.33412183
1666760056.3903365,1484.83,1484.83,0.40284239,0.16,44.83501589
1666760067.1551518,1484.83,1484.83,0.40284239,0.16,44.83501589
1666760077.2364166,1484.83,1484.83,0.40284239,0.16,44.83501589
1666760087.2149625,1484.83,1483.87,0.32626119,-0.8,40.98315719
1666760097.186209,1484.83,1483.87,0.32626119,-0.8,40.98315719
1666760107.2326608,1484.83,1483.87,0.32626119,-0.8,40.98315719
1666760117.2031674,1483.55,1483.55,0.07951424,-2.23,39.86644758
1666760127.208066,1483.55,1483.55,0.07951424,-2.23,39.86644758
1666760137.7710085,1483.55,1483.55,0.07951424,-2.23,39.86644758
1666760147.1578703,1483.55,1483.67,0.08908689,-2.11,40.53229136
1666760157.2207434,1483.55,1483.67,0.08908689,-2.11,40.53229136
1666760167.2681608,1483.55,1483.67,0.08908689,-2.11,40.53229136
1666760177.2116444,1483.16,1483.16,-0.14860281,-4.03,38.4431983
1666760187.2379768,1483.16,1483.16,-0.14860281,-4.03,38.4431983
1666760197.2173667,1483.16,1483.16,-0.14860281,-4.03,38.4431983
1666760207.2261715,1483.16,1482.51,-0.20045466,-4.68,36.16038399
1666760217.251223,1483.16,1482.51,-0.20045466,-4.68,36.16038399
1666760227.1872995,1483.16,1482.51,-0.20045466,-4.68,36.16038399
1666760237.2312615,1481.32,1481.32,-0.56199068,-5.66,32.61471442
1666760247.793647,1481.32,1481.32,-0.56199068,-5.66,32.61471442
1666760257.829417,1481.32,1481.32,-0.56199068,-5.66,32.61471442
1666760267.7474823,1481.32,1480.83,-0.601079,-6.15,31.25568742
1666760277.9014072,1481.32,1480.83,-0.601079,-6.15,31.25568742
1666760287.9043522,1481.32,1480.83,-0.601079,-6.15,31.25568742
1666760298.2776446,1480.83,1480.83,-0.83373416,-7.58,31.25568742
1666760307.87656,1480.83,1480.83,-0.83373416,-7.58,31.25568742
1666760317.871651,1480.83,1480.83,-0.83373416,-7.58,31.25568742
1666760327.8509307,1480.83,1477.87,-1.06985952,-10.54,24.58989854
1666760338.04502,1480.83,1477.87,-1.06985952,-10.54,24.58989854
1666760347.8699658,1480.83,1477.87,-1.06985952,-10.54,24.58989854
1666760357.9238782,1477.99,1477.99,-1.40798208,-10.77,24.80435542
1666760367.8865328,1477.99,1477.99,-1.40798208,-10.77,24.80435542
1666760377.8262746,1477.99,1477.99,-1.40798208,-10.77,24.80435542
1666760387.8792408,1477.99,1478.55,-1.36330971,-10.21,27.9618127
1666760397.8865137,1477.99,1478.55,-1.36330971,-10.21,27.9618127
1666760407.829755,1477.99,1478.55,-1.36330971,-10.21,27.9618127
1666760417.8746955,1479.95,1479.95,-1.387277,-8.37,34.80557997
1666760428.4262087,1479.95,1479.95,-1.387277,-8.37,34.80557997
1666760438.385172,1479.95,1479.95,-1.387277,-8.37,34.80557997
1666760448.29171,1479.95,1480.33,-1.35696361,-7.99,36.56709874
1666760458.3353152,1479.95,1480.33,-1.35696361,-7.99,36.56709874
1666760468.3293345,1479.95,1480.33,-1.35696361,-7.99,36.56709874
1666760478.3553462,1481.04,1481.04,-1.32304363,-7.1,39.62751137
1666760488.9992309,1481.04,1481.04,-1.32304363,-7.1,39.62751137
1666760498.3411984,1481.04,1481.04,-1.32304363,-7.1,39.62751137
1666760508.3867292,1481.04,1481.42,-1.29273024,-6.72,41.24009459
1666760518.4056416,1481.04,1481.42,-1.29273024,-6.72,41.24009459
1666760528.3652363,1481.04,1481.42,-1.29273024,-6.72,41.24009459
1666760538.396036,1480.32,1480.32,-1.42817136,-6.03,37.65407566
1666760548.3966916,1480.32,1480.32,-1.42817136,-6.03,37.65407566
1666760558.3575337,1480.32,1480.32,-1.42817136,-6.03,37.65407566
1666760568.3508692,1480.32,1481.0,-1.37392634,-5.35,40.65971529
1666760578.3275633,1480.32,1481.0,-1.37392634,-5.35,40.65971529
1666760588.3926663,1480.32,1481.0,-1.37392634,-5.35,40.65971529
1666760598.436459,1482.79,1482.79,-1.10071185,-2.03,47.34471672
1666760608.9614234,1482.79,1482.79,-1.10071185,-2.03,47.34471672
1666760619.2352028,1482.79,1482.79,-1.10071185,-2.03,47.34471672
1666760628.9592526,1482.79,1482.65,-1.11187994,-2.17,46.89571732
1666760638.990431,1482.79,1482.65,-1.11187994,-2.17,46.89571732
1666760649.3406172,1482.79,1482.65,-1.11187994,-2.17,46.89571732
1666760658.95099,1482.21,1482.21,-1.06735053,-1.33,45.54889284
1666760669.0867946,1482.21,1482.21,-1.06735053,-1.33,45.54889284
1666760679.080374,1482.21,1482.21,-1.06735053,-1.33,45.54889284
1666760688.9547908,1482.21,1481.96,-1.08729355,-1.58,44.76227822
1666760698.9845612,1482.21,1481.96,-1.08729355,-1.58,44.76227822
1666760709.0317037,1482.21,1481.96,-1.08729355,-1.58,44.76227822
1666760718.9728484,1481.95,1481.95,-1.02893784,-1.22,44.72900321
1666760729.0434053,1481.95,1481.95,-1.02893784,-1.22,44.72900321
1666760739.0735383,1481.95,1481.95,-1.02893784,-1.22,44.72900321
1666760748.9295478,1481.95,1481.8,-1.04090365,-1.37,44.23574929
1666760759.0092132,1481.95,1481.8,-1.04090365,-1.37,44.23574929
1666760769.031745,1481.95,1481.8,-1.04090365,-1.37,44.23574929
1666760778.969236,1482.02,1482.02,-0.96159639,0.7,45.00773876
1666760789.579512,1482.02,1482.02,-0.96159639,0.7,45.00773876
1666760799.6813855,1482.02,1482.02,-0.96159639,0.7,45.00773876
1666760809.654362,1482.02,1482.63,-0.91293542,1.31,47.55914138
1666760819.6976771,1482.02,1482.63,-0.91293542,1.31,47.55914138
1666760829.7047458,1482.02,1482.63,-0.91293542,1.31,47.55914138
1666760839.9185364,1482.68,1482.68,-0.80956926,1.85,47.76085917
1666760849.7979453,1482.68,1482.68,-0.80956926,1.85,47.76085917
1666760859.7506497,1482.68,1482.68,-0.80956926,1.85,47.76085917
1666760869.6715145,1482.68,1482.83,-0.79760345,2.0,48.39248905
1666760879.6737354,1482.68,1482.83,-0.79760345,2.0,48.39248905
1666760889.6929176,1482.68,1482.83,-0.79760345,2.0,48.39248905
1666760899.6925771,1482.61,1482.61,-0.73175387,4.62,47.48553824
1666760909.7532368,1482.61,1482.61,-0.73175387,4.62,47.48553824
1666760919.696695,1482.61,1482.61,-0.73175387,4.62,47.48553824
1666760929.7675705,1482.61,1482.71,-0.72377666,4.72,47.94112363
1666760939.7403934,1482.61,1482.71,-0.72377666,4.72,47.94112363
1666760949.759652,1482.61,1482.71,-0.72377666,4.72,47.94112363
1666760959.7154546,1482.42,1482.42,-0.68493222,2.47,46.70888335
1666760970.2145123,1482.42,1482.42,-0.68493222,2.47,46.70888335
1666760980.1846776,1482.42,1482.42,-0.68493222,2.47,46.70888335
1666760990.13382,1482.42,1482.19,-0.7032798,2.24,45.73375344
1666761000.1532393,1482.42,1482.19,-0.7032798,2.24,45.73375344
1666761010.2464583,1482.42,1482.19,-0.7032798,2.24,45.73375344
1666761020.1542015,1481.79,1481.79,-0.71762657,0.74,44.13145504
1666761030.4979308,1481.79,1481.79,-0.71762657,0.74,44.13145504
1666761040.199736,1481.79,1481.79,-0.71762657,0.74,44.13145504
1666761050.5814295,1481.79,1480.77,-0.79899409,-0.28,40.25812131
1666761060.1593435,1481.79,1480.77,-0.79899409,-0.28,40.25812131
1666761070.1993735,1481.79,1480.77,-0.79899409,-0.28,40.25812131
1666761080.2032404,1480.56,1480.56,-0.868949,0.24,39.54100205
1666761090.2517629,1480.56,1480.56,-0.868949,0.24,39.54100205
1666761100.3437035,1480.56,1480.56,-0.868949,0.24,39.54100205
1666761110.2425733,1480.56,1480.92,-0.84023105,0.6,41.44404728
1666761120.288437,1480.56,1480.92,-0.84023105,0.6,41.44404728
1666761130.2188168,1480.56,1480.92,-0.84023105,0.6,41.44404728
1666761140.251196,1481.2,1481.2,-0.81088252,-1.58,42.85659741
1666761150.634245,1481.2,1481.2,-0.81088252,-1.58,42.85659741
1666761160.6859903,1481.2,1481.5,-0.7869509,-1.28,44.40407263
1666761170.6082363,1481.2,1481.5,-0.7869509,-1.28,44.40407263
1666761180.6303215,1481.2,1481.5,-0.7869509,-1.28,44.40407263
1666761190.936536,1479.3,1479.3,-1.06412052,-2.91,36.43167357
1666761200.6007316,1479.3,1479.3,-1.06412052,-2.91,36.43167357
1666761210.6079693,1479.3,1479.3,-1.06412052,-2.91,36.43167357
1666761220.584478,1479.3,1477.82,-1.1821832,-4.39,32.36330601
1666761230.6837685,1479.3,1477.82,-1.1821832,-4.39,32.36330601
1666761240.6996531,1479.3,1477.82,-1.1821832,-4.39,32.36330601
1666761250.6597743,1478.09,1478.09,-1.3027083,-3.87,33.03437967
1666761260.7104604,1478.09,1478.09,-1.3027083,-3.87,33.03437967
1666761270.6183455,1478.09,1478.09,-1.3027083,-3.87,33.03437967
1666761280.672422,1478.09,1479.04,-1.22692483,-2.92,37.90696516
1666761290.6475031,1478.09,1479.04,-1.22692483,-2.92,37.90696516
1666761300.670427,1478.09,1479.04,-1.22692483,-2.92,37.90696516
1666761310.6562383,1477.8,1477.8,-1.4407861,-4.22,32.25845621
1666761320.5933745,1477.8,1477.8,-1.4407861,-4.22,32.25845621
1666761331.304187,1477.8,1477.8,-1.4407861,-4.22,32.25845621
1666761341.3795607,1477.8,1478.85,-1.35702542,-3.17,37.94208722
1666761351.321312,1477.8,1478.85,-1.35702542,-3.17,37.94208722
1666761361.3870828,1477.8,1478.85,-1.35702542,-3.17,37.94208722
1666761371.34673,1478.1,1478.1,-1.47139799,-4.57,34.01083254
1666761381.824865,1478.1,1478.1,-1.47139799,-4.57,34.01083254
1666761391.3760142,1478.1,1478.1,-1.47139799,-4.57,34.01083254
1666761401.4105673,1478.1,1479.04,-1.39641224,-3.63,39.21246126
1666761411.346821,1478.1,1479.04,-1.39641224,-3.63,39.21246126
1666761421.4155166,1478.1,1479.04,-1.39641224,-3.63,39.21246126
1666761431.331833,1478.96,1478.96,-1.3764167,-3.65,38.79976873
1666761441.3531203,1478.96,1478.96,-1.3764167,-3.65,38.79976873
1666761451.4003603,1478.96,1478.96,-1.3764167,-3.65,38.79976873
1666761461.3989406,1478.96,1479.15,-1.36126001,-3.46,39.84433709
1666761471.3550549,1478.96,1479.15,-1.36126001,-3.46,39.84433709
1666761481.4320066,1478.96,1479.15,-1.36126001,-3.46,39.84433709
1666761491.3410122,1479.15,1479.15,-1.31382209,-3.27,39.84849365
1666761501.4392483,1479.15,1479.15,-1.31382209,-3.27,39.84849365
1666761511.9220023,1479.15,1479.15,-1.31382209,-3.27,39.84849365
1666761521.882227,1479.15,1479.33,-1.29946312,-3.09,40.87794751
1666761531.9025414,1479.15,1479.33,-1.29946312,-3.09,40.87794751
1666761542.306823,1479.15,1479.33,-1.29946312,-3.09,40.87794751
1666761552.1119206,1479.33,1479.33,-1.23499716,-2.46,40.89227592
1666761561.9470708,1479.33,1479.33,-1.23499716,-2.46,40.89227592
1666761571.9425218,1479.33,1479.33,-1.23499716,-2.46,40.89227592
1666761581.9123783,1479.33,1478.44,-1.30599431,-3.35,37.48315839
1666761591.9321587,1479.33,1478.44,-1.30599431,-3.35,37.48315839
1666761602.047455,1479.33,1478.44,-1.30599431,-3.35,37.48315839
1666761611.90288,1478.57,1478.57,-1.27909199,-2.0,37.9725671
1666761621.998654,1478.57,1478.57,-1.27909199,-2.0,37.9725671
1666761631.9609888,1478.57,1478.57,-1.27909199,-2.0,37.9725671
1666761641.9969635,1478.57,1478.13,-1.31419171,-2.44,36.31607707
1666761652.0178614,1478.57,1478.13,-1.31419171,-2.44,36.31607707
1666761661.9486277,1478.57,1478.13,-1.31419171,-2.44,36.31607707
1666761672.081428,1478.0,1478.0,-1.33089878,-3.2,35.85778
1666761681.9115293,1478.0,1478.0,-1.33089878,-3.2,35.85778
1666761692.507445,1478.0,1478.0,-1.33089878,-3.2,35.85778
1666761702.6682742,1478.0,1478.4,-1.29898995,-2.8,38.39463552
1666761712.5238285,1478.0,1478.4,-1.29898995,-2.8,38.39463552
1666761722.8178082,1478.0,1478.4,-1.29898995,-2.8,38.39463552
1666761733.0759842,1478.55,1478.55,-1.24357213,-0.76,39.30486562
1666761742.6362834,1478.55,1478.55,-1.24357213,-0.76,39.30486562
1666761752.6028936,1478.55,1478.55,-1.24357213,-0.76,39.30486562
1666761762.6237483,1478.55,1477.65,-1.315367,-1.66,35.87944211
1666761772.789314,1478.55,1477.65,-1.315367,-1.66,35.87944211
1666761782.5850906,1478.55,1477.65,-1.315367,-1.66,35.87944211
1666761792.5613706,1478.39,1478.39,-1.21797476,0.29,38.64889684
1666761802.6067486,1478.39,1478.39,-1.21797476,0.29,38.64889684
1666761812.58068,1478.39,1478.39,-1.21797476,0.29,38.64889684
1666761822.5873802,1478.39,1478.46,-1.21239072,0.36,39.12754939
1666761832.661286,1478.39,1478.46,-1.21239072,0.36,39.12754939
1666761842.831768,1478.39,1478.46,-1.21239072,0.36,39.12754939
1666761852.6513774,1478.37,1478.37,-1.17686713,0.57,38.56226171
1666761862.6426754,1478.37,1478.37,-1.17686713,0.57,38.56226171
1666761873.5263832,1478.37,1478.37,-1.17686713,0.57,38.56226171
1666761883.497105,1478.37,1478.37,-1.17686713,0.57,38.56226171
1666761893.7519612,1478.37,1478.8,-1.14256513,1.0,41.59364061
1666761903.4670298,1478.37,1478.8,-1.14256513,1.0,41.59364061
1666761913.586449,1479.28,1479.28,-1.00135884,1.17,44.64261217
1666761923.423557,1479.28,1479.28,-1.00135884,1.17,44.64261217
1666761933.4473524,1479.28,1479.28,-1.00135884,1.17,44.64261217
1666761943.520392,1479.28,1479.32,-0.99816796,1.21,44.90074451
1666761953.482287,1479.28,1479.32,-0.99816796,1.21,44.90074451
1666761963.479933,1479.28,1479.32,-0.99816796,1.21,44.90074451
1666761973.5514867,1479.43,1479.43,-0.88811102,0.47,45.59835268
1666761983.5288796,1479.43,1479.43,-0.88811102,0.47,45.59835268
1666761993.47268,1479.43,1479.43,-0.88811102,0.47,45.59835268
1666762003.5259478,1479.43,1479.48,-0.88412242,0.52,45.93343891
1666762013.549151,1479.43,1479.48,-0.88412242,0.52,45.93343891
1666762023.4517004,1479.43,1479.48,-0.88412242,0.52,45.93343891
1666762033.536343,1479.83,1479.83,-0.742709,0.69,48.17294648
1666762043.5445883,1479.83,1479.83,-0.742709,0.69,48.17294648
1666762054.561365,1479.83,1479.83,-0.742709,0.69,48.17294648
1666762064.0704024,1479.83,1478.96,-0.81211071,-0.18,43.35889302
1666762074.001833,1479.83,1478.96,-0.81211071,-0.18,43.35889302
1666762083.9950645,1479.83,1478.96,-0.81211071,-0.18,43.35889302
1666762094.0352705,1478.58,1478.58,-0.82140404,-0.76,41.54699732
1666762104.262378,1478.58,1478.58,-0.82140404,-0.76,41.54699732
1666762114.097273,1478.58,1478.58,-0.82140404,-0.76,41.54699732
1666762124.1026623,1478.58,1478.57,-0.82220176,-0.77,41.49785205
1666762134.0600898,1478.58,1478.57,-0.82220176,-0.77,41.49785205
1666762144.0934398,1478.58,1478.57,-0.82220176,-0.77,41.49785205
1666762154.0960217,1479.07,1479.07,-0.72569107,0.51,44.76085368
1666762164.0853794,1479.07,1479.07,-0.72569107,0.51,44.76085368
1666762174.1767547,1479.07,1479.07,-0.72569107,0.51,44.76085368
1666762184.1858888,1479.07,1479.23,-0.71292754,0.67,45.79378254
1666762194.1167295,1479.07,1479.23,-0.71292754,0.67,45.79378254
1666762204.167096,1479.07,1479.23,-0.71292754,0.67,45.79378254
1666762214.6013858,1479.27,1479.27,-0.64540954,1.26,46.04901882
1666762224.105439,1479.27,1479.27,-0.64540954,1.26,46.04901882
1666762234.597843,1479.27,1479.27,-0.64540954,1.26,46.04901882
1666762244.6501603,1479.27,1478.66,-0.69407051,0.65,42.74365354
1666762254.5713484,1479.27,1478.66,-0.69407051,0.65,42.74365354
1666762264.6029212,1479.27,1478.66,-0.69407051,0.65,42.74365354
1666762274.647498,1478.26,1478.26,-0.73104773,-0.29,40.84790197
1666762284.6170774,1478.26,1478.26,-0.73104773,-0.29,40.84790197
1666762294.6485252,1478.26,1478.26,-0.73104773,-0.29,40.84790197
1666762304.64091,1478.26,1478.24,-0.73264317,-0.31,40.72715774
1666762314.5932214,1478.26,1478.24,-0.73264317,-0.31,40.72715774
1666762324.6248486,1478.26,1478.24,-0.73264317,-0.31,40.72715774
1666762334.6812384,1478.99,1478.99,-0.62286805,0.6,45.63942208
1666762344.7701917,1478.99,1478.99,-0.62286805,0.6,45.63942208
1666762354.7359807,1478.99,1478.99,-0.62286805,0.6,45.63942208
1666762364.686043,1478.99,1479.48,-0.58377973,1.09,48.64641125
1666762375.135649,1478.99,1479.48,-0.58377973,1.09,48.64641125
1666762384.693003,1478.99,1479.48,-0.58377973,1.09,48.64641125
1666762394.7327943,1478.99,1479.48,-0.58377973,1.09,48.64641125
1666762404.7715712,1480.43,1480.43,-0.37307633,2.06,53.62037439
1666762415.4855006,1480.43,1480.43,-0.37307633,2.06,53.62037439
1666762425.5146904,1480.43,1481.32,-0.30207918,2.95,57.74912418
1666762435.855239,1480.43,1481.32,-0.30207918,2.95,57.74912418
1666762445.4544342,1480.43,1481.32,-0.30207918,2.95,57.74912418
1666762455.5272827,1480.65,1480.65,-0.2326344,1.37,54.7180068
1666762465.5433214,1480.65,1480.65,-0.2326344,1.37,54.7180068
1666762475.5134382,1480.65,1480.65,-0.2326344,1.37,54.7180068
1666762485.4569464,1480.65,1480.66,-0.23183668,1.38,54.7702224
1666762495.9474688,1480.65,1480.66,-0.23183668,1.38,54.7702224
1666762505.5271137,1480.65,1480.66,-0.23183668,1.38,54.7702224
1666762515.5553226,1480.0,1480.0,-0.22496097,0.57,50.9005415
1666762525.4829648,1480.0,1480.0,-0.22496097,0.57,50.9005415
1666762536.1142578,1480.0,1480.0,-0.22496097,0.57,50.9005415
1666762545.5671675,1480.0,1479.73,-0.24649943,0.3,49.35608956
1666762555.43742,1480.0,1479.73,-0.24649943,0.3,49.35608956
1666762565.681395,1480.0,1479.73,-0.24649943,0.3,49.35608956
1666762575.4992635,1480.0,1479.73,-0.24649943,0.3,49.35608956
1666762585.514783,1479.72,1479.72,-0.21472628,-0.1,49.29642886
1666762596.19923,1479.72,1479.72,-0.21472628,-0.1,49.29642886
1666762606.1022522,1479.72,1479.3,-0.24823055,-0.52,46.91462931
1666762616.089081,1479.72,1479.3,-0.24823055,-0.52,46.91462931
1666762626.0812428,1479.72,1479.3,-0.24823055,-0.52,46.91462931
1666762636.1516387,1479.31,1479.31,-0.24596028,0.73,46.98031371
1666762646.0860033,1479.31,1479.31,-0.24596028,0.73,46.98031371
1666762656.0589578,1479.31,1479.31,-0.24596028,0.73,46.98031371
1666762666.0660596,1479.31,1479.54,-0.22761271,0.96,48.44743349
1666762676.0079706,1479.31,1479.54,-0.22761271,0.96,48.44743349
1666762686.033324,1479.31,1479.54,-0.22761271,0.96,48.44743349
1666762696.4747636,1479.42,1479.42,-0.22582875,0.34,47.69225815
1666762706.043187,1479.42,1479.42,-0.22582875,0.34,47.69225815
1666762716.413617,1479.42,1479.42,-0.22582875,0.34,47.69225815
1666762726.0882688,1479.42,1479.63,-0.20907661,0.55,49.09752606
1666762736.3852448,1479.42,1479.63,-0.20907661,0.55,49.09752606
1666762746.3046758,1479.42,1479.63,-0.20907661,0.55,49.09752606
1666762756.347115,1480.16,1480.16,-0.10913342,0.89,52.31934098
1666762767.2750225,1480.16,1480.16,-0.10913342,0.89,52.31934098
1666762777.726271,1480.16,1480.16,-0.10913342,0.89,52.31934098
1666762786.5849316,1480.16,1480.51,-0.0812132,1.24,54.38538449
1666762800.6424496,1480.16,1480.51,-0.0812132,1.24,54.38538449
1666762807.27554,1480.16,1480.51,-0.0812132,1.24,54.38538449
1666762816.6276774,1480.02,1480.02,-0.08251124,1.77,51.38831845
1666762831.9132488,1480.02,1480.02,-0.08251124,1.77,51.38831845
1666762836.6168785,1480.02,1480.02,-0.08251124,1.77,51.38831845
1666762848.1078365,1480.02,1479.99,-0.08490441,1.74,51.1792972
1666762856.6716723,1480.02,1479.99,-0.08490441,1.74,51.1792972
1666762866.8486512,1480.02,1479.99,-0.08490441,1.74,51.1792972
1666762876.55121,1480.68,1480.68,0.04071107,1.69,55.40950935
1666762887.0510435,1480.68,1480.68,0.04071107,1.69,55.40950935
1666762896.646356,1480.68,1480.68,0.04071107,1.69,55.40950935
1666762906.563647,1480.68,1481.74,0.12526947,2.75,60.98649962
1666762916.7637,1480.68,1481.74,0.12526947,2.75,60.98649962
1666762926.5882735,1480.68,1481.74,0.12526947,2.75,60.98649962
1666762936.5868614,1481.62,1481.62,0.2290358,1.19,60.39572827
1666762946.6695158,1481.62,1481.62,0.2290358,1.19,60.39572827
1666762957.4771378,1481.62,1481.62,0.2290358,1.19,60.39572827
1666762967.250672,1481.62,1481.69,0.23461984,1.26,60.77645708
1666762977.1316574,1481.62,1481.69,0.23461984,1.26,60.77645708
1666762987.18794,1481.62,1481.69,0.23461984,1.26,60.77645708
1666762997.1915648,1482.08,1482.08,0.37962579,1.44,62.63795927
1666763007.1710958,1482.08,1482.08,0.37962579,1.44,62.63795927
1666763017.2075546,1482.08,1482.08,0.37962579,1.44,62.63795927
1666763027.2679007,1482.08,1483.42,0.48652038,2.78,68.21893412
1666763037.2531023,1482.08,1483.42,0.48652038,2.78,68.21893412
1666763047.600793,1482.08,1483.42,0.48652038,2.78,68.21893412
1666763057.2880774,1483.23,1483.23,0.62710029,3.23,67.53124215
1666763067.2130082,1483.23,1483.23,0.62710029,3.23,67.53124215
1666763077.2706218,1483.23,1483.23,0.62710029,3.23,67.53124215
1666763087.250956,1483.23,1483.6,0.65661596,3.6,68.9406934
1666763097.2520318,1483.23,1483.6,0.65661596,3.6,68.9406934
1666763107.219942,1483.23,1483.6,0.65661596,3.6,68.9406934
1666763117.2585127,1483.81,1483.81,0.82334404,4.08,69.69019575
1666763127.1944392,1483.81,1483.81,0.82334404,4.08,69.69019575
1666763137.9333062,1483.81,1483.81,0.82334404,4.08,69.69019575
1666763148.3532057,1483.81,1483.89,0.8297258,4.16,69.98624842
1666763157.9018948,1483.81,1483.89,0.8297258,4.16,69.98624842
1666763167.9605384,1483.81,1483.89,0.8297258,4.16,69.98624842
1666763177.9938738,1484.26,1484.26,0.99508593,4.96,71.2860942
1666763187.8534276,1484.26,1484.26,0.99508593,4.96,71.2860942
1666763198.0360217,1484.26,1484.26,0.99508593,4.96,71.2860942
1666763207.9790468,1484.26,1483.94,0.96955887,4.64,68.57254204
1666763217.966743,1484.26,1483.94,0.96955887,4.64,68.57254204
1666763228.0817332,1484.26,1483.94,0.96955887,4.64,68.57254204
1666763238.3529222,1483.57,1483.57,0.99264574,4.15,65.59593343
1666763247.9324636,1483.57,1483.57,0.99264574,4.15,65.59593343
1666763257.952753,1483.57,1483.57,0.99264574,4.15,65.59593343
1666763268.1669283,1483.57,1482.25,0.88734659,2.83,56.34220401
1666763277.9534495,1483.57,1482.25,0.88734659,2.83,56.34220401
1666763287.9537823,1483.57,1482.25,0.88734659,2.83,56.34220401
1666763297.9397824,1482.01,1482.01,0.80202996,1.84,54.92156741
1666763307.97056,1482.01,1482.01,0.80202996,1.84,54.92156741
1666763318.45996,1482.01,1482.01,0.80202996,1.84,54.92156741
1666763328.5147953,1482.01,1482.51,0.841916,2.34,57.31950065
1666763338.722984,1482.01,1482.51,0.841916,2.34,57.31950065
1666763348.549457,1482.01,1482.51,0.841916,2.34,57.31950065
1666763358.5176268,1482.67,1482.67,0.83497062,2.64,58.03386089
1666763368.5015514,1482.67,1482.67,0.83497062,2.64,58.03386089
1666763378.7635777,1482.67,1482.67,0.83497062,2.64,58.03386089
1666763388.563192,1482.67,1482.87,0.85092504,2.84,58.95856964
1666763399.0390575,1482.67,1482.87,0.85092504,2.84,58.95856964
1666763408.5219562,1482.67,1482.87,0.85092504,2.84,58.95856964
1666763418.4961424,1483.58,1483.58,0.9386537,2.9,61.93604526
1666763428.547795,1483.58,1483.58,0.9386537,2.9,61.93604526
1666763438.7825675,1483.58,1483.58,0.9386537,2.9,61.93604526
1666763448.749693,1483.58,1484.25,0.99210099,3.57,64.54969192
1666763458.5234458,1483.58,1484.25,0.99210099,3.57,64.54969192
1666763468.593953,1483.58,1484.25,0.99210099,3.57,64.54969192
1666763478.528651,1484.54,1484.54,1.08802342,2.91,65.57288317
1666763488.5864432,1484.54,1484.54,1.08802342,2.91,65.57288317
1666763499.019477,1484.54,1484.54,1.08802342,2.91,65.57288317
1666763509.0205655,1484.54,1485.13,1.13508894,3.5,67.62048646
1666763518.9795349,1484.54,1485.13,1.13508894,3.5,67.62048646
1666763528.9420426,1484.54,1485.13,1.13508894,3.5,67.62048646
1666763539.10093,1484.67,1484.67,1.15041355,2.59,66.04874934
1666763548.95432,1484.67,1484.67,1.15041355,2.59,66.04874934
1666763559.0281148,1484.67,1484.67,1.15041355,2.59,66.04874934
1666763569.0855627,1484.67,1484.93,1.17115429,2.85,67.02469463
1666763579.0328126,1484.67,1484.93,1.17115429,2.85,67.02469463
1666763589.5251193,1484.67,1484.93,1.17115429,2.85,67.02469463
1666763599.017103,1484.23,1484.23,1.11463744,1.0,62.85198725
1666763609.014977,1484.23,1484.23,1.11463744,1.0,62.85198725
1666763619.0503483,1484.23,1484.23,1.11463744,1.0,62.85198725
1666763629.4425485,1484.23,1484.55,1.14016451,1.32,64.18386569
1666763639.0260415,1484.23,1484.55,1.14016451,1.32,64.18386569
1666763649.0572224,1484.23,1484.55,1.14016451,1.32,64.18386569
1666763659.0492592,1484.36,1484.36,1.12165719,0.56,63.40483176
1666763669.0551856,1484.36,1484.36,1.12165719,0.56,63.40483176
1666763679.6932282,1484.36,1484.36,1.12165719,0.56,63.40483176
1666763689.824761,1484.36,1484.91,1.16553184,1.11,65.72865245
1666763699.740991,1484.36,1484.91,1.16553184,1.11,65.72865245
1666763709.710616,1484.36,1484.91,1.16553184,1.11,65.72865245
1666763719.673957,1484.2,1484.2,1.08301574,-0.05,62.15246631
1666763729.625708,1484.2,1484.2,1.08301574,-0.05,62.15246631
1666763739.741244,1484.2,1484.2,1.08301574,-0.05,62.15246631
1666763749.9288893,1484.2,1483.61,1.03595021,-0.64,57.74765123
1666763759.687904,1484.2,1483.61,1.03595021,-0.64,57.74765123
1666763769.7408066,1484.2,1483.61,1.03595021,-0.64,57.74765123
1666763779.8426092,1484.53,1484.53,1.09705767,0.97,63.71136098
1666763789.691512,1484.53,1484.53,1.09705767,0.97,63.71136098
1666763799.7137427,1484.53,1484.53,1.09705767,0.97,63.71136098
1666763809.7187855,1484.53,1484.79,1.11779841,1.23,64.93400025
1666763819.776475,1484.53,1484.79,1.11779841,1.23,64.93400025
1666763829.761608,1484.53,1484.79,1.11779841,1.23,64.93400025
1666763839.7786355,1484.62,1484.62,1.08889579,2.62,64.10021546
1666763849.7211275,1484.62,1484.62,1.08889579,2.62,64.10021546
1666763860.3834052,1484.62,1484.6,1.08730035,2.6,63.9182978
1666763870.498418,1484.62,1484.6,1.08730035,2.6,63.9182978
1666763880.534291,1484.62,1484.6,1.08730035,2.6,63.9182978
1666763890.3924203,1484.62,1484.6,1.08730035,2.6,63.9182978
1666763900.6126728,1484.44,1484.44,1.03839689,1.77,62.49930384
1666763910.8464456,1484.44,1484.44,1.03839689,1.77,62.49930384
1666763920.3873758,1484.44,1484.44,1.03839689,1.77,62.49930384
1666763930.3965034,1484.44,1484.44,1.03839689,1.77,62.49930384
1666763940.9802558,1484.44,1484.44,1.03839689,1.77,62.49930384
1666763950.4213998,1484.91,1484.91,1.06530482,1.33,64.91151719
1666763960.5062094,1484.91,1484.91,1.06530482,1.33,64.91151719
1666763970.44294,1484.91,1484.91,1.06530482,1.33,64.91151719
1666763980.6823757,1484.91,1484.68,1.04695724,1.1,62.74781814
1666763990.4424484,1484.91,1484.68,1.04695724,1.1,62.74781814
1666764000.4453633,1484.91,1484.68,1.04695724,1.1,62.74781814
1666764010.506412,1484.35,1484.35,0.96446766,-0.19,59.86082605
1666764020.4667835,1484.35,1484.35,0.96446766,-0.19,59.86082605
1666764030.427295,1484.35,1484.35,0.96446766,-0.19,59.86082605
1666764040.9510958,1484.35,1484.35,0.96446766,-0.19,59.86082605
1666764051.0293949,1484.35,1484.11,0.94532236,-0.43,57.82291967
1666764060.9835544,1484.35,1484.11,0.94532236,-0.43,57.82291967
1666764071.0314884,1484.37,1484.37,0.91230915,-0.29,59.9842639
1666764081.0259995,1484.37,1484.37,0.91230915,-0.29,59.9842639
1666764090.962168,1484.37,1484.37,0.91230915,-0.29,59.9842639
1666764101.034114,1484.37,1484.01,0.8835912,-0.65,56.74817838
1666764111.0196447,1484.37,1484.01,0.8835912,-0.65,56.74817838
1666764121.0628035,1484.37,1484.01,0.8835912,-0.65,56.74817838
1666764131.624485,1484.11,1484.11,0.82305239,-0.09,57.60137611
1666764141.0489142,1484.11,1484.11,0.82305239,-0.09,57.60137611
1666764150.986771,1484.11,1484.11,0.82305239,-0.09,57.60137611
1666764161.214783,1484.11,1485.09,0.90122903,0.89,63.49887567
1666764171.0125108,1484.11,1485.09,0.90122903,0.89,63.49887567
1666764181.0678592,1484.11,1485.09,0.90122903,0.89,63.49887567
1666764191.049466,1484.11,1485.09,0.90122903,0.89,63.49887567
1666764201.020565,1485.85,1485.85,1.00658796,1.49,67.05290348
1666764211.0716002,1485.85,1485.85,1.00658796,1.49,67.05290348
1666764221.8461318,1485.85,1484.95,0.93479309,0.59,59.64641236
1666764232.1811256,1485.85,1484.95,0.93479309,0.59,59.64641236
1666764242.127391,1485.85,1484.95,0.93479309,0.59,59.64641236
1666764251.9669435,1485.67,1485.67,1.00410228,1.48,65.39016654
1666764262.022648,1485.67,1485.67,1.00410228,1.48,65.39016654
1666764271.9274943,1485.67,1485.67,1.00410228,1.48,65.39016654
1666764281.9708557,1485.67,1485.24,0.96980029,1.05,61.59444121
1666764292.1146517,1485.67,1485.24,0.96980029,1.05,61.59444121
1666764301.9013538,1485.67,1485.24,0.96980029,1.05,61.59444121
1666764311.9835296,1484.34,1484.34,0.81519075,-0.18,54.85085063
1666764322.1943166,1484.34,1484.34,0.81519075,-0.18,54.85085063
1666764331.9636228,1484.34,1484.34,0.81519075,-0.18,54.85085063
1666764341.959624,1484.34,1483.43,0.74259815,-1.09,49.01275358
1666764351.89671,1484.34,1483.43,0.74259815,-1.09,49.01275358
1666764361.9688654,1484.34,1483.43,0.74259815,-1.09,49.01275358
1666764371.9687555,1483.4,1483.4,0.6075118,-1.23,48.84137533
1666764382.1066911,1483.4,1483.4,0.6075118,-1.23,48.84137533
1666764391.9995255,1483.4,1483.4,0.6075118,-1.23,48.84137533
1666764402.5791612,1483.4,1484.43,0.68967704,-0.2,54.6982057
1666764412.566295,1483.4,1484.43,0.68967704,-0.2,54.6982057
1666764422.5832124,1483.4,1484.43,0.68967704,-0.2,54.6982057
1666764432.525069,1485.09,1485.09,0.73491339,0.65,57.79771097
1666764442.5363164,1485.09,1485.09,0.73491339,0.65,57.79771097
1666764453.2375746,1485.09,1485.09,0.73491339,0.65,57.79771097
1666764462.501907,1485.09,1485.1,0.73571111,0.66,57.84471811
1666764472.5552022,1485.09,1485.1,0.73571111,0.66,57.84471811
1666764482.6281044,1485.09,1485.1,0.73571111,0.66,57.84471811
1666764492.6087537,1487.0,1487.0,0.99074167,2.08,65.21031193
1666764502.5486152,1487.0,1487.0,0.99074167,2.08,65.21031193
1666764512.8639748,1487.0,1487.0,0.99074167,2.08,65.21031193
1666764522.6146004,1487.0,1487.0,0.99074167,2.08,65.21031193
1666764532.6263747,1487.0,1487.0,0.99074167,2.08,65.21031193
1666764542.6281796,1487.0,1487.0,0.99074167,2.08,65.21031193
1666764552.5622509,1487.01,1487.01,1.06316692,2.67,65.20967327
1666764562.6835554,1487.01,1487.01,1.06316692,2.67,65.20967327
1666764572.607947,1487.01,1487.01,1.06316692,2.67,65.20967327
1666764583.2174134,1487.01,1487.01,1.06316692,2.67,65.20967327
1666764593.2670248,1487.01,1487.01,1.06316692,2.67,65.20967327
1666764603.265072,1487.01,1487.01,1.06316692,2.67,65.20967327
1666764613.5816526,1487.3,1487.3,1.14753963,2.94,66.28352547
1666764623.2786424,1487.3,1487.3,1.14753963,2.94,66.28352547
1666764633.5109985,1487.3,1487.3,1.14753963,2.94,66.28352547
1666764643.2799268,1487.3,1488.17,1.21694134,3.81,69.25933143
1666764653.263372,1487.3,1488.17,1.21694134,3.81,69.25933143
1666764663.1924577,1487.3,1488.17,1.21694134,3.81,69.25933143
1666764673.2393856,1487.41,1487.41,1.19799124,3.31,66.69120941
1666764683.3712294,1487.41,1487.41,1.19799124,3.31,66.69120941
1666764693.252873,1487.41,1487.41,1.19799124,3.31,66.69120941
1666764703.2331388,1487.41,1486.94,1.16049836,2.84,63.17621301
1666764713.471571,1487.41,1486.94,1.16049836,2.84,63.17621301
1666764723.2362623,1487.41,1486.94,1.16049836,2.84,63.17621301
1666764733.25129,1492.74,1492.74,1.96983775,6.89,79.57830601
1666764743.5213983,1492.74,1492.74,1.96983775,6.89,79.57830601
1666764753.2874055,1492.74,1492.74,1.96983775,6.89,79.57830601
1666764763.8540206,1492.74,1493.47,2.02807137,7.62,80.6806242
1666764774.42568,1492.74,1493.47,2.02807137,7.62,80.6806242
1666764783.898664,1492.74,1493.47,2.02807137,7.62,80.6806242
1666764793.8919356,1492.74,1493.47,2.02807137,7.62,80.6806242
1666764803.9971457,1494.03,1494.03,2.40135692,8.37,81.44979916
1666764813.9066565,1494.03,1494.03,2.40135692,8.37,81.44979916
1666764823.904636,1494.03,1494.73,2.45719737,9.07,82.39220006
1666764833.9153326,1494.03,1494.73,2.45719737,9.07,82.39220006
1666764843.8918817,1494.03,1494.73,2.45719737,9.07,82.39220006
1666764853.930822,1493.67,1493.67,2.58057009,9.32,79.2690977
1666764863.9687424,1493.67,1493.67,2.58057009,9.32,79.2690977
1666764873.9937613,1493.67,1493.67,2.58057009,9.32,79.2690977
1666764883.891616,1493.67,1494.17,2.62045613,9.82,80.06769406
1666764893.8758852,1493.67,1494.17,2.62045613,9.82,80.06769406
1666764903.9682674,1493.67,1494.17,2.62045613,9.82,80.06769406
1666764913.9329188,1493.91,1493.91,2.74923878,10.51,79.60888869
1666764924.2169192,1493.91,1493.91,2.74923878,10.51,79.60888869
1666764934.4825945,1493.91,1493.91,2.74923878,10.51,79.60888869
1666764945.0176723,1493.91,1495.31,2.86091969,11.91,81.81471787
1666764955.256878,1493.91,1495.31,2.86091969,11.91,81.81471787
1666764965.0526335,1493.91,1495.31,2.86091969,11.91,81.81471787
1666764975.1982515,1496.71,1496.71,3.23024635,11.63,83.557279
1666764985.1519709,1496.71,1496.71,3.23024635,11.63,83.557279
1666764995.0364745,1496.71,1496.71,3.23024635,11.63,83.557279
1666765005.085652,1496.71,1494.91,3.08665661,9.83,73.76970261
1666765015.0687568,1496.71,1494.91,3.08665661,9.83,73.76970261
1666765025.130332,1496.71,1494.91,3.08665661,9.83,73.76970261
1666765035.1290417,1493.27,1493.27,2.90962258,6.28,66.65289995
1666765045.1392798,1493.27,1493.27,2.90962258,6.28,66.65289995
1666765055.0710402,1493.27,1493.27,2.90962258,6.28,66.65289995
1666765065.0665283,1493.27,1491.17,2.74210121,4.18,58.83008843
1666765075.071761,1493.27,1491.17,2.74210121,4.18,58.83008843
1666765085.018895,1493.27,1491.17,2.74210121,4.18,58.83008843
1666765095.5996292,1491.65,1491.65,2.61062955,4.63,60.4518053
1666765105.067258,1491.65,1491.65,2.61062955,4.63,60.4518053
1666765115.3996313,1491.65,1491.65,2.61062955,4.63,60.4518053
1666765125.719771,1491.65,1490.82,2.54441872,3.8,57.50014734
1666765135.6749506,1491.65,1490.82,2.54441872,3.8,57.50014734
1666765145.6155906,1491.65,1490.82,2.54441872,3.8,57.50014734
1666765155.7198417,1490.77,1490.77,2.32347517,3.47,57.33151453
1666765165.643518,1490.77,1490.77,2.32347517,3.47,57.33151453
1666765175.7551184,1490.77,1490.77,2.32347517,3.47,57.33151453
1666765185.6851397,1490.77,1490.86,2.33065466,3.56,57.57271357
1666765195.887605,1490.77,1490.86,2.33065466,3.56,57.57271357
1666765205.8208675,1490.77,1490.86,2.33065466,3.56,57.57271357
1666765215.7161686,1489.27,1489.27,1.91497415,1.86,52.36950566
1666765225.695351,1489.27,1489.27,1.91497415,1.86,52.36950566
1666765235.7198105,1489.27,1489.27,1.91497415,1.86,52.36950566
1666765245.706219,1489.27,1490.04,1.97639865,2.63,54.54438806
1666765256.2547584,1489.27,1490.04,1.97639865,2.63,54.54438806
1666765265.730104,1489.27,1490.04,1.97639865,2.63,54.54438806
1666765275.6757948,1489.6,1489.6,1.71349928,-3.13,53.32657015
1666765285.691207,1489.6,1489.6,1.71349928,-3.13,53.32657015
1666765295.7000842,1489.6,1489.6,1.71349928,-3.13,53.32657015
1666765306.3019478,1489.6,1488.82,1.65127706,-3.91,50.73178387
1666765316.2861996,1489.6,1488.82,1.65127706,-3.91,50.73178387
1666765326.38232,1489.6,1488.82,1.65127706,-3.91,50.73178387
1666765336.2524908,1489.04,1489.04,1.43633371,-4.98,51.43772382
1666765346.3576286,1489.04,1489.04,1.43633371,-4.98,51.43772382
1666765356.250222,1489.04,1489.04,1.43633371,-4.98,51.43772382
1666765366.5899122,1489.04,1488.79,1.41639069,-5.23,50.57645636
1666765376.33211,1489.04,1488.79,1.41639069,-5.23,50.57645636
1666765386.3049834,1489.04,1488.79,1.41639069,-5.23,50.57645636
1666765396.340291,1488.01,1488.01,1.09282499,-5.65,48.06311824
1666765406.3775473,1488.01,1488.01,1.09282499,-5.65,48.06311824
1666765416.4623382,1488.01,1488.01,1.09282499,-5.65,48.06311824
1666765426.3548946,1488.01,1487.69,1.06729792,-5.97,47.03153646
1666765436.256025,1488.01,1487.69,1.06729792,-5.97,47.03153646
1666765446.3054914,1488.01,1487.69,1.06729792,-5.97,47.03153646
1666765456.3006194,1487.02,1487.02,0.73565689,-6.9,45.00669068
1666765466.3859177,1487.02,1487.02,0.73565689,-6.9,45.00669068
1666765476.333652,1487.02,1487.02,0.73565689,-6.9,45.00669068
1666765487.2333722,1487.02,1487.59,0.78112698,-6.33,47.08738738
1666765497.0856156,1487.02,1487.59,0.78112698,-6.33,47.08738738
1666765507.0858593,1487.02,1487.59,0.78112698,-6.33,47.08738738
1666765517.1588132,1487.13,1487.13,0.52424016,-9.58,45.41538066
1666765527.0572865,1487.13,1487.13,0.52424016,-9.58,45.41538066
1666765537.065457,1487.13,1487.13,0.52424016,-9.58,45.41538066
1666765547.1156256,1487.13,1487.66,0.56651937,-9.05,47.47482036
1666765557.0756247,1487.13,1487.66,0.56651937,-9.05,47.47482036
1666765567.0647984,1487.13,1487.66,0.56651937,-9.05,47.47482036
1666765577.0557697,1488.54,1488.54,0.5456881,-4.74,50.56791016
1666765587.1087604,1488.54,1488.54,0.5456881,-4.74,50.56791016
1666765597.115311,1488.54,1488.54,0.5456881,-4.74,50.56791016
1666765607.570917,1488.54,1488.96,0.57919237,-4.32,52.02254199
1666765617.4730392,1488.54,1488.96,0.57919237,-4.32,52.02254199
1666765627.0827932,1488.54,1488.96,0.57919237,-4.32,52.02254199
1666765637.097278,1489.55,1489.55,0.6096843,-2.1,53.9284755
1666765647.1177874,1489.55,1489.55,0.6096843,-2.1,53.9284755
1666765657.1577137,1489.55,1489.55,0.6096843,-2.1,53.9284755
1666765667.5846343,1489.55,1490.24,0.66472704,-1.41,56.12099367
1666765677.7890575,1489.55,1490.24,0.66472704,-1.41,56.12099367
1666765687.6242783,1489.55,1490.24,0.66472704,-1.41,56.12099367
1666765697.615694,1490.59,1490.59,0.7367774,-0.18,57.15746706
1666765707.632717,1490.59,1490.59,0.7367774,-0.18,57.15746706
1666765717.646955,1490.59,1490.59,0.7367774,-0.18,57.15746706
1666765727.6572962,1490.59,1490.21,0.70646401,-0.56,55.63251411
1666765737.6701736,1490.59,1490.21,0.70646401,-0.56,55.63251411
1666765747.5914495,1490.59,1490.21,0.70646401,-0.56,55.63251411
1666765757.630643,1489.73,1489.73,0.64200922,0.46,53.80713627
1666765768.0101287,1489.73,1489.73,0.64200922,0.46,53.80713627
1666765777.6369631,1489.73,1489.73,0.64200922,0.46,53.80713627
1666765787.6547368,1489.73,1489.9,0.65557047,0.63,54.37807572
1666765797.5623536,1489.73,1489.9,0.65557047,0.63,54.37807572
1666765807.6462488,1489.73,1489.9,0.65557047,0.63,54.37807572
1666765817.6777868,1489.36,1489.36,0.56188974,-0.24,52.38041801
1666765827.6503968,1489.36,1489.36,0.56188974,-0.24,52.38041801
1666765837.6835284,1489.36,1489.36,0.56188974,-0.24,52.38041801
1666765848.3891351,1489.36,1490.72,0.67037977,1.12,56.90376155
1666765858.4295444,1489.36,1490.72,0.67037977,1.12,56.90376155
1666765868.543547,1489.36,1490.72,0.67037977,1.12,56.90376155
1666765878.7038858,1491.46,1491.46,0.81331672,2.42,59.0067567
1666765888.4523342,1491.46,1491.46,0.81331672,2.42,59.0067567
1666765898.3839424,1491.46,1491.46,0.81331672,2.42,59.0067567
1666765908.4608593,1491.46,1493.1,0.94414293,4.06,63.32199108
1666765918.4656038,1491.46,1493.1,0.94414293,4.06,63.32199108
1666765928.5919788,1491.46,1493.1,0.94414293,4.06,63.32199108
1666765938.4877195,1492.67,1492.67,1.03959387,4.65,62.28569682
1666765948.4960625,1492.67,1492.67,1.03959387,4.65,62.28569682
1666765958.861064,1492.67,1492.67,1.03959387,4.65,62.28569682
1666765968.483121,1492.67,1493.08,1.07230042,5.06,63.35086638
1666765978.4583118,1492.67,1493.08,1.07230042,5.06,63.35086638
1666765988.461892,1492.67,1493.08,1.07230042,5.06,63.35086638
1666765998.5246696,1492.14,1492.14,1.05572371,5.11,60.04089169
1666766008.5164254,1492.14,1492.14,1.05572371,5.11,60.04089169
1666766018.470047,1492.14,1492.14,1.05572371,5.11,60.04089169
1666766029.331965,1492.14,1491.71,1.02142172,4.68,58.19723511
1666766039.6785722,1492.14,1491.71,1.02142172,4.68,58.19723511
1666766049.3843362,1492.14,1491.71,1.02142172,4.68,58.19723511
1666766059.6065652,1491.44,1491.44,0.98987601,4.31,57.09636356
1666766069.4372642,1491.44,1491.44,0.98987601,4.31,57.09636356
1666766079.3909578,1491.44,1491.44,0.98987601,4.31,57.09636356
1666766089.4462154,1491.44,1492.53,1.07682758,5.4,60.35662437
1666766099.4378097,1491.44,1492.53,1.07682758,5.4,60.35662437
1666766109.3358755,1491.44,1492.53,1.07682758,5.4,60.35662437
1666766119.8605742,1494.24,1494.24,1.3665699,5.69,64.57927628
1666766129.4226987,1494.24,1494.24,1.3665699,5.69,64.57927628
1666766139.3565156,1494.24,1494.24,1.3665699,5.69,64.57927628
1666766149.4228115,1494.24,1493.97,1.34503144,5.42,63.43042292
1666766159.346561,1494.24,1493.97,1.34503144,5.42,63.43042292
1666766169.4919832,1494.24,1493.97,1.34503144,5.42,63.43042292
1666766179.448748,1497.12,1497.12,1.87825239,7.58,70.31438624
1666766189.596021,1497.12,1497.12,1.87825239,7.58,70.31438624
1666766199.4319017,1497.12,1497.12,1.87825239,7.58,70.31438624
1666766210.4815943,1497.12,1496.39,1.82001877,6.85,67.33819493
1666766220.297818,1497.12,1496.39,1.82001877,6.85,67.33819493
1666766230.2623816,1497.12,1496.39,1.82001877,6.85,67.33819493
1666766240.330222,1494.96,1494.96,1.77178122,4.38,62.17090643
1666766250.396881,1494.96,1494.96,1.77178122,4.38,62.17090643
1666766260.2628925,1494.96,1494.96,1.77178122,4.38,62.17090643
1666766270.2972937,1494.96,1495.28,1.79730829,4.7,62.85552066
1666766280.6567445,1494.96,1495.28,1.79730829,4.7,62.85552066
1666766290.352383,1494.96,1495.28,1.79730829,4.7,62.85552066
1666766300.3252769,1493.78,1493.78,1.63698856,4.05,58.22325085
1666766310.4213705,1493.78,1493.78,1.63698856,4.05,58.22325085
1666766320.304409,1493.78,1493.78,1.63698856,4.05,58.22325085
1666766330.3321452,1493.78,1494.0,1.65453842,4.27,58.75088807
1666766340.3405578,1493.78,1494.0,1.65453842,4.27,58.75088807
1666766350.4309502,1493.78,1494.0,1.65453842,4.27,58.75088807
1666766360.3405924,1494.99,1494.99,1.75814055,5.63,60.9547424
1666766370.317643,1494.99,1494.99,1.75814055,5.63,60.9547424
1666766380.376009,1494.99,1496.06,1.84349668,6.7,63.26696001
1666766390.9593282,1494.99,1496.06,1.84349668,6.7,63.26696001
1666766400.9669526,1494.99,1496.06,1.84349668,6.7,63.26696001
1666766410.972288,1495.06,1495.06,1.76605451,3.59,61.12849469
1666766420.9882555,1495.06,1495.06,1.76605451,3.59,61.12849469
1666766431.0004938,1495.06,1495.06,1.76605451,3.59,61.12849469
1666766441.2994406,1495.06,1495.06,1.76605451,3.59,61.12849469
1666766451.1484144,1495.06,1494.67,1.73494339,3.2,59.68028282
1666766461.02994,1495.06,1494.67,1.73494339,3.2,59.68028282
1666766471.421678,1495.86,1495.86,1.86146894,3.2,62.98636726
1666766481.2059317,1495.86,1495.86,1.86146894,3.2,62.98636726
1666766490.9804804,1495.86,1495.86,1.86146894,3.2,62.98636726
1666766501.3066626,1495.86,1498.33,2.05850598,5.67,68.06193687
1666766511.0128112,1495.86,1498.33,2.05850598,5.67,68.06193687
1666766521.1834102,1495.86,1498.33,2.05850598,5.67,68.06193687
1666766530.935496,1497.32,1497.32,2.07201606,5.17,66.14273752
1666766541.1683576,1497.32,1497.32,2.07201606,5.17,66.14273752
1666766551.033932,1497.32,1497.32,2.07201606,5.17,66.14273752
1666766561.0314815,1497.32,1497.71,2.10312717,5.56,66.97891989
1666766571.5729618,1497.32,1497.71,2.10312717,5.56,66.97891989
1666766581.6538255,1497.32,1497.71,2.10312717,5.56,66.97891989
1666766591.5731962,1498.44,1498.44,2.28042955,7.0,68.37980405
1666766601.535677,1498.44,1498.44,2.28042955,7.0,68.37980405
1666766611.6752212,1498.44,1498.44,2.28042955,7.0,68.37980405
1666766621.829548,1498.44,1497.84,2.2325663,6.4,65.86567693
1666766631.9293096,1498.44,1497.84,2.2325663,6.4,65.86567693
1666766641.664868,1498.44,1497.84,2.2325663,6.4,65.86567693
1666766651.643171,1499.28,1499.28,2.46646464,5.04,69.9805791
1666766661.6586285,1499.28,1499.28,2.46646464,5.04,69.9805791
1666766671.9351175,1499.28,1499.28,2.46646464,5.04,69.9805791
1666766681.6918488,1499.28,1499.28,2.46646464,5.04,69.9805791
1666766691.695978,1499.28,1499.1,2.45210566,4.86,69.17087226
1666766701.6730468,1499.28,1499.1,2.45210566,4.86,69.17087226
1666766711.688207,1499.67,1499.67,2.58673347,2.55,70.71967153
1666766721.7142775,1499.67,1499.67,2.58673347,2.55,70.71967153
1666766731.6340418,1499.67,1499.67,2.58673347,2.55,70.71967153
1666766741.6832976,1499.67,1498.29,2.476648,1.17,64.62823933
1666766752.4049616,1499.67,1498.29,2.476648,1.17,64.62823933
1666766762.3493454,1499.67,1498.29,2.476648,1.17,64.62823933
1666766772.468506,1497.5,1497.5,2.31972635,2.55,61.59123043
1666766782.3547566,1497.5,1497.5,2.31972635,2.55,61.59123043
1666766792.4403515,1497.5,1497.5,2.31972635,2.55,61.59123043
1666766802.4718704,1497.5,1498.12,2.36918504,3.17,63.05842734
1666766812.342274,1497.5,1498.12,2.36918504,3.17,63.05842734
1666766822.65529,1497.5,1498.12,2.36918504,3.17,63.05842734
1666766832.432651,1500.0,1500.0,2.57312723,6.22,66.89321384
1666766842.357424,1500.0,1500.0,2.57312723,6.22,66.89321384
1666766852.2946076,1500.0,1500.0,2.57312723,6.22,66.89321384
1666766862.3947196,1500.0,1498.85,2.48138934,5.07,62.61162038
1666766872.3843822,1500.0,1498.85,2.48138934,5.07,62.61162038
1666766882.3443909,1500.0,1498.85,2.48138934,5.07,62.61162038
1666766892.3789847,1497.36,1497.36,2.21289159,2.36,57.81686624
1666766902.5142157,1497.36,1497.36,2.21289159,2.36,57.81686624
1666766912.4162197,1497.36,1497.36,2.21289159,2.36,57.81686624
1666766922.516255,1497.36,1496.07,2.10998561,1.07,53.96383666
1666766933.0807452,1497.36,1496.07,2.10998561,1.07,53.96383666
1666766943.0932355,1497.36,1496.07,2.10998561,1.07,53.96383666
1666766953.2217472,1495.89,1495.89,1.86324926,0.84,53.46455165
1666766963.0351908,1495.89,1495.89,1.86324926,0.84,53.46455165
1666766973.1149533,1495.89,1495.89,1.86324926,0.84,53.46455165
1666766983.1852653,1495.89,1495.11,1.80102704,0.06,51.26068707
1666766993.0035768,1495.89,1495.11,1.80102704,0.06,51.26068707
1666767003.0625522,1495.89,1495.11,1.80102704,0.06,51.26068707
1666767013.4435034,1496.47,1496.47,1.74193476,0.61,54.90391644
1666767023.1627162,1496.47,1496.47,1.74193476,0.61,54.90391644
1666767033.184292,1496.47,1496.47,1.74193476,0.61,54.90391644
1666767043.1089177,1496.47,1497.22,1.80176382,1.36,56.77632537
1666767053.1507623,1496.47,1497.22,1.80176382,1.36,56.77632537
1666767063.0906637,1496.47,1497.22,1.80176382,1.36,56.77632537
1666767073.2183087,1497.78,1497.78,1.77534683,0.45,58.07240312
1666767083.0861535,1497.78,1497.78,1.77534683,0.45,58.07240312
1666767093.1225543,1497.78,1497.78,1.77534683,0.45,58.07240312
1666767103.0957382,1497.78,1497.77,1.77454911,0.44,58.03893545
1666767113.6485622,1497.78,1497.77,1.77454911,0.44,58.03893545
1666767123.994593,1497.78,1497.77,1.77454911,0.44,58.03893545
1666767133.947425,1496.42,1496.42,1.5077811,-2.03,53.84714552
1666767143.8751326,1496.42,1496.42,1.5077811,-2.03,53.84714552
1666767153.922696,1496.42,1496.42,1.5077811,-2.03,53.84714552
1666767163.6667514,1496.42,1496.21,1.49102896,-2.24,53.20379815
1666767174.1573231,1496.42,1496.21,1.49102896,-2.24,53.20379815
1666767183.780743,1496.42,1496.21,1.49102896,-2.24,53.20379815
1666767193.7271955,1496.42,1496.42,1.36595735,-2.87,53.84476055
1666767203.8035862,1496.42,1496.42,1.36595735,-2.87,53.84476055
1666767214.0383334,1496.42,1496.42,1.36595735,-2.87,53.84476055
1666767223.7384057,1496.42,1496.95,1.40823656,-2.34,55.31974499
1666767233.8387604,1496.42,1496.95,1.40823656,-2.34,55.31974499
1666767243.801761,1496.42,1496.95,1.40823656,-2.34,55.31974499
1666767253.722012,1497.22,1497.22,1.35174041,-2.46,56.03328012
1666767263.8058949,1497.22,1497.22,1.35174041,-2.46,56.03328012
1666767273.689658,1497.22,1497.22,1.35174041,-2.46,56.03328012
1666767283.7502584,1497.22,1496.87,1.32382019,-2.81,54.81131474
1666767294.547474,1497.22,1496.87,1.32382019,-2.81,54.81131474
1666767304.6288414,1497.22,1496.87,1.32382019,-2.81,54.81131474
1666767314.6002922,1497.84,1497.84,1.36222658,0.34,57.70565311
1666767324.6171231,1497.84,1497.84,1.36222658,0.34,57.70565311
1666767335.1197104,1497.84,1497.84,1.36222658,0.34,57.70565311
1666767344.6081777,1497.84,1497.39,1.32632915,-0.11,56.04928102
1666767354.6977136,1497.84,1497.39,1.32632915,-0.11,56.04928102
1666767364.6607082,1497.84,1497.39,1.32632915,-0.11,56.04928102
1666767374.7840948,1497.0,1497.0,1.1974332,-3.0,54.67720999
1666767384.654835,1497.0,1497.0,1.1974332,-3.0,54.67720999
1666767394.6363487,1497.0,1497.0,1.1974332,-3.0,54.67720999
1666767404.9990718,1497.0,1497.06,1.20221953,-2.94,54.85956389
1666767414.649239,1497.0,1497.06,1.20221953,-2.94,54.85956389
1666767424.7415106,1497.0,1497.06,1.20221953,-2.94,54.85956389
1666767434.586388,1496.61,1496.61,1.05205292,-0.75,53.28058479
1666767444.617937,1496.61,1496.61,1.05205292,-0.75,53.28058479
1666767454.8654876,1496.61,1496.61,1.05205292,-0.75,53.28058479
1666767464.7609746,1496.61,1495.84,0.99062842,-1.52,50.53239948
1666767475.2150228,1496.61,1495.84,0.99062842,-1.52,50.53239948
1666767485.3271956,1496.61,1495.84,0.99062842,-1.52,50.53239948
1666767495.7921574,1496.34,1496.34,0.9129937,0.44,52.28644364
1666767505.2962043,1496.34,1496.34,0.9129937,0.44,52.28644364
1666767515.293324,1496.34,1496.34,0.9129937,0.44,52.28644364
1666767525.304869,1496.34,1496.39,0.9169823,0.49,52.46413923
1666767535.321447,1496.34,1496.39,0.9169823,0.49,52.46413923
1666767545.384707,1496.34,1496.39,0.9169823,0.49,52.46413923
1666767555.3032415,1496.58,1496.58,0.84505745,0.1,53.11989623
1666767565.319052,1496.58,1496.58,0.84505745,0.1,53.11989623
1666767575.6990843,1496.58,1496.58,0.84505745,0.1,53.11989623
1666767585.5204377,1496.58,1497.33,0.90488651,0.85,55.74993396
1666767595.3234494,1496.58,1497.33,0.90488651,0.85,55.74993396
1666767605.542722,1496.58,1497.33,0.90488651,0.85,55.74993396
1666767615.3404033,1497.74,1497.74,0.92994047,-0.04,57.06677548
1666767625.3566804,1497.74,1497.74,0.92994047,-0.04,57.06677548
1666767635.298622,1497.74,1497.74,0.92994047,-0.04,57.06677548
1666767645.2839282,1497.74,1497.22,0.88845898,-0.56,54.84909031
1666767656.1481006,1497.74,1497.22,0.88845898,-0.56,54.84909031
1666767665.8949602,1497.74,1497.22,0.88845898,-0.56,54.84909031
1666767675.8301666,1496.16,1496.16,0.69000359,-0.27,50.80669871
1666767686.066355,1496.16,1496.16,0.69000359,-0.27,50.80669871
1666767695.8748136,1496.16,1496.16,0.69000359,-0.27,50.80669871
1666767705.9985323,1496.16,1495.6,0.64533123,-0.83,48.76237625
1666767715.816613,1496.16,1495.6,0.64533123,-0.83,48.76237625
1666767725.8066683,1496.16,1495.6,0.64533123,-0.83,48.76237625
1666767735.9136484,1495.74,1495.74,0.53415752,-0.69,49.25816077
1666767745.8119936,1495.74,1495.74,0.53415752,-0.69,49.25816077
1666767755.869373,1495.74,1495.74,0.53415752,-0.69,49.25816077
1666767765.9160793,1495.74,1496.71,0.61153643,0.28,52.83620138
1666767775.8515086,1495.74,1496.71,0.61153643,0.28,52.83620138
1666767785.9277198,1495.74,1496.71,0.61153643,0.28,52.83620138
1666767796.3711035,1498.69,1498.69,0.84923776,1.47,58.77063363
1666767805.8234842,1498.69,1498.69,0.84923776,1.47,58.77063363
1666767816.273837,1498.69,1498.69,0.84923776,1.47,58.77063363
1666767825.892214,1498.69,1499.18,0.88832608,1.96,60.10836172
1666767836.6384847,1498.69,1499.18,0.88832608,1.96,60.10836172
1666767847.2625036,1498.69,1499.18,0.88832608,1.96,60.10836172
1666767856.8605523,1499.59,1499.59,1.02927031,1.76,61.16274259
1666767866.6604297,1499.59,1499.59,1.02927031,1.76,61.16274259
1666767876.5866678,1499.59,1499.59,1.02927031,1.76,61.16274259
1666767886.6837685,1499.59,1498.38,0.93274609,0.55,56.4229672
1666767896.6253023,1499.59,1498.38,0.93274609,0.55,56.4229672
1666767906.6995833,1499.59,1498.38,0.93274609,0.55,56.4229672
1666767917.0047064,1497.89,1497.89,0.8614102,0.9,54.70249801
1666767926.679384,1497.89,1497.89,0.8614102,0.9,54.70249801
1666767936.607366,1497.89,1497.89,0.8614102,0.9,54.70249801
1666767946.7991943,1497.89,1496.71,0.76727914,-0.28,50.70728036
1666767956.6046371,1497.89,1496.71,0.76727914,-0.28,50.70728036
1666767966.6851072,1497.89,1496.71,0.76727914,-0.28,50.70728036
1666767976.7707293,1495.58,1495.58,0.4997901,-1.02,47.39345387
1666767986.8399403,1495.58,1495.58,0.4997901,-1.02,47.39345387
1666767996.6841755,1495.58,1495.58,0.4997901,-1.02,47.39345387
1666768007.217583,1495.58,1495.66,0.50617187,-0.94,47.6543792
1666768017.284795,1495.58,1495.66,0.50617187,-0.94,47.6543792
1666768027.282602,1495.58,1495.66,0.50617187,-0.94,47.6543792
1666768037.8517802,1495.83,1495.83,0.39172925,-0.51,48.20027462
1666768047.586119,1495.83,1495.83,0.39172925,-0.51,48.20027462
1666768057.5229566,1495.83,1495.83,0.39172925,-0.51,48.20027462
1666768067.3170202,1495.83,1498.37,0.59435034,2.03,55.64246162
1666768077.3469632,1495.83,1498.37,0.59435034,2.03,55.64246162
1666768087.493171,1495.83,1498.37,0.59435034,2.03,55.64246162
1666768097.4529245,1498.33,1498.33,0.6403743,1.74,55.53314714
1666768107.355001,1498.33,1498.33,0.6403743,1.74,55.53314714
1666768117.5046625,1498.33,1498.33,0.6403743,1.74,55.53314714
1666768127.3046448,1498.33,1497.16,0.54704097,0.57,51.83388318
1666768137.5764954,1498.33,1497.16,0.54704097,0.57,51.83388318
1666768147.263673,1498.33,1497.16,0.54704097,0.57,51.83388318
1666768157.2823472,1498.83,1498.83,0.74230739,1.1,56.84661525
1666768167.3844612,1498.83,1498.83,0.74230739,1.1,56.84661525
1666768177.2810838,1498.83,1498.83,0.74230739,1.1,56.84661525
1666768187.2679305,1498.83,1504.28,1.17706522,6.55,67.98986418
1666768198.278576,1498.83,1504.28,1.17706522,6.55,67.98986418
1666768207.9489365,1498.83,1504.28,1.17706522,6.55,67.98986418
1666768217.9020507,1502.29,1502.29,1.27094961,6.14,64.65965477
1666768227.9444702,1502.29,1502.29,1.27094961,6.14,64.65965477
1666768237.9280753,1502.29,1502.29,1.27094961,6.14,64.65965477
1666768247.934682,1502.29,1498.15,0.9406932,2.0,52.43726781
1666768257.9041555,1502.29,1498.15,0.9406932,2.0,52.43726781
1666768267.9145434,1502.29,1498.15,0.9406932,2.0,52.43726781
1666768277.8600178,1497.75,1497.75,0.8126103,2.01,51.49676043
1666768287.962453,1497.75,1497.75,0.8126103,2.01,51.49676043
1666768297.8247733,1497.75,1497.75,0.8126103,2.01,51.49676043
1666768307.9622903,1497.75,1497.34,0.77990375,1.6,50.49699925
1666768317.9893265,1497.75,1497.34,0.77990375,1.6,50.49699925
1666768327.9615777,1497.75,1497.34,0.77990375,1.6,50.49699925
1666768338.016904,1498.05,1498.05,0.77102437,-0.64,52.1853852
1666768347.969139,1498.05,1498.05,0.77102437,-0.64,52.1853852
1666768358.1726863,1498.05,1498.05,0.77102437,-0.64,52.1853852
1666768368.1999135,1498.05,1499.05,0.85079645,0.36,54.51909756
1666768378.4855323,1498.05,1499.05,0.85079645,0.36,54.51909756
1666768388.98971,1498.05,1499.05,0.85079645,0.36,54.51909756
1666768398.6973786,1497.83,1497.83,0.67979752,-1.76,51.60199239
1666768408.495699,1497.83,1497.83,0.67979752,-1.76,51.60199239
1666768418.571864,1497.83,1497.83,0.67979752,-1.76,51.60199239
1666768428.4802876,1497.83,1496.64,0.58486875,-2.95,48.457393
1666768438.5136456,1497.83,1496.64,0.58486875,-2.95,48.457393
1666768448.5558088,1497.83,1496.64,0.58486875,-2.95,48.457393
1666768458.5197432,1495.7,1495.7,0.31321521,-2.18,46.23018573
1666768468.5502932,1495.7,1495.7,0.31321521,-2.18,46.23018573
1666768478.7771983,1495.7,1495.7,0.31321521,-2.18,46.23018573
1666768488.7278929,1495.7,1495.97,0.33475367,-1.91,46.98019717
1666768498.5472138,1495.7,1495.97,0.33475367,-1.91,46.98019717
1666768508.5298777,1495.7,1495.97,0.33475367,-1.91,46.98019717
1666768518.656616,1493.48,1493.48,-0.15888836,-2.09,41.39510099
1666768528.6418653,1493.48,1493.48,-0.15888836,-2.09,41.39510099
1666768538.581246,1493.48,1493.48,-0.15888836,-2.09,41.39510099
1666768548.8589723,1493.48,1494.48,-0.07911628,-1.09,44.22486855
1666768559.291923,1493.48,1494.48,-0.07911628,-1.09,44.22486855
1666768569.3230965,1493.48,1494.48,-0.07911628,-1.09,44.22486855
1666768579.3225276,1494.97,1494.97,-0.17819631,-0.87,45.51597878
1666768589.3611505,1494.97,1494.97,-0.17819631,-0.87,45.51597878
1666768599.3810785,1494.97,1494.97,-0.17819631,-0.87,45.51597878
1666768609.6304936,1494.97,1495.24,-0.15665784,-0.6,46.25311397
1666768619.3596318,1494.97,1495.24,-0.15665784,-0.6,46.25311397
1666768629.3791962,1494.97,1495.24,-0.15665784,-0.6,46.25311397
1666768639.3509068,1494.76,1494.76,-0.31409416,-3.58,45.03770138
1666768649.3623867,1494.76,1494.76,-0.31409416,-3.58,45.03770138
1666768659.3930483,1494.76,1494.76,-0.31409416,-3.58,45.03770138
1666768669.348913,1494.76,1494.38,-0.34440755,-3.96,44.1238404
1666768679.361923,1494.76,1494.38,-0.34440755,-3.96,44.1238404
1666768689.4775703,1494.76,1494.38,-0.34440755,-3.96,44.1238404
1666768699.367146,1494.29,1494.29,-0.469062,-4.55,43.91223181
1666768709.7212062,1494.29,1494.29,-0.469062,-4.55,43.91223181
1666768719.3833504,1494.29,1494.29,-0.469062,-4.55,43.91223181
1666768729.3889108,1494.29,1492.67,-0.59829277,-6.17,40.20616162
1666768740.432218,1494.29,1492.67,-0.59829277,-6.17,40.20616162
1666768750.138424,1494.29,1492.67,-0.59829277,-6.17,40.20616162
1666768760.280459,1494.23,1494.23,-0.56424618,-8.06,43.76091883
1666768770.207126,1494.23,1494.23,-0.56424618,-8.06,43.76091883
1666768780.2630658,1494.23,1494.23,-0.56424618,-8.06,43.76091883
1666768790.2676375,1494.23,1495.02,-0.50122624,-7.27,46.34484736
1666768800.017275,1494.23,1495.02,-0.50122624,-7.27,46.34484736
1666768810.0743604,1495.38,1495.38,-0.46608279,-2.37,47.44906028
1666768820.0037243,1495.38,1495.38,-0.46608279,-2.37,47.44906028
1666768830.0159602,1495.38,1495.38,-0.46608279,-2.37,47.44906028
1666768840.050027,1495.38,1495.38,-0.46608279,-2.37,47.44906028
1666768850.027045,1495.38,1496.28,-0.39428792,-1.47,50.2030776
1666768860.035835,1495.38,1496.28,-0.39428792,-1.47,50.2030776
1666768870.0196223,1495.38,1496.28,-0.39428792,-1.47,50.2030776
1666768880.067318,1497.18,1497.18,-0.20252551,-0.88,52.68737177
1666768890.0868,1497.18,1497.18,-0.20252551,-0.88,52.68737177
1666768900.4846826,1497.18,1497.39,-0.18577337,-0.67,53.27264965
1666768910.100854,1497.18,1497.39,-0.18577337,-0.67,53.27264965
1666768920.566909,1497.18,1497.39,-0.18577337,-0.67,53.27264965
1666768930.615839,1497.45,1497.45,-0.06743299,-0.39,53.43722162
1666768940.83788,1497.45,1497.45,-0.06743299,-0.39,53.43722162
1666768950.5918176,1497.45,1497.45,-0.06743299,-0.39,53.43722162
1666768960.6242368,1497.45,1497.74,-0.04429909,-0.1,54.27545612
1666768970.6711545,1497.45,1497.74,-0.04429909,-0.1,54.27545612
1666768981.058591,1497.45,1497.74,-0.04429909,-0.1,54.27545612
1666768990.7874384,1497.68,1497.68,0.05543161,1.97,54.09681549
1666769000.5875256,1497.68,1497.68,0.05543161,1.97,54.09681549
1666769010.7523108,1497.68,1497.68,0.05543161,1.97,54.09681549
1666769020.668146,1497.68,1497.68,0.05543161,1.97,54.09681549
1666769030.6459255,1497.68,1497.87,0.0705883,2.16,54.6801396
1666769040.5543616,1497.68,1497.87,0.0705883,2.16,54.6801396
1666769050.5888884,1498.06,1498.06,0.18916331,4.58,55.24584999
1666769061.1637862,1498.06,1498.06,0.18916331,4.58,55.24584999
1666769070.6258972,1498.06,1498.06,0.18916331,4.58,55.24584999
1666769080.6070728,1498.06,1499.86,0.33275305,6.38,60.28347355
1666769090.6204324,1498.06,1499.86,0.33275305,6.38,60.28347355
1666769102.018181,1498.06,1499.86,0.33275305,6.38,60.28347355
1666769112.016306,1502.84,1502.84,0.94375513,7.88,66.52352256
1666769121.8287177,1502.84,1502.84,0.94375513,7.88,66.52352256
1666769131.7720623,1502.84,1502.84,0.94375513,7.88,66.52352256
1666769141.8020215,1502.84,1503.03,0.95891182,8.07,66.88071937
1666769151.8388522,1502.84,1503.03,0.95891182,8.07,66.88071937
1666769162.1087155,1502.84,1503.03,0.95891182,8.07,66.88071937
1666769171.8429658,1502.92,1502.92,1.23677502,8.17,66.67630455
1666769181.791485,1502.92,1502.92,1.23677502,8.17,66.67630455
1666769191.815447,1502.92,1502.92,1.23677502,8.17,66.67630455
1666769201.7751057,1502.92,1505.28,1.42503712,10.53,70.86094901
1666769211.79224,1502.92,1505.28,1.42503712,10.53,70.86094901
1666769221.841951,1502.92,1505.28,1.42503712,10.53,70.86094901
1666769231.9280868,1510.05,1510.05,2.45641019,15.75,76.73443261
1666769241.9405355,1510.05,1510.05,2.45641019,15.75,76.73443261
1666769252.1119342,1510.05,1510.05,2.45641019,15.75,76.73443261
1666769261.849305,1510.05,1509.29,2.39578341,14.99,74.16077387
1666769271.7944608,1510.05,1509.29,2.39578341,14.99,74.16077387
1666769282.5333016,1510.05,1509.29,2.39578341,14.99,74.16077387
1666769292.5654316,1511.4,1511.4,3.12918042,17.16,78.08277428
1666769302.6051157,1511.4,1511.4,3.12918042,17.16,78.08277428
1666769312.3722427,1511.4,1511.4,3.12918042,17.16,78.08277428
1666769322.321144,1511.4,1509.59,2.98479295,15.35,72.04295095
1666769332.4631553,1511.4,1509.59,2.98479295,15.35,72.04295095
1666769342.3280032,1511.4,1509.59,2.98479295,15.35,72.04295095
1666769352.4472687,1510.95,1510.95,3.47200699,15.56,76.48850077
1666769362.3759396,1510.95,1510.95,3.47200699,15.56,76.48850077
1666769372.369698,1510.95,1510.95,3.47200699,15.56,76.48850077
1666769382.3970685,1510.95,1513.69,3.69058249,18.3,79.26464374
1666769392.5161564,1510.95,1513.69,3.69058249,18.3,79.26464374
1666769402.4133031,1510.95,1513.69,3.69058249,18.3,79.26464374
1666769412.91395,1516.77,1516.77,4.55127483,19.6,81.69485131
1666769422.377809,1516.77,1516.77,4.55127483,19.6,81.69485131
1666769432.4127104,1516.77,1516.77,4.55127483,19.6,81.69485131
1666769442.402362,1516.77,1516.77,4.55127483,19.6,81.69485131
1666769452.3702774,1516.77,1515.86,4.47868224,18.69,78.78131225
1666769462.951474,1516.77,1515.86,4.47868224,18.69,78.78131225
1666769473.3082612,1516.18,1516.18,4.89846275,18.73,79.79057755
1666769483.006276,1516.18,1516.18,4.89846275,18.73,79.79057755
1666769493.1778514,1516.18,1516.18,4.89846275,18.73,79.79057755
1666769502.9995835,1516.18,1515.32,4.82985876,17.87,76.93788142
1666769512.9227543,1516.18,1515.32,4.82985876,17.87,76.93788142
1666769522.9005928,1516.18,1515.32,4.82985876,17.87,76.93788142
1666769532.967105,1516.18,1515.32,4.82985876,17.87,76.93788142
1666769542.8654742,1513.47,1513.47,4.7684355,15.78,71.44325212
1666769552.9547403,1513.47,1513.47,4.7684355,15.78,71.44325212
1666769562.965478,1513.47,1512.79,4.71419048,15.1,69.47910393
1666769573.144663,1513.47,1512.79,4.71419048,15.1,69.47910393
1666769583.0054595,1513.47,1512.79,4.71419048,15.1,69.47910393
1666769592.981593,1511.08,1511.08,4.44497023,13.03,64.98247516
1666769603.1277156,1511.08,1511.08,4.44497023,13.03,64.98247516
1666769613.015421,1511.08,1511.08,4.44497023,13.03,64.98247516
1666769623.0038478,1511.08,1511.66,4.49123804,13.61,65.81563265
1666769633.0194771,1511.08,1511.66,4.49123804,13.61,65.81563265
1666769644.2198155,1511.08,1511.66,4.49123804,13.61,65.81563265
1666769654.0912504,1509.99,1509.99,4.13554268,7.16,62.21880999
1666769664.162491,1509.99,1509.99,4.13554268,7.16,62.21880999
1666769674.106275,1509.99,1509.99,4.13554268,7.16,62.21880999
1666769684.1047046,1509.99,1512.37,4.32540023,9.54,65.66339511
1666769694.1948454,1509.99,1512.37,4.32540023,9.54,65.66339511
1666769704.0933373,1509.99,1512.37,4.32540023,9.54,65.66339511
1666769714.1073406,1512.69,1512.69,4.29577908,9.78,66.06405292
1666769724.1326256,1512.69,1512.69,4.29577908,9.78,66.06405292
1666769734.2549274,1512.69,1512.69,4.29577908,9.78,66.06405292
1666769744.1290517,1512.69,1513.02,4.32210387,10.11,66.52611149
1666769754.3033187,1512.69,1513.02,4.32210387,10.11,66.52611149
1666769764.3673186,1512.69,1513.02,4.32210387,10.11,66.52611149
1666769774.0839453,1512.48,1512.48,4.17392182,2.42,65.5033362
1666769784.079271,1512.48,1512.48,4.17392182,2.42,65.5033362
1666769794.1732495,1512.48,1512.48,4.17392182,2.42,65.5033362
1666769804.110738,1512.48,1513.27,4.23694177,3.21,66.66000245
1666769814.1241648,1512.48,1513.27,4.23694177,3.21,66.66000245
1666769825.019848,1512.48,1513.27,4.23694177,3.21,66.66000245
1666769835.171597,1513.6,1513.6,4.20170944,2.19,67.11540657
1666769844.9932623,1513.6,1513.6,4.20170944,2.19,67.11540657
1666769855.106578,1513.6,1513.6,4.20170944,2.19,67.11540657
1666769865.0829947,1513.6,1513.01,4.15464391,1.6,65.39551096
1666769874.966552,1513.6,1513.01,4.15464391,1.6,65.39551096
1666769885.017931,1513.6,1513.01,4.15464391,1.6,65.39551096
1666769895.66613,1509.66,1509.66,3.5480141,-1.29,57.08477136
1666769905.0005343,1509.66,1509.66,3.5480141,-1.29,57.08477136
1666769915.0698206,1509.66,1509.66,3.5480141,-1.29,57.08477136
1666769925.0575964,1509.66,1509.19,3.51052122,-1.76,56.01549202
1666769935.0473251,1509.66,1509.19,3.51052122,-1.76,56.01549202
1666769945.0244718,1509.66,1509.19,3.51052122,-1.76,56.01549202
1666769955.06725,1510.87,1510.87,3.41396392,-5.89,59.09496079
1666769965.05079,1510.87,1510.87,3.41396392,-5.89,59.09496079
1666769975.03463,1510.87,1510.87,3.41396392,-5.89,59.09496079
1666769985.0551362,1510.87,1509.53,3.30706934,-7.23,55.95774103
1666769995.0977335,1510.87,1509.53,3.30706934,-7.23,55.95774103
1666770005.6667247,1510.87,1509.53,3.30706934,-7.23,55.95774103
1666770015.6515386,1510.29,1510.29,3.11179367,-5.89,57.69490473
1666770025.8732183,1510.29,1510.29,3.11179367,-5.89,57.69490473
1666770035.7082727,1510.29,1510.29,3.11179367,-5.89,57.69490473
1666770045.7300477,1510.29,1510.22,3.10620962,-5.96,57.51779114
1666770056.350054,1510.29,1510.22,3.10620962,-5.96,57.51779114
1666770065.7481894,1510.29,1510.22,3.10620962,-5.96,57.51779114
1666770075.6514778,1509.29,1509.29,2.73447577,-4.18,55.26386038
1666770085.608276,1509.29,1509.29,2.73447577,-4.18,55.26386038
1666770095.7186372,1509.29,1509.29,2.73447577,-4.18,55.26386038
1666770105.6572125,1509.29,1509.88,2.78154129,-3.59,56.43033773
1666770115.63118,1509.29,1509.88,2.78154129,-3.59,56.43033773
1666770125.6970367,1509.29,1509.88,2.78154129,-3.59,56.43033773
1666770135.8543751,1510.06,1510.06,2.57842692,-1.04,56.77565534
1666770145.6867588,1510.06,1510.06,2.57842692,-1.04,56.77565534
1666770155.856507,1510.06,1510.06,2.57842692,-1.04,56.77565534
1666770165.7285264,1510.06,1509.54,2.53694544,-1.56,55.42006524
1666770175.666113,1510.06,1509.54,2.53694544,-1.56,55.42006524
1666770186.2819908,1510.06,1509.54,2.53694544,-1.56,55.42006524
1666770196.3078065,1509.68,1509.68,2.32556528,-0.32,55.78028678
1666770206.2984118,1509.68,1509.68,2.32556528,-0.32,55.78028678
1666770216.7161343,1509.68,1509.68,2.32556528,-0.32,55.78028678
1666770226.5838258,1509.68,1510.12,2.360665,0.12,56.73215588
1666770236.412749,1509.68,1510.12,2.360665,0.12,56.73215588
1666770246.2330203,1509.68,1510.12,2.360665,0.12,56.73215588
1666770256.30233,1512.76,1512.76,2.56071432,0.06,61.66906467
1666770266.330984,1512.76,1512.76,2.56071432,0.06,61.66906467
1666770276.28748,1512.76,1512.76,2.56071432,0.06,61.66906467
1666770286.377766,1512.76,1512.33,2.52641233,-0.37,60.45716901
1666770296.532827,1512.76,1512.33,2.52641233,-0.37,60.45716901
1666770306.356105,1512.76,1512.33,2.52641233,-0.37,60.45716901
1666770316.3186371,1512.97,1512.97,2.54863323,0.48,62.05989313
1666770326.528594,1512.97,1512.97,2.54863323,0.48,62.05989313
1666770336.571709,1512.97,1512.97,2.54863323,0.48,62.05989313
1666770346.5184884,1512.97,1514.22,2.64834833,1.73,64.28124625
1666770356.2649906,1512.97,1514.22,2.64834833,1.73,64.28124625
1666770366.9643476,1512.97,1514.22,2.64834833,1.73,64.28124625
1666770377.041456,1514.24,1514.24,2.68089508,0.64,64.29897862
1666770386.8692348,1514.24,1514.24,2.68089508,0.64,64.29897862
1666770397.1802452,1514.24,1514.24,2.68089508,0.64,64.29897862
1666770407.454462,1514.24,1512.25,2.52214865,-1.35,58.44359706
1666770416.967086,1514.24,1512.25,2.52214865,-1.35,58.44359706
1666770427.0035117,1514.24,1512.25,2.52214865,-1.35,58.44359706
1666770436.9829445,1513.21,1513.21,2.52898072,3.56,61.12679542
1666770446.9477403,1513.21,1513.21,2.52898072,3.56,61.12679542
1666770457.0026655,1513.21,1513.21,2.52898072,3.56,61.12679542
1666770467.257802,1513.21,1514.75,2.65182972,5.1,63.99890806
1666770477.1331348,1513.21,1514.75,2.65182972,5.1,63.99890806
1666770487.0332155,1513.21,1514.75,2.65182972,5.1,63.99890806
1666770496.8936217,1514.16,1514.16,2.57856714,3.28,62.95556438
1666770507.023067,1514.16,1514.16,2.57856714,3.28,62.95556438
1666770517.256539,1514.16,1514.16,2.57856714,3.28,62.95556438
1666770526.9873047,1514.16,1514.63,2.61606002,3.75,63.85537793
1666770537.1072145,1514.16,1514.63,2.61606002,3.75,63.85537793
1666770547.5314302,1514.16,1514.63,2.61606002,3.75,63.85537793
1666770557.7504675,1514.69,1514.69,2.60358822,4.4,63.96853906
1666770567.8542,1514.69,1514.69,2.60358822,4.4,63.96853906
1666770577.4399378,1514.69,1514.69,2.60358822,4.4,63.96853906
1666770587.5143757,1514.69,1514.85,2.61635175,4.56,64.28558202
1666770597.9158337,1514.69,1514.85,2.61635175,4.56,64.28558202
1666770607.5193534,1514.69,1514.85,2.61635175,4.56,64.28558202
1666770617.517241,1514.15,1514.15,2.48468562,4.86,62.12082121
1666770627.5189073,1514.15,1514.15,2.48468562,4.86,62.12082121
1666770637.488394,1514.15,1514.15,2.48468562,4.86,62.12082121
1666770647.58018,1514.15,1512.75,2.37300471,3.46,57.44988402
1666770657.5630257,1514.15,1512.75,2.37300471,3.46,57.44988402
1666770667.6096375,1514.15,1512.75,2.37300471,3.46,57.44988402
1666770677.5455637,1512.9,1512.9,2.22025943,2.85,57.9164705
1666770687.5771687,1512.9,1512.9,2.22025943,2.85,57.9164705
1666770697.7382426,1512.9,1512.9,2.22025943,2.85,57.9164705
1666770707.4986055,1512.9,1512.64,2.19951868,2.59,57.05154799
1666770717.7021835,1512.9,1512.64,2.19951868,2.59,57.05154799
1666770728.4625409,1512.9,1512.64,2.19951868,2.59,57.05154799
1666770738.100108,1512.2,1512.2,1.96757233,2.52,55.64283575
1666770748.100602,1512.2,1512.2,1.96757233,2.52,55.64283575
1666770758.1362317,1512.2,1512.2,1.96757233,2.52,55.64283575
1666770768.121133,1512.2,1512.66,2.00426749,2.98,56.84861389
1666770778.159103,1512.2,1512.66,2.00426749,2.98,56.84861389
1666770788.357505,1512.2,1512.66,2.00426749,2.98,56.84861389
1666770798.414958,1512.34,1512.34,1.81009103,-0.43,56.02154775
1666770808.1196673,1512.34,1512.34,1.81009103,-0.43,56.02154775
1666770818.1353118,1512.34,1512.34,1.81009103,-0.43,56.02154775
1666770828.3065586,1512.34,1513.1,1.87071781,0.33,58.07672368
1666770838.146371,1512.34,1513.1,1.87071781,0.33,58.07672368
1666770848.1431594,1512.34,1513.1,1.87071781,0.33,58.07672368
1666770858.3144753,1513.74,1513.74,1.85585389,0.83,59.64992287
1666770868.2914882,1513.74,1513.74,1.85585389,0.83,59.64992287
1666770878.129644,1513.74,1513.74,1.85585389,0.83,59.64992287
1666770888.4817655,1513.74,1514.08,1.8829764,1.17,60.51752312
1666770898.268312,1513.74,1514.08,1.8829764,1.17,60.51752312
1666770908.9276638,1513.74,1514.08,1.8829764,1.17,60.51752312
1666770919.335672,1514.28,1514.28,1.85877011,0.03,61.00390839
1666770928.8888094,1514.28,1514.28,1.85877011,0.03,61.00390839
1666770938.8604283,1514.28,1514.28,1.85877011,0.03,61.00390839
1666770948.902062,1514.28,1513.56,1.80133421,-0.69,58.22317662
1666770958.8927257,1514.28,1513.56,1.80133421,-0.69,58.22317662
1666770968.8742874,1514.28,1513.56,1.80133421,-0.69,58.22317662
1666770978.86888,1512.88,1512.88,1.60821512,-0.34,55.82009552
1666770988.8864462,1512.88,1512.88,1.60821512,-0.34,55.82009552
1666770998.8682077,1512.88,1512.88,1.60821512,-0.34,55.82009552
1666771008.8801646,1512.88,1514.34,1.72468236,1.12,59.6690244
1666771018.9627905,1512.88,1514.34,1.72468236,1.12,59.6690244
1666771028.9292724,1512.88,1514.34,1.72468236,1.12,59.6690244
1666771039.1815734,1515.95,1515.95,1.91506625,1.8,63.20401726
1666771048.8714125,1515.95,1515.95,1.91506625,1.8,63.20401726
1666771058.9048247,1515.95,1515.95,1.91506625,1.8,63.20401726
1666771068.9324095,1515.95,1516.28,1.94139103,2.13,63.90241165
1666771079.3885634,1515.95,1516.28,1.94139103,2.13,63.90241165
1666771089.7378645,1515.95,1516.28,1.94139103,2.13,63.90241165
1666771099.537079,1517.93,1517.93,2.22167684,3.25,67.03118224
1666771109.6159282,1517.93,1517.93,2.22167684,3.25,67.03118224
1666771119.5482397,1517.93,1517.93,2.22167684,3.25,67.03118224
1666771129.5198536,1517.93,1519.5,2.34691901,4.82,69.72051423
1666771139.521244,1517.93,1519.5,2.34691901,4.82,69.72051423
1666771149.5282853,1517.93,1519.5,2.34691901,4.82,69.72051423
1666771159.4987924,1518.26,1518.26,2.35948119,4.11,67.6353822
1666771169.5264077,1518.26,1518.26,2.35948119,4.11,67.6353822
1666771179.7419908,1518.26,1518.26,2.35948119,4.11,67.6353822
1666771189.471305,1518.26,1515.92,2.17281452,1.77,59.33203556
1666771199.5631328,1518.26,1515.92,2.17281452,1.77,59.33203556
1666771209.527881,1518.26,1515.92,2.17281452,1.77,59.33203556
1666771219.4350543,1515.59,1515.59,2.04619163,2.69,58.30841152
1666771229.6580412,1515.59,1515.59,2.04619163,2.69,58.30841152
1666771239.5361958,1515.59,1515.59,2.04619163,2.69,58.30841152
1666771249.5260477,1515.59,1516.48,2.11718878,3.58,60.33731653
1666771259.5070295,1515.59,1516.48,2.11718878,3.58,60.33731653
1666771270.7374291,1515.59,1516.48,2.11718878,3.58,60.33731653
1666771280.298466,1515.94,1515.94,1.99001897,3.73,59.16308242
1666771290.366713,1515.94,1515.94,1.99001897,3.73,59.16308242
1666771300.4041636,1515.94,1517.17,2.08813863,4.96,61.92795333
1666771310.3675492,1515.94,1517.17,2.08813863,4.96,61.92795333
1666771320.3865366,1515.94,1517.17,2.08813863,4.96,61.92795333
1666771330.416446,1517.8,1517.8,2.16439018,5.46,63.20397556
1666771340.3719213,1517.8,1517.8,2.16439018,5.46,63.20397556
1666771350.5392578,1517.8,1517.8,2.16439018,5.46,63.20397556
1666771360.361992,1517.8,1517.35,2.12849275,5.01,61.61543544
1666771370.6087892,1517.8,1517.35,2.12849275,5.01,61.61543544
1666771380.5433447,1517.8,1517.35,2.12849275,5.01,61.61543544
1666771390.3395193,1517.8,1517.35,2.12849275,5.01,61.61543544
1666771400.4261591,1519.24,1519.24,2.36303741,5.49,66.00970334
1666771410.2910838,1519.24,1519.24,2.36303741,5.49,66.00970334
1666771420.3672984,1519.24,1517.59,2.23141348,3.84,60.34643704
1666771430.7196038,1519.24,1517.59,2.23141348,3.84,60.34643704
1666771440.4886878,1519.24,1517.59,2.23141348,3.84,60.34643704
1666771451.0498588,1518.27,1518.27,2.26463171,3.99,62.55310231
1666771461.5124614,1518.27,1518.27,2.26463171,3.99,62.55310231
1666771471.063478,1518.27,1518.27,2.26463171,3.99,62.55310231
1666771481.303537,1518.27,1519.14,2.33403342,4.86,64.35665767
1666771491.0964766,1518.27,1519.14,2.33403342,4.86,64.35665767
1666771501.0260298,1518.27,1519.14,2.33403342,4.86,64.35665767
1666771511.050956,1518.27,1519.14,2.33403342,4.86,64.35665767
1666771521.151481,1520.16,1520.16,2.49015007,7.28,66.26175447
1666771531.0548468,1520.16,1520.16,2.49015007,7.28,66.26175447
1666771541.2070694,1520.16,1519.29,2.42074836,6.41,63.1608366
1666771551.232779,1520.16,1519.29,2.42074836,6.41,63.1608366
1666771561.076283,1520.16,1519.29,2.42074836,6.41,63.1608366
1666771571.1204128,1520.31,1520.31,2.54154079,4.36,66.54494333
1666771581.2481048,1520.31,1520.31,2.54154079,4.36,66.54494333
1666771591.3022823,1520.31,1520.31,2.54154079,4.36,66.54494333
1666771601.1303248,1520.31,1519.99,2.51601372,4.04,65.28596885
1666771611.2971668,1520.31,1519.99,2.51601372,4.04,65.28596885
1666771621.294794,1520.31,1519.99,2.51601372,4.04,65.28596885
1666771631.5227594,1520.31,1519.99,2.51601372,4.04,65.28596885
1666771641.5830803,1519.46,1519.46,2.42269181,1.53,63.28878008
1666771652.1352172,1519.46,1519.46,2.42269181,1.53,63.28878008
1666771661.6471777,1519.46,1518.29,2.32935847,0.36,59.04045802
1666771671.7407813,1519.46,1518.29,2.32935847,0.36,59.04045802
1666771681.5239477,1519.46,1518.29,2.32935847,0.36,59.04045802
1666771691.5922794,1517.79,1517.79,2.11964169,-0.47,57.3882696
1666771701.5777795,1517.79,1517.79,2.11964169,-0.47,57.3882696
1666771711.707187,1517.79,1517.79,2.11964169,-0.47,57.3882696
1666771721.654671,1517.79,1515.24,1.91622288,-3.02,49.74294076
1666771731.6130495,1517.79,1515.24,1.91622288,-3.02,49.74294076
1666771741.6637623,1517.79,1515.24,1.91622288,-3.02,49.74294076
1666771751.671146,1514.83,1514.83,1.54399498,-0.82,48.6997977
1666771761.643127,1514.83,1514.83,1.54399498,-0.82,48.6997977
1666771771.7046268,1514.83,1514.83,1.54399498,-0.82,48.6997977
1666771781.6681166,1514.83,1514.84,1.54479271,-0.81,48.72803955
1666771791.5825636,1514.83,1514.84,1.54479271,-0.81,48.72803955
1666771801.6592095,1514.83,1514.84,1.54479271,-0.81,48.72803955
1666771812.4088776,1515.39,1515.39,1.34017174,-0.55,50.23254845
1666771822.0513537,1515.39,1515.39,1.34017174,-0.55,50.23254845
1666771832.1218238,1515.39,1515.39,1.34017174,-0.55,50.23254845
1666771842.0955238,1515.39,1512.85,1.13755066,-3.09,43.83289793
1666771852.0900226,1515.39,1512.85,1.13755066,-3.09,43.83289793
1666771862.0794706,1515.39,1512.85,1.13755066,-3.09,43.83289793
1666771872.0636888,1512.33,1512.33,0.69763054,-5.47,42.71710287
1666771882.1699326,1512.33,1512.33,0.69763054,-5.47,42.71710287
1666771892.093072,1512.33,1512.33,0.69763054,-5.47,42.71710287
1666771902.131581,1512.33,1511.69,0.64657641,-6.11,41.32486005
1666771912.318349,1512.33,1511.69,0.64657641,-6.11,41.32486005
1666771922.0959268,1512.33,1511.69,0.64657641,-6.11,41.32486005
1666771932.2280247,1511.03,1511.03,0.19250117,-8.2,39.99320434
1666771942.1131809,1511.03,1511.03,0.19250117,-8.2,39.99320434
1666771952.1942823,1511.03,1511.03,0.19250117,-8.2,39.99320434
1666771962.0968823,1511.03,1509.53,0.07284305,-9.7,37.03490778
1666771972.8527212,1511.03,1509.53,0.07284305,-9.7,37.03490778
1666771982.1603427,1511.03,1509.53,0.07284305,-9.7,37.03490778
1666771992.8739204,1509.76,1509.76,-0.30372114,-8.5,37.47319557
1666772002.8340602,1509.76,1509.76,-0.30372114,-8.5,37.47319557
1666772012.9854646,1509.76,1509.76,-0.30372114,-8.5,37.47319557
1666772022.8328693,1509.76,1509.64,-0.31329379,-8.62,37.22065932
1666772032.78567,1509.76,1509.64,-0.31329379,-8.62,37.22065932
1666772042.8099024,1509.76,1509.64,-0.31329379,-8.62,37.22065932
1666772052.7786477,1510.71,1510.71,-0.47412846,-9.45,40.50442013
1666772062.7476156,1510.71,1510.71,-0.47412846,-9.45,40.50442013
1666772072.7537591,1510.71,1510.71,-0.47412846,-9.45,40.50442013
1666772082.7524705,1510.71,1510.73,-0.47253302,-9.43,40.5591715
1666772092.837568,1510.71,1510.73,-0.47253302,-9.43,40.5591715
1666772102.7345345,1510.71,1510.73,-0.47253302,-9.43,40.5591715
1666772113.0188868,1511.05,1511.05,-0.61417157,-9.26,41.58266873
1666772122.8475764,1511.05,1511.05,-0.61417157,-9.26,41.58266873
1666772133.3604543,1511.05,1511.05,-0.61417157,-9.26,41.58266873
1666772142.7958877,1511.05,1512.1,-0.53041089,-8.21,44.93321445
1666772153.1066124,1511.05,1512.1,-0.53041089,-8.21,44.93321445
1666772162.9931078,1511.05,1512.1,-0.53041089,-8.21,44.93321445
1666772173.6021166,1514.07,1514.07,-0.30753254,-5.38,50.27017341
1666772183.6375954,1514.07,1514.07,-0.30753254,-5.38,50.27017341
1666772193.9166129,1514.07,1514.07,-0.30753254,-5.38,50.27017341
1666772203.7224596,1514.07,1514.0,-0.31311658,-5.45,50.0851067
1666772213.98312,1514.07,1514.0,-0.31311658,-5.45,50.0851067
1666772223.640064,1514.07,1514.0,-0.31311658,-5.45,50.0851067
1666772233.632447,1512.14,1512.14,-0.52972758,-5.65,45.62847397
1666772243.630778,1512.14,1512.14,-0.52972758,-5.65,45.62847397
1666772253.6552684,1512.14,1512.14,-0.52972758,-5.65,45.62847397
1666772263.661861,1512.14,1511.89,-0.5496706,-5.9,45.04298985
1666772273.6939156,1512.14,1511.89,-0.5496706,-5.9,45.04298985
1666772283.8584757,1512.14,1511.89,-0.5496706,-5.9,45.04298985
1666772294.1925745,1511.67,1511.67,-0.64296659,-3.16,44.54383708
1666772303.6648622,1511.67,1511.67,-0.64296659,-3.16,44.54383708
1666772313.6087916,1511.67,1511.67,-0.64296659,-3.16,44.54383708
1666772323.655992,1511.67,1511.2,-0.68045947,-3.63,43.43639777
1666772333.6520164,1511.67,1511.2,-0.68045947,-3.63,43.43639777
1666772343.6964843,1511.67,1511.2,-0.68045947,-3.63,43.43639777
1666772354.4262257,1510.01,1510.01,-0.92964632,-5.39,40.86408823
1666772364.4162295,1510.01,1510.01,-0.92964632,-5.39,40.86408823
1666772374.434106,1510.01,1510.01,-0.92964632,-5.39,40.86408823
1666772384.4465382,1510.01,1510.79,-0.8674241,-4.61,43.23692396
1666772394.6226156,1510.01,1510.79,-0.8674241,-4.61,43.23692396
1666772404.6552,1510.01,1510.79,-0.8674241,-4.61,43.23692396
1666772414.499009,1510.69,1510.69,-0.94378304,-1.65,42.9434108
1666772424.8278348,1510.69,1510.69,-0.94378304,-1.65,42.9434108
1666772434.86772,1510.69,1510.69,-0.94378304,-1.65,42.9434108
1666772444.4953628,1510.69,1509.65,-1.02674601,-2.69,40.5925546
1666772455.1199129,1510.69,1509.65,-1.02674601,-2.69,40.5925546
1666772464.508083,1510.69,1509.65,-1.02674601,-2.69,40.5925546
1666772474.6853256,1509.3,1509.3,-1.18371288,-1.72,39.87110062
1666772484.4857264,1509.3,1509.3,-1.18371288,-1.72,39.87110062
1666772494.509307,1509.3,1509.3,-1.18371288,-1.72,39.87110062
1666772504.7040124,1509.3,1510.15,-1.11590661,-0.87,42.58462534
1666772514.6378036,1509.3,1510.15,-1.11590661,-0.87,42.58462534
1666772524.5646255,1509.3,1510.15,-1.11590661,-0.87,42.58462534
1666772535.097264,1510.99,1510.99,-1.03180059,1.24,45.03588937
1666772545.0682626,1510.99,1510.99,-1.03180059,1.24,45.03588937
1666772555.0590615,1510.99,1510.99,-1.03180059,1.24,45.03588937
1666772565.094041,1510.99,1511.47,-0.99350999,1.72,46.44298902
1666772575.4636214,1510.99,1511.47,-0.99350999,1.72,46.44298902
1666772585.1861603,1510.99,1511.47,-0.99350999,1.72,46.44298902
1666772595.10408,1511.51,1511.51,-0.93313823,0.79,46.55700225
1666772605.2622006,1511.51,1511.51,-0.93313823,0.79,46.55700225
1666772615.1298764,1511.51,1511.51,-0.93313823,0.79,46.55700225
1666772625.0858264,1511.51,1511.56,-0.92914963,0.84,46.70971721
1666772635.1214902,1511.51,1511.56,-0.92914963,0.84,46.70971721
1666772645.732268,1511.51,1511.56,-0.92914963,0.84,46.70971721
1666772655.2462533,1511.56,1511.56,-0.87125212,0.51,46.71205986
1666772665.1737058,1511.56,1511.56,-0.87125212,0.51,46.71205986
1666772675.1012912,1511.56,1511.56,-0.87125212,0.51,46.71205986
1666772685.0749245,1511.56,1512.31,-0.81142306,1.26,49.06320407
1666772695.1497197,1511.56,1512.31,-0.81142306,1.26,49.06320407
1666772705.2185688,1511.56,1512.31,-0.81142306,1.26,49.06320407
1666772716.202393,1512.38,1512.38,-0.69941979,-1.75,49.27210193
1666772726.1994576,1512.38,1512.38,-0.69941979,-1.75,49.27210193
1666772736.202528,1512.38,1512.38,-0.69941979,-1.75,49.27210193
1666772746.2279575,1512.38,1512.67,-0.67628589,-1.46,50.18360738
1666772756.263365,1512.38,1512.67,-0.67628589,-1.46,50.18360738
1666772766.3692677,1512.38,1512.67,-0.67628589,-1.46,50.18360738
1666772776.2478435,1515.71,1515.71,-0.13733523,3.58,58.07970214
1666772786.162878,1515.71,1515.71,-0.13733523,3.58,58.07970214
1666772796.5509982,1515.71,1515.71,-0.13733523,3.58,58.07970214
1666772806.4270627,1515.71,1513.85,-0.2857113,1.72,52.58749849
1666772816.2251017,1515.71,1513.85,-0.2857113,1.72,52.58749849
1666772826.209623,1515.71,1513.85,-0.2857113,1.72,52.58749849
1666772836.8134737,1513.66,1513.66,-0.19330692,1.99,52.08437985
1666772846.2409208,1513.66,1513.66,-0.19330692,1.99,52.08437985
1666772856.2068343,1513.66,1513.66,-0.19330692,1.99,52.08437985
1666772866.4086392,1513.66,1513.61,-0.19729552,1.94,51.94354163
1666772876.427795,1513.66,1513.61,-0.19729552,1.94,51.94354163
1666772886.2309315,1513.66,1513.61,-0.19729552,1.94,51.94354163
1666772897.0049942,1513.58,1513.58,-0.1181415,3.57,51.8594037
1666772907.3455217,1513.58,1513.58,-0.1181415,3.57,51.8594037
1666772916.813784,1513.58,1513.58,-0.1181415,3.57,51.8594037
1666772926.7996595,1513.58,1513.53,-0.1221301,3.52,51.7090686
1666772936.799746,1513.58,1513.53,-0.1221301,3.52,51.7090686
1666772946.822858,1513.58,1513.53,-0.1221301,3.52,51.7090686
1666772956.8903167,1514.1,1514.1,0.01998768,3.41,53.27430064
1666772966.9470782,1514.1,1514.1,0.01998768,3.41,53.27430064
1666772976.7759964,1514.1,1514.1,0.01998768,3.41,53.27430064
1666772986.7944016,1514.1,1513.63,-0.01750519,2.94,51.79685211
1666772997.0004413,1514.1,1513.63,-0.01750519,2.94,51.79685211
1666773006.793863,1514.1,1513.63,-0.01750519,2.94,51.79685211
1666773016.820614,1513.27,1513.27,-0.02122483,3.98,50.71669356
1666773027.0328665,1513.27,1513.27,-0.02122483,3.98,50.71669356
1666773037.0666296,1513.27,1513.27,-0.02122483,3.98,50.71669356
1666773046.885418,1513.27,1513.43,-0.0084613,4.14,51.20374274
1666773056.835758,1513.27,1513.43,-0.0084613,4.14,51.20374274
1666773066.860726,1513.27,1513.43,-0.0084613,4.14,51.20374274
1666773077.6860514,1512.46,1512.46,-0.1152851,1.47,48.27502833
1666773087.821344,1512.46,1512.46,-0.1152851,1.47,48.27502833
1666773097.8178446,1512.46,1512.46,-0.1152851,1.47,48.27502833
1666773107.929661,1512.46,1513.71,-0.01557,2.72,52.10608371
1666773117.9174235,1512.46,1513.71,-0.01557,2.72,52.10608371
1666773127.7546985,1512.46,1513.71,-0.01557,2.72,52.10608371
1666773137.732324,1514.17,1514.17,0.1040642,2.66,53.37751586
1666773147.9947853,1514.17,1514.17,0.1040642,2.66,53.37751586
1666773157.701308,1514.17,1514.17,0.1040642,2.66,53.37751586
1666773167.745576,1514.17,1516.59,0.29711263,5.08,59.47289396
1666773177.7119086,1514.17,1516.59,0.29711263,5.08,59.47289396
1666773187.7197082,1514.17,1516.59,0.29711263,5.08,59.47289396
1666773197.740704,1516.75,1516.75,0.53195833,5.2,59.82185958
1666773207.695994,1516.75,1516.75,0.53195833,5.2,59.82185958
1666773218.0668058,1516.75,1516.75,0.53195833,5.2,59.82185958
1666773227.6693847,1516.75,1517.72,0.60933725,6.17,61.95067258
1666773237.7801473,1516.75,1517.72,0.60933725,6.17,61.95067258
1666773247.7222736,1516.75,1517.72,0.60933725,6.17,61.95067258
1666773259.002681,1518.36,1518.36,0.92811073,5.98,63.23589966
1666773268.712132,1518.36,1518.36,0.92811073,5.98,63.23589966
1666773278.6040316,1518.36,1518.36,0.92811073,5.98,63.23589966
1666773288.536092,1518.36,1518.18,0.91375176,5.8,62.59549691
1666773298.8319025,1518.36,1518.18,0.91375176,5.8,62.59549691
1666773308.7904956,1518.36,1518.18,0.91375176,5.8,62.59549691
1666773318.5135417,1518.52,1518.52,1.1499036,2.81,63.56722135
1666773328.6546323,1518.52,1518.52,1.1499036,2.81,63.56722135
1666773338.6620307,1518.52,1518.52,1.1499036,2.81,63.56722135
1666773348.6337607,1518.52,1521.79,1.4107583,6.08,69.5976193
1666773358.8661628,1518.52,1521.79,1.4107583,6.08,69.5976193
1666773368.6049788,1518.52,1521.79,1.4107583,6.08,69.5976193
1666773378.658527,1520.8,1520.8,1.62287518,7.14,67.99372302
1666773388.6413858,1520.8,1520.8,1.62287518,7.14,67.99372302
1666773398.6104624,1520.8,1520.8,1.62287518,7.14,67.99372302
1666773409.0370405,1520.8,1524.09,1.88532532,10.43,73.07693846
1666773418.6623769,1520.8,1524.09,1.88532532,10.43,73.07693846
1666773428.7866993,1520.8,1524.09,1.88532532,10.43,73.07693846
1666773439.4077592,1531.86,1531.86,3.39652884,18.28,80.3972735
1666773449.4015346,1531.86,1531.86,3.39652884,18.28,80.3972735
1666773459.3582692,1531.86,1531.86,3.39652884,18.28,80.3972735
1666773469.4557004,1531.86,1528.9,3.16040349,15.32,72.31109972
1666773479.6917872,1531.86,1528.9,3.16040349,15.32,72.31109972
1666773489.4552383,1531.86,1528.9,3.16040349,15.32,72.31109972
1666773499.5788264,1539.65,1539.65,5.15616516,25.56,84.87522065
1666773509.4229789,1539.65,1539.65,5.15616516,25.56,84.87522065
1666773519.4372137,1539.65,1539.65,5.15616516,25.56,84.87522065
1666773529.4959333,1539.65,1548.31,5.84699137,34.22,88.11290822
1666773539.415345,1539.65,1548.31,5.84699137,34.22,88.11290822
1666773549.3970883,1539.65,1548.31,5.84699137,34.22,88.11290822
1666773559.4260578,1547.96,1547.96,7.1638982,34.69,88.00939842
1666773569.864436,1547.96,1547.96,7.1638982,34.69,88.00939842
1666773579.437166,1547.96,1547.96,7.1638982,34.69,88.00939842
1666773589.4391005,1547.96,1545.03,6.93016601,31.76,81.60589653
1666773599.5020325,1547.96,1545.03,6.93016601,31.76,81.60589653
1666773609.4827783,1547.96,1545.03,6.93016601,31.76,81.60589653
1666773620.4578052,1543.74,1543.74,7.54058897,31.27,79.06415554
1666773630.4621854,1543.74,1543.74,7.54058897,31.27,79.06415554
1666773640.6631005,1543.74,1539.37,7.19198498,26.9,71.00122181
1666773650.5912774,1543.74,1539.37,7.19198498,26.9,71.00122181
1666773660.499257,1543.74,1539.37,7.19198498,26.9,71.00122181
1666773670.457518,1543.74,1539.37,7.19198498,26.9,71.00122181
1666773680.580108,1536.67,1536.67,7.0134745,22.5,66.79274378
1666773690.4844098,1536.67,1536.67,7.0134745,22.5,66.79274378
1666773700.4918566,1536.67,1539.98,7.27752008,25.81,69.20275993
1666773710.4364371,1536.67,1539.98,7.27752008,25.81,69.20275993
1666773720.64678,1536.67,1539.98,7.27752008,25.81,69.20275993
1666773730.838329,1537.97,1537.97,7.14621008,21.23,67.7829138
1666773740.6022005,1537.97,1537.97,7.14621008,21.23,67.7829138
1666773750.47309,1537.97,1537.97,7.14621008,21.23,67.7829138
1666773760.3668475,1537.97,1537.97,7.14621008,21.23,67.7829138
1666773770.458406,1537.97,1540.35,7.33606763,23.61,69.57175571
1666773780.5423088,1537.97,1540.35,7.33606763,23.61,69.57175571
1666773790.404439,1537.97,1540.35,7.33606763,23.61,69.57175571
1666773801.0881164,1540.46,1540.46,7.43889426,22.1,69.65018602
1666773810.920389,1540.46,1540.46,7.43889426,22.1,69.65018602
1666773821.0181606,1540.46,1540.67,7.4556464,22.31,69.80906572
1666773831.1274867,1540.46,1540.67,7.4556464,22.31,69.80906572
1666773840.969197,1540.46,1540.67,7.4556464,22.31,69.80906572
1666773851.2741694,1540.46,1540.67,7.4556464,22.31,69.80906572
1666773860.999791,1540.42,1540.42,7.42277827,21.9,69.59024856
1666773871.0252452,1540.42,1540.42,7.42277827,21.9,69.59024856
1666773880.956365,1540.42,1540.42,7.42277827,21.9,69.59024856
1666773891.5101078,1540.42,1540.42,7.42277827,21.9,69.59024856
1666773901.138443,1540.42,1540.42,7.42277827,21.9,69.59024856
1666773911.022181,1539.58,1539.58,7.20870129,18.78,68.03954914
1666773921.1472747,1539.58,1539.58,7.20870129,18.78,68.03954914
1666773931.0288413,1539.58,1539.58,7.20870129,18.78,68.03954914
1666773941.0688312,1539.58,1543.0,7.4815218,22.2,70.86802308
1666773951.0440185,1539.58,1543.0,7.4815218,22.2,70.86802308
1666773961.0358417,1539.58,1543.0,7.4815218,22.2,70.86802308
1666773971.2150946,1539.58,1543.0,7.4815218,22.2,70.86802308
1666773981.6846523,1545.0,1545.0,7.77813598,13.13,72.30152737
1666773991.8563936,1545.0,1545.0,7.77813598,13.13,72.30152737
1666774001.7928026,1545.0,1543.06,7.62337815,11.19,68.76673537
1666774011.7981262,1545.0,1543.06,7.62337815,11.19,68.76673537
1666774021.7744477,1545.0,1543.06,7.62337815,11.19,68.76673537
1666774031.725391,1543.13,1543.13,7.53253944,3.49,68.88825821
1666774041.9721358,1543.13,1543.13,7.53253944,3.49,68.88825821
1666774052.5235052,1543.13,1543.13,7.53253944,3.49,68.88825821
1666774061.7704604,1543.13,1542.46,7.47909215,2.82,67.65587308
1666774071.7999592,1543.13,1542.46,7.47909215,2.82,67.65587308
1666774081.7632132,1543.13,1542.46,7.47909215,2.82,67.65587308
1666774091.7927744,1544.19,1544.19,7.52099788,-3.76,69.75973846
1666774101.748701,1544.19,1544.19,7.52099788,-3.76,69.75973846
1666774111.8386612,1544.19,1544.19,7.52099788,-3.76,69.75973846
1666774121.808609,1544.19,1544.19,7.52099788,-3.76,69.75973846
1666774131.8612304,1544.19,1547.03,7.74755059,-0.92,72.02105672
1666774141.7937102,1544.19,1547.03,7.74755059,-0.92,72.02105672
1666774151.8296907,1547.01,1547.01,7.75925464,3.26,71.99326814
1666774162.4215045,1547.01,1547.01,7.75925464,3.26,71.99326814
1666774172.459044,1547.01,1547.01,7.75925464,3.26,71.99326814
1666774182.569739,1547.01,1543.52,7.48085008,-0.23,65.51037032
1666774192.437322,1547.01,1543.52,7.48085008,-0.23,65.51037032
1666774202.493719,1547.01,1543.52,7.48085008,-0.23,65.51037032
1666774212.5972705,1542.37,1542.37,7.02470296,5.7,63.62254951
1666774222.432509,1542.37,1542.37,7.02470296,5.7,63.62254951
1666774232.4984095,1542.37,1542.37,7.02470296,5.7,63.62254951
1666774242.6400352,1542.37,1539.7,6.81171151,3.03,59.34648893
1666774252.4662285,1542.37,1539.7,6.81171151,3.03,59.34648893
1666774262.411427,1542.37,1539.7,6.81171151,3.03,59.34648893
1666774272.4722836,1541.37,1541.37,6.51778108,3.4,61.95075026
1666774282.513546,1541.37,1541.37,6.51778108,3.4,61.95075026
1666774292.4052038,1541.37,1541.37,6.51778108,3.4,61.95075026
1666774302.553806,1541.37,1540.07,6.41407738,2.1,59.75259743
1666774312.4803128,1541.37,1540.07,6.41407738,2.1,59.75259743
1666774322.6757607,1541.37,1540.07,6.41407738,2.1,59.75259743
1666774332.5226076,1539.8,1539.8,5.88690374,-0.65,59.31547835
1666774343.0014946,1539.8,1539.8,5.88690374,-0.65,59.31547835
1666774353.07334,1539.8,1539.8,5.88690374,-0.65,59.31547835
1666774362.9812634,1539.8,1539.15,5.83505188,-1.3,58.21143642
1666774372.997659,1539.8,1539.15,5.83505188,-1.3,58.21143642
1666774382.967903,1539.8,1539.15,5.83505188,-1.3,58.21143642
1666774393.0302618,1540.58,1540.58,5.53454224,0.16,60.21367452
1666774403.4888036,1540.58,1540.58,5.53454224,0.16,60.21367452
1666774412.9632487,1540.58,1540.58,5.53454224,0.16,60.21367452
1666774423.1418712,1540.58,1539.91,5.48109495,-0.51,58.99988369
1666774433.1519587,1540.58,1539.91,5.48109495,-0.51,58.99988369
1666774443.0131135,1540.58,1539.91,5.48109495,-0.51,58.99988369
1666774453.2048671,1538.68,1538.68,4.87682461,-0.89,56.89137888
1666774463.0773132,1538.68,1538.68,4.87682461,-0.89,56.89137888
1666774473.066862,1538.68,1538.68,4.87682461,-0.89,56.89137888
1666774483.1449766,1538.68,1538.16,4.83534313,-1.41,55.98604461
1666774493.2722845,1538.68,1538.16,4.83534313,-1.41,55.98604461
1666774503.2285,1538.68,1538.16,4.83534313,-1.41,55.98604461
1666774512.948695,1539.74,1539.74,4.57577659,-5.26,58.26618503
1666774523.7131,1539.74,1539.74,4.57577659,-5.26,58.26618503
1666774533.746423,1539.74,1539.74,4.57577659,-5.26,58.26618503
1666774543.6863575,1539.74,1540.17,4.61007859,-4.83,58.84757907
1666774553.8809996,1539.74,1540.17,4.61007859,-4.83,58.84757907
1666774563.7461424,1539.74,1540.17,4.61007859,-4.83,58.84757907
1666774573.7054026,1539.63,1539.63,4.20534283,-3.5,58.05843387
1666774583.7854755,1539.63,1539.63,4.20534283,-3.5,58.05843387
1666774594.0563166,1539.63,1539.63,4.20534283,-3.5,58.05843387
1666774604.009017,1539.63,1537.25,4.01548528,-5.88,53.60494204
1666774613.8812215,1539.63,1537.25,4.01548528,-5.88,53.60494204
1666774623.9269588,1539.63,1537.25,4.01548528,-5.88,53.60494204
1666774633.7467892,1537.65,1537.65,3.59478593,-6.54,54.30367562
1666774643.9946022,1537.65,1537.65,3.59478593,-6.54,54.30367562
1666774653.774383,1537.65,1537.65,3.59478593,-6.54,54.30367562
1666774663.7818985,1537.65,1538.3,3.64663778,-5.89,55.32839137
1666774673.7921274,1537.65,1538.3,3.64663778,-5.89,55.32839137
1666774683.7754245,1537.65,1538.3,3.64663778,-5.89,55.32839137
1666774693.778426,1536.0,1536.0,2.96533906,-11.02,51.32592584
1666774704.289008,1536.0,1536.0,2.96533906,-11.02,51.32592584
1666774714.4513154,1536.0,1536.0,2.96533906,-11.02,51.32592584
1666774724.2650478,1536.0,1534.06,2.81058123,-12.96,47.99361929
1666774734.2886171,1536.0,1534.06,2.81058123,-12.96,47.99361929
1666774744.2775197,1536.0,1534.06,2.81058123,-12.96,47.99361929
1666774754.5720725,1533.64,1533.64,2.22391184,-8.73,47.29716248
1666774764.2751682,1533.64,1533.64,2.22391184,-8.73,47.29716248
1666774774.560263,1533.64,1533.64,2.22391184,-8.73,47.29716248
1666774784.4961245,1533.64,1536.06,2.41696027,-6.31,51.49396528
1666774794.311307,1533.64,1536.06,2.41696027,-6.31,51.49396528
1666774804.299265,1533.64,1536.06,2.41696027,-6.31,51.49396528
1666774814.29291,1536.41,1536.41,2.13988496,-4.96,52.05354198
1666774824.3097556,1536.41,1536.41,2.13988496,-4.96,52.05354198
1666774834.3583224,1536.41,1536.41,2.13988496,-4.96,52.05354198
1666774844.3367534,1536.41,1536.38,2.1374918,-4.99,51.99970635
1666774854.304376,1536.41,1536.38,2.1374918,-4.99,51.99970635
1666774864.32205,1536.41,1536.38,2.1374918,-4.99,51.99970635
1666774874.5049837,1537.23,1537.23,1.99370033,-2.57,53.40299158
1666774884.9388654,1537.23,1537.23,1.99370033,-2.57,53.40299158
1666774895.0891178,1537.23,1537.23,1.99370033,-2.57,53.40299158
1666774905.0174274,1537.23,1538.82,2.12053794,-0.98,55.9988057
1666774914.8613048,1537.23,1538.82,2.12053794,-0.98,55.9988057
1666774924.797463,1537.23,1538.82,2.12053794,-0.98,55.9988057
1666774934.8401403,1539.21,1539.21,2.08508704,-1.38,56.58535215
1666774945.3951066,1539.21,1539.21,2.08508704,-1.38,56.58535215
1666774954.827653,1539.21,1539.21,2.08508704,-1.38,56.58535215
1666774964.773257,1539.21,1537.91,1.98138334,-2.68,53.97762942
1666774974.7704968,1539.21,1537.91,1.98138334,-2.68,53.97762942
1666774984.956658,1539.21,1537.91,1.98138334,-2.68,53.97762942
1666774995.022696,1537.59,1537.59,1.77892751,-1.08,53.37107249
1666775004.9658248,1537.59,1537.59,1.77892751,-1.08,53.37107249
1666775014.8313873,1537.59,1537.59,1.77892751,-1.08,53.37107249
1666775024.8863692,1537.59,1537.42,1.76536625,-1.25,53.03328078
1666775034.7532213,1537.59,1537.42,1.76536625,-1.25,53.03328078
1666775044.961633,1537.59,1537.42,1.76536625,-1.25,53.03328078
1666775054.812519,1537.59,1537.59,1.62004452,-2.16,53.37242545
1666775065.7931,1537.59,1537.59,1.62004452,-2.16,53.37242545
1666775076.0292137,1537.59,1537.59,1.62004452,-2.16,53.37242545
1666775085.7261112,1537.59,1539.23,1.75087073,-0.52,56.28470545
1666775095.8733954,1537.59,1539.23,1.75087073,-0.52,56.28470545
1666775105.8522978,1537.59,1539.23,1.75087073,-0.52,56.28470545
1666775115.6325934,1540.02,1540.02,1.82123734,0.39,57.56153582
1666775125.6362212,1540.02,1540.02,1.82123734,0.39,57.56153582
1666775135.9673495,1540.02,1540.02,1.82123734,0.39,57.56153582
1666775146.073574,1540.02,1539.32,1.76539689,-0.31,56.00072916
1666775155.8991258,1540.02,1539.32,1.76539689,-0.31,56.00072916
1666775165.627699,1540.02,1539.32,1.76539689,-0.31,56.00072916
1666775175.6305552,1539.48,1539.48,1.72990269,1.82,56.34997595
1666775185.669409,1539.48,1539.48,1.72990269,1.82,56.34997595
1666775195.8565712,1539.48,1539.48,1.72990269,1.82,56.34997595
1666775205.7250469,1539.48,1539.01,1.69240982,1.35,55.25976552
1666775215.8790088,1539.48,1539.01,1.69240982,1.35,55.25976552
1666775225.6648965,1539.48,1539.01,1.69240982,1.35,55.25976552
1666775236.0192025,1538.78,1538.78,1.5728103,2.78,54.73904182
1666775246.3652618,1538.78,1538.78,1.5728103,2.78,54.73904182
1666775256.189664,1538.78,1538.78,1.5728103,2.78,54.73904182
1666775266.2648034,1538.78,1537.01,1.43161372,1.01,50.79483789
1666775276.2575846,1538.78,1537.01,1.43161372,1.01,50.79483789
1666775286.6660154,1538.78,1537.01,1.43161372,1.01,50.79483789
1666775296.6336656,1536.01,1536.01,1.0852249,2.11,48.80458383
1666775306.1924298,1536.01,1536.01,1.0852249,2.11,48.80458383
1666775316.162972,1536.01,1536.01,1.0852249,2.11,48.80458383
1666775326.137154,1536.01,1534.6,0.97274626,0.7,46.06592111
1666775336.2505298,1536.01,1534.6,0.97274626,0.7,46.06592111
1666775346.273693,1536.01,1534.6,0.97274626,0.7,46.06592111
1666775356.2275832,1534.81,1534.81,0.69432582,-1.59,46.45272925
1666775366.431898,1534.81,1534.81,0.69432582,-1.59,46.45272925
1666775376.2620609,1534.81,1534.81,0.69432582,-1.59,46.45272925
1666775386.2365558,1534.81,1535.91,0.78207511,-0.49,48.88196189
1666775396.3478377,1534.81,1535.91,0.78207511,-0.49,48.88196189
1666775406.2760642,1534.81,1535.91,0.78207511,-0.49,48.88196189
1666775416.2680614,1535.92,1535.92,0.61205598,-1.32,48.90241408
1666775427.0529177,1535.92,1535.92,0.61205598,-1.32,48.90241408
1666775436.907123,1535.92,1535.92,0.61205598,-1.32,48.90241408
1666775447.0492165,1535.92,1532.75,0.35917849,-4.49,42.86735293
1666775456.929206,1535.92,1532.75,0.35917849,-4.49,42.86735293
1666775467.0975666,1535.92,1532.75,0.35917849,-4.49,42.86735293
1666775476.7852333,1532.74,1532.74,0.02478784,-6.48,42.84297583
1666775487.136548,1532.74,1532.74,0.02478784,-6.48,42.84297583
1666775496.9145458,1532.74,1532.74,0.02478784,-6.48,42.84297583
1666775507.030559,1532.74,1531.01,-0.11321786,-8.21,39.94721698
1666775516.9512894,1532.74,1531.01,-0.11321786,-8.21,39.94721698
1666775526.8456888,1532.74,1531.01,-0.11321786,-8.21,39.94721698
1666775536.8477278,1530.49,1530.49,-0.5580563,-7.09,39.15065242
1666775546.8786798,1530.49,1530.49,-0.5580563,-7.09,39.15065242
1666775556.859692,1530.49,1530.49,-0.5580563,-7.09,39.15065242
1666775567.0465894,1530.49,1528.66,-0.7040392,-8.92,36.40358651
1666775577.084582,1530.49,1528.66,-0.7040392,-8.92,36.40358651
1666775586.9191823,1530.49,1528.66,-0.7040392,-8.92,36.40358651
1666775597.122606,1531.74,1531.74,-0.69163897,-5.84,42.12719472
1666775607.6911848,1531.74,1531.74,-0.69163897,-5.84,42.12719472
1666775617.5606468,1531.74,1531.74,-0.69163897,-5.84,42.12719472
1666775627.659107,1531.74,1531.99,-0.67169595,-5.59,42.73228666
1666775637.803641,1531.74,1531.99,-0.67169595,-5.59,42.73228666
1666775647.8062131,1531.74,1531.99,-0.67169595,-5.59,42.73228666
1666775657.4750197,1532.63,1532.63,-0.74134349,-7.39,44.22691477
1666775667.5499454,1532.63,1532.63,-0.74134349,-7.39,44.22691477
1666775677.5152946,1532.63,1532.63,-0.74134349,-7.39,44.22691477
1666775687.530485,1532.63,1532.94,-0.71661414,-7.08,44.97513087
1666775697.6186311,1532.63,1532.94,-0.71661414,-7.08,44.97513087
1666775707.5574498,1532.63,1532.94,-0.71661414,-7.08,44.97513087
1666775717.5379343,1533.99,1533.99,-0.63458398,-5.49,47.36674027
1666775727.549223,1533.99,1533.99,-0.63458398,-5.49,47.36674027
1666775737.5911872,1533.99,1533.99,-0.63458398,-5.49,47.36674027
1666775747.745782,1533.99,1532.0,-0.79333042,-7.48,43.50715713
1666775758.616271,1533.99,1532.0,-0.79333042,-7.48,43.50715713
1666775767.5212767,1533.99,1532.0,-0.79333042,-7.48,43.50715713
1666775777.7637465,1534.5,1534.5,-0.55661321,-4.27,48.53676193
1666775788.4270802,1534.5,1534.5,-0.55661321,-4.27,48.53676193
1666775798.3186986,1534.5,1534.5,-0.55661321,-4.27,48.53676193
1666775809.0733564,1534.5,1534.67,-0.54305196,-4.1,48.94418189
1666775818.3142452,1534.5,1534.67,-0.54305196,-4.1,48.94418189
1666775828.332457,1534.5,1534.67,-0.54305196,-4.1,48.94418189
1666775838.282617,1535.38,1535.38,-0.39604168,-0.64,50.57598637
1666775848.3174658,1535.38,1535.38,-0.39604168,-0.64,50.57598637
1666775858.275808,1535.38,1535.38,-0.39604168,-0.64,50.57598637
1666775868.6188188,1535.38,1534.7,-0.45028669,-1.32,48.96122438
1666775878.4445486,1535.38,1534.7,-0.45028669,-1.32,48.96122438
1666775888.479778,1535.38,1534.7,-0.45028669,-1.32,48.96122438
1666775898.3318138,1535.99,1535.99,-0.23388609,1.17,51.99055394
1666775908.333747,1535.99,1535.99,-0.23388609,1.17,51.99055394
1666775918.2949977,1535.99,1535.99,-0.23388609,1.17,51.99055394
1666775928.2567434,1535.99,1535.08,-0.30647869,0.26,49.69855511
1666775938.3845253,1535.99,1535.08,-0.30647869,0.26,49.69855511
1666775948.337002,1535.99,1535.08,-0.30647869,0.26,49.69855511
1666775958.3775556,1535.87,1535.87,-0.16051393,-0.06,51.67628478
1666775969.740606,1535.87,1535.87,-0.16051393,-0.06,51.67628478
1666775978.9141676,1535.87,1535.87,-0.16051393,-0.06,51.67628478
1666775988.963216,1535.87,1533.66,-0.33681023,-2.27,46.14418492
1666775998.9448318,1535.87,1533.66,-0.33681023,-2.27,46.14418492
1666776008.9487894,1535.87,1533.66,-0.33681023,-2.27,46.14418492
1666776019.1420877,1534.05,1534.05,-0.35097919,1.25,47.03271286
1666776028.9198923,1534.05,1534.05,-0.35097919,1.25,47.03271286
1666776038.9197898,1534.05,1534.05,-0.35097919,1.25,47.03271286
1666776048.948697,1534.05,1532.44,-0.47941224,-0.36,43.32395751
1666776058.981779,1534.05,1532.44,-0.47941224,-0.36,43.32395751
1666776068.9798234,1534.05,1532.44,-0.47941224,-0.36,43.32395751
1666776079.857663,1532.3,1532.3,-0.62922372,1.8,43.02730084
1666776089.1653593,1532.3,1532.3,-0.62922372,1.8,43.02730084
1666776099.1115153,1532.3,1532.3,-0.62922372,1.8,43.02730084
1666776108.9269862,1532.3,1531.31,-0.70819808,0.81,40.9058937
1666776118.9630349,1532.3,1531.31,-0.70819808,0.81,40.9058937
1666776129.4903347,1532.3,1531.31,-0.70819808,0.81,40.9058937
1666776138.9487443,1531.13,1531.13,-0.89731183,-0.61,40.55404023
1666776149.8101673,1531.13,1531.13,-0.89731183,-0.61,40.55404023
1666776160.0368078,1531.13,1531.13,-0.89731183,-0.61,40.55404023
1666776169.8797257,1531.13,1530.17,-0.97389303,-1.57,38.5754224
1666776179.856088,1531.13,1530.17,-0.97389303,-1.57,38.5754224
1666776189.8317618,1531.13,1530.17,-0.97389303,-1.57,38.5754224
1666776199.7790673,1531.83,1531.83,-0.92503936,-0.79,42.68678274
1666776209.9998417,1531.83,1531.83,-0.92503936,-0.79,42.68678274
1666776219.8987644,1531.83,1531.83,-0.92503936,-0.79,42.68678274
1666776229.7894518,1531.83,1531.86,-0.9226462,-0.76,42.78142477
1666776239.8670952,1531.83,1531.86,-0.9226462,-0.76,42.78142477
1666776249.8839214,1531.83,1531.86,-0.9226462,-0.76,42.78142477
1666776260.0777357,1532.13,1532.13,-0.93693735,-1.86,43.61934348
1666776269.8893378,1532.13,1532.13,-0.93693735,-1.86,43.61934348
1666776280.196544,1532.13,1532.13,-0.93693735,-1.86,43.61934348
1666776290.623868,1532.13,1533.45,-0.8316382,-0.54,47.65517862
1666776300.067654,1532.13,1533.45,-0.8316382,-0.54,47.65517862
1666776309.9233184,1532.13,1533.45,-0.8316382,-0.54,47.65517862
1666776320.062036,1533.2,1533.2,-0.80307377,-1.3,46.9357774
1666776330.8467915,1533.2,1533.2,-0.80307377,-1.3,46.9357774
1666776340.834664,1533.2,1533.79,-0.75600825,-0.71,48.72673423
1666776350.7318609,1533.2,1533.79,-0.75600825,-0.71,48.72673423
1666776360.708861,1533.2,1533.79,-0.75600825,-0.71,48.72673423
1666776370.7492332,1532.39,1532.39,-0.87103704,-3.0,44.79628066
1666776380.7055607,1532.39,1532.39,-0.87103704,-3.0,44.79628066
1666776390.759972,1532.39,1532.39,-0.87103704,-3.0,44.79628066
1666776400.805606,1532.39,1532.05,-0.89815955,-3.34,43.88218956
1666776410.7108717,1532.39,1532.05,-0.89815955,-3.34,43.88218956
1666776420.9614184,1532.39,1532.05,-0.89815955,-3.34,43.88218956
1666776430.8921933,1532.8,1532.8,-0.80515006,-3.21,46.13824075
1666776440.7699296,1532.8,1532.8,-0.80515006,-3.21,46.13824075
1666776450.850917,1532.8,1532.8,-0.80515006,-3.21,46.13824075
1666776460.8551064,1532.8,1531.72,-0.89130391,-4.29,43.16181185
1666776470.75774,1532.8,1531.72,-0.89130391,-4.29,43.16181185
1666776481.1775205,1532.8,1531.72,-0.89130391,-4.29,43.16181185
1666776490.782763,1532.8,1531.72,-0.89130391,-4.29,43.16181185
1666776500.8029072,1532.22,1532.22,-0.85258465,-3.65,44.49998021
1666776511.3056936,1532.22,1532.22,-0.85258465,-3.65,44.49998021
1666776521.6446218,1532.22,1531.72,-0.89247069,-4.15,43.06485323
1666776531.757829,1532.22,1531.72,-0.89247069,-4.15,43.06485323
1666776541.4186962,1532.22,1531.72,-0.89247069,-4.15,43.06485323
1666776551.3285155,1529.91,1529.91,-1.16970509,-4.14,38.58267036
1666776561.5815687,1529.91,1529.91,-1.16970509,-4.14,38.58267036
1666776571.693921,1529.91,1529.91,-1.16970509,-4.14,38.58267036
1666776581.4862888,1529.91,1530.99,-1.08355124,-3.06,42.43276857
1666776591.3577964,1529.91,1530.99,-1.08355124,-3.06,42.43276857
1666776601.5854394,1529.91,1530.99,-1.08355124,-3.06,42.43276857
1666776611.4027758,1529.91,1530.99,-1.08355124,-3.06,42.43276857
1666776621.3930156,1529.69,1529.69,-1.29155722,-2.62,38.06409615
1666776631.5726707,1529.69,1529.69,-1.29155722,-2.62,38.06409615
1666776641.893103,1529.69,1531.26,-1.16631505,-1.05,43.86280124
1666776651.3830116,1529.69,1531.26,-1.16631505,-1.05,43.86280124
1666776661.7054272,1529.69,1531.26,-1.16631505,-1.05,43.86280124
1666776671.29355,1529.69,1531.26,-1.16631505,-1.05,43.86280124
1666776681.7730196,1532.45,1532.45,-0.96839645,1.33,47.58253506
1666776691.949595,1532.45,1532.45,-0.96839645,1.33,47.58253506
1666776702.0799732,1532.45,1533.25,-0.90457879,2.13,49.98200395
1666776712.188656,1532.45,1533.25,-0.90457879,2.13,49.98200395
1666776721.9762812,1532.45,1533.25,-0.90457879,2.13,49.98200395
1666776731.888212,1532.84,1532.84,-0.82153919,1.02,48.78037786
1666776741.9401546,1532.84,1532.84,-0.82153919,1.02,48.78037786
1666776751.9236112,1532.84,1532.84,-0.82153919,1.02,48.78037786
1666776761.919604,1532.84,1534.0,-0.72900358,2.18,52.27385746
1666776772.4013798,1532.84,1534.0,-0.72900358,2.18,52.27385746
1666776782.0080366,1532.84,1534.0,-0.72900358,2.18,52.27385746
1666776792.421691,1534.09,1534.09,-0.5447895,1.96,52.52508691
1666776802.0036418,1534.09,1534.09,-0.5447895,1.96,52.52508691
1666776812.0067074,1534.09,1534.09,-0.5447895,1.96,52.52508691
1666776822.184724,1534.09,1533.5,-0.59185503,1.37,50.64304954
1666776832.4965248,1534.09,1533.5,-0.59185503,1.37,50.64304954
1666776841.9373422,1534.09,1533.5,-0.59185503,1.37,50.64304954
1666776852.0799568,1534.08,1534.08,-0.40067648,0.88,52.48948171
1666776861.9518344,1534.08,1534.08,-0.40067648,0.88,52.48948171
1666776872.7307343,1534.08,1534.08,-0.40067648,0.88,52.48948171
1666776882.824463,1534.08,1534.08,-0.40067648,0.88,52.48948171
1666776892.890658,1534.08,1535.06,-0.32249984,1.86,55.45599411
1666776902.7721882,1534.08,1535.06,-0.32249984,1.86,55.45599411
1666776912.8984416,1535.57,1535.57,-0.0725712,3.19,56.85639621
1666776922.899059,1535.57,1535.57,-0.0725712,3.19,56.85639621
1666776932.8459857,1535.57,1535.57,-0.0725712,3.19,56.85639621
1666776942.8862638,1535.57,1535.53,-0.07576208,3.15,56.7058168
1666776952.874231,1535.57,1535.53,-0.07576208,3.15,56.7058168
1666776962.8851614,1535.57,1535.53,-0.07576208,3.15,56.7058168
1666776972.992172,1535.57,1535.53,-0.07576208,3.15,56.7058168
1666776983.043346,1535.04,1535.04,0.0166561,2.24,54.9198284
1666776993.176239,1535.04,1535.04,0.0166561,2.24,54.9198284
1666777002.860813,1535.04,1535.11,0.02224014,2.31,55.1364285
1666777012.907669,1535.04,1535.11,0.02224014,2.31,55.1364285
1666777023.1342864,1535.04,1535.11,0.02224014,2.31,55.1364285
1666777032.8170404,1535.51,1535.51,0.18656381,3.3,56.33528087
1666777042.8986428,1535.51,1535.51,0.18656381,3.3,56.33528087
1666777053.3755934,1535.51,1535.51,0.18656381,3.3,56.33528087
1666777063.3039746,1535.51,1535.76,0.20650683,3.55,57.10676216
1666777073.423059,1535.51,1535.76,0.20650683,3.55,57.10676216
1666777083.388332,1535.51,1535.76,0.20650683,3.55,57.10676216
1666777093.5414655,1536.04,1536.04,0.36371956,6.13,57.92501206
1666777103.5074215,1536.04,1536.04,0.36371956,6.13,57.92501206
1666777113.636534,1536.04,1536.04,0.36371956,6.13,57.92501206
1666777123.3625252,1536.04,1535.01,0.28155432,5.1,53.79559647
1666777133.4795182,1536.04,1535.01,0.28155432,5.1,53.79559647
1666777143.334237,1536.04,1535.01,0.28155432,5.1,53.79559647
1666777153.3893795,1535.21,1535.21,0.34667536,5.52,54.54678764
1666777163.541087,1535.21,1535.21,0.34667536,5.52,54.54678764
1666777173.388468,1535.21,1535.21,0.34667536,5.52,54.54678764
1666777183.6559029,1535.21,1534.32,0.27567821,4.63,51.1150291
1666777193.3905065,1535.21,1534.32,0.27567821,4.63,51.1150291
1666777203.4002335,1535.21,1534.32,0.27567821,4.63,51.1150291
1666777213.4136367,1535.21,1534.32,0.27567821,4.63,51.1150291
1666777223.457186,1534.24,1534.24,0.24474888,1.79,50.82705282
1666777234.2154171,1534.24,1534.24,0.24474888,1.79,50.82705282
1666777244.253396,1534.24,1534.12,0.23517623,1.67,50.36865306
1666777254.24768,1534.24,1534.12,0.23517623,1.67,50.36865306
1666777264.2608523,1534.24,1534.12,0.23517623,1.67,50.36865306
1666777274.2485943,1533.87,1533.87,0.17103908,1.03,49.43691503
1666777284.433149,1533.87,1533.87,0.17103908,1.03,49.43691503
1666777294.241631,1533.87,1533.87,0.17103908,1.03,49.43691503
1666777304.239262,1533.87,1534.66,0.23405903,1.82,52.42640688
1666777314.2345684,1533.87,1534.66,0.23405903,1.82,52.42640688
1666777324.3311405,1533.87,1534.66,0.23405903,1.82,52.42640688
1666777334.4000103,1535.34,1535.34,0.34164276,1.25,54.7308724
1666777344.2472205,1535.34,1535.34,0.34164276,1.25,54.7308724
1666777354.4424722,1535.34,1535.34,0.34164276,1.25,54.7308724
1666777364.2479155,1535.34,1534.27,0.25628663,0.18,50.5790879
1666777374.537573,1535.34,1534.27,0.25628663,0.18,50.5790879
1666777384.2372775,1535.34,1534.27,0.25628663,0.18,50.5790879
1666777394.4969358,1534.28,1534.28,0.22907884,0.19,50.61679149
1666777404.2750812,1534.28,1534.28,0.22907884,0.19,50.61679149
1666777415.1041722,1534.28,1534.28,0.22907884,0.19,50.61679149
1666777425.0507183,1534.28,1534.1,0.21471986,0.01,49.93101678
1666777435.1139474,1534.28,1534.1,0.21471986,0.01,49.93101678
1666777445.1315851,1534.28,1534.1,0.21471986,0.01,49.93101678
1666777455.1044824,1534.95,1534.95,0.29986448,-0.62,53.01825415
1666777465.2978723,1534.95,1534.95,0.29986448,-0.62,53.01825415
1666777475.1799717,1534.95,1534.95,0.29986448,-0.62,53.01825415
1666777485.3278782,1534.95,1534.13,0.23445137,-1.44,49.82476443
1666777495.1224794,1534.95,1534.13,0.23445137,-1.44,49.82476443
1666777505.1644733,1534.95,1534.13,0.23445137,-1.44,49.82476443
1666777515.3919785,1534.74,1534.74,0.28096117,-0.29,52.15895865
1666777525.1504238,1534.74,1534.74,0.28096117,-0.29,52.15895865
1666777535.17487,1534.74,1534.74,0.28096117,-0.29,52.15895865
1666777545.3243864,1534.74,1535.35,0.32962214,0.32,54.46650244
1666777555.1676316,1534.74,1535.35,0.32962214,0.32,54.46650244
1666777565.5349593,1534.74,1535.35,0.32962214,0.32,54.46650244
1666777575.2765293,1534.29,1534.29,0.21183583,-1.22,50.28506009
1666777585.141739,1534.29,1534.29,0.21183583,-1.22,50.28506009
1666777595.5976243,1534.29,1534.29,0.21183583,-1.22,50.28506009
1666777605.6249487,1534.29,1533.47,0.14642273,-2.04,46.97333284
1666777615.5546048,1534.29,1533.47,0.14642273,-2.04,46.97333284
1666777625.5740492,1534.29,1533.47,0.14642273,-2.04,46.97333284
1666777635.6363292,1533.23,1533.23,0.03292835,-2.82,46.09442865
1666777645.615606,1533.23,1533.23,0.03292835,-2.82,46.09442865
1666777655.5645654,1533.23,1533.23,0.03292835,-2.82,46.09442865
1666777665.6300292,1533.23,1533.3,0.03851239,-2.75,46.41222456
1666777675.634298,1533.23,1533.3,0.03851239,-2.75,46.41222456
1666777685.6475785,1533.23,1533.3,0.03851239,-2.75,46.41222456
1666777695.594726,1534.32,1534.32,0.11334298,-0.88,50.65149189
1666777706.0055983,1534.32,1534.32,0.11334298,-0.88,50.65149189
1666777715.6271603,1534.32,1534.32,0.11334298,-0.88,50.65149189
1666777726.2047834,1534.32,1535.71,0.22422618,0.51,55.7847857
1666777735.6472714,1534.32,1535.71,0.22422618,0.51,55.7847857
1666777745.8260095,1534.32,1535.71,0.22422618,0.51,55.7847857
1666777755.8906014,1537.33,1537.33,0.53181499,3.09,60.56758201
1666777765.6546106,1537.33,1537.33,0.53181499,3.09,60.56758201
1666777776.3579202,1537.33,1537.33,0.53181499,3.09,60.56758201
1666777786.212614,1537.33,1536.78,0.48794034,2.54,58.27578599
1666777796.3247414,1537.33,1536.78,0.48794034,2.54,58.27578599
1666777806.261947,1537.33,1536.78,0.48794034,2.54,58.27578599
1666777816.233619,1537.02,1537.02,0.62229625,3.14,59.26050845
1666777826.126109,1537.02,1537.02,0.62229625,3.14,59.26050845
1666777836.2740498,1537.02,1537.02,0.62229625,3.14,59.26050845
1666777846.2351618,1537.02,1537.59,0.66776634,3.71,60.94828189
1666777856.3345635,1537.02,1537.59,0.66776634,3.71,60.94828189
1666777866.467722,1537.02,1537.59,0.66776634,3.71,60.94828189
1666777876.1802058,1536.91,1536.91,0.6899194,1.57,58.77033476
1666777886.7129946,1536.91,1536.91,0.6899194,1.57,58.77033476
1666777896.2021573,1536.91,1536.91,0.6899194,1.57,58.77033476
1666777906.4372168,1536.91,1536.16,0.63009034,0.82,55.40530262
1666777916.2474189,1536.91,1536.16,0.63009034,0.82,55.40530262
1666777926.197096,1536.91,1536.16,0.63009034,0.82,55.40530262
1666777936.3852985,1535.95,1535.95,0.60558922,1.68,54.52688336
1666777946.2182286,1535.95,1535.95,0.60558922,1.68,54.52688336
1666777956.7917063,1535.95,1535.95,0.60558922,1.68,54.52688336
1666777966.7485044,1535.95,1535.09,0.53698523,0.82,50.98590642
1666777976.7053852,1535.95,1535.09,0.53698523,0.82,50.98590642
1666777986.6392128,1535.95,1535.09,0.53698523,0.82,50.98590642
1666777996.6721194,1533.71,1533.71,0.27720571,-1.24,46.16340645
1666778006.8642452,1533.71,1533.71,0.27720571,-1.24,46.16340645
1666778016.7425697,1533.71,1533.71,0.27720571,-1.24,46.16340645
1666778026.9080868,1533.71,1534.71,0.35697779,-0.24,49.86193775
1666778036.6629612,1533.71,1534.71,0.35697779,-0.24,49.86193775
1666778047.2367148,1533.71,1534.71,0.35697779,-0.24,49.86193775
1666778056.699731,1534.18,1534.18,0.22196447,-0.57,47.96745204
1666778066.7691708,1534.18,1534.18,0.22196447,-0.57,47.96745204
1666778076.9083135,1534.18,1534.18,0.22196447,-0.57,47.96745204
1666778086.7427042,1534.18,1532.59,0.09512686,-2.16,42.73213243
1666778096.719829,1534.18,1532.59,0.09512686,-2.16,42.73213243
1666778106.7162516,1534.18,1532.59,0.09512686,-2.16,42.73213243
1666778116.7560492,1532.51,1532.51,-0.08867034,-1.78,42.49887503
1666778126.89983,1532.51,1532.51,-0.08867034,-1.78,42.49887503
1666778137.5163352,1532.51,1532.51,-0.08867034,-1.78,42.49887503
1666778147.3755038,1532.51,1532.26,-0.10861336,-2.03,41.73224241
1666778157.3701065,1532.51,1532.26,-0.10861336,-2.03,41.73224241
1666778167.3802128,1532.51,1532.26,-0.10861336,-2.03,41.73224241
1666778177.371335,1532.06,1532.06,-0.28965776,-1.16,41.13631632
1666778187.505196,1532.06,1532.06,-0.28965776,-1.16,41.13631632
1666778197.500553,1532.06,1532.06,-0.28965776,-1.16,41.13631632
1666778208.0475411,1532.06,1532.55,-0.25056944,-0.67,43.25572342
1666778217.384066,1532.06,1532.55,-0.25056944,-0.67,43.25572342
1666778227.3832805,1532.06,1532.55,-0.25056944,-0.67,43.25572342
1666778237.3105133,1531.52,1531.52,-0.49204566,-2.8,39.50018083
1666778247.323259,1531.52,1531.52,-0.49204566,-2.8,39.50018083
1666778257.360084,1531.52,1531.52,-0.49204566,-2.8,39.50018083
1666778267.3348448,1531.52,1531.45,-0.4976297,-2.87,39.28237856
1666778277.3400552,1531.52,1531.45,-0.4976297,-2.87,39.28237856
1666778287.4059737,1531.52,1531.45,-0.4976297,-2.87,39.28237856
1666778297.366356,1531.93,1531.93,-0.55453687,-5.39,41.39337326
1666778307.5665283,1531.93,1531.93,-0.55453687,-5.39,41.39337326
1666778317.7973292,1531.93,1531.93,-0.55453687,-5.39,41.39337326
1666778327.803596,1531.93,1530.46,-0.67180183,-6.86,36.88540772
1666778337.7776053,1531.93,1530.46,-0.67180183,-6.86,36.88540772
1666778347.9183834,1531.93,1530.46,-0.67180183,-6.86,36.88540772
1666778357.8468113,1530.14,1530.14,-0.87460046,-6.88,36.03155819
1666778368.2229123,1530.14,1530.14,-0.87460046,-6.88,36.03155819
1666778377.9884322,1530.14,1530.14,-0.87460046,-6.88,36.03155819
1666778387.825775,1530.14,1530.91,-0.81317596,-6.11,39.62823214
1666778397.8395772,1530.14,1530.91,-0.81317596,-6.11,39.62823214
1666778407.8725004,1530.14,1530.91,-0.81317596,-6.11,39.62823214
1666778417.8746877,1530.52,1530.52,-0.95042873,-6.39,37.84817767
1666778427.8811874,1530.52,1530.52,-0.95042873,-6.39,37.84817767
1666778437.976325,1530.52,1530.52,-0.95042873,-6.39,37.84817767
1666778447.8967452,1530.52,1530.74,-0.93287887,-6.17,38.94184647
1666778458.0355952,1530.52,1530.74,-0.93287887,-6.17,38.94184647
1666778467.8353677,1530.52,1530.74,-0.93287887,-6.17,38.94184647
1666778477.901323,1530.0,1530.0,-1.09564965,-5.94,36.30869286
1666778487.8766942,1530.0,1530.0,-1.09564965,-5.94,36.30869286
1666778498.2263904,1530.0,1530.0,-1.09564965,-5.94,36.30869286
1666778508.302608,1530.0,1531.22,-0.99832771,-4.72,42.22450143
1666778518.3898044,1530.0,1531.22,-0.99832771,-4.72,42.22450143
1666778528.3137107,1530.0,1531.22,-0.99832771,-4.72,42.22450143
1666778538.384865,1531.57,1531.57,-0.94312683,-2.15,43.72923003
1666778548.2429051,1531.57,1531.57,-0.94312683,-2.15,43.72923003
1666778558.90339,1531.57,1531.57,-0.94312683,-2.15,43.72923003
1666778568.3522625,1531.57,1530.66,-1.01571943,-3.06,40.75704914
1666778578.2465825,1531.57,1530.66,-1.01571943,-3.06,40.75704914
1666778588.3002348,1531.57,1530.66,-1.01571943,-3.06,40.75704914
1666778598.5843408,1530.47,1530.47,-1.06650396,-3.7,40.18675546
1666778608.4275184,1530.47,1530.47,-1.06650396,-3.7,40.18675546
1666778618.3514707,1530.47,1530.47,-1.06650396,-3.7,40.18675546
1666778628.5306537,1530.47,1531.04,-1.02103388,-3.13,42.77375878
1666778638.3280754,1530.47,1531.04,-1.02103388,-3.13,42.77375878
1666778648.32014,1530.47,1531.04,-1.02103388,-3.13,42.77375878
1666778658.4475813,1531.18,1531.18,-0.98251216,-1.33,43.37856104
1666778668.6015697,1531.18,1531.18,-0.98251216,-1.33,43.37856104
1666778679.1518514,1531.18,1531.18,-0.98251216,-1.33,43.37856104
1666778689.180655,1531.18,1532.3,-0.89316743,-0.21,48.08016913
1666778699.1663454,1531.18,1532.3,-0.89316743,-0.21,48.08016913
1666778709.5489342,1531.18,1532.3,-0.89316743,-0.21,48.08016913
1666778719.2619174,1532.07,1532.07,-0.82406282,0.0,47.18253793
1666778729.2793937,1532.07,1532.07,-0.82406282,0.0,47.18253793
1666778739.217921,1532.07,1532.07,-0.82406282,0.0,47.18253793
1666778749.6145642,1532.07,1533.35,-0.72195456,1.28,52.15657145
1666778759.2213209,1532.07,1533.35,-0.72195456,1.28,52.15657145
1666778769.255521,1532.07,1533.35,-0.72195456,1.28,52.15657145
1666778779.4964669,1533.24,1533.24,-0.57952012,1.71,51.76064632
1666778789.4214375,1533.24,1533.24,-0.57952012,1.71,51.76064632
1666778799.2815366,1533.24,1533.24,-0.57952012,1.71,51.76064632
1666778809.2758873,1533.24,1533.01,-0.5978677,1.48,50.82825235
1666778819.4218495,1533.24,1533.01,-0.5978677,1.48,50.82825235
1666778829.262528,1533.24,1533.01,-0.5978677,1.48,50.82825235
1666778839.24149,1532.6,1532.6,-0.54554401,0.68,49.2468787
1666778849.340573,1532.6,1532.6,-0.54554401,0.68,49.2468787
1666778859.7712934,1532.6,1532.6,-0.54554401,0.68,49.2468787
1666778869.7412465,1532.6,1531.91,-0.60058674,-0.01,46.61821587
1666778879.7147725,1532.6,1531.91,-0.60058674,-0.01,46.61821587
1666778889.6709902,1532.6,1531.91,-0.60058674,-0.01,46.61821587
1666778899.7071605,1532.29,1532.29,-0.51591431,2.14,48.02717265
1666778910.0607052,1532.29,1532.29,-0.51591431,2.14,48.02717265
1666778919.686726,1532.29,1532.29,-0.51591431,2.14,48.02717265
1666778929.7708812,1532.29,1532.84,-0.47203967,2.69,50.37055496
1666778939.7324052,1532.29,1532.84,-0.47203967,2.69,50.37055496
1666778949.9882104,1532.29,1532.84,-0.47203967,2.69,50.37055496
1666778959.642556,1532.78,1532.78,-0.39818743,2.26,50.12151109
1666778969.7633305,1532.78,1532.78,-0.39818743,2.26,50.12151109
1666778979.763406,1532.78,1532.78,-0.39818743,2.26,50.12151109
1666778989.6896164,1532.78,1533.56,-0.3359652,3.04,53.35442909
1666778999.9481788,1532.78,1533.56,-0.3359652,3.04,53.35442909
1666779009.7376106,1532.78,1533.56,-0.3359652,3.04,53.35442909
1666779019.7582943,1533.08,1533.08,-0.28963861,3.07,51.41085933
1666779029.8912103,1533.08,1533.08,-0.28963861,3.07,51.41085933
1666779040.1114292,1533.08,1533.08,-0.28963861,3.07,51.41085933
1666779050.6464903,1533.08,1532.18,-0.36143348,2.17,47.43878908
1666779060.2162936,1533.08,1532.18,-0.36143348,2.17,47.43878908
1666779070.232963,1533.08,1532.18,-0.36143348,2.17,47.43878908
1666779080.192202,1531.68,1531.68,-0.41919075,0.11,45.4972432
1666779090.2793849,1531.68,1531.68,-0.41919075,0.11,45.4972432
1666779100.5183668,1531.68,1530.51,-0.51252408,-1.06,41.21446711
1666779110.4809792,1531.68,1530.51,-0.51252408,-1.06,41.21446711
1666779120.2150638,1531.68,1530.51,-0.51252408,-1.06,41.21446711
1666779130.188121,1531.68,1530.51,-0.51252408,-1.06,41.21446711
1666779140.2293358,1528.98,1528.98,-0.80946904,-1.49,36.7039664
1666779150.2296813,1528.98,1528.98,-0.80946904,-1.49,36.7039664
1666779160.2412872,1528.98,1528.98,-0.80946904,-1.49,36.7039664
1666779170.2330878,1528.98,1527.39,-0.93630665,-3.08,32.69899147
1666779180.3917987,1528.98,1527.39,-0.93630665,-3.08,32.69899147
1666779190.2185416,1528.98,1527.39,-0.93630665,-3.08,32.69899147
1666779200.1517656,1525.39,1525.39,-1.44414472,-5.78,28.75129232
1666779210.2538583,1525.39,1525.39,-1.44414472,-5.78,28.75129232
1666779221.0417447,1525.39,1525.88,-1.4050564,-5.29,30.92592449
1666779230.8601966,1525.39,1525.88,-1.4050564,-5.29,30.92592449
1666779240.871826,1525.39,1525.88,-1.4050564,-5.29,30.92592449
1666779250.9110146,1526.64,1526.64,-1.52448896,-5.42,34.08478889
1666779261.1973913,1526.64,1526.64,-1.52448896,-5.42,34.08478889
1666779270.932112,1526.64,1526.64,-1.52448896,-5.42,34.08478889
1666779280.964775,1526.64,1525.69,-1.60027243,-6.37,32.10815623
1666779291.4126935,1526.64,1525.69,-1.60027243,-6.37,32.10815623
1666779301.1195323,1526.64,1525.69,-1.60027243,-6.37,32.10815623
1666779310.867016,1527.16,1527.16,-1.5752954,-6.09,36.23659823
1666779320.9120128,1527.16,1527.16,-1.5752954,-6.09,36.23659823
1666779330.9756596,1527.16,1527.16,-1.5752954,-6.09,36.23659823
1666779340.8319635,1527.16,1528.14,-1.49711876,-5.11,40.19330092
1666779350.955204,1527.16,1528.14,-1.49711876,-5.11,40.19330092
1666779360.8595788,1527.16,1528.14,-1.49711876,-5.11,40.19330092
1666779370.8986,1528.02,1528.02,-1.50745194,-4.58,39.73539163
1666779380.8870046,1528.02,1528.02,-1.50745194,-4.58,39.73539163
1666779390.9260454,1528.02,1528.02,-1.50745194,-4.58,39.73539163
1666779401.4019048,1528.02,1529.13,-1.41890493,-3.47,44.00607106
1666779411.461933,1528.02,1529.13,-1.41890493,-3.47,44.00607106
1666779421.5485232,1528.02,1529.13,-1.41890493,-3.47,44.00607106
1666779431.439631,1528.02,1529.13,-1.41890493,-3.47,44.00607106
1666779441.6173768,1529.17,1529.17,-1.32830199,-3.13,44.1486991
1666779451.8256326,1529.17,1529.17,-1.32830199,-3.13,44.1486991
1666779461.6492045,1529.17,1529.17,-1.32830199,-3.13,44.1486991
1666779471.723343,1529.17,1529.61,-1.29320228,-2.69,45.78462575
1666779481.6586983,1529.17,1529.61,-1.29320228,-2.69,45.78462575
1666779491.4987726,1529.54,1529.54,-1.1923753,-3.25,45.53080516
1666779501.6233797,1529.54,1529.54,-1.1923753,-3.25,45.53080516
1666779511.6591887,1529.54,1529.54,-1.1923753,-3.25,45.53080516
1666779521.5659168,1529.54,1530.03,-1.15328698,-2.76,47.3876467
1666779531.3861513,1529.54,1530.03,-1.15328698,-2.76,47.3876467
1666779541.415192,1529.54,1530.03,-1.15328698,-2.76,47.3876467
1666779551.6723049,1530.26,1530.26,-0.99363552,-2.83,48.21625466
1666779561.8362212,1530.26,1530.26,-0.99363552,-2.83,48.21625466
1666779571.666398,1530.26,1530.26,-0.99363552,-2.83,48.21625466
1666779582.0754912,1530.26,1530.36,-0.98565831,-2.73,48.5953259
1666779592.1019423,1530.26,1530.36,-0.98565831,-2.73,48.5953259
1666779602.1296678,1530.26,1530.36,-0.98565831,-2.73,48.5953259
1666779612.1083596,1530.52,1530.52,-0.83484962,-1.15,49.19042991
1666779622.092885,1530.52,1530.52,-0.83484962,-1.15,49.19042991
1666779632.1238663,1530.52,1530.52,-0.83484962,-1.15,49.19042991
1666779642.4241283,1530.52,1530.52,-0.83484962,-1.15,49.19042991
1666779652.2588923,1530.52,1531.15,-0.78459321,-0.52,51.56797178
1666779662.0737083,1530.52,1531.15,-0.78459321,-0.52,51.56797178
1666779672.089769,1531.2,1531.2,-0.62167004,2.22,51.74991704
1666779682.260308,1531.2,1531.2,-0.62167004,2.22,51.74991704
1666779692.5006506,1531.2,1531.2,-0.62167004,2.22,51.74991704
1666779702.147611,1531.2,1531.46,-0.6009293,2.48,52.72931112
1666779712.146567,1531.2,1531.46,-0.6009293,2.48,52.72931112
1666779722.2990053,1531.2,1531.46,-0.6009293,2.48,52.72931112
1666779732.1069374,1531.48,1531.48,-0.44985761,6.08,52.80300482
1666779742.1624508,1531.48,1531.48,-0.44985761,6.08,52.80300482
1666779752.1327062,1531.48,1531.48,-0.44985761,6.08,52.80300482
1666779762.5986352,1531.48,1531.54,-0.44507129,6.14,53.03952972
1666779772.582984,1531.48,1531.54,-0.44507129,6.14,53.03952972
1666779782.536003,1531.48,1531.54,-0.44507129,6.14,53.03952972
1666779792.7472456,1530.28,1530.28,-0.49787089,3.64,47.97687661
1666779802.8329806,1530.28,1530.28,-0.49787089,3.64,47.97687661
1666779812.7192576,1530.28,1530.28,-0.49787089,3.64,47.97687661
1666779822.7636192,1530.28,1531.26,-0.41969426,4.62,51.8464465
1666779832.5622196,1530.28,1531.26,-0.41969426,4.62,51.8464465
1666779842.779385,1530.28,1531.26,-0.41969426,4.62,51.8464465
1666779852.6559024,1530.28,1531.26,-0.41969426,4.62,51.8464465
1666779862.5796278,1532.62,1532.62,-0.12340179,5.47,56.35195582
1666779872.6063173,1532.62,1532.62,-0.12340179,5.47,56.35195582
1666779882.558049,1532.62,1531.69,-0.19758982,4.54,52.71938093
1666779892.6076643,1532.62,1531.69,-0.19758982,4.54,52.71938093
1666779902.900634,1532.62,1531.69,-0.19758982,4.54,52.71938093
1666779912.7658422,1532.59,1532.59,0.02151819,4.57,56.22378239
1666779922.6649384,1532.59,1532.59,0.02151819,4.57,56.22378239
1666779932.836854,1532.59,1532.59,0.02151819,4.57,56.22378239
1666779943.5029771,1532.59,1534.33,0.16032161,6.31,61.56599955
1666779953.3666933,1532.59,1534.33,0.16032161,6.31,61.56599955
1666779964.0293214,1532.59,1534.33,0.16032161,6.31,61.56599955
1666779973.2883098,1533.03,1533.03,0.19887966,3.86,57.70184945
1666779983.3378246,1533.03,1533.03,0.19887966,3.86,57.70184945
1666779993.4573145,1533.03,1533.03,0.19887966,3.86,57.70184945
1666780003.3527122,1533.03,1534.65,0.32811043,5.48,62.72446031
1666780013.3875463,1533.03,1534.65,0.32811043,5.48,62.72446031
1666780023.3402455,1533.03,1534.65,0.32811043,5.48,62.72446031
1666780033.497295,1533.96,1533.96,0.43952988,4.42,60.7233703
1666780043.324082,1533.96,1533.96,0.43952988,4.42,60.7233703
1666780053.3129473,1533.96,1533.96,0.43952988,4.42,60.7233703
1666780063.3397138,1533.96,1535.05,0.52648145,5.51,63.99643863
1666780073.434369,1533.96,1535.05,0.52648145,5.51,63.99643863
1666780083.3279476,1533.96,1535.05,0.52648145,5.51,63.99643863
1666780093.3514218,1535.06,1535.06,0.71919793,4.8,64.02590989
1666780103.3078575,1535.06,1535.06,0.71919793,4.8,64.02590989
1666780113.4743445,1535.06,1535.06,0.71919793,4.8,64.02590989
1666780124.3961928,1535.06,1534.87,0.70404123,4.61,63.06644558
1666780134.1550305,1535.06,1534.87,0.70404123,4.61,63.06644558
1666780143.9926617,1535.06,1534.87,0.70404123,4.61,63.06644558
1666780153.9153636,1534.78,1534.78,0.82302504,4.26,62.60765186
1666780164.080547,1534.78,1534.78,0.82302504,4.26,62.60765186
1666780173.9695077,1534.78,1534.78,0.82302504,4.26,62.60765186
1666780183.9482577,1534.78,1534.78,0.82302504,4.26,62.60765186
1666780193.9807997,1534.78,1534.78,0.82302504,4.26,62.60765186
1666780203.962322,1534.78,1534.78,0.82302504,4.26,62.60765186
1666780213.9915884,1534.79,1534.79,0.91328036,3.6,62.6617357
1666780223.9692447,1534.79,1534.79,0.91328036,3.6,62.6617357
1666780233.9088712,1534.79,1534.79,0.91328036,3.6,62.6617357
1666780243.932781,1534.79,1534.8,0.91407808,3.61,62.69643935
1666780253.942212,1534.79,1534.8,0.91407808,3.61,62.69643935
1666780263.8842206,1534.79,1534.8,0.91407808,3.61,62.69643935
1666780274.039441,1534.79,1534.79,0.97296046,3.31,62.6617357
1666780284.4471705,1534.79,1534.79,0.97296046,3.31,62.6617357
1666780293.8986807,1534.79,1534.79,0.97296046,3.31,62.6617357
1666780304.7777786,1534.79,1534.79,0.97296046,3.31,62.6617357
1666780314.8397846,1534.79,1534.63,0.96019693,3.15,61.67312469
1666780324.8912432,1534.79,1534.63,0.96019693,3.15,61.67312469
1666780334.8107057,1534.79,1534.63,0.96019693,3.15,61.67312469
1666780344.8276534,1536.39,1536.39,1.23481049,6.12,67.82012224
1666780354.9109151,1536.39,1536.39,1.23481049,6.12,67.82012224
1666780364.8044004,1536.39,1536.74,1.26273072,6.47,68.83442509
1666780374.8750193,1536.39,1536.74,1.26273072,6.47,68.83442509
1666780384.816934,1536.39,1536.74,1.26273072,6.47,68.83442509
1666780394.852394,1535.81,1535.81,1.2439023,3.19,64.34957368
1666780405.010293,1535.81,1535.81,1.2439023,3.19,64.34957368
1666780415.0435884,1535.81,1535.81,1.2439023,3.19,64.34957368
1666780424.8774917,1535.81,1536.23,1.27740658,3.61,65.71766756
1666780434.9131594,1535.81,1536.23,1.27740658,3.61,65.71766756
1666780445.4244504,1535.81,1536.23,1.27740658,3.61,65.71766756
1666780454.955602,1535.95,1535.95,1.29289045,3.35,64.81757817
1666780464.8427968,1535.95,1535.95,1.29289045,3.35,64.81757817
1666780474.8864052,1535.95,1535.95,1.29289045,3.35,64.81757817
1666780485.6910276,1535.95,1536.15,1.30884486,3.55,65.51406661
1666780495.67739,1535.95,1536.15,1.30884486,3.55,65.51406661
1666780505.7738278,1535.95,1536.15,1.30884486,3.55,65.51406661
1666780515.685618,1535.78,1535.78,1.28437203,2.74,63.71877731
1666780525.743424,1535.78,1535.78,1.28437203,2.74,63.71877731
1666780535.7027333,1535.78,1535.78,1.28437203,2.74,63.71877731
1666780545.7421854,1535.78,1534.79,1.20539767,1.75,57.62042002
1666780555.6873164,1535.78,1534.79,1.20539767,1.75,57.62042002
1666780565.665626,1535.78,1534.79,1.20539767,1.75,57.62042002
1666780575.6814606,1535.09,1535.09,1.17552114,1.12,59.34145493
1666780585.6980894,1535.09,1535.09,1.17552114,1.12,59.34145493
1666780595.888548,1535.09,1535.09,1.17552114,1.12,59.34145493
1666780606.259272,1535.09,1534.7,1.14441003,0.73,56.95963726
1666780615.7027628,1535.09,1534.7,1.14441003,0.73,56.95963726
1666780625.9938033,1535.09,1534.7,1.14441003,0.73,56.95963726
1666780635.7008383,1536.08,1536.08,1.25991636,1.03,63.24312439
1666780645.788441,1536.08,1536.08,1.25991636,1.03,63.24312439
1666780655.8961344,1536.08,1536.08,1.25991636,1.03,63.24312439
1666780666.852773,1536.08,1535.69,1.22880525,0.64,60.76914618
1666780676.760207,1536.08,1535.69,1.22880525,0.64,60.76914618
1666780686.623546,1536.08,1535.69,1.22880525,0.64,60.76914618
1666780696.6657195,1534.95,1534.95,1.09006584,0.16,56.57022635
1666780706.7863815,1534.95,1534.95,1.09006584,0.16,56.57022635
1666780716.824962,1534.95,1534.95,1.09006584,0.16,56.57022635
1666780726.605047,1534.95,1534.76,1.07490915,-0.03,55.5096798
1666780736.651704,1534.95,1534.76,1.07490915,-0.03,55.5096798
1666780746.6161249,1534.95,1534.76,1.07490915,-0.03,55.5096798
1666780756.8098814,1535.04,1535.04,1.02791673,0.25,56.95974189
1666780766.5712912,1535.04,1535.04,1.02791673,0.25,56.95974189
1666780776.6479816,1535.04,1535.04,1.02791673,0.25,56.95974189
1666780786.6534898,1535.04,1535.14,1.03589393,0.35,57.41674406
1666780797.1317072,1535.04,1535.14,1.03589393,0.35,57.41674406
1666780806.8350842,1535.04,1535.14,1.03589393,0.35,57.41674406
1666780816.8707373,1534.83,1534.83,0.93158326,0.04,55.69594658
1666780826.7135787,1534.83,1534.83,0.93158326,0.04,55.69594658
1666780836.694211,1534.83,1534.83,0.93158326,0.04,55.69594658
1666780847.4858563,1534.83,1535.61,0.99380549,0.82,59.27823488
1666780857.7302096,1534.83,1535.61,0.99380549,0.82,59.27823488
1666780867.4987302,1534.83,1535.61,0.99380549,0.82,59.27823488
1666780878.004271,1537.0,1537.0,1.16599849,0.61,64.40688702
1666780887.6331232,1537.0,1537.0,1.16599849,0.61,64.40688702
1666780897.608353,1537.0,1537.0,1.16599849,0.61,64.40688702
1666780907.5868304,1537.0,1536.32,1.11175347,-0.07,60.39926203
1666780917.5833895,1537.0,1536.32,1.11175347,-0.07,60.39926203
1666780927.7682846,1537.0,1536.32,1.11175347,-0.07,60.39926203
1666780937.6174178,1536.79,1536.79,1.17105938,0.98,63.11361792
1666780947.551835,1536.79,1536.79,1.17105938,0.98,63.11361792
1666780957.6285682,1536.79,1536.79,1.17105938,0.98,63.11361792
1666780967.5799096,1536.79,1537.07,1.19339556,1.26,64.14733446
1666780977.6613712,1536.79,1537.07,1.19339556,1.26,64.14733446
1666780988.200106,1536.79,1537.07,1.19339556,1.26,64.14733446
1666780997.553226,1540.73,1540.73,1.73300397,4.78,73.68195628
1666781007.6528096,1540.73,1540.73,1.73300397,4.78,73.68195628
1666781017.6184049,1540.73,1540.73,1.73300397,4.78,73.68195628
1666781028.730871,1540.73,1538.13,1.52559657,2.18,61.17293322
1666781038.670539,1540.73,1538.13,1.52559657,2.18,61.17293322
1666781048.7334306,1540.73,1538.13,1.52559657,2.18,61.17293322
1666781058.542993,1538.32,1538.32,1.56534303,2.53,61.94139716
1666781068.5200002,1538.32,1538.32,1.56534303,2.53,61.94139716
1666781078.5087068,1538.32,1538.32,1.56534303,2.53,61.94139716
1666781088.4712052,1538.32,1538.94,1.61480172,3.15,63.55048132
1666781098.5262496,1538.32,1538.94,1.61480172,3.15,63.55048132
1666781108.531052,1538.32,1538.94,1.61480172,3.15,63.55048132
1666781118.5531309,1538.98,1538.98,1.66006909,3.89,63.64963367
1666781128.5905166,1538.98,1538.98,1.66006909,3.89,63.64963367
1666781138.7433343,1538.98,1538.98,1.66006909,3.89,63.64963367
1666781148.7354672,1538.98,1538.79,1.6449124,3.7,62.77609169
1666781158.6875024,1538.98,1538.79,1.6449124,3.7,62.77609169
1666781168.445819,1538.98,1538.79,1.6449124,3.7,62.77609169
1666781178.510607,1538.27,1538.27,1.57374947,2.19,60.50351664
1666781188.5116203,1538.27,1538.27,1.57374947,2.19,60.50351664
1666781198.4911716,1538.27,1538.27,1.57374947,2.19,60.50351664
1666781209.0951345,1538.27,1538.48,1.59050161,2.4,61.11572409
1666781219.3929005,1538.27,1538.48,1.59050161,2.4,61.11572409
1666781229.1789837,1538.27,1538.48,1.59050161,2.4,61.11572409
1666781239.3821769,1538.05,1538.05,1.50207647,3.1,59.51838341
1666781249.4389606,1538.05,1538.05,1.50207647,3.1,59.51838341
1666781259.1884634,1538.05,1538.05,1.50207647,3.1,59.51838341
1666781269.1578765,1538.05,1537.41,1.45102234,2.46,56.63927416
1666781279.184693,1538.05,1537.41,1.45102234,2.46,56.63927416
1666781289.073601,1538.05,1537.41,1.45102234,2.46,56.63927416
1666781299.1543818,1537.37,1537.37,1.34518722,2.33,56.4613363
1666781309.1435008,1537.37,1537.37,1.34518722,2.33,56.4613363
1666781319.1726894,1537.37,1537.37,1.34518722,2.33,56.4613363
1666781329.2017434,1537.37,1536.59,1.282965,1.55,53.10984129
1666781339.8373404,1537.37,1536.59,1.282965,1.55,53.10984129
1666781349.315094,1537.37,1536.59,1.282965,1.55,53.10984129
1666781359.1976368,1538.1,1538.1,1.35264189,3.28,58.8951897
1666781369.2537503,1538.1,1538.1,1.35264189,3.28,58.8951897
1666781379.246453,1538.1,1538.1,1.35264189,3.28,58.8951897
1666781390.266855,1538.1,1538.37,1.37418035,3.55,59.78957808
1666781400.1278818,1538.1,1538.37,1.37418035,3.55,59.78957808
1666781410.4960222,1538.1,1538.37,1.37418035,3.55,59.78957808
1666781420.266709,1537.5,1537.5,1.21325059,0.5,56.13084307
1666781430.1932876,1537.5,1537.5,1.21325059,0.5,56.13084307
1666781440.1258285,1537.5,1537.5,1.21325059,0.5,56.13084307
1666781450.2252312,1537.5,1537.53,1.21564376,0.53,56.24199496
1666781460.1414895,1537.5,1537.53,1.21564376,0.53,56.24199496
1666781470.395803,1537.5,1537.53,1.21564376,0.53,56.24199496
1666781480.0961995,1538.16,1538.16,1.2203977,1.37,58.45520882
1666781490.1690474,1538.16,1538.16,1.2203977,1.37,58.45520882
1666781500.299933,1538.16,1538.16,1.2203977,1.37,58.45520882
1666781510.234372,1538.16,1537.41,1.16056864,0.62,54.90758697
1666781520.2128613,1538.16,1537.41,1.16056864,0.62,54.90758697
1666781530.4047818,1538.16,1537.41,1.16056864,0.62,54.90758697
1666781540.1798892,1538.35,1538.35,1.19832383,-2.4,59.1258381
1666781550.2308662,1538.35,1538.35,1.19832383,-2.4,59.1258381
1666781560.217517,1538.35,1538.35,1.19832383,-2.4,59.1258381
1666781570.6467123,1538.35,1538.12,1.17997625,-2.63,57.90724764
1666781580.670581,1538.35,1538.12,1.17997625,-2.63,57.90724764
1666781590.9271913,1537.51,1537.51,1.03675397,-0.81,54.90599714
1666781600.6347475,1537.51,1537.51,1.03675397,-0.81,54.90599714
1666781610.6886554,1537.51,1537.51,1.03675397,-0.81,54.90599714
1666781620.930938,1537.51,1536.8,0.9801158,-1.52,51.55659897
1666781630.864974,1537.51,1536.8,0.9801158,-1.52,51.55659897
1666781640.6513944,1537.51,1536.8,0.9801158,-1.52,51.55659897
1666781650.6641276,1536.67,1536.67,0.83210813,-2.31,50.98710082
1666781660.681252,1536.67,1536.67,0.83210813,-2.31,50.98710082
1666781670.6709013,1536.67,1536.67,0.83210813,-2.31,50.98710082
1666781680.7148278,1536.67,1535.99,0.77786312,-2.99,48.00032595
1666781690.8517442,1536.67,1535.99,0.77786312,-2.99,48.00032595
1666781700.6706855,1536.67,1535.99,0.77786312,-2.99,48.00032595
1666781710.7138183,1536.67,1535.99,0.77786312,-2.99,48.00032595
1666781720.8861785,1535.64,1535.64,0.56918656,-2.63,46.59542854
1666781730.9106474,1535.64,1535.64,0.56918656,-2.63,46.59542854
1666781740.727419,1535.64,1536.44,0.63300423,-1.83,50.18441859
1666781751.6147463,1535.64,1536.44,0.63300423,-1.83,50.18441859
1666781761.6817243,1535.64,1536.44,0.63300423,-1.83,50.18441859
1666781771.9711468,1536.6,1536.6,0.55678989,-1.46,50.84509782
1666781781.8004656,1536.6,1536.6,0.55678989,-1.46,50.84509782
1666781791.7354589,1536.6,1536.6,0.55678989,-1.46,50.84509782
1666781801.5789073,1536.6,1537.03,0.59109189,-1.03,52.66214893
1666781811.9089634,1536.6,1537.03,0.59109189,-1.03,52.66214893
1666781821.5499551,1536.6,1537.03,0.59109189,-1.03,52.66214893
1666781831.56819,1537.86,1537.86,0.65946534,0.5,55.80211784
1666781841.588025,1537.86,1537.86,0.65946534,0.5,55.80211784
1666781851.5671074,1537.86,1537.86,0.65946534,0.5,55.80211784
1666781861.5772018,1537.86,1537.44,0.62596107,0.08,53.85091118
1666781871.5703154,1537.86,1537.44,0.62596107,0.08,53.85091118
1666781882.001969,1537.86,1537.44,0.62596107,0.08,53.85091118
1666781891.5964077,1537.62,1537.62,0.61970835,-0.47,54.66662559
1666781901.7980902,1537.62,1537.62,0.61970835,-0.47,54.66662559
1666781911.569469,1537.62,1537.62,0.61970835,-0.47,54.66662559
1666781921.5767815,1537.62,1537.47,0.60774254,-0.62,53.93034784
1666781932.2367969,1537.62,1537.47,0.60774254,-0.62,53.93034784
1666781942.230329,1537.62,1537.47,0.60774254,-0.62,53.93034784
1666781952.167757,1537.38,1537.38,0.5625613,-0.12,53.49435958
1666781962.3271923,1537.38,1537.38,0.5625613,-0.12,53.49435958
1666781972.1746268,1537.38,1537.38,0.5625613,-0.12,53.49435958
1666781982.136609,1537.38,1537.48,0.5705385,-0.02,53.94367508
1666781992.1722562,1537.38,1537.48,0.5705385,-0.02,53.94367508
1666782002.2173314,1537.38,1537.48,0.5705385,-0.02,53.94367508
1666782012.3663754,1537.76,1537.76,0.58008554,-0.39,55.12585573
1666782022.3358612,1537.76,1537.76,0.58008554,-0.39,55.12585573
1666782032.1848085,1537.76,1537.76,0.58008554,-0.39,55.12585573
1666782042.5841374,1537.76,1538.32,0.62475791,0.17,57.51192304
1666782052.189679,1537.76,1538.32,0.62475791,0.17,57.51192304
1666782062.2028654,1537.76,1538.32,0.62475791,0.17,57.51192304
1666782072.219598,1537.76,1538.32,0.62475791,0.17,57.51192304
1666782082.433117,1539.57,1539.57,0.8180801,1.22,62.00583405
1666782092.1747942,1539.57,1539.57,0.8180801,1.22,62.00583405
1666782102.1545794,1539.57,1537.82,0.67847896,-0.53,53.48789267
1666782112.9767845,1539.57,1537.82,0.67847896,-0.53,53.48789267
1666782122.7691784,1539.57,1537.82,0.67847896,-0.53,53.48789267
1666782132.7316606,1537.14,1537.14,0.53982619,-0.37,50.76880627
1666782143.1814585,1537.14,1537.14,0.53982619,-0.37,50.76880627
1666782152.7513218,1537.14,1537.14,0.53982619,-0.37,50.76880627
1666782162.733773,1537.14,1536.76,0.5095128,-0.75,49.26337799
1666782172.790873,1537.14,1536.76,0.5095128,-0.75,49.26337799
1666782182.7939272,1537.14,1536.76,0.5095128,-0.75,49.26337799
1666782192.9443305,1538.99,1538.99,0.72905441,2.32,57.14146305
1666782203.5589345,1538.99,1538.99,0.72905441,2.32,57.14146305
1666782212.739212,1538.99,1538.99,0.72905441,2.32,57.14146305
1666782222.7984078,1538.99,1540.05,0.81361281,3.38,60.32717277
1666782232.7582152,1538.99,1540.05,0.81361281,3.38,60.32717277
1666782242.8237703,1538.99,1540.05,0.81361281,3.38,60.32717277
1666782252.8254952,1538.56,1538.56,0.6919669,2.92,55.34737057
1666782262.8383243,1538.56,1538.56,0.6919669,2.92,55.34737057
1666782272.9284604,1538.56,1538.56,0.6919669,2.92,55.34737057
1666782282.80687,1538.56,1544.76,1.18655379,9.12,69.98203196
1666782293.560669,1538.56,1544.76,1.18655379,9.12,69.98203196
1666782303.533502,1538.56,1544.76,1.18655379,9.12,69.98203196
1666782313.5634017,1543.35,1543.35,1.35964107,6.75,67.54142443
1666782323.605193,1543.35,1543.35,1.35964107,6.75,67.54142443
1666782333.606506,1543.35,1543.35,1.35964107,6.75,67.54142443
1666782343.5357058,1543.35,1543.35,1.35964107,6.75,67.54142443
1666782353.7127464,1543.35,1542.79,1.31496871,6.19,65.29484953
1666782364.2243266,1543.35,1542.79,1.31496871,6.19,65.29484953
1666782373.748261,1543.21,1543.21,1.54808073,5.34,66.96227334
1666782383.7153091,1543.21,1543.21,1.54808073,5.34,66.96227334
1666782393.8571167,1543.21,1543.21,1.54808073,5.34,66.96227334
1666782403.9751022,1543.21,1542.0,1.45155651,4.13,62.03800404
1666782413.8232696,1543.21,1542.0,1.45155651,4.13,62.03800404
1666782423.964388,1543.21,1542.0,1.45155651,4.13,62.03800404
1666782433.6154952,1541.93,1541.93,1.50464173,4.3,61.76273909
1666782443.6738262,1541.93,1541.93,1.50464173,4.3,61.76273909
1666782453.5811105,1541.93,1541.93,1.50464173,4.3,61.76273909
1666782463.9029915,1541.93,1540.79,1.41370156,3.16,57.50538742
1666782474.2117977,1541.93,1540.79,1.41370156,3.16,57.50538742
1666782484.2609863,1541.93,1540.79,1.41370156,3.16,57.50538742
1666782494.388818,1539.22,1539.22,1.15099342,1.83,52.5043871
1666782504.5475898,1539.22,1539.22,1.15099342,1.83,52.5043871
1666782514.4870465,1539.22,1539.22,1.15099342,1.83,52.5043871
1666782524.5879824,1539.22,1539.47,1.17093644,2.08,53.20229473
1666782534.1813328,1539.22,1539.47,1.17093644,2.08,53.20229473
1666782544.4621303,1539.22,1539.47,1.17093644,2.08,53.20229473
1666782554.2624383,1537.86,1537.86,0.83730653,0.09,48.56820063
1666782564.498114,1537.86,1537.86,0.83730653,0.09,48.56820063
1666782574.2025356,1537.86,1537.86,0.83730653,0.09,48.56820063
1666782584.2991698,1537.86,1536.72,0.74636636,-1.05,45.48519743
1666782594.2461505,1537.86,1536.72,0.74636636,-1.05,45.48519743
1666782604.322953,1537.86,1536.72,0.74636636,-1.05,45.48519743
1666782614.2646475,1537.2,1537.2,0.57370765,-2.36,46.73969596
1666782624.4118302,1537.2,1537.2,0.57370765,-2.36,46.73969596
1666782634.501978,1537.2,1537.2,0.57370765,-2.36,46.73969596
1666782644.482499,1537.2,1537.29,0.58088714,-2.27,47.03289994
1666782654.6840165,1537.2,1537.29,0.58088714,-2.27,47.03289994
1666782664.9237497,1537.2,1537.29,0.58088714,-2.27,47.03289994
1666782674.9492958,1536.01,1536.01,0.23429963,-1.14,43.5446052
1666782685.3949676,1536.01,1536.01,0.23429963,-1.14,43.5446052
1666782695.0031877,1536.01,1536.01,0.23429963,-1.14,43.5446052
1666782704.7417006,1536.01,1535.93,0.22791787,-1.22,43.33041037
1666782714.749904,1536.01,1535.93,0.22791787,-1.22,43.33041037
1666782724.790549,1536.01,1535.93,0.22791787,-1.22,43.33041037
1666782734.6495476,1536.33,1536.33,0.08593789,-2.67,44.64367243
1666782744.8133185,1536.33,1536.33,0.08593789,-2.67,44.64367243
1666782754.8085823,1536.33,1536.33,0.08593789,-2.67,44.64367243
1666782764.8128746,1536.33,1535.42,0.01334529,-3.58,42.14424374
1666782774.7643857,1536.33,1535.42,0.01334529,-3.58,42.14424374
1666782784.758472,1536.33,1535.42,0.01334529,-3.58,42.14424374
1666782795.017994,1535.69,1535.69,-0.14176022,-2.87,42.8540769
1666782804.8567028,1535.69,1535.69,-0.14176022,-2.87,42.8540769
1666782814.903957,1535.69,1535.69,-0.14176022,-2.87,42.8540769
1666782824.82539,1535.69,1534.77,-0.21515053,-3.79,40.35292072
1666782835.6036105,1535.69,1534.77,-0.21515053,-3.79,40.35292072
1666782845.8676977,1535.69,1534.77,-0.21515053,-3.79,40.35292072
1666782855.9185624,1534.3,1534.3,-0.47565985,-9.06,39.18456856
1666782865.852412,1534.3,1534.3,-0.47565985,-9.06,39.18456856
1666782875.9835925,1534.3,1534.3,-0.47565985,-9.06,39.18456856
1666782885.6892183,1534.3,1535.32,-0.39429233,-8.04,43.03902551
1666782895.7030137,1534.3,1535.32,-0.39429233,-8.04,43.03902551
1666782906.0093622,1534.3,1535.32,-0.39429233,-8.04,43.03902551
1666782915.6475823,1535.33,1535.33,-0.49874794,-7.89,43.08093264
1666782925.6163478,1535.33,1535.33,-0.49874794,-7.89,43.08093264
1666782935.7108572,1535.33,1535.33,-0.49874794,-7.89,43.08093264
1666782945.885595,1535.33,1533.6,-0.63675364,-9.62,38.61873751
1666782956.079892,1535.33,1533.6,-0.63675364,-9.62,38.61873751
1666782965.873064,1535.33,1533.6,-0.63675364,-9.62,38.61873751
1666782975.905209,1531.23,1531.23,-1.15635474,-10.69,33.83949558
1666782985.7583206,1531.23,1531.23,-1.15635474,-10.69,33.83949558
1666782995.6831126,1531.23,1531.23,-1.15635474,-10.69,33.83949558
1666783005.7426116,1531.23,1531.39,-1.14359121,-10.53,34.4312213
1666783016.291517,1531.23,1531.39,-1.14359121,-10.53,34.4312213
1666783026.3084872,1531.23,1531.39,-1.14359121,-10.53,34.4312213
1666783036.2971988,1532.1,1532.1,-1.27915353,-7.12,36.93679019
1666783046.5828433,1532.1,1532.1,-1.27915353,-7.12,36.93679019
1666783056.319708,1532.1,1532.1,-1.27915353,-7.12,36.93679019
1666783066.8335185,1532.1,1533.16,-1.19459513,-6.06,40.5833184
1666783076.4004967,1532.1,1533.16,-1.19459513,-6.06,40.5833184
1666783086.3146288,1532.1,1533.16,-1.19459513,-6.06,40.5833184
1666783096.5473022,1533.11,1533.11,-1.27237552,-4.74,40.42332188
1666783106.3767674,1533.11,1533.11,-1.27237552,-4.74,40.42332188
1666783116.2704823,1533.11,1533.11,-1.27237552,-4.74,40.42332188
1666783126.397699,1533.11,1533.96,-1.20456925,-3.89,43.2640363
1666783136.3585413,1533.11,1533.96,-1.20456925,-3.89,43.2640363
1666783146.8240674,1533.11,1533.96,-1.20456925,-3.89,43.2640363
1666783156.5158143,1532.47,1532.47,-1.40553659,-4.72,38.94221112
1666783166.5827725,1532.47,1532.47,-1.40553659,-4.72,38.94221112
1666783176.46186,1532.47,1532.47,-1.40553659,-4.72,38.94221112
1666783186.3546855,1532.47,1533.05,-1.35926879,-4.14,41.0352499
1666783196.9599063,1532.47,1533.05,-1.35926879,-4.14,41.0352499
1666783207.008279,1532.47,1533.05,-1.35926879,-4.14,41.0352499
1666783217.125607,1534.63,1534.63,-1.14850491,-1.38,46.07124915
1666783227.282663,1534.63,1534.63,-1.14850491,-1.38,46.07124915
1666783237.2396846,1534.63,1534.63,-1.14850491,-1.38,46.07124915
1666783246.999188,1534.63,1535.07,-1.11340519,-0.94,47.41807048
1666783257.0053942,1534.63,1535.07,-1.11340519,-0.94,47.41807048
1666783266.9487588,1534.63,1535.07,-1.11340519,-0.94,47.41807048
1666783277.0318975,1533.82,1533.82,-1.18415685,-2.52,44.00574914
1666783287.021502,1533.82,1533.82,-1.18415685,-2.52,44.00574914
1666783296.9955115,1533.82,1533.82,-1.18415685,-2.52,44.00574914
1666783307.033759,1533.82,1533.1,-1.24159275,-3.24,42.18031011
1666783317.0938823,1533.82,1533.1,-1.24159275,-3.24,42.18031011
1666783327.0028875,1533.82,1533.1,-1.24159275,-3.24,42.18031011
1666783336.9631288,1533.93,1533.93,-1.13241107,-1.77,44.37420858
1666783347.0059886,1533.93,1533.93,-1.13241107,-1.77,44.37420858
1666783356.9677198,1533.93,1533.93,-1.13241107,-1.77,44.37420858
1666783366.99618,1533.93,1533.66,-1.15394953,-2.04,43.61270033
1666783377.605997,1533.93,1533.66,-1.15394953,-2.04,43.61270033
1666783387.871015,1533.93,1533.66,-1.15394953,-2.04,43.61270033
1666783397.6206713,1535.31,1535.31,-0.88951835,1.01,48.88587958
1666783407.5594668,1535.31,1535.31,-0.88951835,1.01,48.88587958
1666783417.9735055,1535.31,1535.31,-0.88951835,1.01,48.88587958
1666783427.5772688,1535.31,1534.69,-0.93897703,0.39,47.0417201
1666783437.741072,1535.31,1534.69,-0.93897703,0.39,47.0417201
1666783447.9789033,1535.31,1534.69,-0.93897703,0.39,47.0417201
1666783457.812271,1534.95,1534.95,-0.8262297,-0.39,47.79559234
1666783467.6961758,1534.95,1534.95,-0.8262297,-0.39,47.79559234
1666783477.668185,1534.95,1534.95,-0.8262297,-0.39,47.79559234
1666783487.6396096,1534.95,1535.25,-0.80229808,-0.09,48.8162865
1666783497.7139914,1534.95,1535.25,-0.80229808,-0.09,48.8162865
1666783507.602778,1534.95,1535.25,-0.80229808,-0.09,48.8162865
1666783517.6508946,1535.8,1535.8,-0.62581183,4.58,50.59470781
1666783527.6332572,1535.8,1535.8,-0.62581183,4.58,50.59470781
1666783537.6149633,1535.8,1535.8,-0.62581183,4.58,50.59470781
1666783547.6698296,1535.8,1536.05,-0.60586881,4.83,51.41982747
1666783558.8814428,1535.8,1536.05,-0.60586881,4.83,51.41982747
1666783568.6518223,1535.8,1536.05,-0.60586881,4.83,51.41982747
1666783578.8520603,1536.18,1536.18,-0.46105525,4.09,51.84054498
1666783588.596336,1536.18,1536.18,-0.46105525,4.09,51.84054498
1666783598.4887908,1536.18,1536.18,-0.46105525,4.09,51.84054498
1666783608.8724167,1536.18,1535.5,-0.51530026,3.41,49.44193744
1666783618.500838,1536.18,1535.5,-0.51530026,3.41,49.44193744
1666783628.6207404,1536.18,1535.5,-0.51530026,3.41,49.44193744
1666783638.440765,1535.0,1535.0,-0.51603491,1.9,47.81113571
1666783648.4708972,1535.0,1535.0,-0.51603491,1.9,47.81113571
1666783658.392614,1535.0,1535.0,-0.51603491,1.9,47.81113571
1666783668.445339,1535.0,1534.96,-0.51922579,1.86,47.67586266
1666783678.6925151,1535.0,1534.96,-0.51922579,1.86,47.67586266
1666783688.4491675,1535.0,1534.96,-0.51922579,1.86,47.67586266
1666783698.464598,1534.46,1534.46,-0.55705665,1.99,46.05555354
1666783708.4061816,1534.46,1534.46,-0.55705665,1.99,46.05555354
1666783718.487393,1534.46,1534.46,-0.55705665,1.99,46.05555354
1666783728.4865117,1534.46,1534.07,-0.58816776,1.6,44.76522872
1666783739.1066377,1534.46,1534.07,-0.58816776,1.6,44.76522872
1666783749.1440415,1534.46,1534.07,-0.58816776,1.6,44.76522872
1666783759.1323984,1533.94,1533.94,-0.62136583,-0.69,44.35041566
1666783769.3313727,1533.94,1533.94,-0.62136583,-0.69,44.35041566
1666783779.2507732,1533.94,1533.94,-0.62136583,-0.69,44.35041566
1666783789.0801506,1533.94,1533.68,-0.64210657,-0.95,43.4875776
1666783799.2219174,1533.94,1533.68,-0.64210657,-0.95,43.4875776
1666783809.2099488,1533.94,1533.68,-0.64210657,-0.95,43.4875776
1666783819.1258707,1534.54,1534.54,-0.5485931,0.73,46.78517872
1666783829.160616,1534.54,1534.54,-0.5485931,0.73,46.78517872
1666783839.1388712,1534.54,1534.54,-0.5485931,0.73,46.78517872
1666783849.1180472,1534.54,1534.38,-0.56135663,0.57,46.19751869
1666783859.1310964,1534.54,1534.38,-0.56135663,0.57,46.19751869
1666783869.0958598,1534.54,1534.38,-0.56135663,0.57,46.19751869
1666783879.1279793,1533.6,1533.6,-0.65508109,-0.32,43.55328958
1666783889.131561,1533.6,1533.6,-0.65508109,-0.32,43.55328958
1666783899.3486118,1533.6,1533.6,-0.65508109,-0.32,43.55328958
1666783909.19826,1533.6,1533.15,-0.69097852,-0.77,42.05764641
1666783919.5168478,1533.6,1533.15,-0.69097852,-0.77,42.05764641
1666783929.8802722,1533.6,1533.15,-0.69097852,-0.77,42.05764641
1666783939.715092,1532.96,1532.96,-0.76338491,-2.36,41.47276909
1666783949.6002972,1532.96,1532.96,-0.76338491,-2.36,41.47276909
1666783959.8546286,1532.96,1532.96,-0.76338491,-2.36,41.47276909
1666783969.557923,1532.96,1532.83,-0.77375528,-2.49,41.02687267
1666783979.5847158,1532.96,1532.83,-0.77375528,-2.49,41.02687267
1666783989.8266747,1532.96,1532.83,-0.77375528,-2.49,41.02687267
1666783999.5682983,1532.79,1532.79,-0.82356165,-2.17,40.9138849
1666784009.551165,1532.79,1532.79,-0.82356165,-2.17,40.9138849
1666784019.707276,1532.79,1532.79,-0.82356165,-2.17,40.9138849
1666784029.6027968,1532.79,1532.41,-0.85387504,-2.55,39.60304816
1666784039.7841911,1532.79,1532.41,-0.85387504,-2.55,39.60304816
1666784049.8520834,1532.79,1532.41,-0.85387504,-2.55,39.60304816
1666784059.6293712,1531.98,1531.98,-0.96457706,-3.81,38.23294357
1666784069.5878873,1531.98,1531.98,-0.96457706,-3.81,38.23294357
1666784079.9012225,1531.98,1531.98,-0.96457706,-3.81,38.23294357
1666784089.626712,1531.98,1532.0,-0.96298162,-3.79,38.33979401
1666784100.7415435,1531.98,1532.0,-0.96298162,-3.79,38.33979401
1666784110.8684692,1531.55,1531.55,-1.07361226,-4.62,36.85728899
1666784121.43831,1531.55,1531.55,-1.07361226,-4.62,36.85728899
1666784130.7068014,1531.55,1531.55,-1.07361226,-4.62,36.85728899
1666784140.7728188,1531.55,1531.42,-1.08398263,-4.75,36.43126963
1666784150.8235595,1531.55,1531.42,-1.08398263,-4.75,36.43126963
1666784160.7268872,1531.55,1531.42,-1.08398263,-4.75,36.43126963
1666784170.8240163,1529.39,1529.39,-1.42651289,-5.62,30.89386708
1666784180.7815266,1529.39,1529.39,-1.42651289,-5.62,30.89386708
1666784190.7938523,1529.39,1529.39,-1.42651289,-5.62,30.89386708
1666784200.7939703,1529.39,1531.1,-1.29010264,-3.91,39.2998952
1666784210.742516,1529.39,1531.1,-1.29010264,-3.91,39.2998952
1666784220.8386476,1529.39,1531.1,-1.29010264,-3.91,39.2998952
1666784230.8716433,1530.72,1530.72,-1.36310943,-3.73,37.61352795
1666784240.7870033,1530.72,1530.72,-1.36310943,-3.73,37.61352795
1666784251.0110936,1530.72,1530.72,-1.36310943,-3.73,37.61352795
1666784260.8502653,1530.72,1531.39,-1.30966214,-3.06,40.73962874
1666784270.840186,1530.72,1531.39,-1.30966214,-3.06,40.73962874
1666784282.1126227,1530.72,1531.39,-1.30966214,-3.06,40.73962874
1666784291.972901,1530.73,1530.73,-1.37961104,-3.22,37.66260884
1666784301.6163936,1530.73,1530.73,-1.37961104,-3.22,37.66260884
1666784311.76677,1530.73,1530.73,-1.37961104,-3.22,37.66260884
1666784321.8784337,1530.73,1531.06,-1.35328625,-2.89,39.35809201
1666784331.597689,1530.73,1531.06,-1.35328625,-2.89,39.35809201
1666784341.659629,1530.73,1531.06,-1.35328625,-2.89,39.35809201
1666784351.766814,1530.75,1530.75,-1.37399943,-3.78,37.78626215
1666784361.645939,1530.75,1530.75,-1.37399943,-3.78,37.78626215
1666784371.697894,1530.75,1530.75,-1.37399943,-3.78,37.78626215
1666784381.6281872,1530.75,1531.29,-1.33092251,-3.24,40.68187753
1666784391.765472,1530.75,1531.29,-1.33092251,-3.24,40.68187753
1666784401.8487806,1530.75,1531.29,-1.33092251,-3.24,40.68187753
1666784411.6304524,1531.35,1531.35,-1.27161815,-2.25,40.9932039
1666784421.7453976,1531.35,1531.35,-1.27161815,-2.25,40.9932039
1666784431.6694024,1531.35,1531.35,-1.27161815,-2.25,40.9932039
1666784442.163303,1531.35,1531.9,-1.22774351,-1.7,43.86482562
1666784451.768881,1531.35,1531.9,-1.22774351,-1.7,43.86482562
1666784462.6812663,1531.35,1531.9,-1.22774351,-1.7,43.86482562
1666784472.5330994,1532.05,1532.05,-1.11421858,-0.9,44.60654552
1666784482.3319378,1532.05,1532.05,-1.11421858,-0.9,44.60654552
1666784492.3703258,1532.05,1532.05,-1.11421858,-0.9,44.60654552
1666784502.361107,1532.05,1531.82,-1.13256616,-1.13,43.66382368
1666784512.330791,1532.05,1531.82,-1.13256616,-1.13,43.66382368
1666784522.3394194,1532.05,1531.82,-1.13256616,-1.13,43.66382368
1666784532.2994406,1530.97,1530.97,-1.17524831,-1.81,40.50054851
1666784542.3564098,1530.97,1530.97,-1.17524831,-1.81,40.50054851
1666784552.4873638,1530.97,1530.97,-1.17524831,-1.81,40.50054851
1666784562.3056638,1530.97,1531.3,-1.14892352,-1.48,42.24978493
1666784572.2358627,1530.97,1531.3,-1.14892352,-1.48,42.24978493
1666784582.4183486,1530.97,1531.3,-1.14892352,-1.48,42.24978493
1666784592.3872747,1531.28,1531.28,-1.09896456,-0.7,42.15067514
1666784602.993179,1531.28,1531.28,-1.09896456,-0.7,42.15067514
1666784612.495594,1531.28,1531.28,-1.09896456,-0.7,42.15067514
1666784622.3348873,1531.28,1530.8,-1.13725516,-1.18,40.27409908
1666784632.4059184,1531.28,1530.8,-1.13725516,-1.18,40.27409908
1666784643.3066878,1531.28,1530.8,-1.13725516,-1.18,40.27409908
1666784653.1485443,1530.69,1530.69,-1.12821209,-0.87,39.86765254
1666784663.1296735,1530.69,1530.69,-1.12821209,-0.87,39.86765254
1666784673.0986228,1530.69,1530.69,-1.12821209,-0.87,39.86765254
1666784683.224429,1530.69,1530.33,-1.15693004,-1.23,38.50748986
1666784693.1110897,1530.69,1530.33,-1.15693004,-1.23,38.50748986
1666784703.0884511,1530.69,1530.33,-1.15693004,-1.23,38.50748986
1666784713.076616,1529.24,1529.24,-1.3069956,-0.14,34.90214882
1666784723.1852648,1529.24,1529.24,-1.3069956,-0.14,34.90214882
1666784733.295251,1529.24,1529.24,-1.3069956,-0.14,34.90214882
1666784743.2266176,1529.24,1528.91,-1.33332039,-0.47,33.86827776
1666784753.1551042,1529.24,1528.91,-1.33332039,-0.47,33.86827776
1666784763.196504,1529.24,1528.91,-1.33332039,-0.47,33.86827776
1666784773.1683526,1527.91,1527.91,-1.52956147,-2.81,31.07855472
1666784783.1773813,1527.91,1527.91,-1.52956147,-2.81,31.07855472
1666784793.5714436,1527.91,1527.91,-1.52956147,-2.81,31.07855472
1666784803.147342,1527.91,1528.88,-1.45218255,-1.84,36.53903758
1666784813.3228216,1527.91,1528.88,-1.45218255,-1.84,36.53903758
1666784824.330207,1527.91,1528.88,-1.45218255,-1.84,36.53903758
1666784834.0493708,1527.64,1527.64,-1.64093318,-3.09,30.34959281
1666784844.3399105,1527.64,1527.64,-1.64093318,-3.09,30.34959281
1666784854.0087583,1527.64,1527.64,-1.64093318,-3.09,30.34959281
1666784864.146632,1527.64,1527.79,-1.62896736,-2.94,31.2763307
1666784874.0639887,1527.64,1527.79,-1.62896736,-2.94,31.2763307
1666784884.0451162,1527.64,1527.79,-1.62896736,-2.94,31.2763307
1666784894.0545626,1528.12,1528.12,-1.62600216,-2.64,33.30954401
1666784904.1182885,1528.12,1528.12,-1.62600216,-2.64,33.30954401
1666784913.9899504,1528.12,1528.12,-1.62600216,-2.64,33.30954401
1666784924.0150054,1528.12,1527.24,-1.69620159,-3.52,30.67235376
1666784934.0319896,1528.12,1527.24,-1.69620159,-3.52,30.67235376
1666784944.0535514,1528.12,1527.24,-1.69620159,-3.52,30.67235376
1666784954.190824,1526.34,1526.34,-1.87739003,-5.0,28.43880358
1666784964.072337,1526.34,1526.34,-1.87739003,-5.0,28.43880358
1666784974.177444,1526.34,1526.34,-1.87739003,-5.0,28.43880358
1666784984.538244,1526.34,1527.32,-1.79921339,-4.02,34.15268294
1666784994.1887734,1526.34,1527.32,-1.79921339,-4.02,34.15268294
1666785004.942689,1526.34,1527.32,-1.79921339,-4.02,34.15268294
1666785014.973878,1527.51,1527.51,-1.77629928,-4.55,35.16048556
1666785024.9430254,1527.51,1527.51,-1.77629928,-4.55,35.16048556
1666785034.9723392,1527.51,1527.51,-1.77629928,-4.55,35.16048556
1666785045.3489764,1527.51,1529.53,-1.61515967,-2.53,44.79525882
1666785054.9169898,1527.51,1529.53,-1.61515967,-2.53,44.79525882
1666785065.1278968,1527.51,1529.53,-1.61515967,-2.53,44.79525882
1666785074.886727,1528.53,1528.53,-1.60516407,-2.44,40.41186852
1666785084.947188,1528.53,1528.53,-1.60516407,-2.44,40.41186852
1666785095.071621,1528.53,1528.53,-1.60516407,-2.44,40.41186852
1666785104.9535887,1528.53,1527.51,-1.68653159,-3.46,37.16989163
1666785115.1664174,1528.53,1527.51,-1.68653159,-3.46,37.16989163
1666785124.958019,1528.53,1527.51,-1.68653159,-3.46,37.16989163
1666785134.9082642,1527.11,1527.11,-1.71789143,-4.16,36.06119514
1666785145.3074791,1527.11,1527.11,-1.71789143,-4.16,36.06119514
1666785154.9881458,1527.11,1527.11,-1.71789143,-4.16,36.06119514
1666785165.0007694,1527.11,1527.51,-1.68598259,-3.76,38.09147654
1666785174.966169,1527.11,1527.51,-1.68598259,-3.76,38.09147654
1666785185.7340002,1527.11,1527.51,-1.68598259,-3.76,38.09147654
1666785195.512853,1527.5,1527.5,-1.64151192,-3.2,38.05893987
1666785205.5555964,1527.5,1527.5,-1.64151192,-3.2,38.05893987
1666785215.5499616,1527.5,1527.5,-1.64151192,-3.2,38.05893987
1666785225.6257932,1527.5,1527.44,-1.64629825,-3.26,37.86488116
1666785235.5742383,1527.5,1527.44,-1.64629825,-3.26,37.86488116
1666785245.5246332,1527.5,1527.44,-1.64629825,-3.26,37.86488116
1666785255.574559,1526.72,1526.72,-1.69822628,-2.52,35.68163622
1666785265.514599,1526.72,1526.72,-1.69822628,-2.52,35.68163622
1666785275.500517,1526.72,1526.72,-1.69822628,-2.52,35.68163622
1666785285.6319013,1526.72,1528.0,-1.59611802,-1.24,42.07585714
1666785295.502864,1526.72,1528.0,-1.59611802,-1.24,42.07585714
1666785305.543658,1526.72,1528.0,-1.59611802,-1.24,42.07585714
1666785315.5854132,1528.31,1528.31,-1.44979164,0.4,43.43771359
1666785325.5631409,1528.31,1528.31,-1.44979164,0.4,43.43771359
1666785335.948897,1528.31,1528.31,-1.44979164,0.4,43.43771359
1666785345.6178637,1528.31,1527.2,-1.53833865,-0.71,39.82698295
1666785355.5361688,1528.31,1527.2,-1.53833865,-0.71,39.82698295
1666785366.587007,1528.31,1527.2,-1.53833865,-0.71,39.82698295
1666785376.5660207,1528.03,1528.03,-1.37819887,0.38,42.48207303
1666785386.6424725,1528.03,1528.03,-1.37819887,0.38,42.48207303
1666785396.5641549,1528.03,1528.03,-1.37819887,0.38,42.48207303
1666785406.4653203,1528.03,1527.8,-1.39654645,0.15,41.64541993
1666785416.6541753,1528.03,1527.8,-1.39654645,0.15,41.64541993
1666785426.4622753,1528.03,1527.8,-1.39654645,0.15,41.64541993
1666785436.540625,1528.15,1528.15,-1.27131334,0.04,43.06857958
1666785446.451162,1528.15,1528.15,-1.27131334,0.04,43.06857958
1666785456.4356456,1528.15,1528.15,-1.27131334,0.04,43.06857958
1666785466.449267,1528.15,1529.9,-1.1317122,1.79,50.92728816
1666785476.495193,1528.15,1529.9,-1.1317122,1.79,50.92728816
1666785486.7995443,1528.15,1529.9,-1.1317122,1.79,50.92728816
1666785496.609137,1530.63,1530.63,-0.83000419,4.3,53.59912623
1666785506.4543502,1530.63,1530.63,-0.83000419,4.3,53.59912623
1666785516.5065773,1530.63,1530.63,-0.83000419,4.3,53.59912623
1666785526.8947108,1530.63,1529.93,-0.88584464,3.6,50.74593302
1666785536.4643242,1530.63,1529.93,-0.88584464,3.6,50.74593302
1666785547.074869,1530.63,1529.93,-0.88584464,3.6,50.74593302
1666785557.3540294,1529.53,1529.53,-0.78467199,2.03,49.24509849
1666785567.0070612,1529.53,1529.53,-0.78467199,2.03,49.24509849
1666785577.010991,1529.53,1529.53,-0.78467199,2.03,49.24509849
1666785586.9967446,1529.53,1529.51,-0.78626743,2.01,49.16694919
1666785596.9939742,1529.53,1529.51,-0.78626743,2.01,49.16694919
1666785607.1094315,1529.53,1529.51,-0.78626743,2.01,49.16694919
1666785617.2977197,1528.49,1528.49,-0.81910572,-0.04,45.48560611
1666785627.06646,1528.49,1528.49,-0.81910572,-0.04,45.48560611
1666785637.0776343,1528.49,1528.49,-0.81910572,-0.04,45.48560611
1666785647.0709667,1528.49,1528.57,-0.81272396,0.04,45.82820093
1666785657.1933997,1528.49,1528.57,-0.81272396,0.04,45.82820093
1666785667.0699482,1528.49,1528.57,-0.81272396,0.04,45.82820093
1666785677.019706,1528.79,1528.79,-0.72934096,1.69,46.74851074
1666785687.4836469,1528.79,1528.79,-0.72934096,1.69,46.74851074
1666785697.0848532,1528.79,1528.79,-0.72934096,1.69,46.74851074
1666785706.9995425,1528.79,1528.95,-0.71657743,1.85,47.44776317
1666785717.0232985,1528.79,1528.95,-0.71657743,1.85,47.44776317
1666785727.5832355,1528.79,1528.95,-0.71657743,1.85,47.44776317
1666785737.8959143,1528.61,1528.61,-0.69551186,1.1,46.06888989
1666785747.6260507,1528.61,1528.61,-0.69551186,1.1,46.06888989
1666785757.5949786,1528.61,1528.61,-0.69551186,1.1,46.06888989
1666785767.6717355,1528.61,1527.95,-0.74816144,0.44,43.52691743
1666785777.8238704,1528.61,1527.95,-0.74816144,0.44,43.52691743
1666785787.659842,1528.61,1527.95,-0.74816144,0.44,43.52691743
1666785797.6619904,1526.81,1526.81,-0.90427501,0.09,39.76750642
1666785807.5875013,1526.81,1526.81,-0.90427501,0.09,39.76750642
1666785817.6400926,1526.81,1526.81,-0.90427501,0.09,39.76750642
1666785827.6512983,1526.81,1525.57,-1.00319239,-1.15,36.0814879
1666785837.6243277,1526.81,1525.57,-1.00319239,-1.15,36.0814879
1666785847.6196966,1526.81,1525.57,-1.00319239,-1.15,36.0814879
1666785857.6638782,1525.52,1525.52,-1.12614837,-2.79,35.94563916
1666785867.6172173,1525.52,1525.52,-1.12614837,-2.79,35.94563916
1666785878.032599,1525.52,1525.52,-1.12614837,-2.79,35.94563916
1666785887.6238208,1525.52,1524.36,-1.21868398,-3.95,32.89787658
1666785897.6951404,1525.52,1524.36,-1.21868398,-3.95,32.89787658
1666785908.3772926,1525.52,1524.36,-1.21868398,-3.95,32.89787658
1666785918.480753,1525.53,1525.53,-1.2051183,-2.49,35.99454566
1666785928.5117786,1525.53,1525.53,-1.2051183,-2.49,35.99454566
1666785938.4247258,1525.53,1525.53,-1.2051183,-2.49,35.99454566
1666785948.418852,1525.53,1526.04,-1.16443454,-1.98,38.66323684
1666785958.522889,1525.53,1526.04,-1.16443454,-1.98,38.66323684
1666785968.438975,1525.53,1526.04,-1.16443454,-1.98,38.66323684
1666785978.5134523,1524.56,1524.56,-1.39162739,-3.59,33.2250307
1666785988.470811,1524.56,1524.56,-1.39162739,-3.59,33.2250307
1666785998.5255244,1524.56,1524.56,-1.39162739,-3.59,33.2250307
1666786008.512452,1524.56,1523.94,-1.44108607,-4.21,31.55384779
1666786018.493784,1524.56,1523.94,-1.44108607,-4.21,31.55384779
1666786028.6969175,1524.56,1523.94,-1.44108607,-4.21,31.55384779
1666786039.3186471,1524.53,1524.53,-1.4655101,-6.1,33.14010188
1666786048.4976926,1524.53,1524.53,-1.4655101,-6.1,33.14010188
1666786058.5697334,1524.53,1524.53,-1.4655101,-6.1,33.14010188
1666786068.6413658,1524.53,1524.01,-1.50699159,-6.62,31.63083149
1666786078.4623244,1524.53,1524.01,-1.50699159,-6.62,31.63083149
1666786088.9832134,1524.53,1524.01,-1.50699159,-6.62,31.63083149
1666786099.0514026,1522.55,1522.55,-1.78410129,-6.99,28.04311779
1666786108.9651568,1522.55,1522.55,-1.78410129,-6.99,28.04311779
1666786119.0282114,1522.55,1522.55,-1.78410129,-6.99,28.04311779
1666786128.9956236,1522.55,1522.78,-1.76575372,-6.76,29.36706646
1666786139.01663,1522.55,1522.78,-1.76575372,-6.76,29.36706646
1666786149.232381,1522.55,1522.78,-1.76575372,-6.76,29.36706646
1666786158.9946637,1521.1,1521.1,-2.09522975,-7.39,25.01060624
1666786168.9824655,1521.1,1521.1,-2.09522975,-7.39,25.01060624
1666786178.9295828,1521.1,1521.1,-2.09522975,-7.39,25.01060624
1666786189.167675,1521.1,1519.67,-2.20930382,-8.82,22.43406627
1666786199.5342264,1521.1,1519.67,-2.20930382,-8.82,22.43406627
1666786208.9627886,1521.1,1519.67,-2.20930382,-8.82,22.43406627
1666786218.973835,1518.38,1518.38,-2.6089958,-10.41,20.52649355
1666786229.2376795,1518.38,1518.38,-2.6089958,-10.41,20.52649355
1666786239.1399708,1518.38,1518.38,-2.6089958,-10.41,20.52649355
1666786249.3820071,1518.38,1519.04,-2.55634623,-9.75,24.08321475
1666786259.0585525,1518.38,1519.04,-2.55634623,-9.75,24.08321475
1666786269.5144622,1518.38,1519.04,-2.55634623,-9.75,24.08321475
1666786279.4726655,1520.98,1520.98,-2.44424582,-7.62,32.90893091
1666786289.487317,1520.98,1520.98,-2.44424582,-7.62,32.90893091
1666786299.4449975,1520.98,1520.98,-2.44424582,-7.62,32.90893091
1666786309.4985874,1520.98,1523.2,-2.2671518,-5.4,41.31639226
1666786319.4059818,1520.98,1523.2,-2.2671518,-5.4,41.31639226
1666786329.6586466,1520.98,1523.2,-2.2671518,-5.4,41.31639226
1666786339.4592707,1522.84,1522.84,-2.186878,-3.96,40.09913382
1666786349.5167997,1522.84,1522.84,-2.186878,-3.96,40.09913382
1666786360.0372095,1522.84,1522.84,-2.186878,-3.96,40.09913382
1666786369.5099108,1522.84,1525.01,-2.01377259,-1.79,47.20764922
1666786379.4372797,1522.84,1525.01,-2.01377259,-1.79,47.20764922
1666786389.9786365,1522.84,1525.01,-2.01377259,-1.79,47.20764922
1666786399.5299745,1523.59,1523.59,-1.97054205,-1.94,42.762847
1666786409.6095707,1523.59,1523.59,-1.97054205,-1.94,42.762847
1666786419.7759943,1523.59,1523.59,-1.97054205,-1.94,42.762847
1666786429.5236428,1523.59,1523.7,-1.96176712,-1.83,43.16206376
1666786439.6038198,1523.59,1523.7,-1.96176712,-1.83,43.16206376
1666786450.306465,1524.32,1524.32,-1.72227176,-1.22,45.31198193
1666786460.3289387,1524.32,1524.32,-1.72227176,-1.22,45.31198193
1666786470.3709834,1524.32,1524.32,-1.72227176,-1.22,45.31198193
1666786480.2607148,1524.32,1524.32,-1.72227176,-1.22,45.31198193
1666786490.3279598,1524.32,1524.34,-1.72067631,-1.2,45.38374954
1666786500.3633845,1524.32,1524.34,-1.72067631,-1.2,45.38374954
1666786510.3076935,1524.32,1524.34,-1.72067631,-1.2,45.38374954
1666786520.8729331,1524.24,1524.24,-1.5656805,-0.32,45.08424787
1666786530.358658,1524.24,1524.24,-1.5656805,-0.32,45.08424787
1666786540.333393,1524.24,1524.24,-1.5656805,-0.32,45.08424787
1666786550.3587954,1524.24,1525.94,-1.43006796,1.38,50.94589563
1666786560.3092954,1524.24,1525.94,-1.43006796,1.38,50.94589563
1666786570.2569096,1524.24,1525.94,-1.43006796,1.38,50.94589563
1666786580.3019378,1525.19,1525.19,-1.28584911,0.66,48.52435792
1666786590.2505398,1525.19,1525.19,-1.28584911,0.66,48.52435792
1666786600.3446493,1525.19,1524.61,-1.33211691,0.08,46.60168559
1666786610.3154414,1525.19,1524.61,-1.33211691,0.08,46.60168559
1666786620.2797887,1525.19,1524.61,-1.33211691,0.08,46.60168559
1666786630.8842702,1525.19,1524.61,-1.33211691,0.08,46.60168559
1666786640.9280982,1524.0,1524.0,-1.27830942,1.44,44.7369971
1666786650.9616284,1524.0,1524.0,-1.27830942,1.44,44.7369971
1666786660.9746916,1524.0,1523.9,-1.28628663,1.34,44.42357781
1666786670.9476786,1524.0,1523.9,-1.28628663,1.34,44.42357781
1666786681.0598545,1524.0,1523.9,-1.28628663,1.34,44.42357781
1666786690.925513,1522.81,1522.81,-1.35230659,1.71,41.27191317
1666786700.969833,1522.81,1522.81,-1.35230659,1.71,41.27191317
1666786711.3101332,1522.81,1522.81,-1.35230659,1.71,41.27191317
1666786720.9501245,1522.81,1522.81,-1.35230659,1.71,41.27191317
1666786730.9394536,1522.81,1522.04,-1.41373109,0.94,39.15842144
1666786740.9835193,1522.81,1522.04,-1.41373109,0.94,39.15842144
1666786750.9591367,1521.6,1521.6,-1.4921608,3.22,38.06363837
1666786760.9653437,1521.6,1521.6,-1.4921608,3.22,38.06363837
1666786770.9816382,1521.6,1521.6,-1.4921608,3.22,38.06363837
1666786781.0673854,1521.6,1521.07,-1.53444,2.69,36.69369859
1666786790.8845897,1521.6,1521.07,-1.53444,2.69,36.69369859
1666786800.9557967,1521.6,1521.07,-1.53444,2.69,36.69369859
1666786811.5828466,1521.33,1521.33,-1.546647,0.35,37.34535117
1666786821.633705,1521.33,1521.33,-1.546647,0.35,37.34535117
1666786831.5561135,1521.33,1521.33,-1.546647,0.35,37.34535117
1666786841.8166225,1521.33,1520.89,-1.58174671,-0.09,36.17452747
1666786851.6913474,1521.33,1520.89,-1.58174671,-0.09,36.17452747
1666786861.6473784,1521.33,1520.89,-1.58174671,-0.09,36.17452747
1666786871.9170115,1520.46,1520.46,-1.67782051,-2.38,35.09913461
1666786881.6534977,1520.46,1520.46,-1.67782051,-2.38,35.09913461
1666786891.648499,1520.46,1520.46,-1.67782051,-2.38,35.09913461
1666786901.8181834,1520.46,1517.94,-1.87884615,-4.9,29.55415883
1666786911.659747,1520.46,1517.94,-1.87884615,-4.9,29.55415883
1666786921.715159,1520.46,1517.94,-1.87884615,-4.9,29.55415883
1666786931.670648,1516.61,1516.61,-2.25195824,-6.98,27.30911954
1666786941.6390548,1516.61,1516.61,-2.25195824,-6.98,27.30911954
1666786951.6961207,1516.61,1516.61,-2.25195824,-6.98,27.30911954
1666786961.6372626,1516.61,1515.21,-2.36363915,-8.38,25.09164654
1666786971.8387766,1516.61,1515.21,-2.36363915,-8.38,25.09164654
1666786981.68397,1516.61,1515.21,-2.36363915,-8.38,25.09164654
1666786992.389359,1517.51,1517.51,-2.30702773,-6.81,31.18588025
1666787002.2355697,1517.51,1517.51,-2.30702773,-6.81,31.18588025
1666787012.233903,1517.51,1517.51,-2.30702773,-6.81,31.18588025
1666787022.4933896,1517.51,1518.4,-2.23603057,-5.92,34.84302577
1666787032.2816377,1517.51,1518.4,-2.23603057,-5.92,34.84302577
1666787042.1812046,1517.51,1518.4,-2.23603057,-5.92,34.84302577
1666787052.251452,1518.62,1518.62,-2.2244605,-5.61,35.69598411
1666787062.7741668,1518.62,1518.62,-2.2244605,-5.61,35.69598411
1666787072.2244911,1518.62,1518.62,-2.2244605,-5.61,35.69598411
1666787082.258395,1518.62,1516.6,-2.3856001,-7.63,31.5967384
1666787092.2732944,1518.62,1516.6,-2.3856001,-7.63,31.5967384
1666787102.3174772,1518.62,1516.6,-2.3856001,-7.63,31.5967384
1666787112.2356837,1518.14,1518.14,-2.27164044,-7.04,34.6374973
1666787122.2025385,1518.14,1518.14,-2.27164044,-7.04,34.6374973
1666787132.287564,1518.14,1518.14,-2.27164044,-7.04,34.6374973
1666787142.275988,1518.14,1520.16,-2.11050084,-5.02,42.40058613
1666787152.2331555,1518.14,1520.16,-2.11050084,-5.02,42.40058613
1666787162.3524554,1518.14,1520.16,-2.11050084,-5.02,42.40058613
1666787173.0505147,1519.96,1519.96,-1.99419675,-4.05,41.72313218
1666787183.384804,1519.96,1519.96,-1.99419675,-4.05,41.72313218
1666787193.2226615,1519.96,1519.96,-1.99419675,-4.05,41.72313218
1666787203.248885,1519.96,1521.74,-1.85220245,-2.27,47.67992004
1666787213.0531487,1519.96,1521.74,-1.85220245,-2.27,47.67992004
1666787223.2588513,1519.96,1521.74,-1.85220245,-2.27,47.67992004
1666787233.0547645,1519.73,1519.73,-1.9009879,-3.08,41.1179317
1666787243.1310215,1519.73,1519.73,-1.9009879,-3.08,41.1179317
1666787253.2486546,1519.73,1519.73,-1.9009879,-3.08,41.1179317
1666787263.1140542,1519.73,1518.86,-1.97038961,-3.95,38.82390893
1666787273.1378322,1519.73,1518.86,-1.97038961,-3.95,38.82390893
1666787283.212412,1519.73,1518.86,-1.97038961,-3.95,38.82390893
1666787293.155326,1520.02,1520.02,-1.75092734,-1.57,42.25526974
1666787303.133087,1520.02,1520.02,-1.75092734,-1.57,42.25526974
1666787313.1092606,1520.02,1520.02,-1.75092734,-1.57,42.25526974
1666787323.146944,1520.02,1520.39,-1.72141167,-1.2,43.74817262
1666787333.1485703,1520.02,1520.39,-1.72141167,-1.2,43.74817262
1666787343.1193352,1520.02,1520.39,-1.72141167,-1.2,43.74817262
1666787353.6867316,1519.18,1519.18,-1.75089018,-2.15,39.87081645
1666787363.635362,1519.18,1519.18,-1.75089018,-2.15,39.87081645
1666787373.6602693,1519.18,1519.18,-1.75089018,-2.15,39.87081645
1666787383.700638,1519.18,1519.19,-1.75009246,-2.14,39.91453124
1666787393.686358,1519.18,1519.19,-1.75009246,-2.14,39.91453124
1666787403.731968,1519.18,1519.19,-1.75009246,-2.14,39.91453124
1666787414.0318053,1520.85,1520.85,-1.44232388,0.39,46.38769831
1666787423.9197044,1520.85,1520.85,-1.44232388,0.39,46.38769831
1666787433.7299294,1520.85,1520.85,-1.44232388,0.39,46.38769831
1666787443.8164487,1520.85,1521.8,-1.3665404,1.34,49.72430087
1666787453.7455444,1520.85,1521.8,-1.3665404,1.34,49.72430087
1666787464.1195672,1520.85,1521.8,-1.3665404,1.34,49.72430087
1666787473.7664025,1521.49,1521.49,-1.19741008,4.89,48.68211088
1666787483.7798705,1521.49,1521.49,-1.19741008,4.89,48.68211088
1666787493.948969,1521.49,1521.49,-1.19741008,4.89,48.68211088
1666787503.7601774,1521.49,1521.17,-1.22293715,4.57,47.5855399
1666787513.7969067,1521.49,1521.17,-1.22293715,4.57,47.5855399
1666787523.7971742,1521.49,1521.17,-1.22293715,4.57,47.5855399
1666787534.3347318,1521.85,1521.85,-0.98098953,4.33,49.97889462
1666787544.3370514,1521.85,1521.85,-0.98098953,4.33,49.97889462
1666787554.3813946,1521.85,1521.85,-0.98098953,4.33,49.97889462
1666787564.3408363,1521.85,1523.97,-0.81187273,6.45,56.88790633
1666787574.350439,1521.85,1523.97,-0.81187273,6.45,56.88790633
1666787584.5532506,1521.85,1523.97,-0.81187273,6.45,56.88790633
1666787594.3601124,1523.43,1523.43,-0.6000129,4.82,55.31814868
1666787604.665268,1523.43,1523.43,-0.6000129,4.82,55.31814868
1666787614.2306347,1523.43,1523.43,-0.6000129,4.82,55.31814868
1666787624.3994837,1523.43,1524.11,-0.54576788,5.5,57.42348986
1666787634.334288,1523.43,1524.11,-0.54576788,5.5,57.42348986
1666787644.3300998,1523.43,1524.11,-0.54576788,5.5,57.42348986
1666787654.364137,1524.11,1524.11,-0.29730279,5.98,57.42575913
1666787664.5884569,1524.11,1524.11,-0.29730279,5.98,57.42575913
1666787674.3398073,1524.11,1524.11,-0.29730279,5.98,57.42575913
1666787684.3600335,1524.11,1525.96,-0.14972444,7.83,62.58996756
1666787694.5529485,1524.11,1525.96,-0.14972444,7.83,62.58996756
1666787704.3415208,1524.11,1525.96,-0.14972444,7.83,62.58996756
1666787715.1884272,1525.52,1525.52,0.10008186,5.55,61.48064753
1666787725.2612882,1525.52,1525.52,0.10008186,5.55,61.48064753
1666787735.4082496,1525.52,1525.52,0.10008186,5.55,61.48064753
1666787745.228351,1525.52,1525.52,0.10008186,5.55,61.48064753
1666787755.2694466,1525.52,1527.87,0.28754625,7.9,67.10152731
1666787765.3788564,1525.52,1527.87,0.28754625,7.9,67.10152731
1666787775.253355,1526.05,1526.05,0.39770541,6.32,62.90985443
1666787785.2408638,1526.05,1526.05,0.39770541,6.32,62.90985443
1666787795.547609,1526.05,1526.05,0.39770541,6.32,62.90985443
1666787805.5005145,1526.05,1525.74,0.37297606,6.01,61.4731349
1666787815.2882288,1526.05,1525.74,0.37297606,6.01,61.4731349
1666787825.2376497,1526.05,1525.74,0.37297606,6.01,61.4731349
1666787835.284201,1524.65,1524.65,0.39532178,4.63,56.90373768
1666787845.2796814,1524.65,1524.65,0.39532178,4.63,56.90373768
1666787855.2640347,1524.65,1524.65,0.39532178,4.63,56.90373768
1666787865.314539,1524.65,1524.47,0.3809628,4.45,56.1613314
1666787875.275503,1524.65,1524.47,0.3809628,4.45,56.1613314
1666787885.2864475,1524.65,1524.47,0.3809628,4.45,56.1613314
1666787895.914802,1524.21,1524.21,0.41363306,5.04,55.11770854
1666787905.9520962,1524.21,1524.21,0.41363306,5.04,55.11770854
1666787916.064512,1524.21,1524.21,0.41363306,5.04,55.11770854
1666787925.888919,1524.21,1523.91,0.38970144,4.74,53.8869441
1666787935.9580376,1524.21,1523.91,0.38970144,4.74,53.8869441
1666787945.8894691,1524.21,1523.91,0.38970144,4.74,53.8869441
1666787956.147319,1523.6,1523.6,0.3657753,2.76,52.66123273
1666787965.9759848,1523.6,1523.6,0.3657753,2.76,52.66123273
1666787975.908421,1523.6,1523.6,0.3657753,2.76,52.66123273
1666787986.0304615,1523.6,1523.35,0.34583228,2.51,51.64356143
1666787996.0109978,1523.6,1523.35,0.34583228,2.51,51.64356143
1666788005.895832,1523.6,1523.35,0.34583228,2.51,51.64356143
1666788016.0859778,1524.04,1524.04,0.42442661,2.55,54.24482425
1666788025.9308877,1524.04,1524.04,0.42442661,2.55,54.24482425
1666788035.9093049,1524.04,1524.04,0.42442661,2.55,54.24482425
1666788045.952891,1524.04,1522.28,0.28402775,0.79,47.40093116
1666788055.8613043,1524.04,1522.28,0.28402775,0.79,47.40093116
1666788065.9065418,1524.04,1522.28,0.28402775,0.79,47.40093116
1666788076.906099,1523.58,1523.58,0.37239021,1.73,52.27225288
1666788087.0663393,1523.58,1523.58,0.37239021,1.73,52.27225288
1666788096.8800218,1523.58,1523.58,0.37239021,1.73,52.27225288
1666788106.8586078,1523.58,1523.02,0.32771785,1.17,49.89358395
1666788117.376039,1523.58,1523.02,0.32771785,1.17,49.89358395
1666788126.828158,1523.58,1523.02,0.32771785,1.17,49.89358395
1666788137.0165408,1522.03,1522.03,0.1370151,-1.39,46.17864933
1666788146.8221328,1522.03,1522.03,0.1370151,-1.39,46.17864933
1666788156.8469095,1522.03,1522.03,0.1370151,-1.39,46.17864933
1666788167.1137002,1522.03,1521.57,0.10031994,-1.85,44.51994708
1666788176.8053603,1522.03,1521.57,0.10031994,-1.85,44.51994708
1666788186.7877872,1522.03,1521.57,0.10031994,-1.85,44.51994708
1666788196.9364326,1521.51,1521.51,-0.02559131,-2.59,44.3123385
1666788206.8517013,1521.51,1521.51,-0.02559131,-2.59,44.3123385
1666788216.988968,1521.51,1521.51,-0.02559131,-2.59,44.3123385
1666788226.8812814,1521.51,1521.03,-0.06388191,-3.07,42.60081361
1666788236.88341,1521.51,1521.03,-0.06388191,-3.07,42.60081361
1666788246.854607,1521.51,1521.03,-0.06388191,-3.07,42.60081361
1666788257.573913,1520.7,1520.7,-0.23470173,-4.81,41.49884984
1666788267.5849123,1520.7,1520.7,-0.23470173,-4.81,41.49884984
1666788278.4936445,1520.7,1520.7,-0.23470173,-4.81,41.49884984
1666788287.8254747,1520.7,1520.56,-0.24586982,-4.95,41.01414003
1666788297.8245356,1520.7,1520.56,-0.24586982,-4.95,41.01414003
1666788307.8287148,1520.7,1520.56,-0.24586982,-4.95,41.01414003
1666788317.867052,1521.85,1521.85,-0.18266857,-4.2,46.67545632
1666788327.875563,1521.85,1521.85,-0.18266857,-4.2,46.67545632
1666788337.8681123,1521.85,1521.85,-0.18266857,-4.2,46.67545632
1666788348.0710652,1521.85,1520.64,-0.27919279,-5.41,42.42198111
1666788357.8654542,1521.85,1520.64,-0.27919279,-5.41,42.42198111
1666788367.8447816,1521.85,1520.64,-0.27919279,-5.41,42.42198111
1666788377.8383224,1520.29,1520.29,-0.43283596,-4.36,41.34848296
1666788387.819208,1520.29,1520.29,-0.43283596,-4.36,41.34848296
1666788397.8632624,1520.29,1520.29,-0.43283596,-4.36,41.34848296
1666788407.9041142,1520.29,1519.75,-0.47591288,-4.9,39.64304246
1666788417.8359382,1520.29,1519.75,-0.47591288,-4.9,39.64304246
1666788427.8423154,1520.29,1519.75,-0.47591288,-4.9,39.64304246
1666788438.8356764,1520.78,1520.78,-0.45712753,-3.42,43.53498808
1666788448.381992,1520.78,1520.78,-0.45712753,-3.42,43.53498808
1666788458.390196,1520.78,1520.78,-0.45712753,-3.42,43.53498808
1666788468.4481845,1520.78,1520.32,-0.49382268,-3.88,41.94346613
1666788478.4027357,1520.78,1520.32,-0.49382268,-3.88,41.94346613
1666788488.654999,1520.78,1520.32,-0.49382268,-3.88,41.94346613
1666788498.5612445,1518.43,1518.43,-0.83315156,-5.18,36.49672183
1666788508.360301,1518.43,1518.43,-0.83315156,-5.18,36.49672183
1666788518.4202704,1518.43,1518.43,-0.83315156,-5.18,36.49672183
1666788528.685244,1518.43,1518.4,-0.83554472,-5.21,36.4158853
1666788538.405453,1518.43,1518.4,-0.83554472,-5.21,36.4158853
1666788548.4268749,1518.43,1518.4,-0.83554472,-5.21,36.4158853
1666788558.4112036,1518.71,1518.71,-0.93180737,-5.34,37.78569488
1666788568.397558,1518.71,1518.71,-0.93180737,-5.34,37.78569488
1666788578.537886,1518.71,1518.71,-0.93180737,-5.34,37.78569488
1666788588.4124594,1518.71,1519.91,-0.83608087,-4.14,43.11480663
1666788599.2074416,1518.71,1519.91,-0.83608087,-4.14,43.11480663
1666788608.4200823,1518.71,1519.91,-0.83608087,-4.14,43.11480663
1666788619.335913,1521.52,1521.52,-0.61813828,-2.06,48.97729059
1666788629.4122217,1521.52,1521.52,-0.61813828,-2.06,48.97729059
1666788639.6023307,1521.52,1521.52,-0.61813828,-2.06,48.97729059
1666788649.3946924,1521.52,1522.0,-0.57984768,-1.58,50.61051245
1666788659.4631028,1521.52,1522.0,-0.57984768,-1.58,50.61051245
1666788669.319694,1521.52,1522.0,-0.57984768,-1.58,50.61051245
1666788679.3697772,1522.18,1522.18,-0.44890707,0.15,51.19929361
1666788689.42053,1522.18,1522.18,-0.44890707,0.15,51.19929361
1666788699.4302876,1522.18,1522.18,-0.44890707,0.15,51.19929361
1666788709.3911693,1522.18,1522.99,-0.38429168,0.96,53.85389682
1666788719.430567,1522.18,1522.99,-0.38429168,0.96,53.85389682
1666788729.3037198,1522.18,1522.99,-0.38429168,0.96,53.85389682
1666788739.4207487,1522.76,1522.76,-0.26983719,1.25,53.12994141
1666788749.377442,1522.76,1522.76,-0.26983719,1.25,53.12994141
1666788759.6680906,1522.76,1522.76,-0.26983719,1.25,53.12994141
1666788769.3892565,1522.76,1521.97,-0.33285713,0.46,50.21586031
1666788779.3689773,1522.76,1521.97,-0.33285713,0.46,50.21586031
1666788789.4503174,1522.76,1521.97,-0.33285713,0.46,50.21586031
1666788799.8617785,1522.62,1522.62,-0.18312156,1.92,52.58800376
1666788809.9392998,1522.62,1522.62,-0.18312156,1.92,52.58800376
1666788819.8743415,1522.62,1522.62,-0.18312156,1.92,52.58800376
1666788829.9563568,1522.62,1521.57,-0.26688225,0.87,48.59636308
1666788839.9299376,1522.62,1521.57,-0.26688225,0.87,48.59636308
1666788849.9514184,1522.62,1521.57,-0.26688225,0.87,48.59636308
1666788859.969536,1522.17,1522.17,-0.16794921,0.32,50.8035449
1666788869.9058456,1522.17,1522.17,-0.16794921,0.32,50.8035449
1666788879.926458,1522.17,1522.17,-0.16794921,0.32,50.8035449
1666788889.978724,1522.17,1521.62,-0.21182386,-0.23,48.62613465
1666788899.9671974,1522.17,1521.62,-0.21182386,-0.23,48.62613465
1666788910.1895926,1522.17,1521.62,-0.21182386,-0.23,48.62613465
1666788920.0322573,1521.65,1521.65,-0.19829092,1.37,48.73721427
1666788929.9504175,1521.65,1521.65,-0.19829092,1.37,48.73721427
1666788939.999214,1521.65,1521.65,-0.19829092,1.37,48.73721427
1666788950.5555646,1521.65,1521.15,-0.23817696,0.87,46.76915324
1666788959.880452,1521.65,1521.15,-0.23817696,0.87,46.76915324
1666788969.9042094,1521.65,1521.15,-0.23817696,0.87,46.76915324
1666788980.7256892,1523.27,1523.27,0.04169469,2.5,54.88469302
1666788990.7203722,1523.27,1523.27,0.04169469,2.5,54.88469302
1666789000.715906,1523.27,1522.6,-0.0117526,1.83,52.10063414
1666789010.7673495,1523.27,1522.6,-0.0117526,1.83,52.10063414
1666789020.818466,1523.27,1522.6,-0.0117526,1.83,52.10063414
1666789030.7268467,1522.61,1522.61,0.03345313,4.18,52.13965644
1666789040.8169315,1522.61,1522.61,0.03345313,4.18,52.13965644
1666789050.6879482,1522.61,1522.61,0.03345313,4.18,52.13965644
1666789060.700657,1522.61,1522.61,0.03345313,4.18,52.13965644
1666789070.7167954,1522.61,1524.8,0.20815399,6.37,59.38577436
1666789080.636109,1522.61,1524.8,0.20815399,6.37,59.38577436
1666789090.7409067,1524.4,1524.4,0.32091245,5.69,58.23300423
1666789100.7043476,1524.4,1524.4,0.32091245,5.69,58.23300423
1666789110.956862,1524.4,1524.4,0.32091245,5.69,58.23300423
1666789120.7526326,1524.4,1524.47,0.3264965,5.76,58.45566059
1666789130.9237163,1524.4,1524.47,0.3264965,5.76,58.45566059
1666789140.969131,1524.4,1524.47,0.3264965,5.76,58.45566059
1666789150.774803,1524.4,1524.47,0.3264965,5.76,58.45566059
1666789161.2363966,1524.44,1524.44,0.43687815,2.91,58.36052779
1666789171.2870853,1524.44,1524.44,0.43687815,2.91,58.36052779
1666789181.2761755,1524.44,1524.44,0.43687815,2.91,58.36052779
1666789191.2189631,1524.44,1523.79,0.38502629,2.26,55.40041505
1666789201.35093,1524.44,1523.79,0.38502629,2.26,55.40041505
1666789211.289124,1524.39,1524.39,0.51318769,2.22,58.12164231
1666789221.532771,1524.39,1524.39,0.51318769,2.22,58.12164231
1666789231.3111649,1524.39,1524.39,0.51318769,2.22,58.12164231
1666789241.1986864,1524.39,1524.89,0.55307373,2.72,59.88975735
1666789251.296567,1524.39,1524.89,0.55307373,2.72,59.88975735
1666789261.2672105,1524.39,1524.89,0.55307373,2.72,59.88975735
1666789271.1994135,1524.57,1524.57,0.5956963,1.81,58.7758408
1666789281.300938,1524.57,1524.57,0.5956963,1.81,58.7758408
1666789291.3155994,1524.57,1524.57,0.5956963,1.81,58.7758408
1666789301.7210176,1524.57,1524.57,0.5956963,1.81,58.7758408
1666789311.3017228,1524.57,1524.19,0.5653829,1.43,56.75999181
1666789321.2734811,1524.57,1524.19,0.5653829,1.43,56.75999181
1666789331.3951328,1524.57,1524.19,0.5653829,1.43,56.75999181
1666789342.835784,1523.74,1523.74,0.52497045,1.13,54.54465256
1666789351.805156,1523.74,1523.74,0.52497045,1.13,54.54465256
1666789361.8802447,1523.74,1523.52,0.5074206,0.91,53.4463777
1666789371.79707,1523.74,1523.52,0.5074206,0.91,53.4463777
1666789381.7830591,1523.74,1523.52,0.5074206,0.91,53.4463777
1666789391.890204,1523.74,1523.52,0.5074206,0.91,53.4463777
1666789401.8145175,1523.79,1523.79,0.52251861,1.63,54.75595355
1666789411.973134,1523.79,1523.79,0.52251861,1.63,54.75595355
1666789421.9282572,1523.79,1523.32,0.48502573,1.16,52.29507665
1666789432.0615656,1523.79,1523.32,0.48502573,1.16,52.29507665
1666789441.8053188,1523.79,1523.32,0.48502573,1.16,52.29507665
1666789451.820662,1523.29,1523.29,0.4414527,1.63,52.14166363
1666789461.9497874,1523.29,1523.29,0.4414527,1.63,52.14166363
1666789471.765626,1523.29,1523.29,0.4414527,1.63,52.14166363
1666789481.9516628,1523.29,1522.65,0.39039857,0.99,48.92656605
1666789492.398035,1523.29,1522.65,0.39039857,0.99,48.92656605
1666789501.8881652,1523.29,1522.65,0.39039857,0.99,48.92656605
1666789512.0063255,1522.59,1522.59,0.30519564,-0.69,48.64177753
1666789522.688353,1522.59,1522.59,0.30519564,-0.69,48.64177753
1666789532.7226698,1522.59,1522.59,0.30519564,-0.69,48.64177753
1666789542.686453,1522.59,1521.55,0.22223267,-1.73,43.92913325
1666789552.7236376,1522.59,1521.55,0.22223267,-1.73,43.92913325
1666789562.7108212,1522.59,1521.55,0.22223267,-1.73,43.92913325
1666789572.721099,1520.12,1520.12,-0.11107718,-2.48,38.76499718
1666789582.747523,1520.12,1520.12,-0.11107718,-2.48,38.76499718
1666789592.7101305,1520.12,1520.12,-0.11107718,-2.48,38.76499718
1666789602.7788038,1520.12,1519.8,-0.13660425,-2.8,37.69704699
1666789612.6958518,1520.12,1519.8,-0.13660425,-2.8,37.69704699
1666789622.6949966,1520.12,1519.8,-0.13660425,-2.8,37.69704699
1666789632.7555015,1519.58,1519.58,-0.35729711,-4.81,36.99392573
1666789642.9134085,1519.58,1519.58,-0.35729711,-4.81,36.99392573
1666789653.0781372,1519.58,1519.58,-0.35729711,-4.81,36.99392573
1666789662.8381414,1519.58,1519.3,-0.37963329,-5.09,36.07489065
1666789672.8000689,1519.58,1519.3,-0.37963329,-5.09,36.07489065
1666789682.7698865,1519.58,1519.3,-0.37963329,-5.09,36.07489065
1666789693.0326853,1517.61,1517.61,-0.79149207,-6.83,31.37098598
1666789703.6935177,1517.61,1517.61,-0.79149207,-6.83,31.37098598
1666789713.9126997,1517.61,1517.61,-0.79149207,-6.83,31.37098598
1666789723.8047569,1517.61,1516.7,-0.86408467,-7.74,29.16569836
1666789733.697602,1517.61,1516.7,-0.86408467,-7.74,29.16569836
1666789743.7501068,1517.61,1516.7,-0.86408467,-7.74,29.16569836
1666789753.6649108,1517.73,1517.73,-0.98256596,-6.66,32.04852081
1666789763.6657715,1517.73,1517.73,-0.98256596,-6.66,32.04852081
1666789773.7046762,1517.73,1517.73,-0.98256596,-6.66,32.04852081
1666789783.693687,1517.73,1518.09,-0.95384801,-6.3,34.1488772
1666789793.7410204,1517.73,1518.09,-0.95384801,-6.3,34.1488772
1666789803.7433653,1517.73,1518.09,-0.95384801,-6.3,34.1488772
1666789813.70126,1517.73,1518.09,-0.95384801,-6.3,34.1488772
1666789823.6494722,1518.98,1518.98,-0.95186722,-5.59,38.82369635
1666789833.7189598,1518.98,1518.98,-0.95186722,-5.59,38.82369635
1666789844.2551312,1518.98,1517.91,-1.03722334,-6.66,35.55564656
1666789853.7733583,1518.98,1517.91,-1.03722334,-6.66,35.55564656
1666789863.71354,1518.98,1517.91,-1.03722334,-6.66,35.55564656
1666789873.74424,1518.5,1518.5,-1.06356227,-5.24,37.31121117
1666789884.6951082,1518.5,1518.5,-1.06356227,-5.24,37.31121117
1666789895.0226443,1518.5,1518.5,-1.06356227,-5.24,37.31121117
1666789904.8054287,1518.5,1519.38,-0.99336284,-4.36,41.84982814
1666789914.7469127,1518.5,1519.38,-0.99336284,-4.36,41.84982814
1666789924.749519,1518.5,1519.38,-0.99336284,-4.36,41.84982814
1666789934.7217991,1521.38,1521.38,-0.70120355,-2.41,50.06612703
1666789944.7484727,1521.38,1521.38,-0.70120355,-2.41,50.06612703
1666789954.6592767,1521.38,1521.38,-0.70120355,-2.41,50.06612703
1666789964.9212594,1521.38,1521.38,-0.70120355,-2.41,50.06612703
1666789974.6938016,1521.38,1522.37,-0.6222292,-1.42,53.56374444
1666789984.7564652,1521.38,1522.37,-0.6222292,-1.42,53.56374444
1666789994.7473898,1523.04,1523.04,-0.35465016,-0.26,55.66539035
1666790004.9801817,1523.04,1523.04,-0.35465016,-0.26,55.66539035
1666790014.9352994,1523.04,1523.04,-0.35465016,-0.26,55.66539035
1666790024.7895148,1523.04,1522.43,-0.40331113,-0.87,53.30017492
1666790035.2286348,1523.04,1522.43,-0.40331113,-0.87,53.30017492
1666790044.7485826,1523.04,1522.43,-0.40331113,-0.87,53.30017492
1666790054.977556,1522.49,1522.49,-0.26059089,-0.11,53.52386893
1666790065.5183177,1522.49,1522.49,-0.26059089,-0.11,53.52386893
1666790075.4831948,1522.49,1522.49,-0.26059089,-0.11,53.52386893
1666790085.596748,1522.49,1523.13,-0.20953676,0.53,55.66144072
1666790095.511886,1522.49,1523.13,-0.20953676,0.53,55.66144072
1666790105.485427,1522.49,1523.13,-0.20953676,0.53,55.66144072
1666790115.432458,1523.31,1523.31,-0.03363608,3.19,56.22765792
1666790125.5191276,1523.31,1523.31,-0.03363608,3.19,56.22765792
1666790135.4278128,1523.31,1523.31,-0.03363608,3.19,56.22765792
1666790145.539446,1523.31,1523.83,0.0078454,3.71,57.90027401
1666790155.5608573,1523.31,1523.83,0.0078454,3.71,57.90027401
1666790165.5085492,1523.31,1523.83,0.0078454,3.71,57.90027401
1666790175.4297495,1524.42,1524.42,0.24960771,4.83,59.65187186
1666790185.4517274,1524.42,1524.42,0.24960771,4.83,59.65187186
1666790195.8164103,1524.42,1524.42,0.24960771,4.83,59.65187186
1666790205.4816258,1524.42,1523.18,0.15069033,3.59,54.53034409
1666790215.4376616,1524.42,1523.18,0.15069033,3.59,54.53034409
1666790225.453926,1524.42,1523.18,0.15069033,3.59,54.53034409
1666790235.5029016,1522.41,1522.41,0.11640569,4.8,51.76076544
1666790245.9620414,1522.41,1522.41,0.11640569,4.8,51.76076544
1666790256.0515504,1522.41,1522.41,0.11640569,4.8,51.76076544
1666790266.063735,1522.41,1521.56,0.04859943,3.95,48.81621622
1666790276.074648,1522.41,1521.56,0.04859943,3.95,48.81621622
1666790285.961146,1522.41,1521.56,0.04859943,3.95,48.81621622
1666790295.9790475,1521.26,1521.26,-0.0268493,3.53,47.85537596
1666790306.038018,1521.26,1521.26,-0.0268493,3.53,47.85537596
1666790315.9443753,1521.26,1521.26,-0.0268493,3.53,47.85537596
1666790326.0941637,1521.26,1520.5,-0.08747608,2.77,45.41656371
1666790336.051073,1521.26,1520.5,-0.08747608,2.77,45.41656371
1666790346.0792756,1521.26,1520.5,-0.08747608,2.77,45.41656371
1666790356.5704162,1520.91,1520.91,-0.1169985,1.93,46.70785423
1666790366.0781856,1520.91,1520.91,-0.1169985,1.93,46.70785423
1666790376.0803108,1520.91,1520.91,-0.1169985,1.93,46.70785423
1666790386.0530949,1520.91,1521.6,-0.06195577,2.62,49.30171544
1666790396.0910895,1520.91,1521.6,-0.06195577,2.62,49.30171544
1666790406.0627265,1520.91,1521.6,-0.06195577,2.62,49.30171544
1666790416.0190232,1522.09,1522.09,0.00239674,3.6,50.99810141
1666790426.5107515,1522.09,1522.09,0.00239674,3.6,50.99810141
1666790436.5704708,1522.09,1522.09,0.00239674,3.6,50.99810141
1666790446.8024814,1522.09,1521.75,-0.02472576,3.26,49.75563291
1666790456.7952652,1522.09,1521.75,-0.02472576,3.26,49.75563291
1666790466.537282,1522.09,1521.75,-0.02472576,3.26,49.75563291
1666790476.6635013,1521.44,1521.44,-0.06909731,0.06,48.67319186
1666790486.6329496,1521.44,1521.44,-0.06909731,0.06,48.67319186
1666790496.6728942,1521.44,1521.44,-0.06909731,0.06,48.67319186
1666790506.6467175,1521.44,1520.97,-0.10659018,-0.41,47.00358645
1666790517.2401571,1521.44,1520.97,-0.10659018,-0.41,47.00358645
1666790526.6584797,1521.44,1520.97,-0.10659018,-0.41,47.00358645
1666790536.921103,1520.14,1520.14,-0.2674703,-2.9,44.31890203
1666790546.6545117,1520.14,1520.14,-0.2674703,-2.9,44.31890203
1666790556.6082587,1520.14,1520.14,-0.2674703,-2.9,44.31890203
1666790566.642255,1520.14,1518.61,-0.38952158,-4.43,39.80550624
1666790576.5858235,1520.14,1518.61,-0.38952158,-4.43,39.80550624
1666790586.576304,1520.14,1518.61,-0.38952158,-4.43,39.80550624
1666790596.578873,1519.44,1519.44,-0.43754704,-3.05,42.13319825
1666790607.1697197,1519.44,1519.44,-0.43754704,-3.05,42.13319825
1666790617.306785,1519.44,1519.44,-0.43754704,-3.05,42.13319825
1666790627.3439908,1519.44,1519.75,-0.41281769,-2.74,43.46298955
1666790637.216455,1519.44,1519.75,-0.41281769,-2.74,43.46298955
1666790647.1882615,1519.44,1519.75,-0.41281769,-2.74,43.46298955
1666790657.1788526,1520.03,1520.03,-0.43804234,-3.28,44.61795218
1666790667.2082577,1520.03,1520.03,-0.43804234,-3.28,44.61795218
1666790677.743997,1520.03,1520.03,-0.43804234,-3.28,44.61795218
1666790687.157351,1520.03,1519.55,-0.47633293,-3.76,43.00593382
1666790697.2182505,1520.03,1519.55,-0.47633293,-3.76,43.00593382
1666790707.132471,1520.03,1519.55,-0.47633293,-3.76,43.00593382
1666790717.1699064,1519.81,1519.81,-0.50142199,-4.6,43.86177236
1666790727.2086775,1519.81,1519.81,-0.50142199,-4.6,43.86177236
1666790737.1731288,1519.81,1519.81,-0.50142199,-4.6,43.86177236
1666790747.2008302,1519.81,1519.45,-0.53013994,-4.96,42.59408153
1666790757.2165892,1519.81,1519.45,-0.53013994,-4.96,42.59408153
1666790767.138151,1519.81,1519.45,-0.53013994,-4.96,42.59408153
1666790777.2580206,1519.56,1519.56,-0.56696404,-2.86,42.97091044
1666790788.258243,1519.56,1519.56,-0.56696404,-2.86,42.97091044
1666790798.1687465,1519.56,1519.56,-0.56696404,-2.86,42.97091044
1666790808.1704266,1519.56,1519.21,-0.59488426,-3.21,41.69794291
1666790818.1529622,1519.56,1519.21,-0.59488426,-3.21,41.69794291
1666790828.2198758,1519.56,1519.21,-0.59488426,-3.21,41.69794291
1666790838.638906,1518.56,1518.56,-0.73760022,-2.7,39.52108255
1666790848.177601,1518.56,1518.56,-0.73760022,-2.7,39.52108255
1666790858.2456295,1518.56,1518.56,-0.73760022,-2.7,39.52108255
1666790868.229845,1518.56,1518.01,-0.78147486,-3.25,37.72839488
1666790878.2351131,1518.56,1518.01,-0.78147486,-3.25,37.72839488
1666790888.262109,1518.56,1518.01,-0.78147486,-3.25,37.72839488
1666790898.160899,1518.87,1518.87,-0.75780287,-2.03,41.08736814
1666790908.2471352,1518.87,1518.87,-0.75780287,-2.03,41.08736814
1666790918.1718066,1518.87,1518.87,-0.75780287,-2.03,41.08736814
1666790928.1451962,1518.87,1518.5,-0.78731854,-2.4,39.73443812
1666790938.2360315,1518.87,1518.5,-0.78731854,-2.4,39.73443812
1666790948.1821504,1518.87,1518.5,-0.78731854,-2.4,39.73443812
1666790958.2036915,1519.67,1519.67,-0.67065508,-2.41,45.0752442
1666790968.7609982,1519.67,1519.67,-0.67065508,-2.41,45.0752442
1666790978.7098558,1519.67,1519.67,-0.67065508,-2.41,45.0752442
1666790988.7571466,1519.67,1522.06,-0.47999981,-0.02,54.89778228
1666790998.69427,1519.67,1522.06,-0.47999981,-0.02,54.89778228
1666791008.6898136,1519.67,1522.06,-0.47999981,-0.02,54.89778228
1666791018.782961,1519.98,1519.98,-0.60029542,-1.46,46.58701536
1666791029.521839,1519.98,1519.98,-0.60029542,-1.46,46.58701536
1666791038.7833488,1519.98,1519.98,-0.60029542,-1.46,46.58701536
1666791048.8503897,1519.98,1520.42,-0.56519571,-1.02,48.73343669
1666791058.752261,1519.98,1520.42,-0.56519571,-1.02,48.73343669
1666791068.8706934,1519.98,1520.42,-0.56519571,-1.02,48.73343669
1666791078.772861,1518.13,1518.13,-0.81984981,-2.01,39.60695398
1666791088.821893,1518.13,1518.13,-0.81984981,-2.01,39.60695398
1666791098.8291938,1518.13,1518.13,-0.81984981,-2.01,39.60695398
1666791108.8438706,1518.13,1512.91,-1.23626006,-7.23,27.21605168
1666791118.7555726,1518.13,1512.91,-1.23626006,-7.23,27.21605168
1666791128.790295,1518.13,1512.91,-1.23626006,-7.23,27.21605168
1666791138.7416012,1513.91,1513.91,-1.46406388,-5.53,28.98144435
1666791149.3057246,1513.91,1513.91,-1.46406388,-5.53,28.98144435
1666791159.41085,1513.91,1513.91,-1.46406388,-5.53,28.98144435
1666791169.3660104,1513.91,1517.04,-1.21437727,-2.4,41.52989439
1666791179.2386148,1513.91,1517.04,-1.21437727,-2.4,41.52989439
1666791189.6398668,1513.91,1517.04,-1.21437727,-2.4,41.52989439
1666791199.2763932,1518.58,1518.58,-1.02695393,-1.46,46.2085297
1666791209.3232608,1518.58,1518.58,-1.02695393,-1.46,46.2085297
1666791219.330125,1518.58,1518.58,-1.02695393,-1.46,46.2085297
1666791229.307153,1518.58,1516.15,-1.22080008,-3.89,40.68488002
1666791239.3838532,1518.58,1516.15,-1.22080008,-3.89,40.68488002
1666791249.3492744,1518.58,1516.15,-1.22080008,-3.89,40.68488002
1666791259.3123388,1515.46,1515.46,-1.40571838,-4.36,39.34781862
1666791269.4079642,1515.46,1515.46,-1.40571838,-4.36,39.34781862
1666791279.450401,1515.46,1515.46,-1.40571838,-4.36,39.34781862
1666791289.389481,1515.46,1516.77,-1.30121696,-3.05,43.15607626
1666791299.3646114,1515.46,1516.77,-1.30121696,-3.05,43.15607626
1666791309.441416,1515.46,1516.77,-1.30121696,-3.05,43.15607626
1666791319.429106,1517.67,1517.67,-1.17905115,-1.9,45.51533446
1666791330.110462,1517.67,1517.67,-1.17905115,-1.9,45.51533446
1666791340.0681577,1517.67,1517.67,-1.17905115,-1.9,45.51533446
1666791350.156186,1517.67,1514.68,-1.41756966,-4.89,39.64086504
1666791360.1436036,1517.67,1514.68,-1.41756966,-4.89,39.64086504
1666791370.1510632,1517.67,1514.68,-1.41756966,-4.89,39.64086504
1666791380.5273964,1517.14,1517.14,-1.20231327,-1.43,44.35784809
1666791390.0957575,1517.14,1517.14,-1.20231327,-1.43,44.35784809
1666791400.1766293,1517.14,1517.14,-1.20231327,-1.43,44.35784809
1666791410.225582,1517.14,1517.65,-1.16162951,-0.92,45.79419303
1666791420.106536,1517.14,1517.65,-1.16162951,-0.92,45.79419303
1666791430.3302207,1517.14,1517.65,-1.16162951,-0.92,45.79419303
1666791440.1695678,1518.99,1518.99,-0.91095078,0.13,49.23610755
1666791450.1147523,1518.99,1518.99,-0.91095078,0.13,49.23610755
1666791460.1466212,1518.99,1518.99,-0.91095078,0.13,49.23610755
1666791470.1680286,1518.99,1521.42,-0.71710462,2.56,54.83764797
1666791480.1242652,1518.99,1521.42,-0.71710462,2.56,54.83764797
1666791490.108141,1518.99,1521.42,-0.71710462,2.56,54.83764797
1666791500.0934603,1524.75,1524.75,0.02508887,5.08,60.77161405
1666791510.814048,1524.75,1524.75,0.02508887,5.08,60.77161405
1666791520.6473134,1524.75,1531.69,0.5787071,12.02,69.70377651
1666791530.620789,1524.75,1531.69,0.5787071,12.02,69.70377651
1666791540.6400735,1524.75,1531.69,0.5787071,12.02,69.70377651
1666791550.691418,1529.54,1529.54,1.07653749,9.55,67.3903836
1666791560.7151918,1529.54,1529.54,1.07653749,9.55,67.3903836
1666791571.249301,1529.54,1529.54,1.07653749,9.55,67.3903836
1666791580.73635,1529.54,1529.26,1.05420131,9.27,66.68114323
1666791590.677641,1529.54,1529.26,1.05420131,9.27,66.68114323
1666791600.6849816,1529.54,1529.26,1.05420131,9.27,66.68114323
1666791610.600091,1531.89,1531.89,1.91964217,13.76,70.0776475
1666791620.5959623,1531.89,1531.89,1.91964217,13.76,70.0776475
1666791630.819793,1531.89,1531.89,1.91964217,13.76,70.0776475
1666791640.820114,1531.89,1535.18,2.18209231,17.05,73.37022971
1666791650.6790478,1531.89,1535.18,2.18209231,17.05,73.37022971
1666791660.633447,1531.89,1535.18,2.18209231,17.05,73.37022971
1666791670.6633234,1530.93,1530.93,2.2769771,17.03,67.64832872
1666791680.5993316,1530.93,1530.93,2.2769771,17.03,67.64832872
1666791691.0904927,1530.93,1530.93,2.2769771,17.03,67.64832872
1666791701.131088,1530.93,1529.46,2.15971215,15.56,63.97230863
1666791711.1198914,1530.93,1529.46,2.15971215,15.56,63.97230863
1666791721.1050043,1530.93,1529.46,2.15971215,15.56,63.97230863
1666791731.7127192,1531.48,1531.48,2.66873171,12.89,68.3272274
1666791741.1483686,1531.48,1531.48,2.66873171,12.89,68.3272274
1666791751.1181223,1531.48,1531.48,2.66873171,12.89,68.3272274
1666791761.1811087,1531.48,1530.86,2.61927302,12.27,66.62494827
1666791771.1832647,1531.48,1530.86,2.61927302,12.27,66.62494827
1666791781.1416807,1531.48,1530.86,2.61927302,12.27,66.62494827
1666791791.194154,1531.48,1530.86,2.61927302,12.27,66.62494827
1666791801.1810577,1528.72,1528.72,2.52070477,13.25,61.34763401
1666791811.187701,1528.72,1528.72,2.52070477,13.25,61.34763401
1666791821.120978,1528.72,1527.55,2.42737144,12.08,58.61497557
1666791831.2203526,1528.72,1527.55,2.42737144,12.08,58.61497557
1666791841.179749,1528.72,1527.55,2.42737144,12.08,58.61497557
1666791851.0556974,1527.16,1527.16,2.3279673,9.48,57.75573038
1666791861.134827,1527.16,1527.16,2.3279673,9.48,57.75573038
1666791871.9424334,1527.16,1527.16,2.3279673,9.48,57.75573038
1666791882.1122067,1527.16,1528.8,2.45879351,11.12,60.38856776
1666791892.1517758,1527.16,1528.8,2.45879351,11.12,60.38856776
1666791902.040875,1527.16,1528.8,2.45879351,11.12,60.38856776
1666791912.059877,1526.98,1526.98,2.22186159,9.85,57.33877101
1666791922.4156103,1526.98,1526.98,2.22186159,9.85,57.33877101
1666791932.0883615,1526.98,1526.98,2.22186159,9.85,57.33877101
1666791942.024087,1526.98,1529.94,2.45798694,12.81,62.17474944
1666791952.2946815,1526.98,1529.94,2.45798694,12.81,62.17474944
1666791962.2527273,1526.98,1529.94,2.45798694,12.81,62.17474944
1666791972.1603143,1526.98,1529.94,2.45798694,12.81,62.17474944
1666791982.06304,1529.98,1529.98,2.54874734,10.98,62.23260383
1666791992.158572,1529.98,1529.98,2.54874734,10.98,62.23260383
1666792002.1197927,1529.98,1529.98,2.54874734,10.98,62.23260383
1666792012.0838804,1529.98,1532.01,2.71068466,13.01,65.1461753
1666792022.041775,1529.98,1532.01,2.71068466,13.01,65.1461753
1666792032.0692625,1532.36,1532.36,2.9241372,7.62,65.60466921
1666792042.0769608,1532.36,1532.36,2.9241372,7.62,65.60466921
1666792052.6129265,1532.36,1532.36,2.9241372,7.62,65.60466921
1666792062.666552,1532.36,1534.46,3.09165857,9.72,68.29378796
1666792072.61692,1532.36,1534.46,3.09165857,9.72,68.29378796
1666792082.6133769,1532.36,1534.46,3.09165857,9.72,68.29378796
1666792093.6917446,1533.3,1533.3,3.16967951,3.75,66.86270008
1666792102.6996326,1533.3,1533.3,3.16967951,3.75,66.86270008
1666792113.212952,1533.3,1533.3,3.16967951,3.75,66.86270008
1666792122.679582,1533.3,1537.49,3.50392452,7.94,71.81183666
1666792132.691613,1533.3,1537.49,3.50392452,7.94,71.81183666
1666792142.7236454,1533.3,1537.49,3.50392452,7.94,71.81183666
1666792152.682793,1533.3,1537.49,3.50392452,7.94,71.81183666
1666792162.5998316,1539.38,1539.38,4.12666866,7.5,73.59098556
1666792172.6693027,1539.38,1539.38,4.12666866,7.5,73.59098556
1666792182.6344805,1539.38,1535.89,3.84826411,4.01,65.38430827
1666792192.8721545,1539.38,1535.89,3.84826411,4.01,65.38430827
1666792202.7052555,1539.38,1535.89,3.84826411,4.01,65.38430827
1666792212.7509758,1535.0,1535.0,3.83025431,4.06,63.57629128
1666792222.7001677,1535.0,1535.0,3.83025431,4.06,63.57629128
1666792233.3111975,1535.0,1535.0,3.83025431,4.06,63.57629128
1666792243.3852465,1535.0,1534.26,3.77122297,3.32,62.04016019
1666792253.4713018,1535.0,1534.26,3.77122297,3.32,62.04016019
1666792263.5008702,1535.0,1534.26,3.77122297,3.32,62.04016019
1666792273.9131804,1535.0,1534.26,3.77122297,3.32,62.04016019
1666792283.3702097,1534.53,1534.53,3.76167863,3.04,62.59196274
1666792293.4006078,1534.53,1534.53,3.76167863,3.04,62.59196274
1666792303.4144528,1534.53,1536.4,3.91085242,4.91,64.91921079
1666792313.3903406,1534.53,1536.4,3.91085242,4.91,64.91921079
1666792323.4251792,1534.53,1536.4,3.91085242,4.91,64.91921079
1666792333.5053203,1534.53,1536.4,3.91085242,4.91,64.91921079
1666792343.3783886,1535.7,1535.7,3.85923609,6.97,64.08370748
1666792353.3550825,1535.7,1535.7,3.85923609,6.97,64.08370748
1666792363.3480458,1535.7,1536.2,3.89912213,7.47,64.73056917
1666792373.3578482,1535.7,1536.2,3.89912213,7.47,64.73056917
1666792383.430828,1535.7,1536.2,3.89912213,7.47,64.73056917
1666792393.4579604,1536.26,1536.26,3.89835367,9.09,64.80663017
1666792403.4982224,1536.26,1536.26,3.89835367,9.09,64.80663017
1666792414.4367476,1536.26,1536.26,3.89835367,9.09,64.80663017
1666792424.4398682,1536.26,1537.49,3.99647333,10.32,66.40605252
1666792434.850185,1536.26,1537.49,3.99647333,10.32,66.40605252
1666792444.4317324,1536.26,1537.49,3.99647333,10.32,66.40605252
1666792454.670951,1536.8,1536.8,3.9265276,9.82,65.51351111
1666792464.5251546,1536.8,1536.8,3.9265276,9.82,65.51351111
1666792474.5341146,1536.8,1536.8,3.9265276,9.82,65.51351111
1666792484.546705,1536.8,1535.28,3.80527404,8.3,61.68791264
1666792494.623705,1536.8,1535.28,3.80527404,8.3,61.68791264
1666792504.4933748,1536.8,1535.28,3.80527404,8.3,61.68791264
1666792514.4902823,1533.87,1533.87,3.45467172,3.89,58.51305362
1666792524.591565,1533.87,1533.87,3.45467172,3.89,58.51305362
1666792535.086524,1533.87,1533.87,3.45467172,3.89,58.51305362
1666792544.5532572,1533.87,1535.54,3.5878911,5.56,61.06310488
1666792554.532508,1533.87,1535.54,3.5878911,5.56,61.06310488
1666792564.977722,1533.87,1535.54,3.5878911,5.56,61.06310488
1666792574.744449,1535.51,1535.51,3.46181349,3.16,61.01022067
1666792584.502376,1535.51,1535.51,3.46181349,3.16,61.01022067
1666792595.6603131,1535.51,1535.51,3.46181349,3.16,61.01022067
1666792604.9965498,1535.51,1534.04,3.34454853,1.69,57.64998482
1666792614.9272883,1535.51,1534.04,3.34454853,1.69,57.64998482
1666792625.2026207,1535.51,1534.04,3.34454853,1.69,57.64998482
1666792635.092434,1532.98,1532.98,2.96780266,-0.32,55.44633009
1666792645.024778,1532.98,1532.98,2.96780266,-0.32,55.44633009
1666792655.0370915,1532.98,1532.98,2.96780266,-0.32,55.44633009
1666792665.0232754,1532.98,1532.9,2.9614209,-0.4,55.27472716
1666792675.0498683,1532.98,1532.9,2.9614209,-0.4,55.27472716
1666792685.0705757,1532.98,1532.9,2.9614209,-0.4,55.27472716
1666792695.0239413,1532.92,1532.92,2.6953371,-6.46,55.31474367
1666792705.0333314,1532.92,1532.92,2.6953371,-6.46,55.31474367
1666792714.9857006,1532.92,1532.92,2.6953371,-6.46,55.31474367
1666792725.048237,1532.92,1533.35,2.72963909,-6.03,56.10116473
1666792735.0114431,1532.92,1533.35,2.72963909,-6.03,56.10116473
1666792744.9477537,1532.92,1533.35,2.72963909,-6.03,56.10116473
1666792755.5724251,1530.06,1530.06,2.05122908,-4.94,49.42517788
1666792765.1801603,1530.06,1530.06,2.05122908,-4.94,49.42517788
1666792775.902054,1530.06,1530.06,2.05122908,-4.94,49.42517788
1666792785.8877025,1530.06,1529.51,2.00735444,-5.49,48.35812711
1666792795.8965814,1530.06,1529.51,2.00735444,-5.49,48.35812711
1666792806.0252397,1530.06,1529.51,2.00735444,-5.49,48.35812711
1666792815.9216456,1529.43,1529.43,1.6122845,-5.1,48.20970589
1666792825.9265215,1529.43,1529.43,1.6122845,-5.1,48.20970589
1666792835.9137475,1529.43,1529.43,1.6122845,-5.1,48.20970589
1666792845.8954344,1529.43,1535.87,2.12601669,1.34,59.25754688
1666792855.8901174,1529.43,1535.87,2.12601669,1.34,59.25754688
1666792865.8489556,1529.43,1535.87,2.12601669,1.34,59.25754688
1666792875.882908,1539.72,1539.72,2.74462812,4.03,63.86566841
1666792885.9294584,1539.72,1539.72,2.74462812,4.03,63.86566841
1666792896.0175908,1539.72,1539.72,2.74462812,4.03,63.86566841
1666792906.0835853,1539.72,1539.72,2.74462812,4.03,63.86566841
1666792916.387764,1539.72,1544.11,3.09482755,8.42,68.27227391
1666792925.9083326,1539.72,1544.11,3.09482755,8.42,68.27227391
1666792935.9458957,1537.56,1537.56,2.65143545,1.3,59.77559096
1666792945.9190311,1537.56,1537.56,2.65143545,1.3,59.77559096
1666792956.5643103,1537.56,1537.56,2.65143545,1.3,59.77559096
1666792966.579228,1537.56,1535.3,2.47115055,-0.96,55.76263368
1666792976.5701537,1537.56,1535.3,2.47115055,-0.96,55.76263368
1666792986.5892093,1537.56,1535.3,2.47115055,-0.96,55.76263368
1666792996.583058,1537.86,1537.86,2.72562221,1.05,60.15752633
1666793006.7465963,1537.86,1537.86,2.72562221,1.05,60.15752633
1666793016.5897474,1537.86,1537.86,2.72562221,1.05,60.15752633
1666793026.5590694,1537.86,1537.45,2.69291565,0.64,59.33677258
1666793036.6310213,1537.86,1537.45,2.69291565,0.64,59.33677258
1666793046.6078124,1537.86,1537.45,2.69291565,0.64,59.33677258
1666793056.6194203,1537.44,1537.44,2.67580331,3.58,59.31533959
1666793066.7671397,1537.44,1537.44,2.67580331,3.58,59.31533959
1666793077.219563,1537.44,1537.44,2.67580331,3.58,59.31533959
1666793086.524148,1537.44,1539.44,2.83534747,5.58,62.06457938
1666793096.5801451,1537.44,1539.44,2.83534747,5.58,62.06457938
1666793106.5809264,1537.44,1539.44,2.83534747,5.58,62.06457938
1666793116.596359,1537.28,1537.28,2.60990063,1.76,58.97287634
1666793126.6074965,1537.28,1537.28,2.60990063,1.76,58.97287634
1666793137.2996764,1537.28,1537.28,2.60990063,1.76,58.97287634
1666793147.25744,1537.28,1538.16,2.68010006,2.64,60.33095843
1666793157.37898,1537.28,1538.16,2.68010006,2.64,60.33095843
1666793167.3405728,1537.28,1538.16,2.68010006,2.64,60.33095843
1666793177.299492,1539.92,1539.92,2.91048101,6.93,62.78371467
1666793187.2744277,1539.92,1539.92,2.91048101,6.93,62.78371467
1666793197.326886,1539.92,1539.92,2.91048101,6.93,62.78371467
1666793207.3333752,1539.92,1541.29,3.01976876,8.3,64.61687993
1666793217.315667,1539.92,1541.29,3.01976876,8.3,64.61687993
1666793227.3735774,1539.92,1541.29,3.01976876,8.3,64.61687993
1666793237.8362985,1540.66,1540.66,3.05242926,7.75,63.79786433
1666793247.5194864,1540.66,1540.66,3.05242926,7.75,63.79786433
1666793257.339522,1540.66,1540.66,3.05242926,7.75,63.79786433
1666793267.345887,1540.66,1540.98,3.07795632,8.07,64.25105812
1666793277.3948023,1540.66,1540.98,3.07795632,8.07,64.25105812
1666793287.3594048,1540.66,1540.98,3.07795632,8.07,64.25105812
1666793297.401807,1544.09,1544.09,3.56810546,14.03,68.12863828
1666793307.3564088,1544.09,1544.09,3.56810546,14.03,68.12863828
1666793317.9764862,1544.09,1544.09,3.56810546,14.03,68.12863828
1666793327.99952,1544.09,1547.05,3.80423081,16.99,71.31746639
1666793338.0250034,1544.09,1547.05,3.80423081,16.99,71.31746639
1666793348.165301,1544.09,1547.05,3.80423081,16.99,71.31746639
1666793357.958106,1543.78,1543.78,3.67388338,14.36,67.34258912
1666793367.9821432,1543.78,1543.78,3.67388338,14.36,67.34258912
1666793378.0171976,1543.78,1543.78,3.67388338,14.36,67.34258912
1666793388.008044,1543.78,1544.67,3.74488053,15.25,68.47901348
1666793398.0264893,1543.78,1544.67,3.74488053,15.25,68.47901348
1666793407.9704926,1543.78,1544.67,3.74488053,15.25,68.47901348
1666793417.9054303,1545.8,1545.8,4.01919227,6.08,69.79768151
1666793428.4522948,1545.8,1545.8,4.01919227,6.08,69.79768151
1666793437.9801643,1545.8,1545.8,4.01919227,6.08,69.79768151
1666793448.018621,1545.8,1547.31,4.13964811,7.59,71.51270502
1666793457.992467,1545.8,1547.31,4.13964811,7.59,71.51270502
1666793468.1845467,1545.8,1547.31,4.13964811,7.59,71.51270502
1666793477.9908316,1545.88,1545.88,4.12837479,8.33,69.89462795
1666793488.0361974,1545.88,1545.88,4.12837479,8.33,69.89462795
1666793498.463607,1545.88,1545.88,4.12837479,8.33,69.89462795
1666793508.4495833,1545.88,1545.38,4.08848875,7.83,68.44572388
1666793518.4222972,1545.88,1545.38,4.08848875,7.83,68.44572388
1666793528.5059123,1545.88,1545.38,4.08848875,7.83,68.44572388
1666793538.41938,1544.99,1544.99,4.03606616,7.14,67.33101009
1666793548.4452531,1544.99,1544.99,4.03606616,7.14,67.33101009
1666793558.519117,1544.99,1544.99,4.03606616,7.14,67.33101009
1666793568.4226935,1544.99,1548.91,4.34877271,11.06,72.17389704
1666793578.4317288,1544.99,1548.91,4.34877271,11.06,72.17389704
1666793589.066366,1544.99,1548.91,4.34877271,11.06,72.17389704
1666793598.400457,1561.44,1561.44,6.33821397,23.99,80.04901051
1666793608.490391,1561.44,1561.44,6.33821397,23.99,80.04901051
1666793618.5170736,1561.44,1561.44,6.33821397,23.99,80.04901051
1666793628.4593422,1561.44,1560.19,6.23849887,22.74,77.46041101
1666793638.4669056,1561.44,1560.19,6.23849887,22.74,77.46041101
1666793648.4909875,1561.44,1560.19,6.23849887,22.74,77.46041101
1666793658.463815,1558.49,1558.49,6.58576589,21.2,74.19585649
1666793668.417296,1558.49,1558.49,6.58576589,21.2,74.19585649
1666793679.3025088,1558.49,1558.49,6.58576589,21.2,74.19585649
1666793689.1809218,1558.49,1562.09,6.87294538,24.8,76.4704577
1666793699.169486,1558.49,1562.09,6.87294538,24.8,76.4704577
1666793709.216983,1558.49,1562.09,6.87294538,24.8,76.4704577
1666793719.230286,1562.96,1562.96,7.5196883,23.05,76.95917523
1666793729.180649,1562.96,1562.96,7.5196883,23.05,76.95917523
1666793739.184711,1562.96,1562.96,7.5196883,23.05,76.95917523
1666793749.1639338,1562.96,1565.88,7.75262277,25.97,78.56683866
1666793759.1704829,1562.96,1565.88,7.75262277,25.97,78.56683866
1666793769.1774366,1562.96,1565.88,7.75262277,25.97,78.56683866
1666793779.5861237,1568.98,1568.98,8.73733798,28.33,80.04536001
1666793789.1377203,1568.98,1568.98,8.73733798,28.33,80.04536001
1666793799.1709702,1568.98,1568.98,8.73733798,28.33,80.04536001
1666793809.1405609,1568.98,1563.63,8.31055735,22.98,70.95996228
1666793819.3880353,1568.98,1563.63,8.31055735,22.98,70.95996228
1666793829.1946642,1568.98,1563.63,8.31055735,22.98,70.95996228
1666793839.227165,1565.24,1565.24,8.68806445,21.15,73.47186741
1666793849.494251,1565.24,1565.24,8.68806445,21.15,73.47186741
1666793859.966971,1565.24,1565.24,8.68806445,21.15,73.47186741
1666793869.8053362,1565.24,1570.18,9.08213853,26.09,76.26224934
1666793879.7718887,1565.24,1570.18,9.08213853,26.09,76.26224934
1666793889.7667408,1565.24,1570.18,9.08213853,26.09,76.26224934
1666793899.9591708,1571.63,1571.63,9.68626407,27.84,76.9710903
1666793909.8301227,1571.63,1571.63,9.68626407,27.84,76.9710903
1666793919.8293998,1571.63,1571.63,9.68626407,27.84,76.9710903
1666793929.846695,1571.63,1579.9,10.34597917,36.11,80.53866953
1666793940.142601,1571.63,1579.9,10.34597917,36.11,80.53866953
1666793949.8395264,1571.63,1579.9,10.34597917,36.11,80.53866953
1666793959.737232,1589.35,1589.35,12.46352515,43.55,83.46581721
1666793969.8034065,1589.35,1589.35,12.46352515,43.55,83.46581721
1666793979.7980464,1589.35,1589.35,12.46352515,43.55,83.46581721
1666793989.753148,1589.35,1584.98,12.11492117,39.18,77.65879817
1666793999.8546677,1589.35,1584.98,12.11492117,39.18,77.65879817
1666794009.813386,1589.35,1584.98,12.11492117,39.18,77.65879817
1666794019.9881222,1584.5,1584.5,12.7049334,38.63,77.06875955
1666794029.8399372,1584.5,1584.5,12.7049334,38.63,77.06875955
1666794040.3826582,1584.5,1584.5,12.7049334,38.63,77.06875955
1666794050.3271186,1584.5,1577.38,12.13695619,31.51,68.72729229
1666794060.5294838,1584.5,1577.38,12.13695619,31.51,68.72729229
1666794070.3854272,1584.5,1577.38,12.13695619,31.51,68.72729229
1666794080.389936,1576.78,1576.78,11.96108947,31.8,68.10610667
1666794090.4392507,1576.78,1576.78,11.96108947,31.8,68.10610667
1666794100.37191,1576.78,1576.78,11.96108947,31.8,68.10610667
1666794110.4207869,1576.78,1573.84,11.72655955,28.86,65.00566117
1666794120.388938,1576.78,1573.84,11.72655955,28.86,65.00566117
1666794131.0088534,1576.07,1576.07,11.62350986,14.0,67.32542656
1666794140.3674965,1576.07,1576.07,11.62350986,14.0,67.32542656
1666794150.3532913,1576.07,1576.07,11.62350986,14.0,67.32542656
1666794160.3237264,1576.07,1576.07,11.62350986,14.0,67.32542656
1666794170.397419,1576.07,1575.87,11.60755545,13.8,67.09962288
1666794180.3315313,1576.07,1575.87,11.60755545,13.8,67.09962288
1666794190.335493,1576.07,1575.87,11.60755545,13.8,67.09962288
1666794200.3686695,1573.09,1573.09,10.84968628,14.59,64.03131972
1666794210.3381808,1573.09,1573.09,10.84968628,14.59,64.03131972
1666794221.2241695,1573.09,1574.9,10.99407375,16.4,65.14690138
1666794231.1263404,1573.09,1574.9,10.99407375,16.4,65.14690138
1666794241.173491,1573.09,1574.9,10.99407375,16.4,65.14690138
1666794251.1614282,1573.85,1573.85,10.41346417,10.9,64.50879954
1666794261.187034,1573.85,1573.85,10.41346417,10.9,64.50879954
1666794271.1491065,1573.85,1573.85,10.41346417,10.9,64.50879954
1666794281.2425954,1573.85,1573.85,10.41346417,10.9,64.50879954
1666794291.3202848,1573.85,1570.74,10.165373,7.79,60.95084569
1666794301.195716,1573.85,1570.74,10.165373,7.79,60.95084569
1666794311.1630654,1568.84,1568.84,9.19730615,-0.13,58.95869183
1666794321.4854062,1568.84,1568.84,9.19730615,-0.13,58.95869183
1666794331.1914496,1568.84,1568.84,9.19730615,-0.13,58.95869183
1666794341.200734,1568.84,1568.84,9.19730615,-0.13,58.95869183
1666794351.2021906,1568.84,1570.87,9.35924348,1.9,60.44386134
1666794361.2512524,1568.84,1570.87,9.35924348,1.9,60.44386134
1666794371.2305698,1571.86,1571.86,8.88094127,6.61,61.12511832
1666794381.235631,1571.86,1571.86,8.88094127,6.61,61.12511832
1666794391.192135,1571.86,1571.86,8.88094127,6.61,61.12511832
1666794401.8974752,1571.86,1571.86,8.88094127,6.61,61.12511832
1666794412.1341927,1571.86,1573.81,9.03649683,8.56,62.50849056
1666794421.8831177,1571.86,1573.81,9.03649683,8.56,62.50849056
1666794431.8634746,1577.1,1577.1,9.08877885,5.48,64.57336998
1666794441.8498712,1577.1,1577.1,9.08877885,5.48,64.57336998
1666794452.0380423,1577.1,1577.1,9.08877885,5.48,64.57336998
1666794461.90786,1577.1,1576.46,9.03772472,4.84,63.8206264
1666794471.896886,1577.1,1576.46,9.03772472,4.84,63.8206264
1666794482.041172,1577.1,1576.46,9.03772472,4.84,63.8206264
1666794491.838533,1575.61,1575.61,8.60428633,-13.73,62.84760741
1666794501.911908,1575.61,1575.61,8.60428633,-13.73,62.84760741
1666794512.0656798,1575.61,1575.61,8.60428633,-13.73,62.84760741
1666794521.8697586,1575.61,1572.65,8.36816098,-16.69,59.44854641
1666794531.973002,1575.61,1572.65,8.36816098,-16.69,59.44854641
1666794541.8382294,1575.61,1572.65,8.36816098,-16.69,59.44854641
1666794551.8030994,1574.12,1574.12,8.00913777,-10.38,61.0893684
1666794561.916836,1574.12,1574.12,8.00913777,-10.38,61.0893684
1666794571.904217,1574.12,1574.12,8.00913777,-10.38,61.0893684
1666794582.508904,1574.12,1574.14,8.01073321,-10.36,61.10509773
1666794592.5580518,1574.12,1574.14,8.01073321,-10.36,61.10509773
1666794602.5700378,1574.12,1574.14,8.01073321,-10.36,61.10509773
1666794612.557722,1574.12,1574.14,8.01073321,-10.36,61.10509773
1666794622.5149984,1573.75,1573.75,7.49240118,-3.03,60.6357216
1666794632.633253,1573.75,1573.75,7.49240118,-3.03,60.6357216
1666794642.5600474,1573.75,1571.5,7.312914,-5.28,57.82366962
1666794652.5806415,1573.75,1571.5,7.312914,-5.28,57.82366962
1666794662.625667,1573.75,1571.5,7.312914,-5.28,57.82366962
1666794673.3280778,1568.71,1568.71,6.31344086,-7.35,54.67844028
1666794682.5396235,1568.71,1568.71,6.31344086,-7.35,54.67844028
1666794692.6113577,1568.71,1568.71,6.31344086,-7.35,54.67844028
1666794702.573394,1568.71,1570.75,6.4761759,-5.31,56.5420185
1666794712.5860407,1568.71,1570.75,6.4761759,-5.31,56.5420185
1666794722.6051636,1568.71,1570.75,6.4761759,-5.31,56.5420185
1666794732.4941962,1570.38,1570.38,5.86825376,-2.7,56.2158122
1666794742.8302815,1570.38,1570.38,5.86825376,-2.7,56.2158122
1666794752.608306,1570.38,1570.38,5.86825376,-2.7,56.2158122
1666794763.0766687,1570.38,1570.95,5.91372384,-2.13,56.75435837
1666794773.177714,1570.38,1570.95,5.91372384,-2.13,56.75435837
1666794783.116725,1570.38,1570.95,5.91372384,-2.13,56.75435837
1666794793.0883262,1571.99,1571.99,5.57580521,-1.85,57.70358025
1666794803.1597,1571.99,1571.99,5.57580521,-1.85,57.70358025
1666794813.125492,1571.99,1571.99,5.57580521,-1.85,57.70358025
1666794823.119063,1571.99,1572.55,5.62047757,-1.29,58.23516864
1666794833.5264766,1571.99,1572.55,5.62047757,-1.29,58.23516864
1666794843.2099018,1571.99,1572.55,5.62047757,-1.29,58.23516864
1666794853.0859835,1570.93,1570.93,5.03205259,2.1,56.34398982
1666794863.1297083,1570.93,1570.93,5.03205259,2.1,56.34398982
1666794873.149083,1570.93,1570.93,5.03205259,2.1,56.34398982
1666794883.0859418,1570.93,1573.46,5.23387595,4.63,58.83227126
1666794893.3410578,1570.93,1573.46,5.23387595,4.63,58.83227126
1666794903.2628512,1570.93,1573.46,5.23387595,4.63,58.83227126
1666794913.1909502,1574.8,1574.8,5.16202164,2.93,60.039312
1666794923.2383664,1574.8,1574.8,5.16202164,2.93,60.039312
1666794933.2000017,1574.8,1574.8,5.16202164,2.93,60.039312
1666794943.881261,1574.8,1573.98,5.09660853,2.11,58.90596127
1666794953.948316,1574.8,1573.98,5.09660853,2.11,58.90596127
1666794963.9674437,1574.8,1573.98,5.09660853,2.11,58.90596127
1666794973.862017,1571.68,1571.68,4.52333968,-5.51,55.93142975
1666794983.9076304,1571.68,1571.68,4.52333968,-5.51,55.93142975
1666794994.5992596,1571.68,1571.68,4.52333968,-5.51,55.93142975
1666795003.8583171,1571.68,1568.92,4.30316874,-8.27,52.50619322
1666795013.90591,1571.68,1568.92,4.30316874,-8.27,52.50619322
1666795023.9792886,1571.68,1568.92,4.30316874,-8.27,52.50619322
1666795033.9744723,1569.47,1569.47,3.85274622,-6.14,53.15426686
1666795043.9323874,1569.47,1569.47,3.85274622,-6.14,53.15426686
1666795053.9019482,1569.47,1569.47,3.85274622,-6.14,53.15426686
1666795063.9335022,1569.47,1571.29,3.9979314,-4.32,55.12886486
1666795073.9663117,1569.47,1571.29,3.9979314,-4.32,55.12886486
1666795083.90481,1569.47,1571.29,3.9979314,-4.32,55.12886486
1666795094.0308075,1572.87,1572.87,3.90221197,-1.25,56.71360182
1666795103.9851315,1572.87,1572.87,3.90221197,-1.25,56.71360182
1666795113.9398234,1572.87,1572.87,3.90221197,-1.25,56.71360182
1666795124.683526,1572.87,1574.36,4.02107237,0.24,58.21172343
1666795134.5373068,1572.87,1574.36,4.02107237,0.24,58.21172343
1666795144.5630276,1572.87,1574.36,4.02107237,0.24,58.21172343
1666795155.265042,1575.76,1575.76,4.09316186,2.01,59.52783828
1666795164.5827358,1575.76,1575.76,4.09316186,2.01,59.52783828
1666795174.549418,1575.76,1575.76,4.09316186,2.01,59.52783828
1666795184.6769972,1575.76,1577.0,4.19207923,3.25,60.70821179
1666795194.5691817,1575.76,1577.0,4.19207923,3.25,60.70821179
1666795204.632159,1575.76,1577.0,4.19207923,3.25,60.70821179
1666795214.7033718,1578.78,1578.78,4.44302783,10.06,62.28047353
1666795224.6114457,1578.78,1578.78,4.44302783,10.06,62.28047353
1666795234.6642897,1578.78,1578.78,4.44302783,10.06,62.28047353
1666795244.6019804,1578.78,1582.95,4.7756774,14.23,65.757948
1666795254.5821795,1578.78,1582.95,4.7756774,14.23,65.757948
1666795264.6427317,1578.78,1582.95,4.7756774,14.23,65.757948
1666795274.5236857,1586.13,1586.13,5.51614739,15.75,68.00393738
1666795284.6096632,1586.13,1586.13,5.51614739,15.75,68.00393738
1666795294.7174356,1586.13,1586.13,5.51614739,15.75,68.00393738
1666795305.1991827,1586.13,1585.33,5.45232972,14.95,66.81658469
1666795315.626938,1586.13,1585.33,5.45232972,14.95,66.81658469
1666795325.2464044,1586.13,1585.33,5.45232972,14.95,66.81658469
1666795335.1867485,1587.37,1587.37,6.0093508,15.38,68.86213119
1666795345.2687993,1587.37,1587.37,6.0093508,15.38,68.86213119
1666795355.2961888,1587.37,1587.37,6.0093508,15.38,68.86213119
1666795365.1891456,1587.37,1586.96,5.97664425,14.97,68.21947363
1666795375.124311,1587.37,1586.96,5.97664425,14.97,68.21947363
1666795385.2119844,1587.37,1586.96,5.97664425,14.97,68.21947363
1666795395.2277162,1588.98,1588.98,6.47800034,18.06,69.98703974
1666795405.271829,1588.98,1588.98,6.47800034,18.06,69.98703974
1666795415.1841238,1588.98,1588.98,6.47800034,18.06,69.98703974
1666795425.2260294,1588.98,1592.24,6.73805732,21.32,72.17874176
1666795435.1185305,1588.98,1592.24,6.73805732,21.32,72.17874176
1666795446.1879685,1588.98,1592.24,6.73805732,21.32,72.17874176
1666795456.0264862,1588.08,1588.08,6.54411801,13.29,68.49607837
1666795465.600769,1588.08,1588.08,6.54411801,13.29,68.49607837
1666795476.1347203,1588.08,1588.08,6.54411801,13.29,68.49607837
1666795486.5624335,1588.08,1584.29,6.24178183,9.5,62.46625505
1666795496.4828372,1588.08,1584.29,6.24178183,9.5,62.46625505
1666795506.4920404,1588.08,1584.29,6.24178183,9.5,62.46625505
1666795516.7715442,1585.5,1585.5,6.21163619,13.81,64.26648155
1666795526.7143471,1585.5,1585.5,6.21163619,13.81,64.26648155
1666795536.4761384,1585.5,1585.5,6.21163619,13.81,64.26648155
1666795546.477277,1585.5,1582.83,5.99864474,11.14,60.14092978
1666795556.534563,1585.5,1582.83,5.99864474,11.14,60.14092978
1666795566.523503,1585.5,1582.83,5.99864474,11.14,60.14092978
1666795576.5061443,1586.61,1586.61,6.19975881,17.15,65.24961961
1666795586.5287852,1586.61,1586.61,6.19975881,17.15,65.24961961
1666795596.4662876,1586.61,1586.61,6.19975881,17.15,65.24961961
1666795606.4738588,1586.61,1587.74,6.28990126,18.28,66.28402848
1666795616.5054147,1586.61,1587.74,6.28990126,18.28,66.28402848
1666795626.6550765,1586.61,1587.74,6.28990126,18.28,66.28402848
1666795636.9686456,1588.0,1588.0,6.24629508,15.14,66.51162288
1666795646.5038235,1588.0,1588.0,6.24629508,15.14,66.51162288
1666795656.5581932,1588.0,1588.0,6.24629508,15.14,66.51162288
1666795667.113175,1588.0,1587.41,6.19922955,14.55,65.43222656
1666795677.185026,1588.0,1587.41,6.19922955,14.55,65.43222656
1666795687.1156716,1588.0,1587.41,6.19922955,14.55,65.43222656
1666795697.1371005,1588.97,1588.97,6.26181958,13.21,67.39588569
1666795707.1091156,1588.97,1588.97,6.26181958,13.21,67.39588569
1666795717.1524165,1588.97,1588.97,6.26181958,13.21,67.39588569
1666795727.0940616,1588.97,1586.68,6.07914152,10.92,63.15603513
1666795737.142193,1588.97,1586.68,6.07914152,10.92,63.15603513
1666795747.1778462,1588.97,1586.68,6.07914152,10.92,63.15603513
1666795757.1898131,1584.65,1584.65,5.53069653,5.86,59.81574333
1666795767.1886044,1584.65,1584.65,5.53069653,5.86,59.81574333
1666795777.239948,1584.65,1584.65,5.53069653,5.86,59.81574333
1666795787.3388634,1584.65,1582.24,5.33844581,3.45,56.0368394
1666795797.6502576,1584.65,1582.24,5.33844581,3.45,56.0368394
1666795807.186488,1584.65,1582.24,5.33844581,3.45,56.0368394
1666795817.2107935,1582.46,1582.46,4.85589039,-3.67,56.36232873
1666795827.1975138,1582.46,1582.46,4.85589039,-3.67,56.36232873
1666795837.197361,1582.46,1582.46,4.85589039,-3.67,56.36232873
1666795847.9391203,1582.46,1583.46,4.93566247,-2.67,57.5687823
1666795857.8962824,1582.46,1583.46,4.93566247,-2.67,57.5687823
1666795867.9277563,1582.46,1583.46,4.93566247,-2.67,57.5687823
1666795877.8926775,1583.26,1583.26,4.52182222,-4.1,57.33285804
1666795888.121383,1583.26,1583.26,4.52182222,-4.1,57.33285804
1666795897.856885,1583.26,1583.26,4.52182222,-4.1,57.33285804
1666795907.9390516,1583.26,1582.24,4.4404547,-5.12,55.63390451
1666795917.9160097,1583.26,1582.24,4.4404547,-5.12,55.63390451
1666795927.8852522,1583.26,1582.24,4.4404547,-5.12,55.63390451
1666795937.895357,1580.2,1580.2,3.72598835,-8.78,52.52116853
1666795947.866886,1580.2,1580.2,3.72598835,-8.78,52.52116853
1666795958.2207077,1580.2,1580.2,3.72598835,-8.78,52.52116853
1666795967.8755069,1580.2,1580.62,3.75949262,-8.36,53.10293967
1666795977.9403734,1580.2,1580.62,3.75949262,-8.36,53.10293967
1666795988.1293828,1580.2,1580.62,3.75949262,-8.36,53.10293967
1666795997.9234462,1581.02,1581.02,3.36717607,-7.07,53.64390532
1666796007.9273438,1581.02,1581.02,3.36717607,-7.07,53.64390532
1666796017.975479,1581.02,1581.02,3.36717607,-7.07,53.64390532
1666796028.9162092,1581.02,1580.57,3.33127863,-7.52,52.90454816
1666796038.7348354,1581.02,1580.57,3.33127863,-7.52,52.90454816
1666796048.7158527,1581.59,1581.59,3.07639409,-3.9,54.45129894
1666796058.705304,1581.59,1581.59,3.07639409,-3.9,54.45129894
1666796068.87337,1581.59,1581.59,3.07639409,-3.9,54.45129894
1666796078.812439,1581.59,1581.59,3.07639409,-3.9,54.45129894
1666796088.6236289,1581.59,1579.2,2.88573882,-6.29,50.48633419
1666796098.7238576,1581.59,1579.2,2.88573882,-6.29,50.48633419
1666796108.6069095,1581.59,1579.2,2.88573882,-6.29,50.48633419
1666796118.6997306,1578.8,1578.8,2.38349787,-7.82,49.87929326
1666796128.642231,1578.8,1578.8,2.38349787,-7.82,49.87929326
1666796138.6260562,1578.8,1578.8,2.38349787,-7.82,49.87929326
1666796149.0606215,1578.8,1577.8,2.30372579,-8.82,48.31204444
1666796158.695814,1578.8,1577.8,2.30372579,-8.82,48.31204444
1666796168.6256554,1578.8,1577.8,2.30372579,-8.82,48.31204444
1666796178.66324,1576.73,1576.73,1.69523041,-11.27,46.74390995
1666796188.6718528,1576.73,1576.73,1.69523041,-11.27,46.74390995
1666796198.7874486,1576.73,1576.73,1.69523041,-11.27,46.74390995
1666796209.2363331,1576.73,1575.32,1.58275177,-12.68,44.67944858
1666796219.259552,1576.73,1575.32,1.58275177,-12.68,44.67944858
1666796229.2279315,1576.73,1575.32,1.58275177,-12.68,44.67944858
1666796239.2682123,1574.95,1574.95,1.01442847,-14.02,44.17300191
1666796249.254802,1574.95,1574.95,1.01442847,-14.02,44.17300191
1666796259.1942143,1574.95,1574.95,1.01442847,-14.02,44.17300191
1666796269.2866714,1574.95,1574.62,0.98810368,-14.35,43.68881838
1666796279.241173,1574.95,1574.62,0.98810368,-14.35,43.68881838
1666796289.1553757,1574.95,1574.62,0.98810368,-14.35,43.68881838
1666796299.180532,1574.49,1574.49,0.51632354,-10.15,43.50246464
1666796309.492933,1574.49,1574.49,0.51632354,-10.15,43.50246464
1666796319.2685516,1574.49,1574.49,0.51632354,-10.15,43.50246464
1666796329.2595377,1574.49,1575.71,0.61364548,-8.93,45.83736708
1666796339.2856076,1574.49,1575.71,0.61364548,-8.93,45.83736708
1666796349.28328,1574.49,1575.71,0.61364548,-8.93,45.83736708
1666796359.2933936,1575.77,1575.77,0.3274165,-6.69,45.95285131
1666796369.288878,1575.77,1575.77,0.3274165,-6.69,45.95285131
1666796379.6463785,1575.77,1575.77,0.3274165,-6.69,45.95285131
1666796390.0147958,1575.77,1576.44,0.3808638,-6.02,47.23967594
1666796400.0166798,1575.77,1576.44,0.3808638,-6.02,47.23967594
1666796409.9776044,1575.77,1576.44,0.3808638,-6.02,47.23967594
1666796420.1914515,1574.91,1574.91,-0.02338994,-8.35,44.54248507
1666796430.0661905,1574.91,1574.91,-0.02338994,-8.35,44.54248507
1666796440.047741,1574.91,1574.91,-0.02338994,-8.35,44.54248507
1666796450.1961737,1574.91,1574.91,-0.02338994,-8.35,44.54248507
1666796460.0380344,1574.91,1574.91,-0.02338994,-8.35,44.54248507
1666796470.2605095,1574.91,1574.91,-0.02338994,-8.35,44.54248507
1666796480.069988,1576.63,1576.63,-0.0010787,-3.57,47.95496324
1666796490.0039103,1576.63,1576.63,-0.0010787,-3.57,47.95496324
1666796500.6375768,1576.63,1576.63,-0.0010787,-3.57,47.95496324
1666796509.9723773,1576.63,1575.38,-0.1007938,-4.82,45.75161978
1666796520.0365882,1576.63,1575.38,-0.1007938,-4.82,45.75161978
1666796530.155659,1576.63,1575.38,-0.1007938,-4.82,45.75161978
1666796540.0345118,1576.07,1576.07,-0.17086411,-4.95,46.94602151
1666796550.0975025,1576.07,1576.07,-0.17086411,-4.95,46.94602151
1666796560.0381076,1576.07,1576.07,-0.17086411,-4.95,46.94602151
1666796570.5385406,1576.07,1578.04,-0.01371312,-2.98,50.87356928
1666796580.5820622,1576.07,1578.04,-0.01371312,-2.98,50.87356928
1666796590.665567,1576.58,1576.58,-0.19422012,-5.0,48.02182086
1666796600.6016817,1576.58,1576.58,-0.19422012,-5.0,48.02182086
1666796610.5822148,1576.58,1576.58,-0.19422012,-5.0,48.02182086
1666796620.617507,1576.58,1578.96,-0.00436257,-2.62,52.82889513
1666796630.4863694,1576.58,1578.96,-0.00436257,-2.62,52.82889513
1666796640.5313182,1576.58,1578.96,-0.00436257,-2.62,52.82889513
1666796650.7590003,1578.2,1578.2,-0.01255726,-0.59,51.39073773
1666796660.8326392,1578.2,1578.2,-0.01255726,-0.59,51.39073773
1666796670.484196,1578.2,1578.2,-0.01255726,-0.59,51.39073773
1666796680.8796246,1578.2,1575.39,-0.23671681,-3.4,45.84084824
1666796690.6609457,1578.2,1575.39,-0.23671681,-3.4,45.84084824
1666796700.6181607,1578.2,1575.39,-0.23671681,-3.4,45.84084824
1666796710.6503963,1576.51,1576.51,-0.21024658,-0.21,47.90128837
1666796720.6749814,1576.51,1576.51,-0.21024658,-0.21,47.90128837
1666796730.566475,1576.51,1576.51,-0.21024658,-0.21,47.90128837
1666796740.6571012,1576.51,1576.51,-0.21024658,-0.21,47.90128837
1666796751.4334002,1576.51,1574.81,-0.34585912,-1.91,44.62065809
1666796761.480949,1576.51,1574.81,-0.34585912,-1.91,44.62065809
1666796771.4479043,1576.86,1576.86,-0.20825939,1.92,48.67702108
1666796781.5164108,1576.86,1576.86,-0.20825939,1.92,48.67702108
1666796791.4581358,1576.86,1576.86,-0.20825939,1.92,48.67702108
1666796801.436278,1576.86,1575.85,-0.28882919,0.91,46.51948108
1666796811.4573195,1576.86,1575.85,-0.28882919,0.91,46.51948108
1666796821.4692378,1576.86,1575.85,-0.28882919,0.91,46.51948108
1666796831.4447362,1576.86,1575.85,-0.28882919,0.91,46.51948108
1666796841.5049472,1576.88,1576.88,-0.22276081,2.39,48.72356465
1666796851.9493692,1576.88,1576.88,-0.22276081,2.39,48.72356465
1666796861.6202278,1576.88,1577.27,-0.1916497,2.78,49.69171462
1666796871.5233598,1576.88,1577.27,-0.1916497,2.78,49.69171462
1666796881.45778,1576.88,1577.27,-0.1916497,2.78,49.69171462
1666796891.49295,1576.91,1576.91,-0.22860194,1.18,48.79753244
1666796901.399821,1576.91,1576.91,-0.22860194,1.18,48.79753244
1666796911.590536,1576.91,1576.91,-0.22860194,1.18,48.79753244
1666796921.483266,1576.91,1576.61,-0.25253357,0.88,48.0327129
1666796931.8866687,1576.91,1576.61,-0.25253357,0.88,48.0327129
1666796941.940195,1576.91,1576.61,-0.25253357,0.88,48.0327129
1666796951.887375,1576.5,1576.5,-0.29164769,1.59,47.76266343
1666796961.9589765,1576.5,1576.5,-0.29164769,1.59,47.76266343
1666796971.9209309,1576.5,1576.5,-0.29164769,1.59,47.76266343
1666796981.9308398,1576.5,1576.32,-0.30600666,1.41,47.28401423
1666796991.9426646,1576.5,1576.32,-0.30600666,1.41,47.28401423
1666797001.959993,1576.5,1576.32,-0.30600666,1.41,47.28401423
1666797012.2940626,1575.3,1575.3,-0.48110408,-1.33,44.75559398
1666797021.9718516,1575.3,1575.3,-0.48110408,-1.33,44.75559398
1666797031.995686,1575.3,1575.3,-0.48110408,-1.33,44.75559398
1666797041.9953578,1575.3,1575.3,-0.48110408,-1.33,44.75559398
1666797051.983112,1575.3,1573.87,-0.59517815,-2.76,41.41222695
1666797061.9465947,1575.3,1573.87,-0.59517815,-2.76,41.41222695
1666797072.0199275,1575.3,1573.87,-0.59517815,-2.76,41.41222695
1666797081.9730382,1572.99,1572.99,-0.87498796,-3.07,39.59061817
1666797091.991604,1572.99,1572.99,-0.87498796,-3.07,39.59061817
1666797101.9805508,1572.99,1571.81,-0.96911901,-4.25,37.22796294
1666797112.5832672,1572.99,1571.81,-0.96911901,-4.25,37.22796294
1666797122.5891676,1572.99,1571.81,-0.96911901,-4.25,37.22796294
1666797132.6230257,1572.99,1571.81,-0.96911901,-4.25,37.22796294
1666797142.5735846,1571.03,1571.03,-1.30755262,-5.55,35.83133033
1666797152.8961875,1571.03,1571.03,-1.30755262,-5.55,35.83133033
1666797162.78786,1571.03,1573.73,-1.092168,-2.85,43.77726892
1666797172.620757,1571.03,1573.73,-1.092168,-2.85,43.77726892
1666797182.6289184,1571.03,1573.73,-1.092168,-2.85,43.77726892
1666797192.60864,1574.17,1574.17,-1.06516935,-4.04,44.89128122
1666797202.9901977,1574.17,1574.17,-1.06516935,-4.04,44.89128122
1666797212.6875334,1574.17,1574.17,-1.06516935,-4.04,44.89128122
1666797222.5902176,1574.17,1574.72,-1.02129471,-3.49,46.32057662
1666797232.5872216,1574.17,1574.72,-1.02129471,-3.49,46.32057662
1666797242.5569017,1574.17,1574.72,-1.02129471,-3.49,46.32057662
1666797252.5966623,1574.17,1574.72,-1.02129471,-3.49,46.32057662
1666797262.5708015,1576.08,1576.08,-0.78875031,-0.44,49.55569406
1666797272.604468,1576.08,1576.08,-0.78875031,-0.44,49.55569406
1666797282.6251366,1576.08,1576.99,-0.71615772,0.47,51.65520944
1666797293.3664596,1576.08,1576.99,-0.71615772,0.47,51.65520944
1666797303.3649614,1576.08,1576.99,-0.71615772,0.47,51.65520944
1666797313.3835049,1577.15,1577.15,-0.53192616,0.29,52.00809706
1666797323.3742774,1577.15,1577.15,-0.53192616,0.29,52.00809706
1666797333.390375,1577.15,1577.15,-0.53192616,0.29,52.00809706
1666797343.3944252,1577.15,1575.75,-0.64360707,-1.11,48.67483192
1666797353.4163342,1577.15,1575.75,-0.64360707,-1.11,48.67483192
1666797363.5693676,1577.15,1575.75,-0.64360707,-1.11,48.67483192
1666797373.4735262,1577.15,1575.75,-0.64360707,-1.11,48.67483192
1666797383.328749,1575.75,1575.75,-0.58942166,-1.14,48.67785144
1666797393.5941665,1575.75,1575.75,-0.58942166,-1.14,48.67785144
1666797403.4764016,1575.75,1577.14,-0.47853847,0.25,51.96808625
1666797413.431426,1575.75,1577.14,-0.47853847,0.25,51.96808625
1666797423.4598503,1575.75,1577.14,-0.47853847,0.25,51.96808625
1666797433.4796877,1577.34,1577.34,-0.3148603,0.42,52.4071013
1666797443.4346054,1577.34,1577.34,-0.3148603,0.42,52.4071013
1666797453.516482,1577.34,1577.34,-0.3148603,0.42,52.4071013
1666797463.5109425,1577.34,1576.78,-0.35953266,-0.14,51.00145894
1666797473.9865742,1577.34,1576.78,-0.35953266,-0.14,51.00145894
1666797483.9712782,1577.34,1576.78,-0.35953266,-0.14,51.00145894
1666797493.9131606,1575.07,1575.07,-0.51642701,-1.42,47.14056751
1666797503.936628,1575.07,1575.07,-0.51642701,-1.42,47.14056751
1666797514.0035791,1575.07,1575.07,-0.51642701,-1.42,47.14056751
1666797523.8951468,1575.07,1573.66,-0.62890564,-2.83,44.17127738
1666797533.9042125,1575.07,1573.66,-0.62890564,-2.83,44.17127738
1666797544.036425,1575.07,1573.66,-0.62890564,-2.83,44.17127738
1666797554.4556692,1576.39,1576.39,-0.33999211,1.09,50.27013806
1666797563.896226,1576.39,1576.39,-0.33999211,1.09,50.27013806
1666797574.0300305,1576.39,1576.39,-0.33999211,1.09,50.27013806
1666797584.0129783,1576.39,1577.47,-0.25383826,2.17,52.73577593
1666797594.015159,1576.39,1577.47,-0.25383826,2.17,52.73577593
1666797604.1844432,1576.39,1577.47,-0.25383826,2.17,52.73577593
1666797614.0373447,1576.14,1576.14,-0.31572503,3.14,49.67033306
1666797624.049398,1576.14,1576.14,-0.31572503,3.14,49.67033306
1666797634.026132,1576.14,1576.14,-0.31572503,3.14,49.67033306
1666797644.032501,1576.14,1574.95,-0.41065381,1.95,46.80743127
1666797654.9287555,1576.14,1574.95,-0.41065381,1.95,46.80743127
1666797664.6034915,1576.14,1574.95,-0.41065381,1.95,46.80743127
1666797674.5839002,1574.06,1574.06,-0.57090756,3.04,44.87146463
1666797684.8584049,1574.06,1574.06,-0.57090756,3.04,44.87146463
1666797694.591313,1574.06,1574.06,-0.57090756,3.04,44.87146463
1666797704.6933198,1574.06,1572.82,-0.66982494,1.8,42.25166515
1666797715.4070718,1574.06,1572.82,-0.66982494,1.8,42.25166515
1666797724.7525136,1574.06,1572.82,-0.66982494,1.8,42.25166515
1666797734.6483357,1573.61,1573.61,-0.69856999,-0.55,43.88400064
1666797744.6731098,1573.61,1573.61,-0.69856999,-0.55,43.88400064
1666797754.6180348,1573.61,1573.61,-0.69856999,-0.55,43.88400064
1666797764.6533809,1573.61,1574.5,-0.62757284,0.34,46.39650212
1666797774.6870255,1573.61,1574.5,-0.62757284,0.34,46.39650212
1666797784.6752272,1573.61,1574.5,-0.62757284,0.34,46.39650212
1666797794.659703,1574.61,1574.61,-0.62114224,-1.47,46.69149991
1666797804.5958807,1574.61,1574.61,-0.62114224,-1.47,46.69149991
1666797814.7003772,1574.61,1574.61,-0.62114224,-1.47,46.69149991
1666797824.6281383,1574.61,1572.98,-0.75117073,-3.1,42.92198843
1666797835.4736185,1574.61,1572.98,-0.75117073,-3.1,42.92198843
1666797845.5810704,1574.61,1572.98,-0.75117073,-3.1,42.92198843
1666797855.7002168,1574.61,1572.98,-0.75117073,-3.1,42.92198843
1666797865.5625832,1571.95,1571.95,-0.99130874,-5.19,40.83713123
1666797876.0659032,1571.95,1571.95,-0.99130874,-5.19,40.83713123
1666797885.571498,1571.95,1572.96,-0.91073894,-4.18,43.71563996
1666797895.5575194,1571.95,1572.96,-0.91073894,-4.18,43.71563996
1666797905.608015,1571.95,1572.96,-0.91073894,-4.18,43.71563996
1666797915.4700017,1572.52,1572.52,-1.0244439,-3.22,42.49516743
1666797925.5169277,1572.52,1572.52,-1.0244439,-3.22,42.49516743
1666797935.5377147,1572.52,1572.52,-1.0244439,-3.22,42.49516743
1666797945.524623,1572.52,1573.31,-0.96142395,-2.43,44.81307181
1666797955.521947,1572.52,1573.31,-0.96142395,-2.43,44.81307181
1666797965.6052136,1572.52,1573.31,-0.96142395,-2.43,44.81307181
1666797975.4999309,1573.61,1573.61,-0.91902861,-3.73,45.64768338
1666797985.531519,1573.61,1573.61,-0.91902861,-3.73,45.64768338
1666797995.572438,1573.61,1573.61,-0.91902861,-3.73,45.64768338
1666798005.494619,1573.61,1573.69,-0.91264684,-3.65,45.87730757
1666798016.0513935,1573.61,1573.69,-0.91264684,-3.65,45.87730757
1666798026.0966806,1573.61,1573.69,-0.91264684,-3.65,45.87730757
1666798036.7293422,1574.55,1574.55,-0.76244963,-0.52,48.27650788
1666798046.0130332,1574.55,1574.55,-0.76244963,-0.52,48.27650788
1666798056.0411525,1574.55,1574.55,-0.76244963,-0.52,48.27650788
1666798066.1042726,1574.55,1574.92,-0.73293396,-0.15,49.31655477
1666798076.1001196,1574.55,1574.92,-0.73293396,-0.15,49.31655477
1666798086.2403429,1574.55,1574.92,-0.73293396,-0.15,49.31655477
1666798096.1124065,1574.22,1574.22,-0.73647496,-2.17,47.41103379
1666798106.1568964,1574.22,1574.22,-0.73647496,-2.17,47.41103379
1666798116.0971105,1574.22,1574.22,-0.73647496,-2.17,47.41103379
1666798126.0996237,1574.22,1576.12,-0.58490801,-0.27,52.68379884
1666798136.115313,1574.22,1576.12,-0.58490801,-0.27,52.68379884
1666798146.0635774,1574.22,1576.12,-0.58490801,-0.27,52.68379884
1666798156.1132448,1576.57,1576.57,-0.35366398,0.43,53.77531379
1666798166.0400598,1576.57,1576.57,-0.35366398,0.43,53.77531379
1666798176.106858,1576.57,1576.57,-0.35366398,0.43,53.77531379
1666798186.0666788,1576.57,1577.37,-0.28984632,1.23,55.74491363
1666798196.8013575,1576.57,1577.37,-0.28984632,1.23,55.74491363
1666798206.6410286,1576.57,1577.37,-0.28984632,1.23,55.74491363
1666798216.6919043,1575.89,1575.89,-0.29395169,1.82,51.82130242
1666798226.6115432,1575.89,1575.89,-0.29395169,1.82,51.82130242
1666798236.6419573,1575.89,1575.89,-0.29395169,1.82,51.82130242
1666798246.946646,1575.89,1576.14,-0.27400867,2.07,52.50386734
1666798256.6138976,1575.89,1576.14,-0.27400867,2.07,52.50386734
1666798266.6428509,1575.89,1576.14,-0.27400867,2.07,52.50386734
1666798276.7586017,1577.29,1577.29,-0.00217064,3.68,55.4017888
1666798286.5809152,1577.29,1577.29,-0.00217064,3.68,55.4017888
1666798296.6225114,1577.29,1577.29,-0.00217064,3.68,55.4017888
1666798306.6666682,1577.29,1579.94,0.20922537,6.33,61.28617946
1666798316.6349063,1577.29,1579.94,0.20922537,6.33,61.28617946
1666798326.705324,1577.29,1579.94,0.20922537,6.33,61.28617946
1666798336.733206,1579.79,1579.79,0.49235533,5.18,60.98178166
1666798346.616007,1579.79,1579.79,0.49235533,5.18,60.98178166
1666798356.6991577,1579.79,1579.79,0.49235533,5.18,60.98178166
1666798366.802635,1579.79,1579.35,0.45725561,4.74,59.56860322
1666798377.2710035,1579.79,1579.35,0.45725561,4.74,59.56860322
1666798387.6956203,1579.79,1579.35,0.45725561,4.74,59.56860322
1666798397.340134,1578.5,1578.5,0.53496222,6.54,57.01613177
1666798407.3204467,1578.5,1578.5,0.53496222,6.54,57.01613177
1666798417.2690778,1578.5,1578.5,0.53496222,6.54,57.01613177
1666798427.3182447,1578.5,1577.51,0.45598786,5.55,54.10805193
1666798437.3215933,1578.5,1577.51,0.45598786,5.55,54.10805193
1666798447.327054,1578.5,1577.51,0.45598786,5.55,54.10805193
1666798457.3274672,1577.76,1577.76,0.53826336,5.25,54.81405291
1666798467.363117,1577.76,1577.76,0.53826336,5.25,54.81405291
1666798477.3158753,1577.76,1577.76,0.53826336,5.25,54.81405291
1666798487.386601,1577.76,1579.21,0.65393288,6.7,58.21917796
1666798497.3941429,1577.76,1579.21,0.65393288,6.7,58.21917796
1666798507.4816103,1577.76,1579.21,0.65393288,6.7,58.21917796
1666798517.582179,1579.87,1579.87,0.87862424,6.25,59.60633226
1666798527.3236308,1579.87,1579.87,0.87862424,6.25,59.60633226
1666798537.423923,1579.87,1579.87,0.87862424,6.25,59.60633226
1666798547.60441,1579.87,1578.22,0.74700031,4.6,54.72542079
1666798558.037663,1579.87,1578.22,0.74700031,4.6,54.72542079
1666798568.043788,1579.87,1578.22,0.74700031,4.6,54.72542079
1666798578.721249,1577.12,1577.12,0.61589606,2.58,51.88543882
1666798588.0493047,1577.12,1577.12,0.61589606,2.58,51.88543882
1666798598.1313171,1577.12,1577.12,0.61589606,2.58,51.88543882
1666798608.0574012,1577.12,1577.3,0.63025503,2.76,52.32350233
1666798618.0860298,1577.12,1577.3,0.63025503,2.76,52.32350233
1666798628.1035326,1577.12,1577.3,0.63025503,2.76,52.32350233
1666798638.1859128,1576.99,1576.99,0.55529171,2.78,51.54554998
1666798648.1550756,1576.99,1576.99,0.55529171,2.78,51.54554998
1666798658.163949,1576.99,1576.99,0.55529171,2.78,51.54554998
1666798668.066941,1576.99,1577.97,0.63346835,3.76,53.99205836
1666798678.268682,1576.99,1577.97,0.63346835,3.76,53.99205836
1666798688.1051872,1576.99,1577.97,0.63346835,3.76,53.99205836
1666798698.2084205,1578.92,1578.92,0.7830611,2.34,56.13885324
1666798708.1138492,1578.92,1578.92,0.7830611,2.34,56.13885324
1666798723.2723703,1578.92,1579.07,0.79502691,2.49,56.48412243
1666798728.7475188,1578.92,1579.07,0.79502691,2.49,56.48412243
1666798739.393813,1578.92,1579.07,0.79502691,2.49,56.48412243
1666798749.772341,1578.92,1579.07,0.79502691,2.49,56.48412243
1666798759.3006213,1578.29,1578.29,0.74290674,2.41,54.32840413
1666798769.7979066,1578.29,1578.29,0.74290674,2.41,54.32840413
1666798806.5311816,1578.29,1579.29,0.82267882,3.41,56.71461179
1666798809.0298102,1578.29,1579.29,0.82267882,3.41,56.71461179
1666798819.0254178,1578.77,1578.77,0.81082517,1.47,55.49757326
1666798829.116832,1578.77,1578.77,0.81082517,1.47,55.49757326
1666798839.0265565,1578.77,1578.77,0.81082517,1.47,55.49757326
1666798849.2466843,1578.77,1577.81,0.73424397,0.51,52.58130459
1666798874.4575293,1577.06,1577.06,0.58244284,-2.74,50.50781366
1666798879.0419614,1577.06,1577.06,0.58244284,-2.74,50.50781366
1666798889.0033765,1577.06,1577.06,0.58244284,-2.74,50.50781366
1666798899.0545974,1577.06,1577.06,0.58244284,-2.74,50.50781366
1666798908.3196712,1577.06,1577.66,0.63030609,-2.14,52.13400826
1666798909.1922572,1577.06,1577.66,0.63030609,-2.14,52.13400826
1666798918.5254445,1577.06,1577.66,0.63030609,-2.14,52.13400826
1666798919.905925,1577.06,1577.66,0.63030609,-2.14,52.13400826
1666798929.9574122,1577.06,1577.66,0.63030609,-2.14,52.13400826
1666798939.9412744,1577.55,1577.55,0.57363094,-0.95,51.83969702
1666798960.2870054,1577.55,1577.55,0.57363094,-0.95,51.83969702
1666798990.313461,1577.55,1578.02,0.61112382,-0.48,53.14845284
1666798999.8881676,1578.8,1578.8,0.7056433,1.04,55.16708756
1666799139.474237,1577.91,1577.91,0.53428017,0.78,52.35926319
1666799140.2369168,1577.91,1577.91,0.53428017,0.78,52.35926319
1666799140.867001,1577.91,1576.17,0.39547675,-0.96,47.30426527
1666799272.573549,1571.27,1570.01,-0.74648267,-8.91,34.67378082
1666799281.1685212,1571.27,1570.01,-0.74648267,-8.91,34.67378082
1666799291.0845397,1568.2,1568.2,-1.36845195,-10.09,31.96433178
1666799301.2361324,1568.2,1568.2,-1.36845195,-10.09,31.96433178
1666799311.6201177,1568.2,1568.2,-1.36845195,-10.09,31.96433178
1666799321.1191318,1568.2,1568.2,-1.36845195,-10.09,31.96433178
1666799331.1757004,1568.2,1568.19,-1.36924967,-10.1,31.93250435
1666799341.1969965,1568.2,1568.19,-1.36924967,-10.1,31.93250435
1666799351.1044538,1570.27,1570.27,-1.4344014,-8.51,37.97042825
1666799361.1549425,1570.27,1570.27,-1.4344014,-8.51,37.97042825
1666799371.0714743,1570.27,1570.27,-1.4344014,-8.51,37.97042825
1666799381.12598,1570.27,1567.49,-1.65616778,-11.29,33.65946084
1666799391.1307766,1570.27,1567.49,-1.65616778,-11.29,33.65946084
1666799401.1602693,1570.27,1567.49,-1.65616778,-11.29,33.65946084
1666799411.2777696,1570.27,1567.49,-1.65616778,-11.29,33.65946084
1666799421.1418557,1566.91,1566.91,-2.07345166,-10.15,32.88234373
1666799431.1515944,1566.91,1566.91,-2.07345166,-10.15,32.88234373
1666799441.1829035,1566.91,1568.75,-1.92667103,-8.31,37.78937048
1666799451.1909187,1566.91,1568.75,-1.92667103,-8.31,37.78937048
1666799461.8729122,1566.91,1568.75,-1.92667103,-8.31,37.78937048
1666799472.2840436,1568.55,1568.55,-2.1080543,-9.01,37.30005718
1666799481.7184532,1568.55,1568.55,-2.1080543,-9.01,37.30005718
1666799491.6841936,1568.55,1568.55,-2.1080543,-9.01,37.30005718
1666799501.7026403,1568.55,1568.55,-2.1080543,-9.01,37.30005718
1666799511.6873453,1568.55,1566.95,-2.23568963,-10.61,34.89391071
1666799521.7197795,1568.55,1566.95,-2.23568963,-10.61,34.89391071
1666799531.8404253,1566.41,1566.41,-2.51678111,-12.39,34.15040854
1666799541.7209876,1566.41,1566.41,-2.51678111,-12.39,34.15040854
1666799551.8286445,1566.41,1566.41,-2.51678111,-12.39,34.15040854
1666799561.7516398,1566.41,1565.62,-2.57980105,-13.18,33.04121675
1666799571.729118,1566.41,1565.62,-2.57980105,-13.18,33.04121675
1666799581.7279727,1566.41,1565.62,-2.57980105,-13.18,33.04121675
1666799591.725754,1565.81,1565.81,-2.75878007,-11.53,33.30029051
1666799601.7654328,1565.81,1565.81,-2.75878007,-11.53,33.30029051
1666799611.7700083,1565.81,1565.81,-2.75878007,-11.53,33.30029051
1666799621.8003702,1565.81,1561.78,-3.08026156,-15.56,28.2246195
1666799632.3363736,1565.81,1561.78,-3.08026156,-15.56,28.2246195
1666799642.484022,1565.81,1561.78,-3.08026156,-15.56,28.2246195
1666799652.7720158,1563.24,1563.24,-3.24336821,-14.67,29.87426441
1666799662.6273942,1563.24,1563.24,-3.24336821,-14.67,29.87426441
1666799672.425013,1563.24,1563.24,-3.24336821,-14.67,29.87426441
1666799682.5160394,1563.24,1561.11,-3.41328274,-16.8,27.36170169
1666799692.45086,1563.24,1561.11,-3.41328274,-16.8,27.36170169
1666799702.514838,1563.24,1561.11,-3.41328274,-16.8,27.36170169
1666799712.517737,1563.6,1563.6,-3.37517153,-10.33,30.94824983
1666799722.837396,1563.6,1563.6,-3.37517153,-10.33,30.94824983
1666799732.4991877,1563.6,1563.6,-3.37517153,-10.33,30.94824983
1666799742.480291,1563.6,1565.15,-3.25152481,-8.78,35.51754694
1666799752.5069716,1563.6,1565.15,-3.25152481,-8.78,35.51754694
1666799762.549368,1563.6,1565.15,-3.25152481,-8.78,35.51754694
1666799772.518676,1565.13,1565.13,-3.24494706,-6.13,35.47369034
1666799782.408209,1565.13,1565.13,-3.24494706,-6.13,35.47369034
1666799793.154583,1565.13,1565.13,-3.24494706,-6.13,35.47369034
1666799802.500907,1565.13,1566.71,-3.11890717,-4.55,39.83469757
1666799812.4916472,1565.13,1566.71,-3.11890717,-4.55,39.83469757
1666799823.2216065,1565.13,1566.71,-3.11890717,-4.55,39.83469757
1666799833.2076757,1565.13,1566.71,-3.11890717,-4.55,39.83469757
1666799843.1810002,1566.75,1566.75,-2.97318187,-1.44,39.93775844
1666799853.1766746,1566.75,1566.75,-2.97318187,-1.44,39.93775844
1666799863.1537209,1566.75,1567.55,-2.90936421,-0.64,42.07488031
1666799873.194706,1566.75,1567.55,-2.90936421,-0.64,42.07488031
1666799883.2516406,1566.75,1567.55,-2.90936421,-0.64,42.07488031
1666799893.2324398,1568.4,1568.4,-2.59499499,-1.86,44.18684246
1666799903.1693356,1568.4,1568.4,-2.59499499,-1.86,44.18684246
1666799913.2122877,1568.4,1568.4,-2.59499499,-1.86,44.18684246
1666799923.2207246,1568.4,1567.56,-2.66200354,-2.7,42.53110991
1666799933.2262554,1568.4,1567.56,-2.66200354,-2.7,42.53110991
1666799943.1978204,1568.4,1567.56,-2.66200354,-2.7,42.53110991
1666799953.8278456,1568.4,1567.56,-2.66200354,-2.7,42.53110991
1666799963.3861177,1568.49,1568.49,-2.35889868,1.58,44.41771433
1666799973.229782,1568.49,1568.49,-2.35889868,1.58,44.41771433
1666799983.2342358,1568.49,1568.49,-2.35889868,1.58,44.41771433
1666799993.226961,1568.49,1567.19,-2.46260238,0.28,41.73241058
1666800003.7212164,1568.49,1567.19,-2.46260238,0.28,41.73241058
1666800014.0194333,1568.49,1567.19,-2.46260238,0.28,41.73241058
1666800023.7566843,1567.54,1567.54,-2.28696022,-1.02,42.42290845
1666800033.7394886,1567.54,1567.54,-2.28696022,-1.02,42.42290845
1666800043.736982,1567.54,1568.81,-2.18564967,0.25,45.91953801
1666800053.7807384,1567.54,1568.81,-2.18564967,0.25,45.91953801
1666800063.6975052,1567.54,1568.81,-2.18564967,0.25,45.91953801
1666800073.729757,1566.66,1566.66,-2.26956042,0.25,40.60381495
1666800083.772005,1566.66,1566.66,-2.26956042,0.25,40.60381495
1666800093.858793,1566.66,1566.66,-2.26956042,0.25,40.60381495
1666800103.717849,1566.66,1567.65,-2.19058606,1.24,43.5371045
1666800114.1218195,1566.66,1567.65,-2.19058606,1.24,43.5371045
1666800123.6934042,1566.66,1567.65,-2.19058606,1.24,43.5371045
1666800133.8018122,1569.11,1569.11,-1.82872652,3.29,47.37016811
1666800143.9824169,1569.11,1569.11,-1.82872652,3.29,47.37016811
1666800153.7408829,1569.11,1569.11,-1.82872652,3.29,47.37016811
1666800163.831737,1569.11,1570.22,-1.74017951,4.4,50.14142961
1666800173.7226124,1569.11,1570.22,-1.74017951,4.4,50.14142961
1666800184.8839774,1569.11,1570.22,-1.74017951,4.4,50.14142961
1666800194.921167,1569.04,1569.04,-1.62490686,5.8,47.20289435
1666800204.9189289,1569.04,1569.04,-1.62490686,5.8,47.20289435
1666800214.8529768,1569.04,1569.04,-1.62490686,5.8,47.20289435
1666800224.9788144,1569.04,1569.04,-1.62490686,5.8,47.20289435
1666800234.8569045,1569.04,1570.11,-1.53955074,6.87,50.07360267
1666800244.854281,1569.04,1570.11,-1.53955074,6.87,50.07360267
1666800255.1299863,1570.22,1570.22,-1.27614394,6.63,50.35139814
1666800264.9411626,1570.22,1570.22,-1.27614394,6.63,50.35139814
1666800274.9137447,1570.22,1570.22,-1.27614394,6.63,50.35139814
1666800284.9652758,1570.22,1568.86,-1.38463397,5.27,46.87844419
1666800294.946598,1570.22,1568.86,-1.38463397,5.27,46.87844419
1666800304.9435322,1570.22,1568.86,-1.38463397,5.27,46.87844419
1666800314.9477806,1567.83,1567.83,-1.39995943,2.69,44.55118341
1666800324.9651277,1567.83,1567.83,-1.39995943,2.69,44.55118341
1666800335.2091646,1567.83,1567.83,-1.39995943,2.69,44.55118341
1666800345.0634172,1567.83,1567.71,-1.40953208,2.57,44.2754032
1666800354.982036,1567.83,1567.71,-1.40953208,2.57,44.2754032
1666800366.0025942,1567.83,1567.71,-1.40953208,2.57,44.2754032
1666800375.7500346,1566.4,1566.4,-1.53317059,-0.35,41.47128491
1666800385.8220632,1566.4,1566.4,-1.53317059,-0.35,41.47128491
1666800396.0578043,1566.4,1566.4,-1.53317059,-0.35,41.47128491
1666800405.869206,1566.4,1568.69,-1.35049253,1.94,47.70082253
1666800415.791472,1566.4,1568.69,-1.35049253,1.94,47.70082253
1666800425.7350397,1566.4,1568.69,-1.35049253,1.94,47.70082253
1666800435.8070362,1569.29,1569.29,-1.12339531,0.9,49.12325417
1666800445.764468,1569.29,1569.29,-1.12339531,0.9,49.12325417
1666800455.8723152,1569.29,1569.29,-1.12339531,0.9,49.12325417
1666800465.8574667,1569.29,1569.16,-1.13376568,0.77,48.81271814
1666800475.7692552,1569.29,1569.16,-1.13376568,0.77,48.81271814
1666800485.8488493,1569.29,1569.16,-1.13376568,0.77,48.81271814
1666800496.1606913,1567.75,1567.75,-1.18662494,-0.74,45.68707096
1666800505.7723703,1567.75,1567.75,-1.18662494,-0.74,45.68707096
1666800515.8210883,1567.75,1567.75,-1.18662494,-0.74,45.68707096
1666800525.9569635,1567.75,1568.71,-1.11004374,0.22,48.11972917
1666800535.8672118,1567.75,1568.71,-1.11004374,0.22,48.11972917
1666800546.3162231,1567.75,1568.71,-1.11004374,0.22,48.11972917
1666800556.3416722,1569.16,1569.16,-0.9283116,1.62,49.19008563
1666800566.336414,1569.16,1569.16,-0.9283116,1.62,49.19008563
1666800576.310754,1569.16,1569.16,-0.9283116,1.62,49.19008563
1666800586.350109,1569.16,1568.89,-0.94985006,1.35,48.54263232
1666800596.393219,1569.16,1568.89,-0.94985006,1.35,48.54263232
1666800606.340973,1569.16,1568.89,-0.94985006,1.35,48.54263232
1666800616.3371215,1568.57,1568.57,-0.88625347,1.91,47.79790617
1666800626.3202283,1568.57,1568.57,-0.88625347,1.91,47.79790617
1666800636.2923832,1568.57,1568.57,-0.88625347,1.91,47.79790617
1666800646.3030376,1568.57,1570.51,-0.73149563,3.85,52.55060603
1666800656.3123128,1568.57,1570.51,-0.73149563,3.85,52.55060603
1666800666.336743,1568.57,1570.51,-0.73149563,3.85,52.55060603
1666800676.3174691,1569.8,1569.8,-0.63245162,0.69,50.91508112
1666800686.674185,1569.8,1569.8,-0.63245162,0.69,50.91508112
1666800696.397673,1569.8,1569.8,-0.63245162,0.69,50.91508112
1666800706.494171,1569.8,1571.25,-0.5167821,2.14,54.37394706
1666800716.3963633,1569.8,1571.25,-0.5167821,2.14,54.37394706
1666800726.981563,1569.8,1571.25,-0.5167821,2.14,54.37394706
1666800737.027805,1570.53,1570.53,-0.40007635,1.48,52.71958158
1666800746.9877284,1570.53,1570.53,-0.40007635,1.48,52.71958158
1666800757.0607803,1570.53,1570.53,-0.40007635,1.48,52.71958158
1666800767.016962,1570.53,1569.62,-0.47266894,0.57,50.24009051
1666800777.03168,1570.53,1569.62,-0.47266894,0.57,50.24009051
1666800787.081945,1570.53,1569.62,-0.47266894,0.57,50.24009051
1666800796.9908943,1569.07,1569.07,-0.46608645,-1.15,48.85457989
1666800806.9818144,1569.07,1569.07,-0.46608645,-1.15,48.85457989
1666800817.0096316,1569.07,1569.07,-0.46608645,-1.15,48.85457989
1666800826.9954572,1569.07,1569.81,-0.40705511,-0.41,50.82205821
1666800837.0068045,1569.07,1569.81,-0.40705511,-0.41,50.82205821
1666800847.3192573,1569.07,1569.81,-0.40705511,-0.41,50.82205821
1666800857.4278994,1568.69,1568.69,-0.47433573,0.86,47.86884334
1666800867.422763,1568.69,1568.69,-0.47433573,0.86,47.86884334
1666800877.889176,1568.69,1568.69,-0.47433573,0.86,47.86884334
1666800887.694718,1568.69,1567.24,-0.59000524,-0.59,44.20793137
1666800897.2231083,1568.69,1567.24,-0.59000524,-0.59,44.20793137
1666800907.9508271,1568.69,1567.24,-0.59000524,-0.59,44.20793137
1666800917.961861,1566.14,1566.14,-0.81211784,-0.27,41.78373238
1666800927.953374,1566.14,1566.14,-0.81211784,-0.27,41.78373238
1666800938.0983176,1566.14,1566.14,-0.81211784,-0.27,41.78373238
1666800948.0199993,1566.14,1563.57,-1.01713209,-2.84,36.71769281
1666800958.07056,1566.14,1563.57,-1.01713209,-2.84,36.71769281
1666800968.0660968,1566.14,1563.57,-1.01713209,-2.84,36.71769281
1666800977.9886906,1562.65,1562.65,-1.40148842,-6.63,35.19033951
1666800988.0333354,1562.65,1562.65,-1.40148842,-6.63,35.19033951
1666800997.9955838,1562.65,1562.65,-1.40148842,-6.63,35.19033951
1666801008.0612442,1562.65,1562.66,-1.4006907,-6.62,35.22188152
1666801018.052156,1562.65,1562.66,-1.4006907,-6.62,35.22188152
1666801028.013422,1562.65,1562.66,-1.4006907,-6.62,35.22188152
1666801038.4362414,1561.27,1561.27,-1.82484753,-6.49,32.99246736
1666801048.0208251,1561.27,1561.27,-1.82484753,-6.49,32.99246736
1666801057.9998534,1561.27,1561.27,-1.82484753,-6.49,32.99246736
1666801068.0408125,1561.27,1560.4,-1.89424924,-7.36,31.62383396
1666801078.11685,1561.27,1560.4,-1.89424924,-7.36,31.62383396
1666801088.621544,1561.27,1560.4,-1.89424924,-7.36,31.62383396
1666801098.634797,1560.79,1560.79,-2.11610696,-8.36,32.21471241
1666801108.6163774,1560.79,1560.79,-2.11610696,-8.36,32.21471241
1666801118.584409,1560.79,1560.79,-2.11610696,-8.36,32.21471241
1666801128.6844766,1560.79,1563.03,-1.9374175,-6.12,39.23964581
1666801138.642917,1560.79,1563.03,-1.9374175,-6.12,39.23964581
1666801148.6517444,1560.79,1563.03,-1.9374175,-6.12,39.23964581
1666801158.64682,1562.79,1562.79,-2.00870265,-5.78,38.55799848
1666801168.6199582,1562.79,1562.79,-2.00870265,-5.78,38.55799848
1666801178.6330433,1562.79,1562.79,-2.00870265,-5.78,38.55799848
1666801188.7327852,1562.79,1564.1,-1.90420122,-4.47,42.37060874
1666801198.7917922,1562.79,1564.1,-1.90420122,-4.47,42.37060874
1666801208.7232978,1562.79,1564.1,-1.90420122,-4.47,42.37060874
1666801218.6988778,1564.32,1564.32,-1.80913625,-5.48,42.9700112
1666801229.0680757,1564.32,1564.32,-1.80913625,-5.48,42.9700112
1666801238.7211416,1564.32,1564.32,-1.80913625,-5.48,42.9700112
1666801248.66917,1564.32,1564.27,-1.81312486,-5.53,42.86192081
1666801258.8226483,1564.32,1564.27,-1.81312486,-5.53,42.86192081
1666801269.1811063,1564.32,1564.27,-1.81312486,-5.53,42.86192081
1666801279.228174,1564.08,1564.08,-1.76172419,-6.45,42.4544624
1666801289.2684605,1564.08,1564.08,-1.76172419,-6.45,42.4544624
1666801299.481581,1564.08,1564.08,-1.76172419,-6.45,42.4544624
1666801309.2489352,1564.08,1564.15,-1.75614014,-6.38,42.66197815
1666801319.3371797,1564.08,1564.15,-1.75614014,-6.38,42.66197815
1666801329.3363822,1564.08,1564.15,-1.75614014,-6.38,42.66197815
1666801339.290795,1564.57,1564.57,-1.62024295,-4.49,43.92712243
1666801349.3546226,1564.57,1564.57,-1.62024295,-4.49,43.92712243
1666801359.3018858,1564.57,1564.57,-1.62024295,-4.49,43.92712243
1666801369.345153,1564.57,1563.78,-1.68326289,-5.28,42.05626571
1666801379.3148255,1564.57,1563.78,-1.68326289,-5.28,42.05626571
1666801389.619032,1564.57,1563.78,-1.68326289,-5.28,42.05626571
1666801399.2765615,1562.82,1562.82,-1.76894971,-5.87,39.98517658
1666801409.273672,1562.82,1562.82,-1.76894971,-5.87,39.98517658
1666801419.2483838,1562.82,1562.82,-1.76894971,-5.87,39.98517658
1666801429.3023467,1562.82,1562.57,-1.78889273,-6.12,39.44089895
1666801439.2404194,1562.82,1562.57,-1.78889273,-6.12,39.44089895
1666801450.0063226,1562.82,1562.57,-1.78889273,-6.12,39.44089895
1666801459.9757082,1561.49,1561.49,-1.94517779,-4.65,37.26601104
1666801470.0212584,1561.49,1561.49,-1.94517779,-4.65,37.26601104
1666801479.966785,1561.49,1561.49,-1.94517779,-4.65,37.26601104
1666801490.025895,1561.49,1561.75,-1.92443705,-4.39,38.15554227
1666801500.0337884,1561.49,1561.75,-1.92443705,-4.39,38.15554227
1666801509.9812946,1561.49,1561.75,-1.92443705,-4.39,38.15554227
1666801519.9884255,1560.0,1560.0,-2.18857764,-2.65,34.43075252
1666801530.0577395,1560.0,1560.0,-2.18857764,-2.65,34.43075252
1666801540.0466988,1560.0,1560.0,-2.18857764,-2.65,34.43075252
1666801550.5491018,1560.0,1560.6,-2.1407144,-2.05,36.52678271
1666801560.014618,1560.0,1560.6,-2.1407144,-2.05,36.52678271
1666801570.0995553,1560.0,1560.6,-2.1407144,-2.05,36.52678271
1666801580.0471802,1559.49,1559.49,-2.33268011,-1.77,33.47300883
1666801589.9970157,1559.49,1559.49,-2.33268011,-1.77,33.47300883
1666801600.0383906,1559.49,1559.49,-2.33268011,-1.77,33.47300883
1666801610.0916016,1559.49,1559.08,-2.36538666,-2.18,32.69925088
1666801620.0241134,1559.49,1559.08,-2.36538666,-2.18,32.69925088
1666801630.8673973,1556.76,1556.76,-2.7724266,-4.04,28.91575699
1666801640.5862489,1556.76,1556.76,-2.7724266,-4.04,28.91575699
1666801650.6080737,1556.76,1556.76,-2.7724266,-4.04,28.91575699
1666801660.5380208,1556.76,1556.76,-2.7724266,-4.04,28.91575699
1666801670.5758195,1556.76,1558.11,-2.66473429,-2.69,33.7036755
1666801680.5281963,1556.76,1558.11,-2.66473429,-2.69,33.7036755
1666801690.6256752,1557.93,1557.93,-2.74935409,-4.85,33.11600222
1666801700.5854049,1557.93,1557.93,-2.74935409,-4.85,33.11600222
1666801711.0514834,1557.93,1557.93,-2.74935409,-4.85,33.11600222
1666801720.551868,1557.93,1558.47,-2.70627717,-4.31,35.00894498
1666801730.5332284,1557.93,1558.47,-2.70627717,-4.31,35.00894498
1666801740.5632718,1557.93,1558.47,-2.70627717,-4.31,35.00894498
1666801750.5315146,1559.17,1559.17,-2.59840558,-5.16,37.32986263
1666801760.5733082,1559.17,1559.17,-2.59840558,-5.16,37.32986263
1666801770.5220933,1559.17,1559.17,-2.59840558,-5.16,37.32986263
1666801780.6587782,1559.17,1558.0,-2.69173891,-6.33,35.07521347
1666801790.590921,1559.17,1558.0,-2.69173891,-6.33,35.07521347
1666801800.4888797,1559.17,1558.0,-2.69173891,-6.33,35.07521347
1666801811.1049654,1557.8,1557.8,-2.7223115,-6.29,34.73494639
1666801821.073969,1557.8,1557.8,-2.7223115,-6.29,34.73494639
1666801831.0811265,1557.8,1557.8,-2.7223115,-6.29,34.73494639
1666801841.1042402,1557.8,1560.2,-2.53085851,-3.89,42.3412921
1666801851.0342717,1557.8,1560.2,-2.53085851,-3.89,42.3412921
1666801861.0280757,1557.8,1560.2,-2.53085851,-3.89,42.3412921
1666801871.7250452,1560.61,1560.61,-2.3048874,-3.97,43.46685844
1666801881.1288314,1560.61,1560.61,-2.3048874,-3.97,43.46685844
1666801891.0831292,1560.61,1560.61,-2.3048874,-3.97,43.46685844
1666801906.065306,1560.61,1561.75,-2.21394723,-2.83,46.588932
1666801911.18447,1560.61,1561.75,-2.21394723,-2.83,46.588932
1666801921.094237,1560.61,1561.75,-2.21394723,-2.83,46.588932
1666801931.0722198,1561.02,1561.02,-2.06924416,-1.81,44.63087336
1666801941.1191702,1561.02,1561.02,-2.06924416,-1.81,44.63087336
1666801951.1279266,1561.02,1561.02,-2.06924416,-1.81,44.63087336
1666801961.1131828,1561.02,1561.4,-2.03893077,-1.43,45.74586773
1666801971.119283,1561.02,1561.4,-2.03893077,-1.43,45.74586773
1666801981.0822785,1561.02,1561.4,-2.03893077,-1.43,45.74586773
1666801991.6166413,1561.07,1561.07,-1.88021483,-0.41,44.7824854
1666802001.5542476,1561.07,1561.07,-1.88021483,-0.41,44.7824854
1666802011.595446,1561.07,1561.07,-1.88021483,-0.41,44.7824854
1666802021.637218,1561.07,1560.0,-1.96557096,-1.48,42.15356979
1666802032.0888312,1561.07,1560.0,-1.96557096,-1.48,42.15356979
1666802041.6146154,1561.07,1560.0,-1.96557096,-1.48,42.15356979
1666802051.6942976,1558.09,1558.09,-2.13383227,-1.9,38.161704
1666802061.606243,1558.09,1558.09,-2.13383227,-1.9,38.161704
1666802071.6376054,1558.09,1558.09,-2.13383227,-1.9,38.161704
1666802081.6286106,1558.09,1558.0,-2.14101176,-1.99,37.97926944
1666802091.5936596,1558.09,1558.0,-2.14101176,-1.99,37.97926944
1666802101.640955,1558.09,1558.0,-2.14101176,-1.99,37.97926944
1666802111.6731496,1557.78,1557.78,-2.16641709,-1.71,37.54057666
1666802121.5986795,1557.78,1557.78,-2.16641709,-1.71,37.54057666
1666802131.608318,1557.78,1557.78,-2.16641709,-1.71,37.54057666
1666802141.5801682,1557.78,1557.58,-2.18237151,-1.91,37.1207953
1666802151.754845,1557.78,1557.58,-2.18237151,-1.91,37.1207953
1666802161.6007826,1557.78,1557.58,-2.18237151,-1.91,37.1207953
1666802172.4456463,1555.93,1555.93,-2.41001967,-0.84,34.00453122
1666802182.513263,1555.93,1555.93,-2.41001967,-0.84,34.00453122
1666802192.4049537,1555.93,1555.93,-2.41001967,-0.84,34.00453122
1666802202.4729187,1555.93,1555.93,-2.41001967,-0.84,34.00453122
1666802212.7150817,1555.93,1556.94,-2.32944987,0.17,37.48166442
1666802222.9369676,1555.93,1556.94,-2.32944987,0.17,37.48166442
1666802232.6271658,1557.46,1557.46,-2.24087811,-0.48,39.13276212
1666802242.463766,1557.46,1557.46,-2.24087811,-0.48,39.13276212
1666802252.4784613,1557.46,1557.46,-2.24087811,-0.48,39.13276212
1666802262.4670613,1557.46,1559.27,-2.09649064,1.33,44.61568422
1666802272.55728,1557.46,1559.27,-2.09649064,1.33,44.61568422
1666802282.6986072,1557.46,1559.27,-2.09649064,1.33,44.61568422
1666802292.4769502,1559.28,1559.28,-1.92178312,0.11,44.64535225
1666802302.4756608,1559.28,1559.28,-1.92178312,0.11,44.64535225
1666802312.4264538,1559.28,1559.28,-1.92178312,0.11,44.64535225
1666802322.557344,1559.28,1557.91,-2.03107087,-1.26,41.58454781
1666802332.5171988,1559.28,1557.91,-2.03107087,-1.26,41.58454781
1666802342.4826603,1559.28,1557.91,-2.03107087,-1.26,41.58454781
1666802353.0705142,1556.9,1556.9,-2.09883016,-0.89,39.58574544
1666802363.0509346,1556.9,1556.9,-2.09883016,-0.89,39.58574544
1666802373.081292,1556.9,1556.9,-2.09883016,-0.89,39.58574544
1666802383.3077652,1556.9,1556.9,-2.09883016,-0.89,39.58574544
1666802393.0301516,1556.9,1556.9,-2.09883016,-0.89,39.58574544
1666802403.0902703,1556.9,1556.9,-2.09883016,-0.89,39.58574544
1666802413.603267,1558.33,1558.33,-1.86396768,-2.28,43.70422121
1666802423.0513504,1558.33,1558.33,-1.86396768,-2.28,43.70422121
1666802433.067299,1558.33,1558.33,-1.86396768,-2.28,43.70422121
1666802443.1094768,1558.33,1560.0,-1.73074831,-0.61,48.15733436
1666802453.0951138,1558.33,1560.0,-1.73074831,-0.61,48.15733436
1666802463.1727734,1558.33,1560.0,-1.73074831,-0.61,48.15733436
1666802473.1480155,1559.94,1559.94,-1.5198725,-1.08,48.00957806
1666802483.1176286,1559.94,1559.94,-1.5198725,-1.08,48.00957806
1666802493.11469,1559.94,1559.94,-1.5198725,-1.08,48.00957806
1666802503.2171032,1559.94,1558.67,-1.62118304,-2.35,45.08079365
1666802513.1124902,1559.94,1558.67,-1.62118304,-2.35,45.08079365
1666802523.1374822,1559.94,1558.67,-1.62118304,-2.35,45.08079365
1666802533.547417,1558.46,1558.46,-1.54218653,-2.6,44.62895877
1666802543.4922354,1558.46,1558.46,-1.54218653,-2.6,44.62895877
1666802553.5682044,1558.46,1558.46,-1.54218653,-2.6,44.62895877
1666802563.567738,1558.46,1558.22,-1.56133183,-2.84,44.08709711
1666802573.8499324,1558.46,1558.22,-1.56133183,-2.84,44.08709711
1666802583.4969018,1558.46,1558.22,-1.56133183,-2.84,44.08709711
1666802593.565358,1557.48,1557.48,-1.58875524,-0.62,42.49619946
1666802603.500616,1557.48,1557.48,-1.58875524,-0.62,42.49619946
1666802613.5182118,1557.48,1557.48,-1.58875524,-0.62,42.49619946
1666802623.531214,1557.48,1557.72,-1.56960994,-0.38,43.21193407
1666802633.5550668,1557.48,1557.72,-1.56960994,-0.38,43.21193407
1666802643.5816803,1557.48,1557.72,-1.56960994,-0.38,43.21193407
1666802653.5095274,1558.22,1558.22,-1.44066158,0.44,44.65094081
1666802663.5242212,1558.22,1558.22,-1.44066158,0.44,44.65094081
1666802673.5352364,1558.22,1558.22,-1.44066158,0.44,44.65094081
1666802683.5156765,1558.22,1553.51,-1.81638808,-4.27,35.54617229
1666802693.5426912,1558.22,1553.51,-1.81638808,-4.27,35.54617229
1666802703.5003843,1558.22,1553.51,-1.81638808,-4.27,35.54617229
1666802714.183682,1553.64,1553.64,-2.0025308,-2.28,35.74736152
1666802724.198951,1553.64,1553.64,-2.0025308,-2.28,35.74736152
1666802734.3571515,1553.64,1553.64,-2.0025308,-2.28,35.74736152
1666802744.264423,1553.64,1554.68,-1.91956784,-1.24,38.73480949
1666802754.1458051,1553.64,1554.68,-1.91956784,-1.24,38.73480949
1666802764.7402775,1553.64,1554.68,-1.91956784,-1.24,38.73480949
1666802774.318034,1555.08,1555.08,-1.93011121,-2.38,39.81115583
1666802784.2136056,1555.08,1555.08,-1.93011121,-2.38,39.81115583
1666802794.2401364,1555.08,1555.08,-1.93011121,-2.38,39.81115583
1666802804.2417264,1555.08,1555.23,-1.9181454,-2.23,40.23518892
1666802814.2154226,1555.08,1555.23,-1.9181454,-2.23,40.23518892
1666802824.2095337,1555.08,1555.23,-1.9181454,-2.23,40.23518892
1666802834.2641206,1555.22,1555.22,-1.92158517,-4.05,40.20710602
1666802844.1692245,1555.22,1555.22,-1.92158517,-4.05,40.20710602
1666802854.310647,1555.22,1555.22,-1.92158517,-4.05,40.20710602
1666802864.2369082,1555.22,1554.85,-1.95110084,-4.42,39.46813146
1666802874.1977055,1555.22,1554.85,-1.95110084,-4.42,39.46813146
1666802884.2243433,1555.22,1554.85,-1.95110084,-4.42,39.46813146
1666802894.77055,1553.34,1553.34,-2.16751822,-3.57,36.71430124
1666802904.7756488,1553.34,1553.34,-2.16751822,-3.57,36.71430124
1666802914.7788897,1553.34,1553.34,-2.16751822,-3.57,36.71430124
1666802924.9968028,1553.34,1548.43,-2.55919913,-8.48,29.50523653
1666802934.7385817,1553.34,1548.43,-2.55919913,-8.48,29.50523653
1666802944.8180034,1553.34,1548.43,-2.55919913,-8.48,29.50523653
1666802954.7742355,1548.47,1548.47,-2.90643602,-9.85,29.55250989
1666802964.758798,1548.47,1548.47,-2.90643602,-9.85,29.55250989
1666802975.07369,1548.47,1548.47,-2.90643602,-9.85,29.55250989
1666802984.836931,1548.47,1548.91,-2.8713363,-9.41,30.86469374
1666802994.781347,1548.47,1548.91,-2.8713363,-9.41,30.86469374
1666803004.8133607,1548.47,1548.91,-2.8713363,-9.41,30.86469374
1666803014.8834305,1547.52,1547.52,-3.28277619,-12.42,28.40931517
1666803024.8226795,1547.52,1547.52,-3.28277619,-12.42,28.40931517
1666803034.7802052,1547.52,1547.52,-3.28277619,-12.42,28.40931517
1666803044.8337831,1547.52,1546.25,-3.38408673,-13.69,26.86730269
1666803054.835442,1547.52,1546.25,-3.38408673,-13.69,26.86730269
1666803064.8173058,1547.52,1546.25,-3.38408673,-13.69,26.86730269
1666803075.4261568,1546.22,1546.22,-3.66399076,-12.25,26.83330481
1666803085.4234874,1546.22,1546.22,-3.66399076,-12.25,26.83330481
1666803095.4431572,1546.22,1546.22,-3.66399076,-12.25,26.83330481
1666803105.4478254,1546.22,1548.28,-3.49966027,-10.19,33.09401325
1666803115.76467,1546.22,1548.28,-3.49966027,-10.19,33.09401325
1666803125.500419,1546.22,1548.28,-3.49966027,-10.19,33.09401325
1666803135.5292966,1548.6,1548.6,-3.5026003,-8.88,33.98372628
1666803145.4658463,1548.6,1548.6,-3.5026003,-8.88,33.98372628
1666803155.5007193,1548.6,1548.6,-3.5026003,-8.88,33.98372628
1666803165.4934704,1548.6,1547.85,-3.56242936,-9.63,32.89549562
1666803175.411632,1548.6,1547.85,-3.56242936,-9.63,32.89549562
1666803185.4672482,1548.6,1547.85,-3.56242936,-9.63,32.89549562
1666803195.3935857,1548.42,1548.42,-3.51167405,-9.81,33.73250461
1666803205.51384,1548.42,1548.42,-3.51167405,-9.81,33.73250461
1666803215.5387566,1548.42,1548.42,-3.51167405,-9.81,33.73250461
1666803225.404958,1548.42,1549.33,-3.43908145,-8.9,36.45520762
1666803235.5275369,1548.42,1549.33,-3.43908145,-8.9,36.45520762
1666803245.5246964,1548.42,1549.33,-3.43908145,-8.9,36.45520762
1666803256.0604918,1548.47,1548.47,-3.46043691,-5.17,33.89053592
1666803266.1100037,1548.47,1548.47,-3.46043691,-5.17,33.89053592
1666803276.201537,1548.47,1548.47,-3.46043691,-5.17,33.89053592
1666803286.08452,1548.47,1547.73,-3.51946825,-5.91,32.65075712
1666803296.0566258,1548.47,1547.73,-3.51946825,-5.91,32.65075712
1666803306.3408844,1548.47,1547.73,-3.51946825,-5.91,32.65075712
1666803316.0883155,1549.89,1549.89,-3.18262392,-5.19,38.32102974
1666803326.138349,1549.89,1549.89,-3.18262392,-5.19,38.32102974
1666803336.0270722,1549.89,1549.89,-3.18262392,-5.19,38.32102974
1666803346.0572429,1549.89,1550.61,-3.12518802,-4.47,40.49846622
1666803356.1257174,1549.89,1550.61,-3.12518802,-4.47,40.49846622
1666803365.9960318,1549.89,1550.61,-3.12518802,-4.47,40.49846622
1666803376.088583,1550.44,1550.44,-2.94031076,-4.78,40.00061219
1666803386.16218,1550.44,1550.44,-2.94031076,-4.78,40.00061219
1666803396.0516696,1550.44,1550.44,-2.94031076,-4.78,40.00061219
1666803406.1121447,1550.44,1549.02,-3.05358711,-6.2,37.17614337
1666803416.1467772,1550.44,1549.02,-3.05358711,-6.2,37.17614337
1666803426.0004764,1550.44,1549.02,-3.05358711,-6.2,37.17614337
1666803436.4530582,1547.82,1547.82,-3.12046,-5.52,35.08839364
1666803446.526246,1547.82,1547.82,-3.12046,-5.52,35.08839364
1666803456.5370188,1547.82,1547.82,-3.12046,-5.52,35.08839364
1666803466.5465534,1547.82,1545.83,-3.27920644,-7.51,31.89190762
1666803476.4989126,1547.82,1545.83,-3.27920644,-7.51,31.89190762
1666803486.776279,1547.82,1545.83,-3.27920644,-7.51,31.89190762
1666803496.526008,1544.83,1544.83,-3.48620784,-3.64,30.51526777
1666803506.5650692,1544.83,1544.83,-3.48620784,-3.64,30.51526777
1666803516.6290045,1544.83,1544.83,-3.48620784,-3.64,30.51526777
1666803526.479518,1544.83,1544.99,-3.47344431,-3.48,31.03497133
1666803536.5069122,1544.83,1544.99,-3.47344431,-3.48,31.03497133
1666803546.5802095,1544.83,1544.99,-3.47344431,-3.48,31.03497133
1666803556.5290198,1544.87,1544.87,-3.53926467,-2.64,30.66299839
1666803566.525041,1544.87,1544.87,-3.53926467,-2.64,30.66299839
1666803576.53497,1544.87,1544.87,-3.53926467,-2.64,30.66299839
1666803586.525841,1544.87,1546.3,-3.42519059,-1.21,35.32570025
1666803596.4884348,1544.87,1546.3,-3.42519059,-1.21,35.32570025
1666803606.5437582,1544.87,1546.3,-3.42519059,-1.21,35.32570025
1666803616.928405,1547.35,1547.35,-3.19243001,1.13,38.38933893
1666803626.9093366,1547.35,1547.35,-3.19243001,1.13,38.38933893
1666803637.101938,1547.35,1547.35,-3.19243001,1.13,38.38933893
1666803646.889793,1547.35,1543.71,-3.48280038,-2.51,32.63960616
1666803656.9104934,1547.35,1543.71,-3.48280038,-2.51,32.63960616
1666803666.9404044,1547.35,1543.71,-3.48280038,-2.51,32.63960616
1666803676.9869723,1544.06,1544.06,-3.5044029,-4.55,33.11546596
1666803687.1205046,1544.06,1544.06,-3.5044029,-4.55,33.11546596
1666803696.936332,1544.06,1544.06,-3.5044029,-4.55,33.11546596
1666803706.9795415,1544.06,1541.83,-3.68229464,-6.78,30.09795953
1666803716.984428,1544.06,1541.83,-3.68229464,-6.78,30.09795953
1666803726.966328,1544.06,1541.83,-3.68229464,-6.78,30.09795953
1666803736.902423,1543.88,1543.88,-3.5293368,-4.53,32.8496327
1666803746.990172,1543.88,1543.88,-3.5293368,-4.53,32.8496327
1666803756.9838226,1543.88,1543.88,-3.5293368,-4.53,32.8496327
1666803767.1488097,1543.88,1545.03,-3.43759891,-3.38,36.36433883
1666803776.969065,1543.88,1545.03,-3.43759891,-3.38,36.36433883
1666803786.906201,1543.88,1545.03,-3.43759891,-3.38,36.36433883
1666803797.4589975,1545.48,1545.48,-3.27122166,-2.98,37.64151515
1666803807.357988,1545.48,1545.48,-3.27122166,-2.98,37.64151515
1666803817.463334,1545.48,1545.48,-3.27122166,-2.98,37.64151515
1666803827.472629,1545.48,1546.67,-3.17629289,-1.79,41.0130332
1666803837.4463007,1545.48,1546.67,-3.17629289,-1.79,41.0130332
1666803847.472266,1545.48,1546.67,-3.17629289,-1.79,41.0130332
1666803857.592582,1547.55,1547.55,-2.83847875,-2.34,43.28519912
1666803867.6063087,1547.55,1547.55,-2.83847875,-2.34,43.28519912
1666803877.6296563,1547.55,1547.55,-2.83847875,-2.34,43.28519912
1666803887.4601536,1547.55,1547.11,-2.87357846,-2.78,42.40809856
1666803897.4864645,1547.55,1547.11,-2.87357846,-2.78,42.40809856
1666803907.4367256,1547.55,1547.11,-2.87357846,-2.78,42.40809856
1666803917.3883808,1547.95,1547.95,-2.54115767,-2.48,44.32862289
1666803927.4622874,1547.95,1547.95,-2.54115767,-2.48,44.32862289
1666803937.4491718,1547.95,1547.95,-2.54115767,-2.48,44.32862289
1666803947.4492395,1547.95,1548.91,-2.46457648,-1.52,46.86536978
1666803957.4573164,1547.95,1548.91,-2.46457648,-1.52,46.86536978
1666803967.5054169,1547.95,1548.91,-2.46457648,-1.52,46.86536978
1666803978.240746,1548.17,1548.17,-2.27252981,0.34,44.93112302
1666803988.2767525,1548.17,1548.17,-2.27252981,0.34,44.93112302
1666803998.8696916,1548.17,1548.17,-2.27252981,0.34,44.93112302
1666804008.246228,1548.17,1551.92,-1.97338451,4.09,54.05810778
1666804018.2903578,1548.17,1551.92,-1.97338451,4.09,54.05810778
1666804028.2994962,1548.17,1551.92,-1.97338451,4.09,54.05810778
1666804038.2317233,1550.11,1550.11,-1.77567526,5.29,50.06337634
1666804048.349947,1550.11,1550.11,-1.77567526,5.29,50.06337634
1666804058.414145,1550.11,1550.11,-1.77567526,5.29,50.06337634
1666804068.406803,1550.11,1548.54,-1.90091743,3.72,46.30250114
1666804078.304193,1550.11,1548.54,-1.90091743,3.72,46.30250114
1666804088.288519,1550.11,1548.54,-1.90091743,3.72,46.30250114
1666804098.3405015,1549.21,1549.21,-1.6146414,4.33,47.83605595
1666804108.3025308,1549.21,1549.21,-1.6146414,4.33,47.83605595
1666804118.2961729,1549.21,1549.21,-1.6146414,4.33,47.83605595
1666804128.383815,1549.21,1548.28,-1.68882943,3.4,45.5794449
1666804138.3553154,1549.21,1548.28,-1.68882943,3.4,45.5794449
1666804148.335215,1549.21,1548.28,-1.68882943,3.4,45.5794449
1666804158.74973,1547.3,1547.3,-1.68444351,-0.06,43.42943715
1666804168.785117,1547.3,1547.3,-1.68444351,-0.06,43.42943715
1666804178.7467878,1547.3,1547.3,-1.68444351,-0.06,43.42943715
1666804188.8125813,1547.3,1548.74,-1.56957171,1.38,47.36945698
1666804198.6833923,1547.3,1548.74,-1.56957171,1.38,47.36945698
1666804208.821974,1547.3,1548.74,-1.56957171,1.38,47.36945698
1666804218.7696133,1548.41,1548.41,-1.44364035,4.34,46.51781915
1666804228.7561803,1548.41,1548.41,-1.44364035,4.34,46.51781915
1666804238.7764938,1548.41,1548.41,-1.44364035,4.34,46.51781915
1666804248.7799437,1548.41,1548.87,-1.40694519,4.8,47.7890396
1666804258.7699149,1548.41,1548.87,-1.40694519,4.8,47.7890396
1666804268.8905077,1548.41,1548.87,-1.40694519,4.8,47.7890396
1666804278.8478851,1549.54,1549.54,-1.14691909,5.66,49.53466811
1666804288.8224432,1549.54,1549.54,-1.14691909,5.66,49.53466811
1666804298.7974854,1549.54,1549.54,-1.14691909,5.66,49.53466811
1666804308.791553,1549.54,1553.2,-0.85495327,9.32,57.83477507
1666804318.8590646,1549.54,1553.2,-0.85495327,9.32,57.83477507
1666804328.737164,1549.54,1553.2,-0.85495327,9.32,57.83477507
1666804339.6089523,1553.18,1553.18,-0.45868073,7.7,57.7983032
1666804349.3385377,1553.18,1553.18,-0.45868073,7.7,57.7983032
1666804359.3128994,1553.18,1553.18,-0.45868073,7.7,57.7983032
1666804369.357336,1553.18,1552.56,-0.50813942,7.08,56.11887303
1666804379.3509274,1553.18,1552.56,-0.50813942,7.08,56.11887303
1666804389.3364096,1553.18,1552.56,-0.50813942,7.08,56.11887303
1666804399.336799,1551.6,1551.6,-0.3638455,4.04,53.69076409
1666804409.308914,1551.6,1551.6,-0.3638455,4.04,53.69076409
1666804419.2824705,1551.6,1551.6,-0.3638455,4.04,53.69076409
1666804429.312146,1551.6,1552.5,-0.29205062,4.94,55.63278135
1666804439.41626,1551.6,1552.5,-0.29205062,4.94,55.63278135
1666804449.3237178,1551.6,1552.5,-0.29205062,4.94,55.63278135
1666804459.3844578,1554.85,1554.85,0.27215429,6.91,60.00451145
1666804469.3812606,1554.85,1554.85,0.27215429,6.91,60.00451145
1666804479.4000046,1554.85,1554.85,0.27215429,6.91,60.00451145
1666804489.3892815,1554.85,1554.72,0.26178392,6.78,59.65432988
1666804499.3731449,1554.85,1554.72,0.26178392,6.78,59.65432988
1666804509.382517,1554.85,1554.72,0.26178392,6.78,59.65432988
1666804519.9796624,1555.73,1555.73,0.68800298,7.56,61.53434177
1666804529.9869952,1555.73,1555.73,0.68800298,7.56,61.53434177
1666804539.9999974,1555.73,1555.73,0.68800298,7.56,61.53434177
1666804549.9844794,1555.73,1553.58,0.51649301,5.41,55.91725204
1666804560.0282896,1555.73,1553.58,0.51649301,5.41,55.91725204
1666804570.0306587,1555.73,1553.58,0.51649301,5.41,55.91725204
1666804579.9995103,1554.15,1554.15,0.72762668,4.04,57.30160649
1666804590.1928732,1554.15,1554.15,0.72762668,4.04,57.30160649
1666804600.0465865,1554.15,1554.15,0.72762668,4.04,57.30160649
1666804610.1818454,1554.15,1555.56,0.84010531,5.45,59.95001404
1666804620.0646763,1554.15,1555.56,0.84010531,5.45,59.95001404
1666804630.067829,1554.15,1555.56,0.84010531,5.45,59.95001404
1666804640.0168142,1555.26,1555.26,1.0072813,6.05,59.4039844
1666804650.0245829,1555.26,1555.26,1.0072813,6.05,59.4039844
1666804659.985492,1555.26,1555.26,1.0072813,6.05,59.4039844
1666804670.038483,1555.26,1554.32,0.93229555,5.11,56.84128184
1666804680.1703577,1555.26,1554.32,0.93229555,5.11,56.84128184
1666804690.09253,1555.26,1554.32,0.93229555,5.11,56.84128184
1666804700.5081422,1553.91,1553.91,0.95406615,6.62,55.79148193
1666804710.4308147,1553.91,1553.91,0.95406615,6.62,55.79148193
1666804720.5225573,1553.91,1553.91,0.95406615,6.62,55.79148193
1666804730.618209,1553.91,1553.26,0.9022143,5.97,54.0860206
1666804740.6823435,1553.91,1553.26,0.9022143,5.97,54.0860206
1666804750.545787,1553.01,1553.01,0.85926479,4.61,53.45560332
1666804760.495356,1553.01,1553.01,0.85926479,4.61,53.45560332
1666804770.6018028,1553.01,1553.01,0.85926479,4.61,53.45560332
1666804780.564499,1553.01,1553.01,0.85926479,4.61,53.45560332
1666804790.4825864,1553.01,1552.53,0.82097419,4.13,52.20137475
1666804800.5399475,1553.01,1552.53,0.82097419,4.13,52.20137475
1666804810.6194615,1552.92,1552.92,0.81748406,3.37,53.21445494
1666804820.5604317,1552.92,1552.92,0.81748406,3.37,53.21445494
1666804830.5848274,1552.92,1552.92,0.81748406,3.37,53.21445494
1666804840.572889,1552.92,1554.14,0.91480599,4.59,56.08652159
1666804850.612585,1552.92,1554.14,0.91480599,4.59,56.08652159
1666804860.6746123,1552.92,1554.14,0.91480599,4.59,56.08652159
1666804870.5581362,1552.23,1552.23,0.68414363,-0.94,51.31762182
1666804880.9835076,1552.23,1552.23,0.68414363,-0.94,51.31762182
1666804891.059727,1552.23,1552.23,0.68414363,-0.94,51.31762182
1666804901.0649118,1552.23,1550.82,0.571665,-2.35,47.57884793
1666804911.2475207,1552.23,1550.82,0.571665,-2.35,47.57884793
1666804921.009796,1552.23,1550.82,0.571665,-2.35,47.57884793
1666804931.215454,1550.34,1550.34,0.34721178,-1.27,46.43303606
1666804941.015552,1550.34,1550.34,0.34721178,-1.27,46.43303606
1666804951.0704002,1550.34,1550.34,0.34721178,-1.27,46.43303606
1666804961.0671575,1550.34,1550.34,0.34721178,-1.27,46.43303606
1666804971.078559,1550.34,1550.69,0.375132,-0.92,47.43103764
1666804981.0584831,1550.34,1550.69,0.375132,-0.92,47.43103764
1666804991.1325033,1550.34,1550.69,0.375132,-0.92,47.43103764
1666805001.0805466,1550.77,1550.77,0.25942781,-4.08,47.65449648
1666805011.088123,1550.77,1550.77,0.25942781,-4.08,47.65449648
1666805021.0805898,1550.77,1549.96,0.19481242,-4.89,45.55068226
1666805031.1543636,1550.77,1549.96,0.19481242,-4.89,45.55068226
1666805041.039125,1550.77,1549.96,0.19481242,-4.89,45.55068226
1666805051.0547066,1549.4,1549.4,-0.03285573,-6.32,44.19978352
1666805061.5400033,1549.4,1549.4,-0.03285573,-6.32,44.19978352
1666805071.5799527,1549.4,1549.4,-0.03285573,-6.32,44.19978352
1666805081.6322837,1549.4,1548.31,-0.1198073,-7.41,41.61622893
1666805091.65757,1549.4,1548.31,-0.1198073,-7.41,41.61622893
1666805101.6577518,1549.4,1548.31,-0.1198073,-7.41,41.61622893
1666805111.6708407,1548.39,1548.39,-0.31863928,-5.75,41.79380186
1666805121.5376492,1548.39,1548.39,-0.31863928,-5.75,41.79380186
1666805131.710327,1548.39,1548.39,-0.31863928,-5.75,41.79380186
1666805141.8656826,1548.39,1547.0,-0.42952247,-7.14,38.67591576
1666805151.6392682,1548.39,1547.0,-0.42952247,-7.14,38.67591576
1666805161.6066391,1548.39,1547.0,-0.42952247,-7.14,38.67591576
1666805171.7004776,1548.39,1547.0,-0.42952247,-7.14,38.67591576
1666805181.7018783,1547.03,1547.03,-0.66681834,-8.24,38.73348351
1666805191.6836295,1547.03,1547.03,-0.66681834,-8.24,38.73348351
1666805201.6735797,1547.03,1547.23,-0.65086392,-8.04,39.39824625
1666805211.9626796,1547.03,1547.23,-0.65086392,-8.04,39.39824625
1666805221.6884956,1547.03,1547.23,-0.65086392,-8.04,39.39824625
1666805231.6721492,1547.3,1547.3,-0.81071693,-6.61,39.64085143
1666805242.0855942,1547.3,1547.3,-0.81071693,-6.61,39.64085143
1666805252.2316358,1547.3,1547.3,-0.81071693,-6.61,39.64085143
1666805262.3792222,1547.3,1547.14,-0.82348046,-6.77,39.25403421
1666805272.1661758,1547.3,1547.14,-0.82348046,-6.77,39.25403421
1666805282.072524,1547.3,1547.14,-0.82348046,-6.77,39.25403421
1666805292.1321385,1547.05,1547.05,-0.96643454,-5.97,39.03974892
1666805302.1787026,1547.05,1547.05,-0.96643454,-5.97,39.03974892
1666805312.280674,1547.05,1547.05,-0.96643454,-5.97,39.03974892
1666805322.184064,1547.05,1548.32,-0.86512399,-4.7,43.70945372
1666805332.156892,1547.05,1548.32,-0.86512399,-4.7,43.70945372
1666805342.2562084,1547.05,1548.32,-0.86512399,-4.7,43.70945372
1666805352.4596243,1549.85,1549.85,-0.66536626,-3.06,48.46496004
1666805362.2075946,1549.85,1549.85,-0.66536626,-3.06,48.46496004
1666805372.1710358,1549.85,1549.85,-0.66536626,-3.06,48.46496004
1666805382.2567184,1549.85,1548.57,-0.76747453,-4.34,45.0404194
1666805392.2266412,1549.85,1548.57,-0.76747453,-4.34,45.0404194
1666805402.1827967,1549.85,1548.57,-0.76747453,-4.34,45.0404194
1666805412.181187,1548.59,1548.59,-0.77626026,-3.64,45.09795399
1666805422.691017,1548.59,1548.59,-0.77626026,-3.64,45.09795399
1666805432.636839,1548.59,1548.59,-0.77626026,-3.64,45.09795399
1666805442.6286657,1548.59,1548.42,-0.78982151,-3.81,44.64044507
1666805452.6253233,1548.59,1548.42,-0.78982151,-3.81,44.64044507
1666805462.630587,1548.59,1548.42,-0.78982151,-3.81,44.64044507
1666805472.6477172,1547.56,1547.56,-0.92114166,-2.77,42.49838514
1666805482.6564,1547.56,1547.56,-0.92114166,-2.77,42.49838514
1666805492.6498213,1547.56,1547.56,-0.92114166,-2.77,42.49838514
1666805502.6591358,1547.56,1547.0,-0.96581402,-3.33,41.09926441
1666805512.6484706,1547.56,1547.0,-0.96581402,-3.33,41.09926441
1666805522.5596943,1547.56,1547.0,-0.96581402,-3.33,41.09926441
1666805532.5311277,1547.56,1547.0,-0.96581402,-3.33,41.09926441
1666805542.6068716,1545.88,1545.88,-1.19602899,-4.9,38.57362067
1666805552.724527,1545.88,1545.88,-1.19602899,-4.9,38.57362067
1666805562.6106586,1545.88,1544.3,-1.32206888,-6.48,35.28195128
1666805572.626329,1545.88,1544.3,-1.32206888,-6.48,35.28195128
1666805582.6063085,1545.88,1544.3,-1.32206888,-6.48,35.28195128
1666805592.6403036,1544.11,1544.11,-1.54298815,-5.3,34.92213744
1666805603.1640449,1544.11,1544.11,-1.54298815,-5.3,34.92213744
1666805613.1677628,1544.11,1544.11,-1.54298815,-5.3,34.92213744
1666805623.36949,1544.11,1545.46,-1.43529584,-3.95,39.60416026
1666805633.1936567,1544.11,1545.46,-1.43529584,-3.95,39.60416026
1666805643.6668398,1544.11,1545.46,-1.43529584,-3.95,39.60416026
1666805653.3496015,1546.96,1546.96,-1.28497204,-1.44,44.09114169
1666805663.3800375,1546.96,1546.96,-1.28497204,-1.44,44.09114169
1666805673.3608072,1546.96,1546.96,-1.28497204,-1.44,44.09114169
1666805683.4914804,1546.96,1546.13,-1.35118286,-2.27,42.21490533
1666805693.2906003,1546.96,1546.13,-1.35118286,-2.27,42.21490533
1666805703.4301054,1546.96,1546.13,-1.35118286,-2.27,42.21490533
1666805713.5555902,1546.12,1546.12,-1.36442216,-0.94,42.19334269
1666805723.635885,1546.12,1546.12,-1.36442216,-0.94,42.19334269
1666805733.441467,1546.12,1546.12,-1.36442216,-0.94,42.19334269
1666805743.283852,1546.12,1547.99,-1.21524837,0.93,47.58495081
1666805753.2842402,1546.12,1547.99,-1.21524837,0.93,47.58495081
1666805763.323312,1546.12,1547.99,-1.21524837,0.93,47.58495081
1666805773.3284802,1546.12,1547.99,-1.21524837,0.93,47.58495081
1666805783.8389351,1547.91,1547.91,-1.105582,0.61,47.37496923
1666805793.9242165,1547.91,1547.91,-1.105582,0.61,47.37496923
1666805803.8850155,1547.91,1548.9,-1.02660764,1.6,50.04218723
1666805813.8454323,1547.91,1548.9,-1.02660764,1.6,50.04218723
1666805824.0897183,1547.91,1548.9,-1.02660764,1.6,50.04218723
1666805833.821742,1550.24,1550.24,-0.67207137,3.19,53.24429582
1666805843.7985244,1550.24,1550.24,-0.67207137,3.19,53.24429582
1666805853.7622898,1550.24,1550.24,-0.67207137,3.19,53.24429582
1666805863.9294424,1550.24,1550.94,-0.61623092,3.89,54.87734643
1666805873.8138912,1550.24,1550.94,-0.61623092,3.89,54.87734643
1666805883.893904,1550.24,1550.94,-0.61623092,3.89,54.87734643
1666805893.7930727,1550.91,1550.91,-0.37691921,1.05,54.81156938
1666805903.7752976,1550.91,1550.91,-0.37691921,1.05,54.81156938
1666805913.8259594,1550.91,1550.91,-0.37691921,1.05,54.81156938
1666805923.8500123,1550.91,1550.68,-0.39526679,0.82,54.14717538
1666805933.7826977,1550.91,1550.68,-0.39526679,0.82,54.14717538
1666805943.792497,1550.91,1550.68,-0.39526679,0.82,54.14717538
1666805953.7718627,1549.66,1549.66,-0.35994794,1.08,51.36528764
1666805964.2199483,1549.66,1549.66,-0.35994794,1.08,51.36528764
1666805974.1734226,1549.66,1549.66,-0.35994794,1.08,51.36528764
1666805984.3166585,1549.66,1551.75,-0.19322429,3.17,56.31369255
1666805994.2743194,1549.66,1551.75,-0.19322429,3.17,56.31369255
1666806004.2813745,1549.66,1551.75,-0.19322429,3.17,56.31369255
1666806014.271609,1551.06,1551.06,-0.06589255,3.51,54.79522327
1666806024.305074,1551.06,1551.06,-0.06589255,3.51,54.79522327
1666806034.3891137,1551.06,1551.06,-0.06589255,3.51,54.79522327
1666806044.3011072,1551.06,1550.64,-0.09939682,3.09,53.57453721
1666806054.2977452,1551.06,1550.64,-0.09939682,3.09,53.57453721
1666806064.209717,1551.06,1550.64,-0.09939682,3.09,53.57453721
1666806074.2809894,1552.39,1552.39,0.26637237,6.5,57.82716856
1666806084.3463204,1552.39,1552.39,0.26637237,6.5,57.82716856
1666806094.269848,1552.39,1552.39,0.26637237,6.5,57.82716856
1666806104.19758,1552.39,1552.84,0.3022698,6.95,58.84490015
1666806114.383092,1552.39,1552.84,0.3022698,6.95,58.84490015
1666806124.3406727,1552.39,1552.84,0.3022698,6.95,58.84490015
1666806134.2085445,1553.68,1553.68,0.6228825,9.56,60.59185451
1666806144.8124464,1553.68,1553.68,0.6228825,9.56,60.59185451
1666806154.7274034,1553.68,1553.68,0.6228825,9.56,60.59185451
1666806164.6839728,1553.68,1552.6,0.53672865,8.48,57.20776383
1666806174.6675332,1553.68,1552.6,0.53672865,8.48,57.20776383
1666806184.656232,1553.68,1552.6,0.53672865,8.48,57.20776383
1666806194.7151632,1552.62,1552.62,0.66400759,5.67,57.26699337
1666806204.6575646,1552.62,1552.62,0.66400759,5.67,57.26699337
1666806214.7328532,1552.62,1552.62,0.66400759,5.67,57.26699337
1666806224.696779,1552.62,1551.83,0.60098765,4.88,54.85124516
1666806234.7320294,1552.62,1551.83,0.60098765,4.88,54.85124516
1666806244.7469802,1552.62,1551.83,0.60098765,4.88,54.85124516
1666806254.8081844,1552.42,1552.42,0.72725394,6.3,56.63311536
1666806264.7007575,1552.42,1552.42,0.72725394,6.3,56.63311536
1666806274.752814,1552.42,1552.42,0.72725394,6.3,56.63311536
1666806284.68473,1552.42,1552.88,0.7639491,6.76,57.79505499
1666806294.6890545,1552.42,1552.88,0.7639491,6.76,57.79505499
1666806304.7297108,1552.42,1552.88,0.7639491,6.76,57.79505499
1666806314.7659523,1552.9,1552.9,0.84824703,4.99,57.84383928
1666806325.371574,1552.9,1552.9,0.84824703,4.99,57.84383928
1666806335.450165,1552.9,1552.9,0.84824703,4.99,57.84383928
1666806345.4224408,1552.9,1552.18,0.79081113,4.27,55.36286427
1666806355.411404,1552.9,1552.18,0.79081113,4.27,55.36286427
1666806365.4492552,1552.9,1552.18,0.79081113,4.27,55.36286427
1666806375.45743,1551.3,1551.3,0.67719581,1.05,52.60518348
1666806385.4012666,1551.3,1551.3,0.67719581,1.05,52.60518348
1666806395.456953,1551.3,1551.3,0.67719581,1.05,52.60518348
1666806405.388688,1551.3,1551.84,0.72027273,1.59,54.1155648
1666806415.4622352,1551.3,1551.84,0.72027273,1.59,54.1155648
1666806425.3514056,1551.3,1551.84,0.72027273,1.59,54.1155648
1666806435.4044547,1552.0,1552.0,0.73380102,1.1,54.54681494
1666806445.5736675,1552.0,1552.0,0.73380102,1.1,54.54681494
1666806455.6017785,1552.0,1552.0,0.73380102,1.1,54.54681494
1666806465.3318028,1552.0,1551.99,0.7330033,1.09,54.51818085
1666806475.2896776,1552.0,1551.99,0.7330033,1.09,54.51818085
1666806485.2869115,1552.0,1551.99,0.7330033,1.09,54.51818085
1666806495.4208004,1552.63,1552.63,0.81572114,2.98,56.28084999
1666806505.6764455,1552.63,1552.63,0.81572114,2.98,56.28084999
1666806515.7920558,1552.63,1552.63,0.81572114,2.98,56.28084999
1666806525.7221904,1552.63,1551.86,0.75429664,2.21,53.5898662
1666806535.6903243,1552.63,1551.86,0.75429664,2.21,53.5898662
1666806545.7159903,1552.63,1551.86,0.75429664,2.21,53.5898662
1666806555.855016,1552.47,1552.47,0.80861493,1.41,55.69967048
1666806565.7296314,1552.47,1552.47,0.80861493,1.41,55.69967048
1666806575.8010106,1552.47,1552.47,0.80861493,1.41,55.69967048
1666806585.6759522,1552.47,1552.48,0.80941265,1.42,55.73043992
1666806595.6999164,1552.47,1552.48,0.80941265,1.42,55.73043992
1666806605.673795,1552.47,1552.48,0.80941265,1.42,55.73043992
1666806615.677265,1550.9,1550.9,0.58189321,-1.5,50.21958745
1666806625.687565,1550.9,1550.9,0.58189321,-1.5,50.21958745
1666806635.665727,1550.9,1550.9,0.58189321,-1.5,50.21958745
1666806645.8307967,1550.9,1554.66,0.88183623,2.26,60.29481036
1666806655.7812583,1550.9,1554.66,0.88183623,2.26,60.29481036
1666806665.890247,1550.9,1554.66,0.88183623,2.26,60.29481036
1666806675.7328572,1554.51,1554.51,1.00545785,0.82,59.97328394
1666806686.3073215,1554.51,1554.51,1.00545785,0.82,59.97328394
1666806696.3266213,1554.51,1554.51,1.00545785,0.82,59.97328394
1666806706.3929312,1554.51,1556.35,1.15223848,2.66,63.85934434
1666806716.2995594,1554.51,1556.35,1.15223848,2.66,63.85934434
1666806726.389567,1554.51,1556.35,1.15223848,2.66,63.85934434
1666806736.5538096,1555.91,1555.91,1.2987616,3.29,63.00034645
1666806746.330381,1555.91,1555.91,1.2987616,3.29,63.00034645
1666806756.4893386,1555.91,1555.91,1.2987616,3.29,63.00034645
1666806766.4258325,1555.91,1557.31,1.41044251,4.69,65.78678814
1666806776.4883814,1555.91,1557.31,1.41044251,4.69,65.78678814
1666806786.333315,1555.91,1557.31,1.41044251,4.69,65.78678814
1666806796.344048,1558.04,1558.04,1.72736009,5.61,67.07953385
1666806806.293623,1558.04,1558.04,1.72736009,5.61,67.07953385
1666806816.4211488,1558.04,1558.04,1.72736009,5.61,67.07953385
1666806826.4251828,1558.04,1557.95,1.7201806,5.52,66.74469154
1666806836.4488275,1558.04,1557.95,1.7201806,5.52,66.74469154
1666806846.4377997,1558.04,1557.95,1.7201806,5.52,66.74469154
1666806856.4116514,1560.33,1560.33,2.23406779,7.43,70.8060988
1666806867.3261602,1560.33,1560.33,2.23406779,7.43,70.8060988
1666806877.0020506,1560.33,1560.33,2.23406779,7.43,70.8060988
1666806887.0768957,1560.33,1562.87,2.43668887,9.97,74.28337797
1666806897.1123564,1560.33,1562.87,2.43668887,9.97,74.28337797
1666806907.003481,1560.33,1562.87,2.43668887,9.97,74.28337797
1666806917.051559,1561.23,1561.23,2.59031985,9.93,72.11556809
1666806927.0868027,1561.23,1561.23,2.59031985,9.93,72.11556809
1666806937.6003745,1561.23,1561.23,2.59031985,9.93,72.11556809
1666806947.1011314,1561.23,1559.7,2.46826857,8.4,66.5508957
1666806957.165789,1561.23,1559.7,2.46826857,8.4,66.5508957
1666806967.057467,1561.23,1559.7,2.46826857,8.4,66.5508957
1666806977.2257507,1559.22,1559.22,2.49951816,7.23,64.97544412
1666806987.0994763,1559.22,1559.22,2.49951816,7.23,64.97544412
1666806997.0772486,1559.22,1559.22,2.49951816,7.23,64.97544412
1666807007.133006,1559.22,1557.46,2.3591193,5.47,59.42905111
1666807017.1085267,1559.22,1557.46,2.3591193,5.47,59.42905111
1666807027.147093,1559.22,1557.46,2.3591193,5.47,59.42905111
1666807037.2490678,1556.76,1556.76,2.17775586,4.13,57.47557953
1666807047.8079257,1556.76,1556.76,2.17775586,4.13,57.47557953
1666807057.6510608,1556.76,1556.76,2.17775586,4.13,57.47557953
1666807067.6888216,1556.76,1558.51,2.317357,5.88,60.93960081
1666807077.6385665,1556.76,1558.51,2.317357,5.88,60.93960081
1666807087.740511,1556.76,1558.51,2.317357,5.88,60.93960081
1666807098.2710583,1559.39,1559.39,2.42513636,6.92,62.47497951
1666807107.6743186,1559.39,1559.39,2.42513636,6.92,62.47497951
1666807117.722468,1559.39,1559.39,2.42513636,6.92,62.47497951
1666807127.6629508,1559.39,1560.4,2.50570616,7.93,64.21221074
1666807137.7160554,1559.39,1560.4,2.50570616,7.93,64.21221074
1666807148.3221471,1559.39,1560.4,2.50570616,7.93,64.21221074
1666807157.6925862,1562.46,1562.46,2.86155028,11.56,67.29988721
1666807167.7279513,1562.46,1562.46,2.86155028,11.56,67.29988721
1666807177.653016,1562.46,1562.46,2.86155028,11.56,67.29988721
1666807187.7062318,1562.46,1562.89,2.89585228,11.99,67.92202949
1666807197.7457905,1562.46,1562.89,2.89585228,11.99,67.92202949
1666807207.6801343,1562.46,1562.89,2.89585228,11.99,67.92202949
1666807217.713666,1562.14,1562.14,2.93436623,7.64,66.34008204
1666807228.2470765,1562.14,1562.14,2.93436623,7.64,66.34008204
1666807238.324904,1562.14,1562.14,2.93436623,7.64,66.34008204
1666807248.254006,1562.14,1561.11,2.85220098,6.61,63.22214609
1666807258.9420922,1562.14,1561.11,2.85220098,6.61,63.22214609
1666807268.2415109,1562.14,1561.11,2.85220098,6.61,63.22214609
1666807278.3852098,1563.05,1563.05,3.1066063,7.14,67.7430686
1666807288.511443,1563.05,1563.05,3.1066063,7.14,67.7430686
1666807298.3406715,1563.05,1563.05,3.1066063,7.14,67.7430686
1666807308.3021126,1563.05,1563.72,3.16005359,7.81,68.7946678
1666807318.300107,1563.05,1563.72,3.16005359,7.81,68.7946678
1666807328.3683105,1563.05,1563.72,3.16005359,7.81,68.7946678
1666807338.4121275,1563.84,1563.84,3.25971023,5.8,68.97404237
1666807348.2874858,1563.84,1563.84,3.25971023,5.8,68.97404237
1666807358.3580067,1563.84,1563.84,3.25971023,5.8,68.97404237
1666807368.5860076,1563.84,1563.39,3.22381279,5.35,67.43642639
1666807378.3003328,1563.84,1563.39,3.22381279,5.35,67.43642639
1666807388.3474867,1563.84,1563.39,3.22381279,5.35,67.43642639
1666807398.7219398,1571.02,1571.02,4.30874882,10.69,77.32072736
1666807408.7863033,1571.02,1571.02,4.30874882,10.69,77.32072736
1666807419.6136346,1571.02,1571.02,4.30874882,10.69,77.32072736
1666807428.7395434,1571.02,1569.28,4.1699454,8.95,72.24818964
1666807439.0412762,1571.02,1569.28,4.1699454,8.95,72.24818964
1666807448.7838786,1571.02,1569.28,4.1699454,8.95,72.24818964
1666807458.858675,1568.85,1568.85,4.32542374,7.61,71.08073938
1666807468.773949,1568.85,1568.85,4.32542374,7.61,71.08073938
1666807479.0028498,1568.85,1568.85,4.32542374,7.61,71.08073938
1666807488.7848656,1568.85,1567.66,4.23049497,6.42,67.87042788
1666807498.7667067,1568.85,1567.66,4.23049497,6.42,67.87042788
1666807508.7693536,1568.85,1567.66,4.23049497,6.42,67.87042788
1666807518.7528045,1568.99,1568.99,4.4452352,9.76,71.24148541
1666807528.8083868,1568.99,1568.99,4.4452352,9.76,71.24148541
1666807538.8046567,1568.99,1568.99,4.4452352,9.76,71.24148541
1666807548.7332163,1568.99,1567.83,4.35269959,8.6,67.87499413
1666807558.7851684,1568.99,1567.83,4.35269959,8.6,67.87499413
1666807568.808566,1568.99,1567.83,4.35269959,8.6,67.87499413
1666807579.3590057,1565.85,1565.85,4.03581849,9.08,62.80890366
1666807589.8958092,1565.85,1565.85,4.03581849,9.08,62.80890366
1666807599.599998,1565.85,1565.85,4.03581849,9.08,62.80890366
1666807609.6299386,1565.85,1567.4,4.15946521,10.63,65.01056853
1666807619.5512457,1565.85,1567.4,4.15946521,10.63,65.01056853
1666807629.7053149,1565.85,1567.4,4.15946521,10.63,65.01056853
1666807639.6305315,1568.17,1568.17,4.19265165,8.79,66.0111252
1666807649.7215936,1568.17,1568.17,4.19265165,8.79,66.0111252
1666807659.6747935,1568.17,1568.17,4.19265165,8.79,66.0111252
1666807669.6817746,1568.17,1569.6,4.30672572,10.22,67.84811841
1666807679.649578,1568.17,1569.6,4.30672572,10.22,67.84811841
1666807689.6689355,1568.17,1569.6,4.30672572,10.22,67.84811841
1666807699.6953828,1568.43,1568.43,4.16012754,5.97,66.36057678
1666807709.8175173,1568.43,1568.43,4.16012754,5.97,66.36057678
1666807719.7211175,1568.43,1568.43,4.16012754,5.97,66.36057678
1666807729.7165935,1568.43,1569.21,4.22234977,6.75,67.44204383
1666807740.169045,1568.43,1569.21,4.22234977,6.75,67.44204383
1666807749.6780202,1568.43,1569.21,4.22234977,6.75,67.44204383
1666807759.8110807,1569.82,1569.82,4.26686492,7.67,68.24152267
1666807770.8568633,1569.82,1569.82,4.26686492,7.67,68.24152267
1666807780.2789388,1569.82,1569.82,4.26686492,7.67,68.24152267
1666807790.3283532,1569.82,1569.01,4.20224954,6.86,65.9426829
1666807800.2473135,1569.82,1569.01,4.20224954,6.86,65.9426829
1666807810.2836828,1569.82,1569.01,4.20224954,6.86,65.9426829
1666807820.3238618,1568.08,1568.08,3.9696458,5.02,63.47145768
1666807830.369336,1568.08,1568.08,3.9696458,5.02,63.47145768
1666807840.2908232,1568.08,1568.08,3.9696458,5.02,63.47145768
1666807850.2975645,1568.08,1567.62,3.93295065,4.56,62.22923418
1666807860.268556,1568.08,1567.62,3.93295065,4.56,62.22923418
1666807870.493409,1567.34,1567.34,3.69568457,3.51,61.49662435
1666807880.3128912,1567.34,1567.34,3.69568457,3.51,61.49662435
1666807890.251894,1567.34,1567.34,3.69568457,3.51,61.49662435
1666807900.6710477,1567.34,1567.45,3.70445949,3.62,61.68745085
1666807910.2975128,1567.34,1567.45,3.70445949,3.62,61.68745085
1666807920.2819684,1567.34,1567.45,3.70445949,3.62,61.68745085
1666807930.3137057,1567.34,1567.45,3.70445949,3.62,61.68745085
1666807940.3527155,1567.92,1567.92,3.56716638,-3.1,62.48193541
1666807951.1396892,1567.92,1567.92,3.56716638,-3.1,62.48193541
1666807961.174956,1567.92,1567.92,3.56716638,-3.1,62.48193541
1666807971.1007593,1567.92,1568.8,3.63736581,-2.22,63.98772561
1666807981.128369,1567.92,1568.8,3.63736581,-2.22,63.98772561
1666807991.1907375,1567.25,1567.25,3.29486144,-1.59,60.55418757
1666808001.143876,1567.25,1567.25,3.29486144,-1.59,60.55418757
1666808011.0919173,1567.25,1567.25,3.29486144,-1.59,60.55418757
1666808021.2311192,1567.25,1567.28,3.29725461,-1.56,60.61278548
1666808031.0864897,1567.25,1567.28,3.29725461,-1.56,60.61278548
1666808041.1502218,1567.25,1567.28,3.29725461,-1.56,60.61278548
1666808051.0791163,1567.25,1567.28,3.29725461,-1.56,60.61278548
1666808061.1700225,1566.5,1566.5,2.98043754,-2.49,58.38058305
1666808071.2117217,1566.5,1566.5,2.98043754,-2.49,58.38058305
1666808081.082353,1566.5,1566.5,2.98043754,-2.49,58.38058305
1666808091.7713494,1566.5,1564.79,2.84402729,-4.2,53.65634514
1666808101.1996698,1566.5,1564.79,2.84402729,-4.2,53.65634514
1666808111.1936195,1564.74,1564.74,2.49696467,-1.11,53.52804378
1666808121.155197,1564.74,1564.74,2.49696467,-1.11,53.52804378
1666808131.959707,1564.74,1564.74,2.49696467,-1.11,53.52804378
1666808141.985285,1564.74,1563.06,2.36294758,-2.79,49.31889829
1666808151.929595,1564.74,1563.06,2.36294758,-2.79,49.31889829
1666808161.9388878,1564.74,1563.06,2.36294758,-2.79,49.31889829
1666808171.8918014,1563.21,1563.21,1.98405944,-4.95,49.66788679
1666808182.002368,1563.21,1563.21,1.98405944,-4.95,49.66788679
1666808191.8686,1563.21,1563.21,1.98405944,-4.95,49.66788679
1666808201.8555946,1563.21,1561.56,1.85243551,-6.6,45.82646916
1666808211.8985653,1563.21,1561.56,1.85243551,-6.6,45.82646916
1666808221.8793626,1563.21,1561.56,1.85243551,-6.6,45.82646916
1666808231.876532,1564.42,1564.42,1.82627308,-4.01,52.58271674
1666808241.8944569,1564.42,1564.42,1.82627308,-4.01,52.58271674
1666808252.1377256,1564.42,1564.42,1.82627308,-4.01,52.58271674
1666808261.9132257,1564.42,1563.62,1.76245542,-4.81,50.5003752
1666808272.028365,1564.42,1563.62,1.76245542,-4.81,50.5003752
1666808281.9835007,1564.42,1563.62,1.76245542,-4.81,50.5003752
1666808291.9822664,1563.79,1563.79,1.51777222,-6.02,50.92700028
1666808301.991881,1563.79,1563.79,1.51777222,-6.02,50.92700028
1666808312.365506,1563.79,1563.79,1.51777222,-6.02,50.92700028
1666808322.3476386,1563.79,1563.53,1.49703148,-6.28,50.22497905
1666808332.3711865,1563.79,1563.53,1.49703148,-6.28,50.22497905
1666808342.3109834,1563.79,1563.53,1.49703148,-6.28,50.22497905
1666808352.315231,1564.2,1564.2,1.35486511,-3.88,51.98935096
1666808362.3201945,1564.2,1564.2,1.35486511,-3.88,51.98935096
1666808372.5363605,1564.2,1564.2,1.35486511,-3.88,51.98935096
1666808382.273463,1564.2,1562.65,1.23121839,-5.43,47.7868095
1666808392.3098574,1564.2,1562.65,1.23121839,-5.43,47.7868095
1666808402.2833955,1564.2,1562.65,1.23121839,-5.43,47.7868095
1666808412.273685,1560.16,1560.16,0.61630293,-7.18,42.29066213
1666808422.2886918,1560.16,1560.16,0.61630293,-7.18,42.29066213
1666808432.3495092,1560.16,1560.16,0.61630293,-7.18,42.29066213
1666808442.907277,1560.16,1561.52,0.72479296,-5.82,45.94254146
1666808452.51671,1560.16,1561.52,0.72479296,-5.82,45.94254146
1666808462.4297807,1560.16,1561.52,0.72479296,-5.82,45.94254146
1666808472.4100957,1562.38,1562.38,0.59694754,-5.54,48.02650617
1666808482.7061317,1562.38,1562.38,0.59694754,-5.54,48.02650617
1666808492.757698,1562.38,1562.38,0.59694754,-5.54,48.02650617
1666808502.765857,1562.38,1562.42,0.60013842,-5.5,48.12476959
1666808512.7687633,1562.38,1562.42,0.60013842,-5.5,48.12476959
1666808522.825116,1561.17,1561.17,0.26517366,-6.08,45.37685322
1666808532.7379706,1562.38,1562.42,0.60013842,-5.5,48.12476959
1666808542.829871,1561.17,1561.17,0.26517366,-6.08,45.37685322
1666808552.8443527,1561.17,1561.17,0.26517366,-6.08,45.37685322
1666808562.8347063,1561.17,1561.76,0.31223919,-5.49,46.91087462
1666808572.9790294,1561.17,1561.76,0.31223919,-5.49,46.91087462
1666808583.0159943,1561.17,1561.76,0.31223919,-5.49,46.91087462
1666808593.049286,1563.13,1563.13,0.35490071,-3.38,50.16784495
1666808602.8239932,1563.13,1563.13,0.35490071,-3.38,50.16784495
1666808612.812546,1563.13,1563.13,0.35490071,-3.38,50.16784495
1666808622.883589,1563.13,1562.37,0.29427393,-4.14,48.39475479
1666808632.8353715,1563.13,1562.37,0.29427393,-4.14,48.39475479
1666808642.801946,1563.13,1562.37,0.29427393,-4.14,48.39475479
1666808652.8593986,1563.22,1563.22,0.31075385,-1.51,50.38348677
1666808662.811777,1563.22,1563.22,0.31075385,-1.51,50.38348677
1666808673.524876,1563.22,1563.22,0.31075385,-1.51,50.38348677
1666808683.6813955,1563.22,1562.89,0.28442907,-1.84,49.53764365
1666808693.4515216,1563.22,1562.89,0.28442907,-1.84,49.53764365
1666808703.4981017,1563.22,1562.89,0.28442907,-1.84,49.53764365
1666808713.563,1563.6,1563.6,0.32010139,0.39,51.34212667
1666808723.4561477,1563.6,1563.6,0.32010139,0.39,51.34212667
1666808733.4946716,1563.6,1563.6,0.32010139,0.39,51.34212667
1666808743.523524,1563.6,1564.15,0.36397604,0.94,52.76186253
1666808753.534227,1563.6,1564.15,0.36397604,0.94,52.76186253
1666808763.7551117,1563.6,1564.15,0.36397604,0.94,52.76186253
1666808773.5967357,1564.06,1564.06,0.36506311,-0.36,52.53718488
1666808783.5195887,1564.06,1564.06,0.36506311,-0.36,52.53718488
1666808793.5298865,1564.06,1564.06,0.36506311,-0.36,52.53718488
1666808803.7381265,1564.06,1564.72,0.41771269,0.3,54.26973115
1666808813.7329986,1564.06,1564.72,0.41771269,0.3,54.26973115
1666808823.5462198,1564.06,1564.72,0.41771269,0.3,54.26973115
1666808833.5464532,1563.94,1563.94,0.3504251,0.14,52.17986067
1666808843.651541,1563.94,1563.94,0.3504251,0.14,52.17986067
1666808854.2659216,1563.94,1563.94,0.3504251,0.14,52.17986067
1666808864.2666385,1563.94,1563.94,0.3504251,0.14,52.17986067
1666808874.4637208,1563.94,1561.7,0.17173564,-2.1,45.86709124
1666808884.2317996,1563.94,1561.7,0.17173564,-2.1,45.86709124
1666808894.217559,1560.26,1560.26,-0.17774182,-3.93,42.56578728
1666808904.3502796,1560.26,1560.26,-0.17774182,-3.93,42.56578728
1666808914.300224,1560.26,1560.26,-0.17774182,-3.93,42.56578728
1666808924.2662215,1560.26,1561.4,-0.08680164,-2.79,45.89229511
1666808934.2819312,1560.26,1561.4,-0.08680164,-2.79,45.89229511
1666808944.2679937,1560.26,1561.4,-0.08680164,-2.79,45.89229511
1666808954.3964431,1560.92,1560.92,-0.26559988,0.75,44.53980003
1666808964.3587909,1560.92,1560.92,-0.26559988,0.75,44.53980003
1666808974.3157513,1560.92,1560.92,-0.26559988,0.75,44.53980003
1666808984.418136,1560.92,1561.24,-0.24007282,1.07,45.5175474
1666808994.4855633,1560.92,1561.24,-0.24007282,1.07,45.5175474
1666809004.286479,1560.92,1561.24,-0.24007282,1.07,45.5175474
1666809014.3497906,1559.75,1559.75,-0.53805155,-2.64,41.79725569
1666809024.306471,1559.75,1559.75,-0.53805155,-2.64,41.79725569
1666809034.8325582,1559.75,1559.75,-0.53805155,-2.64,41.79725569
1666809044.868428,1559.75,1559.61,-0.54921964,-2.78,41.46821651
1666809054.8317404,1559.75,1559.61,-0.54921964,-2.78,41.46821651
1666809064.807922,1559.75,1559.61,-0.54921964,-2.78,41.46821651
1666809074.829672,1559.09,1559.09,-0.76555402,-2.09,40.29013887
1666809084.7873487,1559.09,1559.09,-0.76555402,-2.09,40.29013887
1666809094.8305552,1559.09,1559.09,-0.76555402,-2.09,40.29013887
1666809104.7842093,1559.09,1559.09,-0.76555402,-2.09,40.29013887
1666809114.7169638,1559.09,1557.8,-0.86846001,-3.38,37.44792128
1666809124.7615786,1559.09,1557.8,-0.86846001,-3.38,37.44792128
1666809134.7956762,1557.72,1557.72,-1.08810529,-5.42,37.30126157
1666809144.822644,1557.72,1557.72,-1.08810529,-5.42,37.30126157
1666809154.7584634,1557.72,1557.72,-1.08810529,-5.42,37.30126157
1666809164.8260036,1557.72,1557.51,-1.10485743,-5.63,36.83281395
1666809174.8303545,1557.72,1557.51,-1.10485743,-5.63,36.83281395
1666809184.7909737,1557.72,1557.51,-1.10485743,-5.63,36.83281395
1666809194.7736156,1558.64,1558.64,-1.11211355,-4.58,40.50694748
1666809204.7961662,1558.64,1558.64,-1.11211355,-4.58,40.50694748
1666809215.8695114,1558.64,1558.64,-1.11211355,-4.58,40.50694748
1666809225.9345667,1558.64,1558.45,-1.12727024,-4.77,40.05150715
1666809235.7853706,1558.64,1558.45,-1.12727024,-4.77,40.05150715
1666809245.8353722,1558.64,1558.45,-1.12727024,-4.77,40.05150715
1666809255.8424754,1558.7,1558.7,-1.16726756,-4.89,40.71982009
1666809266.0858133,1558.7,1558.7,-1.16726756,-4.89,40.71982009
1666809275.870119,1558.7,1558.7,-1.16726756,-4.89,40.71982009
1666809285.8845987,1558.7,1558.24,-1.20396272,-5.35,39.55138003
1666809295.815882,1558.7,1558.24,-1.20396272,-5.35,39.55138003
1666809305.821695,1558.7,1558.24,-1.20396272,-5.35,39.55138003
1666809315.8827384,1557.52,1557.52,-1.36835081,-6.53,37.86868745
1666809325.9169014,1557.52,1557.52,-1.36835081,-6.53,37.86868745
1666809335.8567076,1557.52,1557.52,-1.36835081,-6.53,37.86868745
1666809345.8858492,1557.52,1558.69,-1.27501748,-5.36,42.21024668
1666809355.9048972,1557.52,1558.69,-1.27501748,-5.36,42.21024668
1666809365.8259125,1557.52,1558.69,-1.27501748,-5.36,42.21024668
1666809375.8640776,1559.94,1559.94,-1.0938293,-3.99,46.22483575
1666809385.8526435,1559.94,1559.94,-1.0938293,-3.99,46.22483575
1666809396.854781,1559.94,1559.94,-1.0938293,-3.99,46.22483575
1666809407.0375078,1559.94,1560.96,-1.01246178,-2.97,49.31877783
1666809416.8404963,1559.94,1560.96,-1.01246178,-2.97,49.31877783
1666809426.8602548,1559.94,1560.96,-1.01246178,-2.97,49.31877783
1666809436.823711,1560.78,1560.78,-0.89940325,0.53,48.80116756
1666809446.8550775,1560.78,1560.78,-0.89940325,0.53,48.80116756
1666809456.8510385,1560.78,1560.78,-0.89940325,0.53,48.80116756
1666809466.9055548,1560.78,1561.96,-0.80527219,1.71,52.25823908
1666809476.938222,1560.78,1561.96,-0.80527219,1.71,52.25823908
1666809487.051585,1560.78,1561.96,-0.80527219,1.71,52.25823908
1666809496.8742902,1563.42,1563.42,-0.41488724,2.5,55.93074459
1666809506.8910754,1563.42,1563.42,-0.41488724,2.5,55.93074459
1666809516.8758042,1563.42,1563.42,-0.41488724,2.5,55.93074459
1666809526.867672,1563.42,1563.75,-0.38856245,2.83,56.74925394
1666809536.827387,1563.42,1563.75,-0.38856245,2.83,56.74925394
1666809546.9346092,1563.42,1563.75,-0.38856245,2.83,56.74925394
1666809556.9378,1561.98,1561.98,-0.40035416,2.23,51.70138614
1666809566.921737,1561.98,1561.98,-0.40035416,2.23,51.70138614
1666809577.5068238,1561.98,1561.98,-0.40035416,2.23,51.70138614
1666809587.484778,1561.98,1561.75,-0.41870174,2.0,51.03939357
1666809597.650431,1561.98,1561.75,-0.41870174,2.0,51.03939357
1666809607.5595267,1561.98,1561.75,-0.41870174,2.0,51.03939357
1666809617.5354457,1562.94,1562.94,-0.15745725,3.85,54.17928799
1666809627.5385678,1562.94,1562.94,-0.15745725,3.85,54.17928799
1666809637.5604484,1562.94,1562.94,-0.15745725,3.85,54.17928799
1666809647.5513225,1562.94,1561.89,-0.24121793,2.8,51.08717167
1666809657.4845102,1562.94,1561.89,-0.24121793,2.8,51.08717167
1666809667.5768006,1562.94,1561.89,-0.24121793,2.8,51.08717167
1666809677.5033972,1561.51,1561.51,-0.22813188,3.8,50.05333986
1666809687.507221,1561.51,1561.51,-0.22813188,3.8,50.05333986
1666809697.5064476,1561.51,1561.51,-0.22813188,3.8,50.05333986
1666809707.5081382,1561.51,1561.65,-0.21696379,3.94,50.45117261
1666809717.5272086,1561.51,1561.65,-0.21696379,3.94,50.45117261
1666809727.627092,1561.51,1561.65,-0.21696379,3.94,50.45117261
1666809737.5798955,1561.13,1561.13,-0.24586332,2.49,48.98911596
1666809747.6856666,1561.13,1561.13,-0.24586332,2.49,48.98911596
1666809758.361378,1561.13,1561.13,-0.24586332,2.49,48.98911596
1666809768.426082,1561.13,1561.11,-0.24745877,2.47,48.92874129
1666809778.3277657,1561.13,1561.11,-0.24745877,2.47,48.92874129
1666809788.3975224,1561.13,1561.11,-0.24745877,2.47,48.92874129
1666809798.355482,1558.67,1558.67,-0.58094645,-0.03,42.6563812
1666809808.3570704,1558.67,1558.67,-0.58094645,-0.03,42.6563812
1666809818.5139563,1558.67,1558.67,-0.58094645,-0.03,42.6563812
1666809828.3258271,1558.67,1557.3,-0.69023419,-1.4,39.57535799
1666809838.3403232,1558.67,1557.3,-0.69023419,-1.4,39.57535799
1666809848.4380198,1558.67,1557.3,-0.69023419,-1.4,39.57535799
1666809858.3930328,1556.57,1556.57,-0.97872706,-0.94,38.1107285
1666809868.3542297,1556.57,1556.57,-0.97872706,-0.94,38.1107285
1666809878.287277,1556.57,1556.57,-0.97872706,-0.94,38.1107285
1666809888.397551,1556.57,1554.33,-1.15741652,-3.18,33.96171382
1666809898.3245676,1556.57,1554.33,-1.15741652,-3.18,33.96171382
1666809908.3628733,1556.57,1554.33,-1.15741652,-3.18,33.96171382
1666809918.3924515,1554.11,1554.11,-1.49635274,-5.83,33.60242557
1666809928.395399,1554.11,1554.11,-1.49635274,-5.83,33.60242557
1666809939.272926,1554.11,1554.11,-1.49635274,-5.83,33.60242557
1666809949.623366,1554.11,1556.53,-1.3033043,-3.41,40.99687428
1666809959.271093,1554.11,1556.53,-1.3033043,-3.41,40.99687428
1666809969.3526,1554.11,1556.53,-1.3033043,-3.41,40.99687428
1666809979.292824,1555.63,1555.63,-1.51622773,-5.14,38.44754393
1666809989.2942889,1555.63,1555.63,-1.51622773,-5.14,38.44754393
1666809999.25847,1555.63,1555.63,-1.51622773,-5.14,38.44754393
1666810009.303843,1555.63,1556.45,-1.45081463,-4.32,40.95088772
1666810019.3053548,1555.63,1556.45,-1.45081463,-4.32,40.95088772
1666810029.3925524,1555.63,1556.45,-1.45081463,-4.32,40.95088772
1666810039.357679,1555.82,1555.82,-1.58266072,-7.61,39.04629592
1666810049.3562658,1555.82,1555.82,-1.58266072,-7.61,39.04629592
1666810059.2733514,1555.82,1555.82,-1.58266072,-7.61,39.04629592
1666810069.3500175,1555.82,1556.23,-1.54995416,-7.2,40.39373287
1666810079.2525823,1555.82,1556.23,-1.54995416,-7.2,40.39373287
1666810089.5861087,1555.82,1556.23,-1.54995416,-7.2,40.39373287
1666810099.366913,1555.45,1555.45,-1.68085236,-6.52,38.26566868
1666810109.3219593,1555.45,1555.45,-1.68085236,-6.52,38.26566868
1666810120.3400855,1555.45,1556.15,-1.6250119,-5.82,40.68186569
1666810130.3403914,1555.45,1556.15,-1.6250119,-5.82,40.68186569
1666810140.3538644,1555.45,1556.15,-1.6250119,-5.82,40.68186569
1666810150.3895764,1555.45,1556.15,-1.6250119,-5.82,40.68186569
1666810160.32668,1556.27,1556.27,-1.59958606,-6.68,41.07720694
1666810170.2952976,1556.27,1556.27,-1.59958606,-6.68,41.07720694
1666810180.258644,1556.27,1556.27,-1.59958606,-6.68,41.07720694
1666810190.2933342,1556.27,1556.47,-1.58363165,-6.48,41.77373244
1666810200.2724178,1556.27,1556.47,-1.58363165,-6.48,41.77373244
1666810210.3403344,1556.27,1556.47,-1.58363165,-6.48,41.77373244
1666810220.3186593,1555.97,1555.97,-1.61072941,-5.54,40.35130317
1666810230.296234,1555.97,1555.97,-1.61072941,-5.54,40.35130317
1666810240.37063,1555.97,1555.97,-1.61072941,-5.54,40.35130317
1666810250.8643064,1555.97,1556.33,-1.58201147,-5.18,41.66946387
1666810260.5468411,1555.97,1556.33,-1.58201147,-5.18,41.66946387
1666810270.349885,1555.97,1556.33,-1.58201147,-5.18,41.66946387
1666810280.4722166,1556.25,1556.25,-1.54339772,-4.87,41.37897549
1666810290.4307055,1556.25,1556.25,-1.54339772,-4.87,41.37897549
1666810301.2425332,1556.25,1557.27,-1.4620302,-3.85,45.13091136
1666810311.0700445,1556.25,1557.27,-1.4620302,-3.85,45.13091136
1666810320.987805,1556.25,1557.27,-1.4620302,-3.85,45.13091136
1666810330.9605577,1556.25,1557.27,-1.4620302,-3.85,45.13091136
1666810341.0167298,1557.72,1557.72,-1.28275339,-0.94,46.63768835
1666810351.0644205,1557.72,1557.72,-1.28275339,-0.94,46.63768835
1666810360.9883535,1557.72,1553.06,-1.65449128,-5.6,35.70343138
1666810371.0175457,1557.72,1553.06,-1.65449128,-5.6,35.70343138
1666810381.0086854,1557.72,1553.06,-1.65449128,-5.6,35.70343138
1666810391.0201173,1553.62,1553.62,-1.73477115,-2.96,36.73705333
1666810401.0130603,1553.62,1553.62,-1.73477115,-2.96,36.73705333
1666810411.0967884,1553.62,1553.62,-1.73477115,-2.96,36.73705333
1666810421.077107,1553.62,1552.75,-1.80417286,-3.83,35.03763825
1666810431.2869215,1553.62,1552.75,-1.80417286,-3.83,35.03763825
1666810441.254939,1553.62,1552.75,-1.80417286,-3.83,35.03763825
1666810451.126036,1553.62,1552.75,-1.80417286,-3.83,35.03763825
1666810461.149932,1553.58,1553.58,-1.81856232,-0.53,36.6537435
1666810471.0922422,1553.58,1553.58,-1.81856232,-0.53,36.6537435
1666810481.7642572,1553.58,1555.0,-1.70528597,0.89,41.610393
1666810491.7170124,1553.58,1555.0,-1.70528597,0.89,41.610393
1666810501.6328273,1553.58,1555.0,-1.70528597,0.89,41.610393
1666810511.8573258,1555.65,1555.65,-1.56899098,0.02,43.63523267
1666810521.754279,1555.65,1555.65,-1.56899098,0.02,43.63523267
1666810531.7910745,1555.65,1555.65,-1.56899098,0.02,43.63523267
1666810541.887121,1555.65,1554.86,-1.63201092,-0.77,41.74065353
1666810551.924055,1555.65,1554.86,-1.63201092,-0.77,41.74065353
1666810561.9320407,1555.65,1554.86,-1.63201092,-0.77,41.74065353
1666810571.9271026,1554.89,1554.89,-1.60224154,-0.93,41.99000079
1666810581.895226,1554.89,1554.89,-1.60224154,-0.93,41.99000079
1666810591.908357,1554.89,1554.89,-1.60224154,-0.93,41.99000079
1666810601.8859172,1554.89,1553.82,-1.68759767,-2.0,39.34064484
1666810611.9526925,1554.89,1553.82,-1.68759767,-2.0,39.34064484
1666810621.9406333,1554.89,1553.82,-1.68759767,-2.0,39.34064484
1666810632.237574,1553.7,1553.7,-1.72013932,-1.75,39.07737749
1666810641.9848824,1553.7,1553.7,-1.72013932,-1.75,39.07737749
1666810651.8528702,1553.7,1553.7,-1.72013932,-1.75,39.07737749
1666810662.912916,1553.7,1550.86,-1.94669202,-4.59,33.4144996
1666810672.727861,1553.7,1550.86,-1.94669202,-4.59,33.4144996
1666810682.7526853,1553.7,1550.86,-1.94669202,-4.59,33.4144996
1666810692.9213982,1552.69,1552.69,-1.86193335,-3.58,36.85604293
1666810702.7956505,1552.69,1552.69,-1.86193335,-3.58,36.85604293
1666810712.736512,1552.69,1552.69,-1.86193335,-3.58,36.85604293
1666810722.76519,1552.69,1553.95,-1.76142053,-2.32,41.33619396
1666810732.800229,1552.69,1553.95,-1.76142053,-2.32,41.33619396
1666810742.7521265,1552.69,1553.95,-1.76142053,-2.32,41.33619396
1666810752.7604556,1552.92,1552.92,-1.85678498,-3.06,37.72706491
1666810762.8114166,1552.92,1552.92,-1.85678498,-3.06,37.72706491
1666810772.788385,1552.92,1552.92,-1.85678498,-3.06,37.72706491
1666810782.683851,1552.92,1553.34,-1.8232807,-2.64,39.36639635
1666810792.788569,1552.92,1553.34,-1.8232807,-2.64,39.36639635
1666810802.8245296,1552.92,1553.34,-1.8232807,-2.64,39.36639635
1666810812.7883115,1552.92,1553.34,-1.8232807,-2.64,39.36639635
1666810822.7838545,1553.79,1553.79,-1.72297183,-2.46,41.03243697
1666810832.8366964,1553.79,1553.79,-1.72297183,-2.46,41.03243697
1666810843.2902594,1553.79,1552.88,-1.79556442,-3.37,38.70545719
1666810853.4036758,1553.79,1552.88,-1.79556442,-3.37,38.70545719
1666810863.3417175,1553.79,1552.88,-1.79556442,-3.37,38.70545719
1666810873.2858567,1549.85,1549.85,-2.20983114,-7.87,32.60326939
1666810883.3693404,1549.85,1549.85,-2.20983114,-7.87,32.60326939
1666810893.364647,1549.85,1549.85,-2.20983114,-7.87,32.60326939
1666810903.3638067,1549.85,1550.32,-2.17233826,-7.4,34.33662926
1666810913.3193102,1549.85,1550.32,-2.17233826,-7.4,34.33662926
1666810923.3834183,1549.85,1550.32,-2.17233826,-7.4,34.33662926
1666810933.3689427,1550.34,1550.34,-2.24994974,-3.29,34.40841368
1666810943.329437,1550.34,1550.34,-2.24994974,-3.29,34.40841368
1666810953.4241264,1550.34,1550.34,-2.24994974,-3.29,34.40841368
1666810963.3730614,1550.34,1550.34,-2.24994974,-3.29,34.40841368
1666810973.4394996,1550.34,1549.53,-2.31456513,-4.1,32.84244801
1666810983.374404,1550.34,1549.53,-2.31456513,-4.1,32.84244801
1666810993.4107523,1547.81,1547.81,-2.64401309,-5.78,29.94822434
1666811003.4483256,1547.81,1547.81,-2.64401309,-5.78,29.94822434
1666811013.4048395,1547.81,1547.81,-2.64401309,-5.78,29.94822434
1666811024.1876328,1547.81,1548.69,-2.57381366,-4.9,33.19209359
1666811034.2146437,1547.81,1548.69,-2.57381366,-4.9,33.19209359
1666811044.2530909,1547.81,1548.69,-2.57381366,-4.9,33.19209359
1666811054.2204494,1547.97,1547.97,-2.74126336,-7.68,30.58119948
1666811064.32063,1547.97,1547.97,-2.74126336,-7.68,30.58119948
1666811074.289508,1547.97,1547.97,-2.74126336,-7.68,30.58119948
1666811084.2394462,1547.97,1548.15,-2.72690439,-7.5,31.28685863
1666811094.237989,1547.97,1548.15,-2.72690439,-7.5,31.28685863
1666811104.262647,1547.97,1548.15,-2.72690439,-7.5,31.28685863
1666811114.2396505,1548.52,1548.52,-2.71909267,-6.21,32.73741111
1666811124.2842655,1548.52,1548.52,-2.71909267,-6.21,32.73741111
1666811134.2853982,1548.52,1548.52,-2.71909267,-6.21,32.73741111
1666811144.2179704,1548.52,1549.24,-2.66165677,-5.49,35.58700263
1666811154.3053963,1548.52,1549.24,-2.66165677,-5.49,35.58700263
1666811164.2936692,1548.52,1549.24,-2.66165677,-5.49,35.58700263
1666811174.2264445,1548.7,1548.7,-2.68028103,-5.01,33.47629726
1666811184.293303,1548.7,1548.7,-2.68028103,-5.01,33.47629726
1666811194.325936,1548.7,1548.7,-2.68028103,-5.01,33.47629726
1666811205.0514307,1548.7,1548.14,-2.7249534,-5.57,32.27043954
1666811214.960116,1548.7,1548.14,-2.7249534,-5.57,32.27043954
1666811225.041432,1548.7,1548.14,-2.7249534,-5.57,32.27043954
1666811235.002201,1548.01,1548.01,-2.72810948,-4.68,32.03323358
1666811244.9736276,1548.01,1548.01,-2.72810948,-4.68,32.03323358
1666811254.985561,1548.01,1548.01,-2.72810948,-4.68,32.03323358
1666811265.301734,1548.01,1547.75,-2.74885022,-4.94,31.45674119
1666811274.9591544,1548.01,1547.75,-2.74885022,-4.94,31.45674119
1666811284.8810146,1548.01,1547.75,-2.74885022,-4.94,31.45674119
1666811294.961547,1550.82,1550.82,-2.2935141,-2.09,42.85988799
1666811304.9344983,1550.82,1550.82,-2.2935141,-2.09,42.85988799
1666811314.9714353,1550.82,1550.82,-2.2935141,-2.09,42.85988799
1666811325.0068572,1550.82,1553.86,-2.05100698,0.95,51.80440612
1666811334.991433,1550.82,1553.86,-2.05100698,0.95,51.80440612
1666811345.0468657,1550.82,1553.86,-2.05100698,0.95,51.80440612
1666811355.2039332,1552.78,1552.78,-1.82543533,-1.0,48.96633834
1666811365.2675886,1552.78,1552.78,-1.82543533,-1.0,48.96633834
1666811375.019175,1552.78,1552.78,-1.82543533,-1.0,48.96633834
1666811385.7854383,1552.78,1553.4,-1.77597664,-0.38,50.75898637
1666811395.6951606,1552.78,1553.4,-1.77597664,-0.38,50.75898637
1666811405.7865264,1552.78,1553.4,-1.77597664,-0.38,50.75898637
1666811415.8602912,1553.31,1553.31,-1.48609706,3.47,50.50878519
1666811425.7984395,1553.31,1553.31,-1.48609706,3.47,50.50878519
1666811435.789914,1553.31,1553.31,-1.48609706,3.47,50.50878519
1666811446.091324,1553.31,1552.59,-1.54353296,2.75,48.37103774
1666811455.8872464,1553.31,1552.59,-1.54353296,2.75,48.37103774
1666811465.8163412,1553.31,1552.59,-1.54353296,2.75,48.37103774
1666811475.8587575,1551.57,1551.57,-1.48176863,1.23,45.63408063
1666811485.7936575,1551.57,1551.57,-1.48176863,1.23,45.63408063
1666811495.7975214,1551.57,1551.57,-1.48176863,1.23,45.63408063
1666811505.8681588,1551.57,1551.57,-1.48176863,1.23,45.63408063
1666811515.861098,1551.57,1551.68,-1.4729937,1.34,45.98900998
1666811525.8331134,1551.57,1551.68,-1.4729937,1.34,45.98900998
1666811535.840067,1552.13,1552.13,-1.27357905,4.32,47.39399073
1666811545.844365,1552.13,1552.13,-1.27357905,4.32,47.39399073
1666811555.827783,1552.13,1552.13,-1.27357905,4.32,47.39399073
1666811566.6168025,1552.13,1553.86,-1.13557335,6.05,52.50869586
1666811576.7729597,1552.13,1553.86,-1.13557335,6.05,52.50869586
1666811586.5218716,1552.13,1553.86,-1.13557335,6.05,52.50869586
1666811596.4881055,1553.54,1553.54,-0.93163244,5.56,51.63896536
1666811606.5241945,1553.54,1553.54,-0.93163244,5.56,51.63896536
1666811616.40822,1553.54,1553.54,-0.93163244,5.56,51.63896536
1666811626.4752026,1553.54,1553.98,-0.89653272,6.0,52.91579578
1666811636.4966292,1553.54,1553.98,-0.89653272,6.0,52.91579578
1666811646.5027874,1553.54,1553.98,-0.89653272,6.0,52.91579578
1666811656.4969697,1554.49,1554.49,-0.60693857,5.97,54.313899
1666811666.5221655,1554.49,1554.49,-0.60693857,5.97,54.313899
1666811676.4685192,1554.49,1554.49,-0.60693857,5.97,54.313899
1666811686.7262003,1554.49,1555.13,-0.55588444,6.61,56.0765055
1666811696.4995182,1554.49,1555.13,-0.55588444,6.61,56.0765055
1666811706.5306332,1554.49,1555.13,-0.55588444,6.61,56.0765055
1666811716.5774615,1555.59,1555.59,-0.2501238,6.9,57.26356652
1666811726.6612346,1555.59,1555.59,-0.2501238,6.9,57.26356652
1666811736.5195067,1555.59,1555.59,-0.2501238,6.9,57.26356652
1666811747.591998,1555.59,1556.32,-0.19189018,7.63,59.14730638
1666811757.6080728,1555.59,1556.32,-0.19189018,7.63,59.14730638
1666811767.665144,1555.59,1556.32,-0.19189018,7.63,59.14730638
1666811777.6143508,1556.61,1556.61,0.10773174,8.61,59.85217833
1666811787.636085,1556.61,1556.61,0.10773174,8.61,59.85217833
1666811797.8338375,1556.61,1556.61,0.10773174,8.61,59.85217833
1666811807.626895,1556.61,1558.11,0.22738986,10.11,63.36394555
1666811817.5584142,1556.61,1558.11,0.22738986,10.11,63.36394555
1666811827.7328477,1556.61,1558.11,0.22738986,10.11,63.36394555
1666811837.6591873,1558.31,1558.31,0.56468282,7.49,63.76759916
1666811847.7006886,1558.31,1558.31,0.56468282,7.49,63.76759916
1666811857.9130418,1558.31,1558.31,0.56468282,7.49,63.76759916
1666811867.724729,1558.31,1559.29,0.64285946,8.47,65.86156727
1666811877.617691,1558.31,1559.29,0.64285946,8.47,65.86156727
1666811887.6299376,1558.31,1559.29,0.64285946,8.47,65.86156727
1666811897.6828094,1559.95,1559.95,1.04121814,7.17,67.13103596
1666811907.6181576,1559.95,1559.95,1.04121814,7.17,67.13103596
1666811917.6191716,1559.95,1559.95,1.04121814,7.17,67.13103596
1666811929.104217,1559.95,1559.68,1.01967968,6.9,66.04898166
1666811939.0622408,1559.95,1559.68,1.01967968,6.9,66.04898166
1666811949.120071,1559.95,1559.68,1.01967968,6.9,66.04898166
1666811959.0687172,1560.0,1560.0,1.30665935,6.7,67.23197751
1666811969.1025405,1560.0,1560.0,1.30665935,6.7,67.23197751
1666811979.1198063,1560.0,1560.0,1.30665935,6.7,67.23197751
1666811989.059943,1560.0,1560.75,1.36648841,7.45,68.75835924
1666811999.259991,1560.0,1560.75,1.36648841,7.45,68.75835924
1666812009.0537214,1560.0,1560.75,1.36648841,7.45,68.75835924
1666812019.1012182,1561.33,1561.33,1.68524753,9.76,69.84464504
1666812029.0885506,1561.33,1561.33,1.68524753,9.76,69.84464504
1666812039.0361123,1561.33,1561.33,1.68524753,9.76,69.84464504
1666812049.1429484,1561.33,1560.65,1.63100252,9.08,66.90733622
1666812059.1519427,1561.33,1560.65,1.63100252,9.08,66.90733622
1666812069.1045232,1561.33,1560.65,1.63100252,9.08,66.90733622
1666812079.2409756,1559.77,1559.77,1.65900729,7.64,63.4539216
1666812089.1394584,1559.77,1559.77,1.65900729,7.64,63.4539216
1666812099.1925385,1559.77,1559.77,1.65900729,7.64,63.4539216
1666812109.9110365,1559.77,1560.61,1.72601584,8.48,65.29530616
1666812119.9837277,1559.77,1560.61,1.72601584,8.48,65.29530616
1666812129.982926,1559.77,1560.61,1.72601584,8.48,65.29530616
1666812139.9081354,1561.01,1561.01,1.89294724,7.47,66.08664153
1666812149.921548,1561.01,1561.01,1.89294724,7.47,66.08664153
1666812160.36161,1561.01,1560.28,1.83471362,6.74,63.18067116
1666812169.9021003,1561.01,1560.28,1.83471362,6.74,63.18067116
1666812179.933349,1561.01,1560.28,1.83471362,6.74,63.18067116
1666812189.9388807,1561.01,1560.28,1.83471362,6.74,63.18067116
1666812199.938295,1560.29,1560.29,1.87414021,5.8,63.20454012
1666812209.9396331,1560.29,1560.29,1.87414021,5.8,63.20454012
1666812219.9122145,1560.29,1560.29,1.87414021,5.8,63.20454012
1666812229.8550131,1560.29,1559.49,1.81032254,5.0,60.10070475
1666812239.8499107,1560.29,1559.49,1.81032254,5.0,60.10070475
1666812249.8482592,1560.29,1559.49,1.81032254,5.0,60.10070475
1666812259.9072526,1559.06,1559.06,1.7091805,3.48,58.53886306
1666812269.8944635,1559.06,1559.06,1.7091805,3.48,58.53886306
1666812279.9189165,1559.06,1559.06,1.7091805,3.48,58.53886306
1666812290.6929352,1559.06,1559.77,1.76581867,4.19,60.35861138
1666812300.6910088,1559.06,1559.77,1.76581867,4.19,60.35861138
1666812310.7297275,1559.99,1559.99,1.7694272,3.39,60.89049519
1666812321.1979432,1559.99,1559.99,1.7694272,3.39,60.89049519
1666812330.9504015,1559.99,1559.99,1.7694272,3.39,60.89049519
1666812340.6972706,1559.99,1561.39,1.88110812,4.79,64.18383837
1666812350.7217572,1559.99,1561.39,1.88110812,4.79,64.18383837
1666812360.71297,1559.99,1561.39,1.88110812,4.79,64.18383837
1666812370.983778,1560.69,1560.69,1.83729384,2.37,62.60954591
1666812380.6802397,1560.69,1560.69,1.83729384,2.37,62.60954591
1666812390.7304194,1560.69,1560.69,1.83729384,2.37,62.60954591
1666812400.631701,1560.69,1560.33,1.80857589,2.01,61.12158967
1666812410.7082329,1560.69,1560.33,1.80857589,2.01,61.12158967
1666812420.6854963,1560.69,1560.33,1.80857589,2.01,61.12158967
1666812430.6991408,1559.26,1559.26,1.62362988,-0.69,57.0890062
1666812440.6771631,1559.26,1559.26,1.62362988,-0.69,57.0890062
1666812450.7790513,1559.26,1559.26,1.62362988,-0.69,57.0890062
1666812460.7759929,1559.26,1559.26,1.62362988,-0.69,57.0890062
1666812471.2672844,1559.26,1560.04,1.6858521,0.09,59.20211511
1666812481.2952392,1559.26,1560.04,1.6858521,0.09,59.20211511
1666812491.351691,1559.26,1560.04,1.6858521,0.09,59.20211511
1666812501.3018591,1560.12,1560.12,1.64867245,0.13,59.40713613
1666812511.359805,1560.12,1560.12,1.64867245,0.13,59.40713613
1666812521.3149972,1560.12,1560.12,1.64867245,0.13,59.40713613
1666812531.5793118,1560.12,1561.27,1.74041035,1.28,62.33712983
1666812541.315956,1560.12,1561.27,1.74041035,1.28,62.33712983
1666812551.4061766,1561.13,1561.13,1.73791506,-0.2,62.00509801
1666812561.3513775,1561.13,1561.13,1.73791506,-0.2,62.00509801
1666812571.3659475,1561.13,1561.13,1.73791506,-0.2,62.00509801
1666812581.3418236,1561.13,1562.47,1.84480965,1.14,65.18616233
1666812591.3295045,1561.13,1562.47,1.84480965,1.14,65.18616233
1666812601.347813,1561.13,1562.47,1.84480965,1.14,65.18616233
1666812611.4744158,1561.69,1561.69,1.80469268,1.92,63.40260489
1666812621.2941957,1561.69,1561.69,1.80469268,1.92,63.40260489
1666812631.282979,1561.69,1561.69,1.80469268,1.92,63.40260489
1666812641.323907,1561.69,1561.82,1.81506305,2.05,63.73606475
1666812651.7476196,1561.69,1561.82,1.81506305,2.05,63.73606475
1666812661.7464757,1561.69,1561.82,1.81506305,2.05,63.73606475
1666812671.7032816,1561.69,1561.82,1.81506305,2.05,63.73606475
1666812681.7076547,1561.75,1561.75,1.80992706,0.73,63.55726825
1666812691.7512102,1561.75,1561.75,1.80992706,0.73,63.55726825
1666812701.752351,1561.75,1561.45,1.78599544,0.43,62.14315157
1666812711.7605264,1561.75,1561.45,1.78599544,0.43,62.14315157
1666812721.9748423,1561.75,1561.45,1.78599544,0.43,62.14315157
1666812731.791879,1561.37,1561.37,1.73531851,1.09,61.76144454
1666812741.7814343,1561.37,1561.37,1.73531851,1.09,61.76144454
1666812751.802549,1561.37,1561.37,1.73531851,1.09,61.76144454
1666812761.7679818,1561.37,1561.79,1.76882278,1.51,62.99362861
1666812772.0022204,1561.37,1561.79,1.76882278,1.51,62.99362861
1666812781.9721155,1561.37,1561.79,1.76882278,1.51,62.99362861
1666812791.7127995,1563.03,1563.03,1.91674124,3.98,66.18219457
1666812801.7511408,1563.03,1563.03,1.91674124,3.98,66.18219457
1666812811.7647736,1563.03,1563.03,1.91674124,3.98,66.18219457
1666812821.8537335,1563.03,1563.77,1.97577258,4.72,67.99364703
1666812832.296871,1563.03,1563.77,1.97577258,4.72,67.99364703
1666812842.367226,1563.03,1563.77,1.97577258,4.72,67.99364703
1666812852.3560011,1563.03,1563.77,1.97577258,4.72,67.99364703
1666812862.3617203,1562.75,1562.75,1.8930827,2.76,64.81495966
1666812872.3920624,1562.75,1562.75,1.8930827,2.76,64.81495966
1666812882.351059,1562.75,1560.4,1.70561832,0.41,54.61678155
1666812892.3188543,1562.75,1560.4,1.70561832,0.41,54.61678155
1666812902.3465824,1562.75,1560.4,1.70561832,0.41,54.61678155
1666812912.2965164,1560.14,1560.14,1.50151698,-0.55,53.68227206
1666812922.3791616,1560.14,1560.14,1.50151698,-0.55,53.68227206
1666812932.3061917,1560.14,1560.14,1.50151698,-0.55,53.68227206
1666812942.4346766,1560.14,1558.59,1.37787026,-2.1,48.36893722
1666812952.3505466,1560.14,1558.59,1.37787026,-2.1,48.36893722
1666812962.3759413,1560.14,1558.59,1.37787026,-2.1,48.36893722
1666812972.392278,1558.86,1558.86,1.1591872,-0.4,49.22105812
1666812982.4346592,1558.86,1558.86,1.1591872,-0.4,49.22105812
1666812992.3686614,1558.86,1558.86,1.1591872,-0.4,49.22105812
1666813002.396545,1558.86,1559.41,1.20306185,0.15,51.10047863
1666813012.8142157,1558.86,1559.41,1.20306185,0.15,51.10047863
1666813022.801257,1558.86,1559.41,1.20306185,0.15,51.10047863
1666813032.8323982,1560.93,1560.93,1.2516306,0.81,55.62864444
1666813042.7596457,1560.93,1560.93,1.2516306,0.81,55.62864444
1666813052.8794255,1560.93,1560.93,1.2516306,0.81,55.62864444
1666813062.807963,1560.93,1562.25,1.35692975,2.13,59.17884988
1666813072.834944,1560.93,1562.25,1.35692975,2.13,59.17884988
1666813082.834731,1560.93,1562.25,1.35692975,2.13,59.17884988
1666813092.853521,1563.27,1563.27,1.51119935,2.15,61.53559874
1666813102.8591316,1563.27,1563.27,1.51119935,2.15,61.53559874
1666813112.8286176,1563.27,1563.27,1.51119935,2.15,61.53559874
1666813122.903066,1563.27,1564.89,1.64043012,3.77,65.0266675
1666813132.8270764,1563.27,1564.89,1.64043012,3.77,65.0266675
1666813142.9672554,1563.27,1564.89,1.64043012,3.77,65.0266675
1666813152.8769042,1562.89,1562.89,1.49736789,1.2,60.13221067
1666813162.886941,1562.89,1562.89,1.49736789,1.2,60.13221067
1666813172.8648868,1562.89,1562.89,1.49736789,1.2,60.13221067
1666813182.7888353,1562.89,1563.04,1.5093337,1.35,60.52769909
1666813193.334368,1562.89,1563.04,1.5093337,1.35,60.52769909
1666813203.2217093,1562.89,1563.04,1.5093337,1.35,60.52769909
1666813213.2512865,1564.19,1564.19,1.6763633,2.44,63.23235107
1666813223.283033,1564.19,1564.19,1.6763633,2.44,63.23235107
1666813233.2622988,1564.19,1564.19,1.6763633,2.44,63.23235107
1666813243.330011,1564.19,1564.19,1.6763633,2.44,63.23235107
1666813253.3261063,1564.19,1564.68,1.71545162,2.93,64.3531383
1666813263.2768197,1564.19,1564.68,1.71545162,2.93,64.3531383
1666813273.2674243,1565.54,1565.54,1.90708803,4.18,66.16341993
1666813283.3316054,1565.54,1565.54,1.90708803,4.18,66.16341993
1666813293.3089223,1565.54,1565.54,1.90708803,4.18,66.16341993
1666813303.5064266,1565.54,1567.63,2.07381168,6.27,70.13303547
1666813313.349023,1565.54,1567.63,2.07381168,6.27,70.13303547
1666813323.6536436,1565.54,1567.63,2.07381168,6.27,70.13303547
1666813333.291768,1564.4,1564.4,1.82059452,1.36,61.69104645
1666813343.3625124,1564.4,1564.4,1.82059452,1.36,61.69104645
1666813353.2737658,1564.4,1564.4,1.82059452,1.36,61.69104645
1666813363.3107295,1564.4,1564.63,1.8389421,1.59,62.24553943
1666813373.8410983,1564.4,1564.63,1.8389421,1.59,62.24553943
1666813383.898807,1564.4,1564.63,1.8389421,1.59,62.24553943
1666813393.747269,1564.21,1564.21,1.77708789,1.46,60.94858838
1666813403.7860618,1564.21,1564.21,1.77708789,1.46,60.94858838
1666813413.7706048,1564.21,1564.21,1.77708789,1.46,60.94858838
1666813423.851298,1564.21,1564.21,1.77708789,1.46,60.94858838
1666813433.79728,1564.21,1563.9,1.75235855,1.15,59.69140213
1666813443.8455477,1564.21,1563.9,1.75235855,1.15,59.69140213
1666813453.8827417,1564.21,1563.9,1.75235855,1.15,59.69140213
1666813463.840378,1564.35,1564.35,1.75379044,4.21,61.33178315
1666813473.7766938,1564.35,1564.35,1.75379044,4.21,61.33178315
1666813484.015241,1564.35,1564.31,1.75059956,4.17,61.15425341
1666813493.9186635,1564.35,1564.31,1.75059956,4.17,61.15425341
1666813503.9540262,1564.35,1564.31,1.75059956,4.17,61.15425341
1666813513.8184152,1564.2,1564.2,1.68559694,5.35,60.67130409
1666813523.809997,1564.2,1564.2,1.68559694,5.35,60.67130409
1666813533.9155765,1564.2,1564.2,1.68559694,5.35,60.67130409
1666813543.8730934,1564.2,1564.13,1.68001289,5.28,60.34471313
1666813554.409639,1564.2,1564.13,1.68001289,5.28,60.34471313
1666813564.515698,1564.2,1564.13,1.68001289,5.28,60.34471313
1666813574.4683385,1565.3,1565.3,1.77783355,4.36,63.75392786
1666813584.4404516,1565.3,1565.3,1.77783355,4.36,63.75392786
1666813594.4727952,1565.3,1565.3,1.77783355,4.36,63.75392786
1666813604.5288422,1565.3,1566.47,1.87116689,5.53,66.74006806
1666813614.487743,1565.3,1566.47,1.87116689,5.53,66.74006806
1666813624.5481718,1565.3,1566.47,1.87116689,5.53,66.74006806
1666813634.4505434,1565.08,1565.08,1.72937341,1.8,62.67852949
1666813644.5315266,1565.08,1565.08,1.72937341,1.8,62.67852949
1666813654.5440989,1565.08,1565.08,1.72937341,1.8,62.67852949
1666813664.5115402,1565.08,1565.82,1.78840475,2.54,64.79252257
1666813674.4790642,1565.08,1565.82,1.78840475,2.54,64.79252257
1666813684.4693346,1565.08,1565.82,1.78840475,2.54,64.79252257
1666813694.6028378,1564.89,1564.89,1.65921411,1.99,61.74567782
1666813704.5268505,1564.89,1564.89,1.65921411,1.99,61.74567782
1666813714.4527934,1564.89,1564.89,1.65921411,1.99,61.74567782
1666813724.6813407,1564.89,1563.78,1.5706671,0.88,56.35404814
1666813735.0773888,1564.89,1563.78,1.5706671,0.88,56.35404814
1666813745.102676,1564.89,1563.78,1.5706671,0.88,56.35404814
1666813755.0617042,1563.16,1563.16,1.35265537,-1.03,53.73329752
1666813765.09817,1563.16,1563.16,1.35265537,-1.03,53.73329752
1666813775.056749,1563.16,1563.16,1.35265537,-1.03,53.73329752
1666813785.1245944,1563.16,1563.44,1.37499155,-0.75,54.75660648
1666813795.1376305,1563.16,1563.44,1.37499155,-0.75,54.75660648
1666813805.1165233,1563.16,1563.44,1.37499155,-0.75,54.75660648
1666813815.148309,1564.19,1564.19,1.35017073,-1.35,57.28952414
1666813825.1788158,1564.19,1564.19,1.35017073,-1.35,57.28952414
1666813835.3446312,1564.19,1564.19,1.35017073,-1.35,57.28952414
1666813845.1499054,1564.19,1561.27,1.11723625,-4.27,46.40270904
1666813855.1096404,1564.19,1561.27,1.11723625,-4.27,46.40270904
1666813865.162599,1564.19,1561.27,1.11723625,-4.27,46.40270904
1666813875.166251,1561.64,1561.64,0.90861368,-2.76,47.54864759
1666813885.23992,1561.64,1561.64,0.90861368,-2.76,47.54864759
1666813895.185259,1561.64,1561.64,0.90861368,-2.76,47.54864759
1666813905.1389055,1561.64,1563.2,1.03305812,-1.2,52.83707211
1666813915.5843277,1561.64,1563.2,1.03305812,-1.2,52.83707211
1666813925.6274424,1561.64,1563.2,1.03305812,-1.2,52.83707211
1666813935.6026947,1562.67,1562.67,0.85728693,-1.55,51.16421413
1666813946.0413914,1562.67,1562.67,0.85728693,-1.55,51.16421413
1666813955.533008,1562.67,1562.67,0.85728693,-1.55,51.16421413
1666813965.6076748,1562.67,1563.37,0.91312738,-0.85,53.50967272
1666813975.5989308,1562.67,1563.37,0.91312738,-0.85,53.50967272
1666813985.550478,1562.67,1563.37,0.91312738,-0.85,53.50967272
1666813995.6565614,1563.16,1563.16,0.81158124,-1.19,52.83256248
1666814005.832441,1563.16,1563.16,0.81158124,-1.19,52.83256248
1666814015.553943,1563.16,1563.16,0.81158124,-1.19,52.83256248
1666814025.508665,1563.16,1562.13,0.729416,-2.22,49.04425207
1666814035.600013,1563.16,1562.13,0.729416,-2.22,49.04425207
1666814045.5230978,1563.16,1562.13,0.729416,-2.22,49.04425207
1666814055.5735223,1562.91,1562.91,0.70179868,-1.29,51.86043775
1666814065.6458497,1562.91,1562.91,0.70179868,-1.29,51.86043775
1666814075.735286,1562.91,1562.91,0.70179868,-1.29,51.86043775
1666814085.6435654,1562.91,1563.51,0.74966193,-0.69,54.05456115
1666814096.3906326,1562.91,1563.51,0.74966193,-0.69,54.05456115
1666814106.4328642,1562.91,1563.51,0.74966193,-0.69,54.05456115
1666814116.4693887,1564.17,1564.17,0.80028971,-1.13,56.2478593
1666814126.3568282,1564.17,1564.17,0.80028971,-1.13,56.2478593
1666814136.49573,1564.17,1564.17,0.80028971,-1.13,56.2478593
1666814146.4062753,1564.17,1562.61,0.67584527,-2.69,50.16012645
1666814156.3827937,1564.17,1562.61,0.67584527,-2.69,50.16012645
1666814166.4256854,1564.17,1562.61,0.67584527,-2.69,50.16012645
1666814176.5009372,1563.02,1563.02,0.62825961,-2.05,51.62803072
1666814186.4841712,1563.02,1563.02,0.62825961,-2.05,51.62803072
1666814196.506997,1563.02,1563.02,0.62825961,-2.05,51.62803072
1666814206.4896162,1563.02,1562.74,0.60592343,-2.33,50.5382632
1666814216.4578938,1563.02,1562.74,0.60592343,-2.33,50.5382632
1666814226.5342934,1563.02,1562.74,0.60592343,-2.33,50.5382632
1666814236.4229271,1562.64,1562.64,0.50446612,-2.25,50.15723963
1666814246.4319606,1562.64,1562.64,0.50446612,-2.25,50.15723963
1666814256.4566994,1562.64,1562.64,0.50446612,-2.25,50.15723963
1666814266.43975,1562.64,1562.11,0.46218692,-2.78,48.10306716
1666814277.0394049,1562.64,1562.11,0.46218692,-2.78,48.10306716
1666814287.149567,1562.64,1562.11,0.46218692,-2.78,48.10306716
1666814297.1294248,1562.08,1562.08,0.34507393,-1.08,47.99798388
1666814307.0901847,1562.08,1562.08,0.34507393,-1.08,47.99798388
1666814317.1175983,1562.08,1562.08,0.34507393,-1.08,47.99798388
1666814327.1481154,1562.08,1561.71,0.31555826,-1.45,46.56416618
1666814337.1649384,1562.08,1561.71,0.31555826,-1.45,46.56416618
1666814347.1249242,1562.08,1561.71,0.31555826,-1.45,46.56416618
1666814357.2899506,1561.96,1561.96,0.23492275,-2.22,47.52118038
1666814367.120644,1561.96,1561.96,0.23492275,-2.22,47.52118038
1666814377.1409063,1561.96,1561.96,0.23492275,-2.22,47.52118038
1666814387.2023437,1561.96,1562.03,0.2405068,-2.15,47.84440924
1666814397.3437054,1561.96,1562.03,0.2405068,-2.15,47.84440924
1666814407.0733316,1561.96,1562.03,0.2405068,-2.15,47.84440924
1666814417.041733,1564.27,1564.27,0.48060799,2.63,56.4189171
1666814427.096673,1564.27,1564.27,0.48060799,2.63,56.4189171
1666814437.089353,1564.27,1564.27,0.48060799,2.63,56.4189171
1666814447.1975207,1564.27,1565.01,0.53963933,3.37,58.840172
1666814457.683232,1564.27,1565.01,0.53963933,3.37,58.840172
1666814467.735807,1564.27,1565.01,0.53963933,3.37,58.840172
1666814477.7674568,1563.45,1563.45,0.40731924,0.78,52.98198582
1666814487.717423,1563.45,1563.45,0.40731924,0.78,52.98198582
1666814497.790907,1563.45,1563.45,0.40731924,0.78,52.98198582
1666814507.7683582,1563.45,1562.19,0.30680642,-0.48,48.13429536
1666814517.7711935,1563.45,1562.19,0.30680642,-0.48,48.13429536
1666814527.7887278,1560.61,1560.61,-0.00620331,-2.54,43.1917788
1666814537.752114,1560.61,1560.61,-0.00620331,-2.54,43.1917788
1666814547.6858878,1560.61,1560.61,-0.00620331,-2.54,43.1917788
1666814557.773985,1560.61,1560.61,-0.00620331,-2.54,43.1917788
1666814567.8676033,1560.61,1559.85,-0.06683009,-3.3,40.99632861
1666814577.770842,1560.61,1559.85,-0.06683009,-3.3,40.99632861
1666814587.8120728,1560.61,1559.85,-0.06683009,-3.3,40.99632861
1666814597.7606108,1559.03,1559.03,-0.3753467,-3.89,38.87320474
1666814607.7690823,1559.03,1559.03,-0.3753467,-3.89,38.87320474
1666814617.7717988,1559.03,1559.03,-0.3753467,-3.89,38.87320474
1666814627.8308015,1559.03,1560.62,-0.2485091,-2.3,44.83853032
1666814638.53549,1559.03,1560.62,-0.2485091,-2.3,44.83853032
1666814648.510152,1559.03,1560.62,-0.2485091,-2.3,44.83853032
1666814658.5630066,1561.95,1561.95,-0.14875649,-2.21,49.00159922
1666814668.5833604,1561.95,1561.95,-0.14875649,-2.21,49.00159922
1666814678.5535643,1561.95,1561.95,-0.14875649,-2.21,49.00159922
1666814688.510374,1561.95,1564.77,0.07620077,0.61,56.4982407
1666814698.5956278,1561.95,1564.77,0.07620077,0.61,56.4982407
1666814708.4381871,1561.95,1564.77,0.07620077,0.61,56.4982407
1666814718.5504985,1564.33,1564.33,0.18502679,1.3,55.46896025
1666814728.5074446,1564.33,1564.33,0.18502679,1.3,55.46896025
1666814738.508244,1564.33,1564.33,0.18502679,1.3,55.46896025
1666814748.5700605,1564.33,1571.06,0.72189289,8.03,67.8911893
1666814758.5420296,1564.33,1571.06,0.72189289,8.03,67.8911893
1666814768.513757,1564.33,1571.06,0.72189289,8.03,67.8911893
1666814778.5321307,1573.8,1573.8,1.63191062,11.15,71.16734122
1666814788.5041382,1573.8,1573.8,1.63191062,11.15,71.16734122
1666814798.591793,1573.8,1573.8,1.63191062,11.15,71.16734122
1666814808.6183498,1573.8,1570.64,1.37983084,7.99,63.19717067
1666814818.9599078,1573.8,1570.64,1.37983084,7.99,63.19717067
1666814829.0894177,1573.8,1570.64,1.37983084,7.99,63.19717067
1666814838.9626715,1573.17,1573.17,2.0672423,11.1,69.44638388
1666814848.9475594,1573.17,1573.17,2.0672423,11.1,69.44638388
1666814859.0482728,1573.17,1573.17,2.0672423,11.1,69.44638388
1666814869.0390024,1573.17,1571.85,1.96194315,9.78,65.79851215
1666814878.9978046,1573.17,1571.85,1.96194315,9.78,65.79851215
1666814889.0864727,1573.17,1571.85,1.96194315,9.78,65.79851215
1666814899.0569415,1567.23,1567.23,1.5844464,5.27,55.5408845
1666814909.0101688,1567.23,1567.23,1.5844464,5.27,55.5408845
1666814919.0824025,1567.23,1567.23,1.5844464,5.27,55.5408845
1666814929.082226,1567.23,1561.94,1.1624521,-0.02,46.59064828
1666814939.0594473,1567.23,1561.94,1.1624521,-0.02,46.59064828
1666814949.3666642,1567.23,1561.94,1.1624521,-0.02,46.59064828
1666814959.1316988,1559.2,1559.2,0.42547823,-5.08,42.99925268
1666814968.9222643,1559.2,1559.2,0.42547823,-5.08,42.99925268
1666814978.9976227,1559.2,1559.2,0.42547823,-5.08,42.99925268
1666814989.0528774,1559.2,1559.79,0.47254376,-4.49,43.99640965
1666814999.5310256,1559.2,1559.79,0.47254376,-4.49,43.99640965
1666815009.6479886,1559.2,1559.79,0.47254376,-4.49,43.99640965
1666815019.5216303,1556.44,1556.44,-0.37569265,-7.02,39.68114125
1666815029.7582784,1556.44,1556.44,-0.37569265,-7.02,39.68114125
1666815039.6007323,1556.44,1556.44,-0.37569265,-7.02,39.68114125
1666815049.5358756,1556.44,1559.62,-0.12201743,-3.84,44.94780574
1666815059.5920024,1556.44,1559.62,-0.12201743,-3.84,44.94780574
1666815069.4387865,1556.44,1559.62,-0.12201743,-3.84,44.94780574
1666815079.557957,1559.12,1559.12,-0.44900006,-1.48,44.18185708
1666815089.517743,1559.12,1559.12,-0.44900006,-1.48,44.18185708
1666815099.4633472,1559.12,1559.12,-0.44900006,-1.48,44.18185708
1666815109.536695,1559.12,1558.0,-0.53834479,-2.6,42.74079025
1666815119.556098,1559.12,1558.0,-0.53834479,-2.6,42.74079025
1666815129.6104326,1559.12,1558.0,-0.53834479,-2.6,42.74079025
1666815139.508242,1557.56,1557.56,-0.88933287,-1.47,42.20705016
1666815149.5233908,1557.56,1557.56,-0.88933287,-1.47,42.20705016
1666815159.447735,1557.56,1557.56,-0.88933287,-1.47,42.20705016
1666815169.580749,1557.56,1560.7,-0.63884854,1.67,47.3148006
1666815180.1267474,1557.56,1560.7,-0.63884854,1.67,47.3148006
1666815190.1486435,1557.56,1560.7,-0.63884854,1.67,47.3148006
1666815200.3254411,1560.31,1560.31,-0.73670116,-1.64,46.73088582
1666815210.1774576,1560.31,1560.31,-0.73670116,-1.64,46.73088582
1666815220.1140125,1560.31,1560.31,-0.73670116,-1.64,46.73088582
1666815230.1554284,1560.31,1560.44,-0.72633079,-1.51,46.94028985
1666815240.0889826,1560.31,1560.44,-0.72633079,-1.51,46.94028985
1666815250.1254694,1560.31,1560.44,-0.72633079,-1.51,46.94028985
1666815260.2063036,1562.28,1562.28,-0.50335286,-2.06,49.76326368
1666815270.179813,1562.28,1562.28,-0.50335286,-2.06,49.76326368
1666815280.097725,1562.28,1562.28,-0.50335286,-2.06,49.76326368
1666815290.1351771,1562.28,1561.97,-0.5280822,-2.37,49.28724005
1666815300.141497,1562.28,1561.97,-0.5280822,-2.37,49.28724005
1666815310.128742,1562.28,1561.97,-0.5280822,-2.37,49.28724005
1666815320.1689794,1561.47,1561.47,-0.55241242,-12.3,48.54067412
1666815330.160668,1561.47,1561.47,-0.55241242,-12.3,48.54067412
1666815340.2044053,1561.47,1561.47,-0.55241242,-12.3,48.54067412
1666815350.11784,1561.47,1561.17,-0.57634405,-12.6,48.06792915
1666815360.718047,1561.47,1561.17,-0.57634405,-12.6,48.06792915
1666815370.8557844,1559.35,1559.35,-0.8323771,-13.81,45.39031271
1666815380.9973185,1559.35,1559.35,-0.8323771,-13.81,45.39031271
1666815390.8632226,1559.35,1559.35,-0.8323771,-13.81,45.39031271
1666815400.816172,1559.35,1557.29,-0.99670758,-15.87,42.50539139
1666815410.7168028,1559.35,1557.29,-0.99670758,-15.87,42.50539139
1666815420.7579618,1559.35,1557.29,-0.99670758,-15.87,42.50539139
1666815430.815416,1559.35,1557.29,-0.99670758,-15.87,42.50539139
1666815440.745615,1558.37,1558.37,-1.04828226,-8.85,43.9694865
1666815450.843326,1558.37,1558.37,-1.04828226,-8.85,43.9694865
1666815460.768407,1558.37,1558.74,-1.0187666,-8.48,44.66948093
1666815470.8162093,1558.37,1558.74,-1.0187666,-8.48,44.66948093
1666815480.8017364,1558.37,1558.74,-1.0187666,-8.48,44.66948093
1666815490.934793,1558.37,1558.74,-1.0187666,-8.48,44.66948093
1666815500.8610165,1559.8,1559.8,-0.94271963,0.59,46.59218715
1666815511.14693,1559.8,1559.8,-0.94271963,0.59,46.59218715
1666815520.8540864,1559.8,1559.87,-0.93713559,0.66,46.72384837
1666815530.8007605,1559.8,1559.87,-0.93713559,0.66,46.72384837
1666815541.3323398,1559.8,1559.87,-0.93713559,0.66,46.72384837
1666815551.3673437,1559.8,1559.87,-0.93713559,0.66,46.72384837
1666815561.397544,1559.88,1559.88,-0.9273359,3.43,46.74260414
1666815571.408744,1559.88,1559.88,-0.9273359,3.43,46.74260414
1666815581.454826,1559.88,1557.84,-1.09007094,1.39,43.38695778
1666815591.4264102,1559.88,1557.84,-1.09007094,1.39,43.38695778
1666815601.4150128,1559.88,1557.84,-1.09007094,1.39,43.38695778
1666815611.5251389,1556.75,1556.75,-1.35156383,-2.36,41.78309716
1666815621.370317,1556.75,1556.75,-1.35156383,-2.36,41.78309716
1666815631.4162543,1556.75,1556.75,-1.35156383,-2.36,41.78309716
1666815641.3855834,1556.75,1555.91,-1.41857238,-3.2,40.54022998
1666815651.4145892,1556.75,1555.91,-1.41857238,-3.2,40.54022998
1666815661.3556497,1556.75,1555.91,-1.41857238,-3.2,40.54022998
1666815671.4779754,1553.83,1553.83,-1.88569785,-3.72,37.7580914
1666815681.4289627,1553.83,1553.83,-1.88569785,-3.72,37.7580914
1666815691.4142325,1553.83,1553.83,-1.88569785,-3.72,37.7580914
1666815701.6041226,1553.83,1553.36,-1.92319073,-4.19,37.13812079
1666815711.4072618,1553.83,1553.36,-1.92319073,-4.19,37.13812079
1666815722.0416944,1553.83,1553.36,-1.92319073,-4.19,37.13812079
1666815732.0672894,1555.19,1555.19,-1.90856298,-5.13,40.61978996
1666815741.9768338,1555.19,1555.19,-1.90856298,-5.13,40.61978996
1666815752.0472271,1555.19,1555.19,-1.90856298,-5.13,40.61978996
1666815762.0012035,1555.19,1554.05,-1.99950315,-6.27,38.99657497
1666815772.0527823,1555.19,1554.05,-1.99950315,-6.27,38.99657497
1666815781.9566467,1555.19,1554.05,-1.99950315,-6.27,38.99657497
1666815792.2400954,1554.34,1554.34,-2.10988467,-7.93,39.39706842
1666815802.277902,1554.34,1554.34,-2.10988467,-7.93,39.39706842
1666815812.0707526,1554.34,1554.34,-2.10988467,-7.93,39.39706842
1666815822.1500394,1554.34,1553.83,-2.15056843,-8.44,38.64540455
1666815832.0700507,1554.34,1553.83,-2.15056843,-8.44,38.64540455
1666815842.0969143,1554.34,1553.83,-2.15056843,-8.44,38.64540455
1666815852.1536376,1554.51,1554.51,-2.16703078,-6.95,39.78920704
1666815862.283346,1554.51,1554.51,-2.16703078,-6.95,39.78920704
1666815872.1524403,1554.51,1554.51,-2.16703078,-6.95,39.78920704
1666815882.046169,1554.51,1553.72,-2.23005073,-7.74,38.53753635
1666815892.1228402,1554.51,1553.72,-2.23005073,-7.74,38.53753635
1666815903.081135,1554.51,1553.72,-2.23005073,-7.74,38.53753635
1666815913.134335,1551.34,1551.34,-2.64584279,-8.02,35.23362503
1666815923.2122982,1551.34,1551.34,-2.64584279,-8.02,35.23362503
1666815933.150201,1551.34,1551.34,-2.64584279,-8.02,35.23362503
1666815943.072544,1551.34,1551.45,-2.63706786,-7.91,35.50965161
1666815953.2274876,1551.34,1551.45,-2.63706786,-7.91,35.50965161
1666815963.113598,1551.34,1551.45,-2.63706786,-7.91,35.50965161
1666815973.3386116,1551.07,1551.07,-2.83024783,-7.31,34.85565466
1666815983.158337,1551.07,1551.07,-2.83024783,-7.31,34.85565466
1666815993.096923,1551.07,1551.07,-2.83024783,-7.31,34.85565466
1666816003.3033478,1551.07,1547.31,-3.13019085,-11.07,30.15094562
1666816013.2109282,1551.07,1547.31,-3.13019085,-11.07,30.15094562
1666816023.0973735,1551.07,1547.31,-3.13019085,-11.07,30.15094562
1666816033.116572,1548.89,1548.89,-3.23315063,-10.91,31.96297163
1666816043.16105,1548.89,1548.89,-3.23315063,-10.91,31.96297163
1666816053.2023678,1548.89,1548.89,-3.23315063,-10.91,31.96297163
1666816063.1929576,1548.89,1550.03,-3.14221046,-9.77,34.98805707
1666816073.215769,1548.89,1550.03,-3.14221046,-9.77,34.98805707
1666816083.67281,1548.89,1550.03,-3.14221046,-9.77,34.98805707
1666816093.676877,1550.08,1550.08,-3.20874084,-9.8,35.11713224
1666816103.74875,1550.08,1550.08,-3.20874084,-9.8,35.11713224
1666816113.7482429,1550.08,1550.08,-3.20874084,-9.8,35.11713224
1666816123.8224528,1550.08,1550.44,-3.18002289,-9.44,36.08614864
1666816133.676814,1550.08,1550.44,-3.18002289,-9.44,36.08614864
1666816143.7557936,1550.08,1550.44,-3.18002289,-9.44,36.08614864
1666816153.7461584,1549.99,1549.99,-3.24013745,-6.77,34.98662781
1666816163.8173523,1549.99,1549.99,-3.24013745,-6.77,34.98662781
1666816173.6843245,1549.99,1549.99,-3.24013745,-6.77,34.98662781
1666816183.670984,1549.99,1548.57,-3.3534138,-8.19,32.86274004
1666816193.7135007,1549.99,1548.57,-3.3534138,-8.19,32.86274004
1666816204.0068383,1549.99,1548.57,-3.3534138,-8.19,32.86274004
1666816213.7680912,1547.8,1547.8,-3.53052928,-6.04,31.82052832
1666816223.7264206,1547.8,1547.8,-3.53052928,-6.04,31.82052832
1666816233.719386,1547.8,1547.8,-3.53052928,-6.04,31.82052832
1666816243.7334943,1547.8,1548.53,-3.47229566,-5.31,33.94304912
1666816253.75294,1547.8,1548.53,-3.47229566,-5.31,33.94304912
1666816264.4595604,1547.8,1548.53,-3.47229566,-5.31,33.94304912
1666816274.509963,1550.13,1550.13,-3.25280271,-5.06,38.19338657
1666816284.6856098,1550.13,1550.13,-3.25280271,-5.06,38.19338657
1666816294.5042777,1550.13,1550.13,-3.25280271,-5.06,38.19338657
1666816304.487615,1550.13,1547.97,-3.4251104,-7.22,34.91568811
1666816314.5646582,1550.13,1547.97,-3.4251104,-7.22,34.91568811
1666816324.5345726,1550.13,1547.97,-3.4251104,-7.22,34.91568811
1666816334.7726748,1546.54,1546.54,-3.65063185,-7.8,33.04366981
1666816344.5060349,1546.54,1546.54,-3.65063185,-7.8,33.04366981
1666816354.5616105,1546.54,1546.54,-3.65063185,-7.8,33.04366981
1666816364.5521593,1546.54,1546.73,-3.63547515,-7.61,33.55342812
1666816374.5182898,1546.54,1546.73,-3.63547515,-7.61,33.55342812
1666816384.5501044,1546.54,1546.73,-3.63547515,-7.61,33.55342812
1666816394.6274974,1544.98,1544.98,-3.91687101,-9.52,31.08562625
1666816404.56677,1544.98,1544.98,-3.91687101,-9.52,31.08562625
1666816414.488928,1544.98,1544.98,-3.91687101,-9.52,31.08562625
1666816424.5131512,1544.98,1544.98,-3.91687101,-9.52,31.08562625
1666816434.5322957,1544.98,1547.15,-3.74376559,-7.35,36.7042321
1666816445.1058028,1544.98,1547.15,-3.74376559,-7.35,36.7042321
1666816455.1698532,1544.98,1547.15,-3.74376559,-7.35,36.7042321
1666816465.1785522,1547.1,1547.1,-3.68363855,-4.23,36.58510233
1666816475.1715229,1547.1,1547.1,-3.68363855,-4.23,36.58510233
1666816485.5143309,1547.1,1546.99,-3.69241347,-4.34,36.42268775
1666816495.18267,1547.1,1546.99,-3.69241347,-4.34,36.42268775
1666816505.1671464,1547.1,1546.99,-3.69241347,-4.34,36.42268775
1666816515.1936092,1547.68,1547.68,-3.51005236,-3.39,38.04374555
1666816525.4733586,1547.68,1547.68,-3.51005236,-3.39,38.04374555
1666816535.138248,1547.68,1547.68,-3.51005236,-3.39,38.04374555
1666816545.1479297,1547.68,1547.0,-3.56429737,-4.07,36.96064101
1666816555.1715832,1547.68,1547.0,-3.56429737,-4.07,36.96064101
1666816565.091089,1547.68,1547.0,-3.56429737,-4.07,36.96064101
1666816575.7073011,1547.67,1547.67,-3.37108953,-1.23,38.01730873
1666816585.2039146,1547.67,1547.67,-3.37108953,-1.23,38.01730873
1666816595.1712182,1547.67,1547.67,-3.37108953,-1.23,38.01730873
1666816605.1117346,1547.67,1548.87,-3.27536303,-0.03,41.25659399
1666816615.1604905,1547.67,1548.87,-3.27536303,-0.03,41.25659399
1666816625.7052834,1547.67,1548.87,-3.27536303,-0.03,41.25659399
1666816636.1451173,1549.81,1549.81,-2.92065782,-0.26,43.56684774
1666816645.7713623,1549.81,1549.81,-2.92065782,-0.26,43.56684774
1666816655.7785635,1549.81,1549.81,-2.92065782,-0.26,43.56684774
1666816665.7703044,1549.81,1550.14,-2.89433303,0.07,44.39363886
1666816675.779773,1549.81,1550.14,-2.89433303,0.07,44.39363886
1666816685.796063,1549.81,1550.14,-2.89433303,0.07,44.39363886
1666816695.7122245,1550.67,1550.67,-2.5460329,0.69,45.67421027
1666816705.766238,1550.67,1550.67,-2.5460329,0.69,45.67421027
1666816715.73612,1550.67,1550.67,-2.5460329,0.69,45.67421027
1666816725.7656188,1550.67,1551.09,-2.51252862,1.11,46.71560005
1666816736.0864203,1550.67,1551.09,-2.51252862,1.11,46.71560005
1666816745.8091369,1550.67,1551.09,-2.51252862,1.11,46.71560005
1666816755.7561946,1551.43,1551.43,-2.17044779,3.62,47.53288582
1666816766.4014535,1551.43,1551.43,-2.17044779,3.62,47.53288582
1666816775.7310207,1551.43,1551.43,-2.17044779,3.62,47.53288582
1666816785.95651,1551.43,1550.58,-2.23825406,2.77,45.64785305
1666816795.669136,1551.43,1550.58,-2.23825406,2.77,45.64785305
1666816806.1563237,1551.43,1550.58,-2.23825406,2.77,45.64785305
1666816816.173103,1552.04,1552.04,-1.81272001,1.92,49.04301191
1666816826.2064624,1552.04,1552.04,-1.81272001,1.92,49.04301191
1666816836.593886,1552.04,1552.04,-1.81272001,1.92,49.04301191
1666816846.1825323,1552.04,1551.81,-1.83106759,1.69,48.47646012
1666816856.1736674,1552.04,1551.81,-1.83106759,1.69,48.47646012
1666816866.1970992,1552.04,1551.81,-1.83106759,1.69,48.47646012
1666816876.23681,1550.82,1550.82,-1.72299401,4.28,46.18580767
1666816886.2599702,1550.82,1550.82,-1.72299401,4.28,46.18580767
1666816896.256021,1550.82,1550.82,-1.72299401,4.28,46.18580767
1666816906.189358,1550.82,1551.28,-1.68629885,4.74,47.43061848
1666816916.527681,1550.82,1551.28,-1.68629885,4.74,47.43061848
1666816926.192026,1550.82,1551.28,-1.68629885,4.74,47.43061848
1666816936.2289555,1552.0,1552.0,-1.38937848,7.02,49.26744413
1666816946.228918,1552.0,1552.0,-1.38937848,7.02,49.26744413
1666816956.248458,1552.0,1552.0,-1.38937848,7.02,49.26744413
1666816966.2220123,1552.0,1551.3,-1.44521894,6.32,47.52867855
1666816976.2534392,1552.0,1551.3,-1.44521894,6.32,47.52867855
1666816986.6953266,1552.0,1551.3,-1.44521894,6.32,47.52867855
1666816996.7220209,1550.86,1550.86,-1.34645216,3.76,46.49543071
1666817006.705544,1550.86,1550.86,-1.34645216,3.76,46.49543071
1666817016.7061555,1550.86,1550.86,-1.34645216,3.76,46.49543071
1666817026.729914,1550.86,1551.75,-1.27545501,4.65,48.90946944
1666817036.7729433,1550.86,1551.75,-1.27545501,4.65,48.90946944
1666817046.700003,1550.86,1551.75,-1.27545501,4.65,48.90946944
1666817056.6933105,1552.49,1552.49,-0.99704686,4.82,50.7612644
1666817066.7578547,1552.49,1552.49,-0.99704686,4.82,50.7612644
1666817076.752987,1552.49,1552.49,-0.99704686,4.82,50.7612644
1666817086.825426,1552.49,1552.36,-1.00741723,4.69,50.41634563
1666817096.737236,1552.49,1552.36,-1.00741723,4.69,50.41634563
1666817106.7828023,1552.49,1552.36,-1.00741723,4.69,50.41634563
1666817116.7841718,1553.35,1553.35,-0.69099545,5.68,52.89087651
1666817126.70322,1553.35,1553.35,-0.69099545,5.68,52.89087651
1666817137.1731389,1553.35,1553.35,-0.69099545,5.68,52.89087651
1666817146.765373,1553.35,1552.67,-0.74524047,5.0,51.00982967
1666817156.732137,1553.35,1552.67,-0.74524047,5.0,51.00982967
1666817168.2273524,1553.35,1552.67,-0.74524047,5.0,51.00982967
1666817178.293611,1552.59,1552.59,-0.60514704,2.78,50.79728978
1666817188.6023903,1552.59,1552.59,-0.60514704,2.78,50.79728978
1666817198.331249,1552.59,1552.59,-0.60514704,2.78,50.79728978
1666817208.2610607,1552.59,1552.54,-0.60913564,2.73,50.65522855
1666817218.283954,1552.59,1552.54,-0.60913564,2.73,50.65522855
1666817228.2800393,1552.59,1552.54,-0.60913564,2.73,50.65522855
1666817238.270041,1551.78,1551.78,-0.59861053,1.1,48.59336914
1666817248.2939165,1551.78,1551.78,-0.59861053,1.1,48.59336914
1666817258.4432929,1551.78,1551.78,-0.59861053,1.1,48.59336914
1666817268.3066742,1551.78,1551.38,-0.63051936,0.7,47.49403525
1666817278.421652,1551.78,1551.38,-0.63051936,0.7,47.49403525
1666817288.4039588,1551.78,1551.38,-0.63051936,0.7,47.49403525
1666817298.3280303,1551.49,1551.49,-0.577029,0.06,47.79571754
1666817308.295244,1551.49,1551.49,-0.577029,0.06,47.79571754
1666817318.4183874,1551.49,1551.49,-0.577029,0.06,47.79571754
1666817328.327448,1551.49,1551.49,-0.577029,0.06,47.79571754
1666817338.4598298,1551.49,1551.49,-0.577029,0.06,47.79571754
1666817348.8105483,1551.49,1551.49,-0.577029,0.06,47.79571754
1666817358.742041,1555.02,1555.02,-0.03516923,2.98,57.05189987
1666817368.7441738,1555.02,1555.02,-0.03516923,2.98,57.05189987
1666817378.7841132,1555.02,1555.02,-0.03516923,2.98,57.05189987
1666817388.725764,1555.02,1555.25,-0.01682165,3.21,57.58774827
1666817398.8377447,1555.02,1555.25,-0.01682165,3.21,57.58774827
1666817408.7506998,1555.02,1555.25,-0.01682165,3.21,57.58774827
1666817418.7823455,1556.23,1556.23,0.33956597,5.42,59.69999366
1666817428.7639978,1556.23,1556.23,0.33956597,5.42,59.69999366
1666817438.7623787,1556.23,1556.23,0.33956597,5.42,59.69999366
1666817448.7458086,1556.23,1555.72,0.29888221,4.91,58.07892869
1666817458.7947755,1556.23,1555.72,0.29888221,4.91,58.07892869
1666817468.832997,1556.23,1555.72,0.29888221,4.91,58.07892869
1666817478.7452688,1554.87,1554.87,0.36079896,2.87,55.56039401
1666817488.7147343,1554.87,1554.87,0.36079896,2.87,55.56039401
1666817498.6876752,1554.87,1554.87,0.36079896,2.87,55.56039401
1666817508.7623122,1554.87,1554.02,0.29299269,2.02,53.09092975
1666817518.7881472,1554.87,1554.02,0.29299269,2.02,53.09092975
1666817529.6063397,1554.87,1554.02,0.29299269,2.02,53.09092975
1666817539.1206503,1554.9,1554.9,0.463188,4.03,55.63332916
1666817549.2538323,1554.9,1554.9,0.463188,4.03,55.63332916
1666817559.3036537,1554.9,1554.9,0.463188,4.03,55.63332916
1666817569.2346315,1554.9,1554.58,0.43766093,3.71,54.60388297
1666817579.1801338,1554.9,1554.58,0.43766093,3.71,54.60388297
1666817589.2651649,1554.9,1554.58,0.43766093,3.71,54.60388297
1666817599.2457604,1554.44,1554.44,0.47122711,1.96,54.16538409
1666817609.257966,1554.44,1554.44,0.47122711,1.96,54.16538409
1666817619.3130674,1554.44,1554.44,0.47122711,1.96,54.16538409
1666817629.3071609,1554.44,1553.88,0.42655474,1.4,52.35428638
1666817639.4933577,1554.44,1553.88,0.42655474,1.4,52.35428638
1666817649.2853136,1554.44,1553.88,0.42655474,1.4,52.35428638
1666817659.1770165,1553.8,1553.8,0.41043322,0.44,52.10539794
1666817669.264019,1553.8,1553.8,0.41043322,0.44,52.10539794
1666817679.2193518,1553.8,1553.8,0.41043322,0.44,52.10539794
1666817689.41909,1553.8,1553.93,0.42080359,0.57,52.50056341
1666817699.1959908,1553.8,1553.93,0.42080359,0.57,52.50056341
1666817709.9128118,1553.8,1553.93,0.42080359,0.57,52.50056341
1666817719.9277785,1554.16,1554.16,0.44901555,1.57,53.1839581
1666817729.9131055,1554.16,1554.16,0.44901555,1.57,53.1839581
1666817739.872471,1554.16,1554.16,0.44901555,1.57,53.1839581
1666817750.1146572,1554.16,1553.49,0.39556825,0.9,50.88715907
1666817759.9336977,1554.16,1553.49,0.39556825,0.9,50.88715907
1666817770.511169,1553.3,1553.3,0.33005532,1.53,50.27149621
1666817780.120888,1553.3,1553.3,0.33005532,1.53,50.27149621
1666817789.9222744,1553.3,1553.3,0.33005532,1.53,50.27149621
1666817799.9355547,1553.3,1553.3,0.33005532,1.53,50.27149621
1666817809.9499266,1553.3,1553.36,0.33484165,1.59,50.47526574
1666817820.0074267,1553.3,1553.36,0.33484165,1.59,50.47526574
1666817829.9048054,1553.3,1553.36,0.33484165,1.59,50.47526574
1666817839.917318,1552.98,1552.98,0.24222103,1.5,49.18948733
1666817849.8225014,1552.98,1552.98,0.24222103,1.5,49.18948733
1666817859.927258,1552.98,1552.98,0.24222103,1.5,49.18948733
1666817870.0178325,1552.98,1554.34,0.35071106,2.86,53.7409673
1666817879.867761,1552.98,1554.34,0.35071106,2.86,53.7409673
1666817890.321309,1552.98,1554.34,0.35071106,2.86,53.7409673
1666817900.3951335,1553.8,1553.8,0.30593671,-1.23,52.03455375
1666817910.3461337,1553.8,1553.8,0.30593671,-1.23,52.03455375
1666817920.4065278,1553.8,1553.33,0.26844384,-1.7,50.29552845
1666817930.754236,1553.8,1553.33,0.26844384,-1.7,50.29552845
1666817940.4972472,1553.8,1553.33,0.26844384,-1.7,50.29552845
1666817950.3940606,1553.66,1553.66,0.28132962,-2.57,51.50409882
1666817960.558373,1553.66,1553.66,0.28132962,-2.57,51.50409882
1666817970.4217217,1553.66,1553.66,0.28132962,-2.57,51.50409882
1666817980.4183547,1553.66,1552.96,0.22548916,-3.27,48.8240357
1666817990.4550824,1553.66,1552.96,0.22548916,-3.27,48.8240357
1666818000.4123251,1553.66,1552.96,0.22548916,-3.27,48.8240357
1666818010.4278245,1553.66,1552.96,0.22548916,-3.27,48.8240357
1666818020.5609703,1553.04,1553.04,0.18056561,-1.82,49.11330224
1666818030.3932188,1553.04,1553.04,0.18056561,-1.82,49.11330224
1666818040.4478266,1553.04,1552.74,0.15663399,-2.12,47.95476927
1666818050.4045727,1553.04,1552.74,0.15663399,-2.12,47.95476927
1666818060.4673874,1553.04,1552.74,0.15663399,-2.12,47.95476927
1666818070.8440194,1553.04,1552.74,0.15663399,-2.12,47.95476927
1666818080.795347,1551.64,1551.64,-0.06083697,-3.26,44.1487901
1666818090.9455104,1551.64,1551.64,-0.06083697,-3.26,44.1487901
1666818100.8668926,1551.64,1551.69,-0.05684837,-3.21,44.36526597
1666818110.839444,1551.64,1551.69,-0.05684837,-3.21,44.36526597
1666818121.3599524,1551.64,1551.69,-0.05684837,-3.21,44.36526597
1666818130.8905482,1551.96,1551.96,-0.11530057,-2.48,45.50999308
1666818141.0722716,1551.96,1551.96,-0.11530057,-2.48,45.50999308
1666818151.0493715,1551.96,1551.96,-0.11530057,-2.48,45.50999308
1666818161.051396,1551.96,1551.96,-0.11530057,-2.48,45.50999308
1666818170.8929234,1551.96,1552.12,-0.10253704,-2.32,46.20648471
1666818180.9041092,1551.96,1552.12,-0.10253704,-2.32,46.20648471
1666818191.0535777,1551.96,1552.12,-0.10253704,-2.32,46.20648471
1666818201.0884154,1552.12,1552.12,-0.15404844,-1.68,46.2097344
1666818210.9184864,1552.12,1552.12,-0.15404844,-1.68,46.2097344
1666818220.9483497,1552.12,1551.79,-0.18037323,-2.01,44.92321168
1666818230.84984,1552.12,1551.79,-0.18037323,-2.01,44.92321168
1666818240.9706905,1552.12,1551.79,-0.18037323,-2.01,44.92321168
1666818251.846227,1551.69,1551.69,-0.25406171,-2.47,44.547381
1666818261.813299,1551.69,1551.69,-0.25406171,-2.47,44.547381
1666818271.5991504,1551.69,1551.69,-0.25406171,-2.47,44.547381
1666818281.6179223,1551.69,1551.68,-0.25485943,-2.48,44.50728167
1666818291.5626397,1551.69,1551.68,-0.25485943,-2.48,44.50728167
1666818301.6221333,1551.69,1551.68,-0.25485943,-2.48,44.50728167
1666818311.5843406,1551.36,1551.36,-0.34991513,-1.94,43.27673518
1666818321.6041782,1551.36,1551.36,-0.34991513,-1.94,43.27673518
1666818331.6699982,1551.36,1551.36,-0.34991513,-1.94,43.27673518
1666818341.6063976,1551.36,1550.74,-0.39937382,-2.56,40.87594808
1666818351.6912427,1551.36,1550.74,-0.39937382,-2.56,40.87594808
1666818361.7176137,1551.36,1550.74,-0.39937382,-2.56,40.87594808
1666818371.6461782,1549.7,1549.7,-0.63505414,-3.29,37.43632838
1666818381.7894404,1549.7,1549.7,-0.63505414,-3.29,37.43632838
1666818391.6752198,1549.7,1549.7,-0.63505414,-3.29,37.43632838
1666818401.6968052,1549.7,1550.15,-0.59915671,-2.84,39.80918659
1666818412.1494982,1549.7,1550.15,-0.59915671,-2.84,39.80918659
1666818421.6903903,1549.7,1550.15,-0.59915671,-2.84,39.80918659
1666818432.345971,1549.79,1549.79,-0.73411979,-4.01,37.92574989
1666818442.2442143,1549.79,1549.79,-0.73411979,-4.01,37.92574989
1666818452.205356,1549.79,1549.79,-0.73411979,-4.01,37.92574989
1666818462.2876315,1549.79,1549.31,-0.77241039,-4.49,36.29498678
1666818472.250186,1549.79,1549.31,-0.77241039,-4.49,36.29498678
1666818482.277601,1549.79,1549.31,-0.77241039,-4.49,36.29498678
1666818492.2597847,1550.9,1550.9,-0.65269778,-2.76,43.77202543
1666818502.2671337,1550.9,1550.9,-0.65269778,-2.76,43.77202543
1666818512.232883,1550.9,1550.9,-0.65269778,-2.76,43.77202543
1666818522.24695,1550.9,1551.85,-0.57691431,-1.81,48.26026895
1666818532.2092016,1550.9,1551.85,-0.57691431,-1.81,48.26026895
1666818542.281076,1550.9,1551.85,-0.57691431,-1.81,48.26026895
1666818552.5210454,1552.99,1552.99,-0.35538521,-0.06,52.78581191
1666818562.290274,1552.99,1552.99,-0.35538521,-0.06,52.78581191
1666818572.780844,1552.99,1552.99,-0.35538521,-0.06,52.78581191
1666818582.3388178,1552.99,1552.1,-0.42638236,-0.95,49.17091255
1666818592.2873638,1552.99,1552.1,-0.42638236,-0.95,49.17091255
1666818602.347541,1552.99,1552.1,-0.42638236,-0.95,49.17091255
1666818612.8444178,1552.99,1552.1,-0.42638236,-0.95,49.17091255
1666818622.7711897,1552.13,1552.13,-0.36996871,0.5,49.2848165
1666818632.801115,1552.13,1552.13,-0.36996871,0.5,49.2848165
1666818642.7647834,1552.13,1551.7,-0.40427071,0.07,47.58337272
1666818652.7410154,1552.13,1551.7,-0.40427071,0.07,47.58337272
1666818662.7525897,1552.13,1551.7,-0.40427071,0.07,47.58337272
1666818672.7815928,1551.73,1551.73,-0.38058971,-0.24,47.70518789
1666818683.012928,1551.73,1551.73,-0.38058971,-0.24,47.70518789
1666818692.78261,1551.73,1551.73,-0.38058971,-0.24,47.70518789
1666818703.0905745,1551.73,1551.2,-0.42286891,-0.77,45.60616056
1666818712.793422,1551.73,1551.2,-0.42286891,-0.77,45.60616056
1666818722.7874029,1551.73,1551.2,-0.42286891,-0.77,45.60616056
1666818733.283508,1551.4,1551.4,-0.40621453,-0.73,46.38432986
1666818743.036119,1551.4,1551.4,-0.40621453,-0.73,46.38432986
1666818752.863492,1551.4,1551.4,-0.40621453,-0.73,46.38432986
1666818763.0956972,1551.4,1550.33,-0.49157065,-1.8,42.27284237
1666818772.8278253,1551.4,1550.33,-0.49157065,-1.8,42.27284237
1666818782.7880423,1551.4,1550.33,-0.49157065,-1.8,42.27284237
1666818793.3848052,1549.35,1549.35,-0.6895891,-2.34,39.10063047
1666818803.2848525,1549.35,1549.35,-0.6895891,-2.34,39.10063047
1666818813.550558,1549.35,1549.35,-0.6895891,-2.34,39.10063047
1666818823.313862,1549.35,1548.43,-0.76297941,-3.26,36.34541216
1666818833.318405,1549.35,1548.43,-0.76297941,-3.26,36.34541216
1666818843.5042305,1549.35,1548.43,-0.76297941,-3.26,36.34541216
1666818853.28947,1548.57,1548.57,-0.88651142,-2.78,36.73936488
1666818863.550782,1548.57,1548.57,-0.88651142,-2.78,36.73936488
1666818873.3935156,1548.57,1548.57,-0.88651142,-2.78,36.73936488
1666818883.352067,1548.57,1550.0,-0.77243735,-1.35,43.47845439
1666818893.6785915,1548.57,1550.0,-0.77243735,-1.35,43.47845439
1666818903.4330575,1548.57,1550.0,-0.77243735,-1.35,43.47845439
1666818913.372766,1550.28,1550.28,-0.74021314,0.59,44.63333747
1666818923.391458,1550.28,1550.28,-0.74021314,0.59,44.63333747
1666818933.4433007,1550.28,1550.28,-0.74021314,0.59,44.63333747
1666818943.4156957,1550.28,1550.69,-0.70750659,1.0,46.36160229
1666818953.3548791,1550.28,1550.69,-0.70750659,1.0,46.36160229
1666818963.4416554,1550.28,1550.69,-0.70750659,1.0,46.36160229
1666818974.109523,1551.32,1551.32,-0.57701365,1.53,48.81658209
1666818984.1806026,1551.32,1551.32,-0.57701365,1.53,48.81658209
1666818994.103964,1551.32,1551.32,-0.57701365,1.53,48.81658209
1666819004.1497805,1551.32,1551.42,-0.56903644,1.63,49.21392087
1666819014.171672,1551.32,1551.42,-0.56903644,1.63,49.21392087
1666819024.4219315,1551.32,1551.42,-0.56903644,1.63,49.21392087
1666819034.116517,1551.44,1551.44,-0.49061111,0.55,49.29264947
1666819044.436424,1551.44,1551.44,-0.49061111,0.55,49.29264947
1666819054.2146437,1551.44,1551.44,-0.49061111,0.55,49.29264947
1666819064.0678132,1551.44,1551.56,-0.48103846,0.67,49.7955316
1666819074.1911006,1551.44,1551.56,-0.48103846,0.67,49.7955316
1666819084.318055,1551.44,1551.56,-0.48103846,0.67,49.7955316
1666819094.3184657,1551.49,1551.49,-0.41775763,-1.49,49.50340293
1666819104.3091588,1551.49,1551.49,-0.41775763,-1.49,49.50340293
1666819114.1649945,1551.49,1551.49,-0.41775763,-1.49,49.50340293
1666819124.1486218,1551.49,1551.8,-0.39302828,-1.18,50.86690032
1666819134.1249042,1551.49,1551.8,-0.39302828,-1.18,50.86690032
1666819144.2444615,1551.49,1551.8,-0.39302828,-1.18,50.86690032
1666819154.8834662,1551.81,1551.81,-0.3144228,-0.32,50.91294529
1666819164.833729,1551.81,1551.81,-0.3144228,-0.32,50.91294529
1666819174.67502,1551.81,1551.81,-0.3144228,-0.32,50.91294529
1666819185.0710845,1551.81,1552.18,-0.28490713,0.05,52.55797206
1666819194.62949,1551.81,1552.18,-0.28490713,0.05,52.55797206
1666819204.9219172,1551.81,1552.18,-0.28490713,0.05,52.55797206
1666819214.7411296,1552.33,1552.33,-0.17636155,0.61,53.19710284
1666819224.688913,1552.33,1552.33,-0.17636155,0.61,53.19710284
1666819234.7286758,1552.33,1552.33,-0.17636155,0.61,53.19710284
1666819244.71361,1552.33,1553.43,-0.08861226,1.71,57.67699564
1666819254.7091491,1552.33,1553.43,-0.08861226,1.71,57.67699564
1666819264.8445945,1552.33,1553.43,-0.08861226,1.71,57.67699564
1666819274.7658436,1553.79,1553.79,0.10833041,2.4,58.96253456
1666819284.6454377,1553.79,1553.79,0.10833041,2.4,58.96253456
1666819294.713016,1553.79,1553.79,0.10833041,2.4,58.96253456
1666819304.8461494,1553.79,1554.43,0.15938454,3.04,61.21782785
1666819314.718283,1553.79,1554.43,0.15938454,3.04,61.21782785
1666819324.7937777,1553.79,1554.43,0.15938454,3.04,61.21782785
1666819335.225571,1554.51,1554.51,0.34129277,5.15,61.45885169
1666819345.4899151,1554.51,1554.51,0.34129277,5.15,61.45885169
1666819355.4394937,1554.51,1554.51,0.34129277,5.15,61.45885169
1666819365.247635,1554.51,1554.71,0.35724718,5.35,62.17475676
1666819375.2609775,1554.51,1554.71,0.35724718,5.35,62.17475676
1666819385.278868,1554.51,1554.71,0.35724718,5.35,62.17475676
1666819395.3007028,1554.92,1554.92,0.53164184,6.35,62.88040338
1666819405.2594595,1554.92,1554.92,0.53164184,6.35,62.88040338
1666819415.2517445,1554.92,1554.92,0.53164184,6.35,62.88040338
1666819425.3204536,1554.92,1554.49,0.49733985,5.92,60.42366004
1666819435.194686,1554.92,1554.49,0.49733985,5.92,60.42366004
1666819445.2935884,1554.92,1554.49,0.49733985,5.92,60.42366004
1666819455.2659476,1553.5,1553.5,0.44959851,3.22,55.38943095
1666819465.211588,1553.5,1553.5,0.44959851,3.22,55.38943095
1666819475.2681386,1553.5,1553.5,0.44959851,3.22,55.38943095
1666819485.2027955,1553.5,1553.41,0.44241902,3.13,54.94163291
1666819495.7252595,1553.5,1553.41,0.44241902,3.13,54.94163291
1666819505.8466108,1553.5,1553.41,0.44241902,3.13,54.94163291
1666819515.9604206,1553.01,1553.01,0.39905258,1.69,53.03598184
1666819525.9867764,1553.01,1553.01,0.39905258,1.69,53.03598184
1666819535.9892592,1553.01,1553.01,0.39905258,1.69,53.03598184
1666819546.1338313,1553.01,1553.62,0.44771355,2.3,55.56703707
1666819556.047582,1553.01,1553.62,0.44771355,2.3,55.56703707
1666819565.9496906,1553.01,1553.62,0.44771355,2.3,55.56703707
1666819575.9614313,1553.74,1553.74,0.48933874,2.3,56.01888237
1666819586.0563369,1553.74,1553.74,0.48933874,2.3,56.01888237
1666819595.9291587,1553.74,1553.74,0.48933874,2.3,56.01888237
1666819606.0085618,1553.74,1553.91,0.50289999,2.47,56.72291958
1666819616.0895004,1553.74,1553.91,0.50289999,2.47,56.72291958
1666819625.994504,1553.74,1553.91,0.50289999,2.47,56.72291958
1666819636.146419,1554.14,1554.14,0.56541051,2.65,57.60826322
1666819646.0124197,1554.14,1554.14,0.56541051,2.65,57.60826322
1666819656.1974206,1554.14,1554.14,0.56541051,2.65,57.60826322
1666819666.4148312,1554.14,1554.64,0.60529655,3.15,59.59728291
1666819676.061689,1554.14,1554.64,0.60529655,3.15,59.59728291
1666819686.2058823,1554.14,1554.64,0.60529655,3.15,59.59728291
1666819696.4683,1555.0,1555.0,0.71513034,3.2,60.88462857
1666819706.563276,1555.0,1555.0,0.71513034,3.2,60.88462857
1666819716.6004107,1555.0,1555.0,0.71513034,3.2,60.88462857
1666819726.5703242,1555.0,1554.66,0.68800783,2.86,58.94269458
1666819736.5508611,1555.0,1554.66,0.68800783,2.86,58.94269458
1666819746.625851,1555.0,1554.66,0.68800783,2.86,58.94269458
1666819756.587688,1554.71,1554.71,0.72952879,2.39,59.21617413
1666819766.5834188,1554.71,1554.71,0.72952879,2.39,59.21617413
1666819776.5025482,1554.71,1554.71,0.72952879,2.39,59.21617413
1666819786.512959,1554.71,1554.06,0.67767694,1.74,55.55136769
1666819796.6766512,1554.71,1554.06,0.67767694,1.74,55.55136769
1666819806.5582178,1554.71,1554.06,0.67767694,1.74,55.55136769
1666819816.505308,1552.91,1552.91,0.49492738,-0.88,50.07221813
1666819826.8114257,1552.91,1552.91,0.49492738,-0.88,50.07221813
1666819836.5676162,1552.91,1552.91,0.49492738,-0.88,50.07221813
1666819846.578778,1552.91,1552.28,0.44467097,-1.51,47.31720397
1666819856.5742526,1552.91,1552.28,0.44467097,-1.51,47.31720397
1666819866.5588236,1552.91,1552.28,0.44467097,-1.51,47.31720397
1666819877.323997,1552.28,1552.28,0.32893247,-2.24,47.32541473
1666819887.3092237,1552.28,1552.28,0.32893247,-2.24,47.32541473
1666819897.2831776,1552.28,1552.28,0.32893247,-2.24,47.32541473
1666819907.291413,1552.28,1551.41,0.25953076,-3.11,43.7408478
1666819917.2937546,1552.28,1551.41,0.25953076,-3.11,43.7408478
1666819927.4665313,1552.28,1551.41,0.25953076,-3.11,43.7408478
1666819937.2886932,1552.58,1552.58,0.27753938,-2.33,48.76840395
1666819947.3214023,1552.58,1552.58,0.27753938,-2.33,48.76840395
1666819957.610201,1552.58,1552.58,0.27753938,-2.33,48.76840395
1666819967.401795,1552.58,1551.97,0.22887841,-2.94,46.008504
1666819977.2306566,1552.58,1551.97,0.22887841,-2.94,46.008504
1666819987.3451848,1552.58,1551.97,0.22887841,-2.94,46.008504
1666819997.902128,1551.58,1551.58,0.07399896,-1.93,44.40196327
1666820008.0289068,1551.58,1551.58,0.07399896,-1.93,44.40196327
1666820018.504143,1551.58,1551.58,0.07399896,-1.93,44.40196327
1666820028.2356503,1551.58,1551.53,0.07001035,-1.98,44.18892523
1666820037.837088,1551.58,1551.53,0.07001035,-1.98,44.18892523
1666820047.930743,1551.58,1551.53,0.07001035,-1.98,44.18892523
1666820058.5081506,1551.35,1551.35,-0.05632721,-1.66,43.43862761
1666820068.5067222,1551.35,1551.35,-0.05632721,-1.66,43.43862761
1666820078.5035446,1551.35,1551.35,-0.05632721,-1.66,43.43862761
1666820088.4281664,1551.35,1550.95,-0.08823604,-2.06,41.74245408
1666820098.536116,1551.35,1550.95,-0.08823604,-2.06,41.74245408
1666820108.5935426,1551.35,1550.95,-0.08823604,-2.06,41.74245408
1666820118.5945067,1550.25,1550.25,-0.29830064,-3.5,39.06975591
1666820128.534724,1550.25,1550.25,-0.29830064,-3.5,39.06975591
1666820138.553521,1550.25,1550.25,-0.29830064,-3.5,39.06975591
1666820149.034932,1550.25,1549.77,-0.33659124,-3.98,37.3076937
1666820158.5971143,1550.25,1549.77,-0.33659124,-3.98,37.3076937
1666820168.6171317,1550.25,1549.77,-0.33659124,-3.98,37.3076937
1666820178.5658586,1550.87,1550.87,-0.33240777,-3.28,42.58396507
1666820188.6655807,1550.87,1550.87,-0.33240777,-3.28,42.58396507
1666820198.5923147,1550.87,1550.87,-0.33240777,-3.28,42.58396507
1666820208.6427755,1550.87,1552.25,-0.2223223,-1.9,49.54750695
1666820218.5878856,1550.87,1552.25,-0.2223223,-1.9,49.54750695
1666820228.6403787,1550.87,1552.25,-0.2223223,-1.9,49.54750695
1666820239.5841851,1551.53,1551.53,-0.29765813,-3.48,46.14321673
1666820249.526566,1551.53,1551.53,-0.29765813,-3.48,46.14321673
1666820259.362356,1551.53,1551.53,-0.29765813,-3.48,46.14321673
1666820269.3189878,1551.53,1551.21,-0.32318519,-3.8,44.68771326
1666820279.3587906,1551.53,1551.21,-0.32318519,-3.8,44.68771326
1666820289.3893366,1551.53,1551.21,-0.32318519,-3.8,44.68771326
1666820299.3835506,1550.97,1550.97,-0.38621227,-3.75,43.65697775
1666820309.9381778,1550.97,1550.97,-0.38621227,-3.75,43.65697775
1666820319.3722355,1550.97,1550.97,-0.38621227,-3.75,43.65697775
1666820329.3611171,1550.97,1550.56,-0.41891883,-4.16,41.88528608
1666820339.3841968,1550.97,1550.56,-0.41891883,-4.16,41.88528608
1666820349.3144994,1550.97,1550.56,-0.41891883,-4.16,41.88528608
1666820359.4340527,1549.97,1549.97,-0.55879469,-2.93,39.59800771
1666820369.3605182,1549.97,1549.97,-0.55879469,-2.93,39.59800771
1666820379.388552,1549.97,1549.97,-0.55879469,-2.93,39.59800771
1666820389.341034,1549.97,1552.57,-0.35138729,-0.33,52.11308465
1666820399.4064076,1549.97,1552.57,-0.35138729,-0.33,52.11308465
1666820409.4706445,1549.97,1552.57,-0.35138729,-0.33,52.11308465
1666820419.969005,1552.58,1552.58,-0.25556023,0.31,52.15121579
1666820430.005194,1552.58,1552.58,-0.25556023,0.31,52.15121579
1666820440.338516,1552.58,1552.82,-0.23641493,0.55,53.11611614
1666820450.062333,1552.58,1552.82,-0.23641493,0.55,53.11611614
1666820459.99846,1552.58,1552.82,-0.23641493,0.55,53.11611614
1666820470.4339948,1552.58,1552.82,-0.23641493,0.55,53.11611614
1666820480.068749,1553.98,1553.98,0.02032872,1.4,57.26542331
1666820490.385611,1553.98,1553.98,0.02032872,1.4,57.26542331
1666820500.1247208,1553.98,1553.98,0.02032872,1.4,57.26542331
1666820510.0544133,1553.98,1554.67,0.07537145,2.09,59.57722685
1666820519.9894676,1553.98,1554.67,0.07537145,2.09,59.57722685
1666820529.976018,1553.98,1554.67,0.07537145,2.09,59.57722685
1666820540.0111058,1553.83,1553.83,0.1269207,2.25,56.56693786
1666820550.004368,1553.83,1553.83,0.1269207,2.25,56.56693786
1666820560.237992,1553.83,1553.83,0.1269207,2.25,56.56693786
1666820570.0142937,1553.83,1553.52,0.10219135,1.94,55.07190713
1666820580.056972,1553.83,1553.52,0.10219135,1.94,55.07190713
1666820590.064438,1553.83,1553.52,0.10219135,1.94,55.07190713
1666820601.0087914,1554.97,1554.97,0.3795147,3.62,60.50931222
1666820611.0219345,1554.97,1554.97,0.3795147,3.62,60.50931222
1666820620.7629988,1554.97,1554.69,0.35717852,3.34,59.09060202
1666820630.8414876,1554.97,1554.69,0.35717852,3.34,59.09060202
1666820640.732144,1554.97,1554.69,0.35717852,3.34,59.09060202
1666820650.824239,1553.89,1553.89,0.34855422,3.63,55.37496208
1666820660.7892888,1553.89,1553.89,0.34855422,3.63,55.37496208
1666820670.7841375,1553.89,1553.89,0.34855422,3.63,55.37496208
1666820680.8419917,1553.89,1554.99,0.43630351,4.73,59.16510043
1666820690.7065094,1553.89,1554.99,0.43630351,4.73,59.16510043
1666820700.7767596,1553.89,1554.99,0.43630351,4.73,59.16510043
1666820710.7856648,1555.13,1555.13,0.56312334,4.32,59.60416471
1666820720.7604375,1555.13,1555.13,0.56312334,4.32,59.60416471
1666820730.8520918,1555.13,1555.13,0.56312334,4.32,59.60416471
1666820740.7202563,1555.13,1556.08,0.63890682,5.27,62.53206903
1666820750.8696797,1555.13,1556.08,0.63890682,5.27,62.53206903
1666820761.2866502,1555.13,1556.08,0.63890682,5.27,62.53206903
1666820770.7638538,1555.74,1555.74,0.73417243,4.22,61.53425467
1666820781.47481,1555.74,1555.74,0.73417243,4.22,61.53425467
1666820791.563387,1555.74,1555.74,0.73417243,4.22,61.53425467
1666820801.5731485,1555.74,1555.43,0.70944308,3.91,59.96619004
1666820811.58806,1555.74,1555.43,0.70944308,3.91,59.96619004
1666820821.560342,1555.74,1555.43,0.70944308,3.91,59.96619004
1666820831.5453334,1555.74,1555.43,0.70944308,3.91,59.96619004
1666820841.757435,1555.3,1555.3,0.75949442,4.32,59.33214701
1666820851.5606248,1555.3,1555.3,0.75949442,4.32,59.33214701
1666820861.524673,1555.3,1554.98,0.73396736,4.0,57.71448273
1666820871.5643942,1555.3,1554.98,0.73396736,4.0,57.71448273
1666820881.5871515,1555.3,1554.98,0.73396736,4.0,57.71448273
1666820891.9221215,1554.6,1554.6,0.69984032,4.64,55.90093386
1666820901.5326097,1554.6,1554.6,0.69984032,4.64,55.90093386
1666820911.5657628,1554.6,1554.6,0.69984032,4.64,55.90093386
1666820922.1087751,1554.6,1553.6,0.62006824,3.64,51.33836604
1666820931.5630958,1554.6,1553.6,0.62006824,3.64,51.33836604
1666820941.6823215,1554.6,1553.6,0.62006824,3.64,51.33836604
1666820951.4634168,1553.07,1553.07,0.47135153,0.49,49.21394244
1666820962.1790102,1553.07,1553.07,0.47135153,0.49,49.21394244
1666820972.2403574,1553.07,1553.07,0.47135153,0.49,49.21394244
1666820982.2427206,1553.07,1552.91,0.458588,0.33,48.55799653
1666820992.2607644,1553.07,1552.91,0.458588,0.33,48.55799653
1666821002.2061307,1553.07,1552.91,0.458588,0.33,48.55799653
1666821012.2928767,1553.8,1553.8,0.4857925,-0.19,52.15494533
1666821022.2696028,1553.8,1553.8,0.4857925,-0.19,52.15494533
1666821032.2405384,1553.8,1553.8,0.4857925,-0.19,52.15494533
1666821042.301607,1553.8,1553.8,0.4857925,-0.19,52.15494533
1666821052.2234297,1553.8,1553.8,0.4857925,-0.19,52.15494533
1666821062.3099234,1553.8,1553.8,0.4857925,-0.19,52.15494533
1666821072.460493,1553.8,1553.8,0.4857925,-0.19,52.15494533
1666821082.3262522,1553.99,1553.99,0.47342979,0.16,52.91836011
1666821092.2707107,1553.99,1553.99,0.47342979,0.16,52.91836011
1666821102.3214457,1553.99,1554.97,0.55160643,1.14,56.75147605
1666821112.9257402,1553.99,1554.97,0.55160643,1.14,56.75147605
1666821122.2607138,1553.99,1554.97,0.55160643,1.14,56.75147605
1666821132.255208,1553.96,1553.96,0.44161701,-1.01,52.77344609
1666821142.7454991,1553.96,1553.96,0.44161701,-1.01,52.77344609
1666821152.7823184,1553.96,1553.96,0.44161701,-1.01,52.77344609
1666821162.73128,1553.96,1553.21,0.38178795,-1.76,49.19479232
1666821172.922444,1553.96,1553.21,0.38178795,-1.76,49.19479232
1666821182.7372017,1553.96,1553.21,0.38178795,-1.76,49.19479232
1666821192.7288182,1553.49,1553.49,0.34710351,-0.39,50.47706579
1666821202.8022184,1553.49,1553.49,0.34710351,-0.39,50.47706579
1666821212.7385998,1553.49,1553.49,0.34710351,-0.39,50.47706579
1666821222.713937,1553.49,1553.82,0.37342829,-0.06,52.05683052
1666821232.7235162,1553.49,1553.82,0.37342829,-0.06,52.05683052
1666821242.8123994,1553.49,1553.82,0.37342829,-0.06,52.05683052
1666821252.8969336,1554.33,1554.33,0.41722721,-0.79,54.31259288
1666821262.900054,1554.33,1554.33,0.41722721,-0.79,54.31259288
1666821273.1882951,1554.33,1554.33,0.41722721,-0.79,54.31259288
1666821282.8392658,1554.33,1553.82,0.37654345,-1.3,51.70025723
1666821292.8359542,1554.33,1553.82,0.37654345,-1.3,51.70025723
1666821302.839939,1554.33,1553.82,0.37654345,-1.3,51.70025723
1666821312.7988048,1553.07,1553.07,0.23680549,-2.67,48.28152791
1666821323.4360957,1553.07,1553.07,0.23680549,-2.67,48.28152791
1666821333.4948685,1553.07,1553.07,0.23680549,-2.67,48.28152791
1666821343.3781898,1553.07,1552.82,0.21686247,-2.92,47.15665477
1666821353.3985298,1553.07,1552.82,0.21686247,-2.92,47.15665477
1666821363.450723,1553.07,1552.82,0.21686247,-2.92,47.15665477
1666821373.3493044,1552.13,1552.13,0.03924442,-3.17,44.31514633
1666821383.3712225,1552.13,1552.13,0.03924442,-3.17,44.31514633
1666821393.3565269,1552.13,1552.13,0.03924442,-3.17,44.31514633
1666821403.3762248,1552.13,1552.35,0.05679427,-2.95,45.44392133
1666821413.3894567,1552.13,1552.35,0.05679427,-2.95,45.44392133
1666821423.5025969,1552.13,1552.35,0.05679427,-2.95,45.44392133
1666821433.7202115,1552.95,1552.95,0.05929554,-1.66,48.30171175
1666821443.41593,1552.95,1552.95,0.05929554,-1.66,48.30171175
1666821453.4452662,1552.95,1552.95,0.05929554,-1.66,48.30171175
1666821463.39702,1552.95,1552.84,0.05052061,-1.77,47.80811708
1666821473.472927,1552.95,1552.84,0.05052061,-1.77,47.80811708
1666821483.4181566,1552.95,1552.84,0.05052061,-1.77,47.80811708
1666821493.399912,1551.92,1551.92,-0.12253266,-1.14,44.04088731
1666821504.221768,1551.92,1551.92,-0.12253266,-1.14,44.04088731
1666821514.1223617,1551.92,1551.92,-0.12253266,-1.14,44.04088731
1666821524.0875998,1551.92,1551.96,-0.11934178,-1.1,44.23583715
1666821534.0590973,1551.92,1551.96,-0.11934178,-1.1,44.23583715
1666821544.3350096,1551.92,1551.96,-0.11934178,-1.1,44.23583715
1666821554.149284,1551.7,1551.7,-0.23032863,-2.09,43.16267157
1666821564.0255227,1551.7,1551.7,-0.23032863,-2.09,43.16267157
1666821574.0521915,1551.7,1551.7,-0.23032863,-2.09,43.16267157
1666821584.2173803,1551.7,1551.13,-0.27579872,-2.66,40.89521664
1666821594.5345168,1551.7,1551.13,-0.27579872,-2.66,40.89521664
1666821604.1033869,1551.7,1551.13,-0.27579872,-2.66,40.89521664
1666821614.227857,1550.72,1550.72,-0.43818559,-3.27,39.42909881
1666821624.1367326,1550.72,1550.72,-0.43818559,-3.27,39.42909881
1666821634.1597936,1550.72,1550.72,-0.43818559,-3.27,39.42909881
1666821644.2829716,1550.72,1551.26,-0.39510866,-2.73,42.39843781
1666821654.117594,1550.72,1551.26,-0.39510866,-2.73,42.39843781
1666821664.1364636,1550.72,1551.26,-0.39510866,-2.73,42.39843781
1666821674.1046755,1551.55,1551.55,-0.41683755,-2.4,43.87600939
1666821684.8417263,1551.55,1551.55,-0.41683755,-2.4,43.87600939
1666821694.727625,1551.55,1551.55,-0.41683755,-2.4,43.87600939
1666821704.7689888,1551.55,1551.28,-0.43837601,-2.67,42.77583085
1666821714.736004,1551.55,1551.28,-0.43837601,-2.67,42.77583085
1666821724.7837389,1551.55,1551.28,-0.43837601,-2.67,42.77583085
1666821734.825217,1550.81,1550.81,-0.55184441,-2.67,40.9868145
1666821744.8972268,1550.81,1550.81,-0.55184441,-2.67,40.9868145
1666821755.0894792,1550.81,1550.81,-0.55184441,-2.67,40.9868145
1666821764.9773843,1550.81,1549.9,-0.624437,-3.58,37.69923257
1666821774.778904,1550.81,1549.9,-0.624437,-3.58,37.69923257
1666821784.984934,1550.81,1549.9,-0.624437,-3.58,37.69923257
1666821794.9998586,1546.72,1546.72,-1.18325314,-7.6,29.44569764
1666821804.8333545,1546.72,1546.72,-1.18325314,-7.6,29.44569764
1666821814.8696427,1546.72,1546.72,-1.18325314,-7.6,29.44569764
1666821824.7999103,1546.72,1547.19,-1.14576027,-7.13,31.82150021
1666821834.8431556,1546.72,1547.19,-1.14576027,-7.13,31.82150021
1666821845.198238,1546.72,1547.19,-1.14576027,-7.13,31.82150021
1666821854.9915938,1545.16,1545.16,-1.62874889,-7.9,26.39168481
1666821865.663929,1545.16,1545.16,-1.62874889,-7.9,26.39168481
1666821875.6976526,1545.16,1545.16,-1.62874889,-7.9,26.39168481
1666821885.7149713,1545.16,1545.31,-1.61678307,-7.75,27.14107934
1666821895.656179,1545.16,1545.31,-1.61678307,-7.75,27.14107934
1666821905.9374385,1545.16,1545.31,-1.61678307,-7.75,27.14107934
1666821915.6337662,1543.58,1543.58,-2.08631719,-8.55,23.74821627
1666821925.647397,1543.58,1543.58,-2.08631719,-8.55,23.74821627
1666821935.5852537,1543.58,1543.58,-2.08631719,-8.55,23.74821627
1666821946.288159,1543.58,1544.24,-2.03366762,-7.89,27.07626753
1666821955.9022803,1543.58,1544.24,-2.03366762,-7.89,27.07626753
1666821965.645055,1543.58,1544.24,-2.03366762,-7.89,27.07626753
1666821975.6647422,1545.11,1545.11,-2.10599229,-7.85,31.04684161
1666821985.7017746,1545.11,1545.11,-2.10599229,-7.85,31.04684161
1666821995.6586545,1545.11,1545.11,-2.10599229,-7.85,31.04684161
1666822005.7021656,1545.11,1545.05,-2.11077861,-7.91,30.89628184
1666822015.7135963,1545.11,1545.05,-2.11077861,-7.91,30.89628184
1666822025.6738648,1545.11,1545.05,-2.11077861,-7.91,30.89628184
1666822035.6466718,1548.77,1548.77,-1.67440395,-3.16,44.68471216
1666822046.4888835,1548.77,1548.77,-1.67440395,-3.16,44.68471216
1666822056.4238443,1548.77,1548.77,-1.67440395,-3.16,44.68471216
1666822066.4310205,1548.77,1548.73,-1.67759484,-3.2,44.58107971
1666822076.4683316,1548.77,1548.73,-1.67759484,-3.2,44.58107971
1666822086.425417,1548.77,1548.73,-1.67759484,-3.2,44.58107971
1666822096.424244,1550.44,1550.44,-1.3098653,-1.27,49.57619533
1666822106.6587453,1550.44,1550.44,-1.3098653,-1.27,49.57619533
1666822116.4269562,1550.44,1550.44,-1.3098653,-1.27,49.57619533
1666822126.615196,1550.44,1553.27,-1.08411031,1.56,56.59157951
1666822136.5101523,1550.44,1553.27,-1.08411031,1.56,56.59157951
1666822146.407529,1550.44,1553.27,-1.08411031,1.56,56.59157951
1666822156.6009822,1554.96,1554.96,-0.47475564,4.25,59.91054872
1666822166.4695814,1554.96,1554.96,-0.47475564,4.25,59.91054872
1666822176.499398,1554.96,1554.96,-0.47475564,4.25,59.91054872
1666822186.40085,1554.96,1570.59,0.77208197,19.88,77.28033059
1666822196.4513073,1554.96,1570.59,0.77208197,19.88,77.28033059
1666822206.4859755,1554.96,1570.59,0.77208197,19.88,77.28033059
1666822216.429634,1566.44,1566.44,1.52404564,14.89,74.32853592
1666822226.9397807,1566.44,1566.44,1.52404564,14.89,74.32853592
1666822237.02908,1566.44,1566.44,1.52404564,14.89,74.32853592
1666822247.000867,1566.44,1561.33,1.11641031,9.78,63.41094719
1666822256.9600456,1566.44,1561.33,1.11641031,9.78,63.41094719
1666822267.1133895,1566.44,1561.33,1.11641031,9.78,63.41094719
1666822276.976055,1560.53,1560.53,1.5197526,9.72,61.97786279
1666822287.0440552,1560.53,1560.53,1.5197526,9.72,61.97786279
1666822297.0406773,1560.53,1560.53,1.5197526,9.72,61.97786279
1666822307.0049343,1560.53,1561.0,1.55724548,10.19,62.5113808
1666822316.9891374,1560.53,1561.0,1.55724548,10.19,62.5113808
1666822326.975019,1560.53,1561.0,1.55724548,10.19,62.5113808
1666822337.0670445,1558.9,1558.9,1.63803023,12.18,59.06367348
1666822347.0052276,1558.9,1558.9,1.63803023,12.18,59.06367348
1666822356.9838803,1558.9,1558.9,1.63803023,12.18,59.06367348
1666822367.2160904,1558.9,1560.79,1.78879946,14.07,61.33452703
1666822376.9851203,1558.9,1560.79,1.78879946,14.07,61.33452703
1666822387.041404,1558.9,1560.79,1.78879946,14.07,61.33452703
1666822397.0861387,1561.78,1561.78,2.22226992,16.61,62.41785982
1666822407.535152,1561.78,1561.78,2.22226992,16.61,62.41785982
1666822417.539157,1561.78,1561.78,2.22226992,16.61,62.41785982
1666822427.8389528,1561.78,1559.65,2.05235539,14.48,58.5870742
1666822437.638294,1561.78,1559.65,2.05235539,14.48,58.5870742
1666822447.8086896,1561.78,1559.65,2.05235539,14.48,58.5870742
1666822457.6134431,1559.26,1559.26,2.11782554,15.69,57.93602668
1666822467.5439034,1559.26,1559.26,2.11782554,15.69,57.93602668
1666822477.5510426,1559.26,1559.26,2.11782554,15.69,57.93602668
1666822487.605795,1559.26,1560.42,2.21036115,16.85,59.38183025
1666822497.5772283,1559.26,1560.42,2.21036115,16.85,59.38183025
1666822507.6161764,1559.26,1560.42,2.21036115,16.85,59.38183025
1666822517.5367396,1560.83,1560.83,2.39129897,15.73,59.86935981
1666822527.5849438,1560.83,1560.83,2.39129897,15.73,59.86935981
1666822537.5505323,1560.83,1560.83,2.39129897,15.73,59.86935981
1666822547.559325,1560.83,1560.85,2.39289441,15.75,59.89464777
1666822557.547634,1560.83,1560.85,2.39289441,15.75,59.89464777
1666822567.5737896,1560.83,1560.85,2.39289441,15.75,59.89464777
1666822577.5634215,1560.1,1560.1,2.37760459,11.32,58.52109825
1666822588.1657274,1560.1,1560.1,2.37760459,11.32,58.52109825
1666822598.3112206,1560.1,1560.1,2.37760459,11.32,58.52109825
1666822608.1689012,1560.1,1557.57,2.17578123,8.79,53.98803278
1666822618.5652628,1560.1,1557.57,2.17578123,8.79,53.98803278
1666822628.291379,1560.1,1557.57,2.17578123,8.79,53.98803278
1666822638.159112,1557.8,1557.8,2.05903017,7.35,54.36929244
1666822648.101994,1557.8,1557.8,2.05903017,7.35,54.36929244
1666822658.0697424,1557.8,1557.8,2.05903017,7.35,54.36929244
1666822668.176508,1557.8,1558.8,2.13880225,8.35,55.83488769
1666822678.2623005,1557.8,1558.8,2.13880225,8.35,55.83488769
1666822688.1157255,1557.8,1558.8,2.13880225,8.35,55.83488769
1666822698.1783302,1559.64,1559.64,2.19045091,4.67,56.9951432
1666822708.1217265,1559.64,1559.64,2.19045091,4.67,56.9951432
1666822718.2146845,1559.64,1559.64,2.19045091,4.67,56.9951432
1666822728.1542838,1559.64,1561.85,2.36674721,6.88,59.97441201
1666822738.2006035,1559.64,1561.85,2.36674721,6.88,59.97441201
1666822748.2609591,1559.64,1561.85,2.36674721,6.88,59.97441201
1666822758.2003443,1562.08,1562.08,2.49837888,-4.35,60.26092578
1666822768.822328,1562.08,1562.08,2.49837888,-4.35,60.26092578
1666822778.9289055,1562.08,1562.08,2.49837888,-4.35,60.26092578
1666822788.7005715,1562.08,1562.48,2.53028771,-3.95,60.78665068
1666822798.619336,1562.08,1562.48,2.53028771,-3.95,60.78665068
1666822808.6437757,1562.08,1562.48,2.53028771,-3.95,60.78665068
1666822818.663436,1563.31,1563.31,2.73253853,2.79,61.83433804
1666822828.724897,1563.31,1563.31,2.73253853,2.79,61.83433804
1666822838.621882,1563.31,1563.31,2.73253853,2.79,61.83433804
1666822848.6115632,1563.31,1564.96,2.86416246,4.44,63.89926343
1666822858.6875465,1563.31,1564.96,2.86416246,4.44,63.89926343
1666822868.662007,1563.31,1564.96,2.86416246,4.44,63.89926343
1666822878.6471276,1564.45,1564.45,2.96913576,5.56,63.28527803
1666822888.7589593,1564.45,1564.45,2.96913576,5.56,63.28527803
1666822898.6612048,1564.45,1564.45,2.96913576,5.56,63.28527803
1666822908.6049547,1564.45,1569.12,3.34167137,10.23,68.55850592
1666822918.7185276,1564.45,1569.12,3.34167137,10.23,68.55850592
1666822928.761552,1564.45,1569.12,3.34167137,10.23,68.55850592
1666822938.826691,1569.83,1569.83,3.80994843,8.04,69.23039819
1666822949.5216594,1569.83,1569.83,3.80994843,8.04,69.23039819
1666822959.4676943,1569.83,1569.83,3.80994843,8.04,69.23039819
1666822969.8425596,1569.83,1573.13,4.07319629,11.34,72.20360559
1666822979.4371295,1569.83,1573.13,4.07319629,11.34,72.20360559
1666822989.5314598,1569.83,1573.13,4.07319629,11.34,72.20360559
1666822999.4717555,1567.86,1567.86,3.81055521,8.6,65.07508493
1666823009.463266,1567.86,1567.86,3.81055521,8.6,65.07508493
1666823019.3900492,1567.86,1567.86,3.81055521,8.6,65.07508493
1666823029.385625,1567.86,1568.17,3.83528455,8.91,65.42674845
1666823039.562259,1567.86,1568.17,3.83528455,8.91,65.42674845
1666823049.447556,1567.86,1568.17,3.83528455,8.91,65.42674845
1666823059.3921654,1569.57,1569.57,4.13245933,8.74,66.93053259
1666823069.4616508,1569.57,1569.57,4.13245933,8.74,66.93053259
1666823079.4243326,1569.57,1569.57,4.13245933,8.74,66.93053259
1666823089.4002223,1569.57,1569.0,4.08698924,8.17,65.67797831
1666823099.4735627,1569.57,1569.0,4.08698924,8.17,65.67797831
1666823109.4326692,1569.57,1569.0,4.08698924,8.17,65.67797831
1666823119.4539833,1568.78,1568.78,4.11840345,8.67,65.19795018
1666823130.8247194,1568.78,1568.78,4.11840345,8.67,65.19795018
1666823140.2275283,1568.78,1568.78,4.11840345,8.67,65.19795018
1666823150.272515,1568.78,1570.42,4.24922966,10.31,67.09124328
1666823160.1547036,1568.78,1570.42,4.24922966,10.31,67.09124328
1666823170.2056408,1568.78,1570.42,4.24922966,10.31,67.09124328
1666823180.2893977,1569.62,1569.62,4.22920173,11.83,66.19412152
1666823190.2258928,1569.62,1569.62,4.22920173,11.83,66.19412152
1666823200.2192369,1569.62,1569.62,4.22920173,11.83,66.19412152
1666823210.2322598,1569.62,1568.17,4.11353221,10.38,62.84981102
1666823220.24496,1569.62,1568.17,4.11353221,10.38,62.84981102
1666823230.2350905,1569.62,1568.17,4.11353221,10.38,62.84981102
1666823240.3722196,1569.27,1569.27,4.16645292,9.63,65.35287974
1666823250.3041022,1569.27,1569.27,4.16645292,9.63,65.35287974
1666823260.338336,1569.27,1569.27,4.16645292,9.63,65.35287974
1666823270.308177,1569.27,1568.97,4.1425213,9.33,64.59674964
1666823280.2948222,1569.27,1568.97,4.1425213,9.33,64.59674964
1666823290.8750527,1569.28,1569.28,4.09185735,7.2,65.36743211
1666823300.3932493,1569.28,1569.28,4.09185735,7.2,65.36743211
1666823310.9468615,1569.28,1569.28,4.09185735,7.2,65.36743211
1666823320.9186614,1569.28,1570.0,4.14929325,7.92,66.38402041
1666823330.885957,1569.28,1570.0,4.14929325,7.92,66.38402041
1666823340.9841225,1569.28,1570.0,4.14929325,7.92,66.38402041
1666823350.9355812,1569.59,1569.59,4.03060505,6.28,65.81257043
1666823360.961583,1569.59,1569.59,4.03060505,6.28,65.81257043
1666823370.893815,1569.59,1569.59,4.03060505,6.28,65.81257043
1666823381.0989077,1569.59,1571.06,4.14787001,7.75,67.91832452
1666823390.876468,1569.59,1571.06,4.14787001,7.75,67.91832452
1666823400.9638295,1569.59,1571.06,4.14787001,7.75,67.91832452
1666823411.1357603,1571.92,1571.92,4.2472982,7.47,69.01664329
1666823420.8879747,1571.92,1571.92,4.2472982,7.47,69.01664329
1666823430.8968203,1571.92,1571.92,4.2472982,7.47,69.01664329
1666823440.918912,1571.92,1572.24,4.27282526,7.79,69.45888835
1666823451.3789344,1571.92,1572.24,4.27282526,7.79,69.45888835
1666823461.1418092,1571.92,1572.24,4.27282526,7.79,69.45888835
1666823470.9924736,1571.92,1572.24,4.27282526,7.79,69.45888835
1666823481.0142567,1572.2,1572.2,4.26200245,2.37,69.40631955
1666823491.826564,1572.2,1572.2,4.26200245,2.37,69.40631955
1666823501.9127195,1572.2,1575.09,4.49254376,5.26,73.01969154
1666823511.8956068,1572.2,1575.09,4.49254376,5.26,73.01969154
1666823521.8546777,1572.2,1575.09,4.49254376,5.26,73.01969154
1666823531.9160087,1574.95,1574.95,4.59558414,7.09,72.8652929
1666823541.9593518,1574.95,1574.95,4.59558414,7.09,72.8652929
1666823551.899658,1574.95,1574.95,4.59558414,7.09,72.8652929
1666823561.9247084,1574.95,1576.93,4.75353285,9.07,75.05179783
1666823571.9093676,1574.95,1576.93,4.75353285,9.07,75.05179783
1666823581.9153185,1574.95,1576.93,4.75353285,9.07,75.05179783
1666823591.8908818,1574.95,1576.93,4.75353285,9.07,75.05179783
1666823601.948984,1574.03,1574.03,4.50326388,4.46,70.03118486
1666823612.3515904,1574.03,1574.03,4.50326388,4.46,70.03118486
1666823621.9408164,1574.03,1572.37,4.37084222,2.8,65.07881488
1666823631.951348,1574.03,1572.37,4.37084222,2.8,65.07881488
1666823641.8948526,1574.03,1572.37,4.37084222,2.8,65.07881488
1666823651.9486926,1570.99,1570.99,4.00675561,2.22,61.45733003
1666823661.964341,1570.99,1570.99,4.00675561,2.22,61.45733003
1666823672.5028365,1570.99,1570.99,4.00675561,2.22,61.45733003
1666823682.4922018,1570.99,1571.37,4.037069,2.6,62.08115804
1666823692.5167875,1570.99,1571.37,4.037069,2.6,62.08115804
1666823702.4176493,1570.99,1571.37,4.037069,2.6,62.08115804
1666823712.5305977,1570.99,1571.37,4.037069,2.6,62.08115804
1666823722.6260903,1570.4,1570.4,3.67869605,0.78,59.92790384
1666823732.545164,1570.4,1570.4,3.67869605,0.78,59.92790384
1666823742.4655285,1570.4,1571.94,3.80154505,2.32,62.54981203
1666823752.5034115,1570.4,1571.94,3.80154505,2.32,62.54981203
1666823762.4883516,1570.4,1571.94,3.80154505,2.32,62.54981203
1666823772.7199695,1569.89,1569.89,3.3457676,0.61,58.57555997
1666823782.5824387,1569.89,1569.89,3.3457676,0.61,58.57555997
1666823792.582924,1569.89,1569.89,3.3457676,0.61,58.57555997
1666823802.8051744,1569.89,1569.21,3.29152258,-0.07,56.72819683
1666823812.6926425,1569.89,1569.21,3.29152258,-0.07,56.72819683
1666823822.5211515,1569.89,1569.21,3.29152258,-0.07,56.72819683
1666823832.546835,1571.27,1571.27,3.27251189,2.0,61.1548767
1666823842.4908998,1571.27,1571.27,3.27251189,2.0,61.1548767
1666823853.0543983,1571.27,1571.27,3.27251189,2.0,61.1548767
1666823863.1756916,1571.27,1571.11,3.25974835,1.84,60.6950315
1666823872.999393,1571.27,1571.11,3.25974835,1.84,60.6950315
1666823883.1743271,1571.27,1571.11,3.25974835,1.84,60.6950315
1666823892.9726384,1571.7,1571.7,3.1529858,2.11,61.94713556
1666823903.0974016,1571.7,1571.7,3.1529858,2.11,61.94713556
1666823913.008594,1571.7,1571.7,3.1529858,2.11,61.94713556
1666823923.0233035,1571.7,1570.53,3.05965246,0.94,58.45376103
1666823932.9347596,1571.7,1570.53,3.05965246,0.94,58.45376103
1666823942.9954443,1571.7,1570.53,3.05965246,0.94,58.45376103
1666823952.941622,1569.82,1569.82,2.73138818,-2.11,56.51756157
1666823963.438172,1569.82,1569.82,2.73138818,-2.11,56.51756157
1666823973.0614188,1569.82,1569.82,2.73138818,-2.11,56.51756157
1666823983.0906808,1569.82,1570.23,2.76409473,-1.7,57.40153045
1666823993.2104995,1569.82,1570.23,2.76409473,-1.7,57.40153045
1666824002.961023,1569.82,1570.23,2.76409473,-1.7,57.40153045
1666824012.9822211,1570.83,1570.83,2.62959989,-1.37,58.62355458
1666824022.9829514,1570.83,1570.83,2.62959989,-1.37,58.62355458
1666824033.3548112,1570.83,1570.83,2.62959989,-1.37,58.62355458
1666824043.3579674,1570.83,1571.83,2.70937197,-0.37,60.64968516
1666824053.3846908,1570.83,1571.83,2.70937197,-0.37,60.64968516
1666824063.301783,1570.83,1571.83,2.70937197,-0.37,60.64968516
1666824073.415498,1570.48,1570.48,2.40728292,-4.46,57.5857812
1666824083.390625,1570.48,1570.48,2.40728292,-4.46,57.5857812
1666824093.3963602,1570.48,1570.48,2.40728292,-4.46,57.5857812
1666824103.343593,1570.48,1571.07,2.45434845,-3.87,58.90638746
1666824113.3481896,1570.48,1571.07,2.45434845,-3.87,58.90638746
1666824123.6876378,1570.48,1571.07,2.45434845,-3.87,58.90638746
1666824133.408308,1569.68,1569.68,2.11445437,-4.35,55.18125996
1666824143.5453124,1569.68,1569.68,2.11445437,-4.35,55.18125996
1666824154.096892,1569.68,1569.68,2.11445437,-4.35,55.18125996
1666824163.382106,1569.68,1570.66,2.19263101,-3.37,57.52120836
1666824173.4210837,1569.68,1570.66,2.19263101,-3.37,57.52120836
1666824183.6746078,1569.68,1570.66,2.19263101,-3.37,57.52120836
1666824193.3591905,1569.68,1570.66,2.19263101,-3.37,57.52120836
1666824203.4369638,1569.94,1569.94,1.94830369,-1.04,55.81800002
1666824214.065354,1569.94,1569.94,1.94830369,-1.04,55.81800002
1666824224.2210956,1569.94,1568.94,1.86853161,-2.04,52.6787374
1666824234.261214,1569.94,1568.94,1.86853161,-2.04,52.6787374
1666824244.13721,1569.94,1568.94,1.86853161,-2.04,52.6787374
1666824254.134715,1569.04,1569.04,1.65182466,-1.35,52.97668381
1666824264.1212995,1569.04,1569.04,1.65182466,-1.35,52.97668381
1666824274.1622694,1569.04,1569.04,1.65182466,-1.35,52.97668381
1666824284.089691,1569.04,1567.62,1.53854831,-2.77,48.75938801
1666824294.1507196,1569.04,1567.62,1.53854831,-2.77,48.75938801
1666824304.1005988,1569.04,1567.62,1.53854831,-2.77,48.75938801
1666824314.4702308,1566.03,1566.03,1.03146476,-3.87,44.7688284
1666824324.1514966,1566.03,1566.03,1.03146476,-3.87,44.7688284
1666824334.082463,1566.03,1566.03,1.03146476,-3.87,44.7688284
1666824344.1336906,1566.03,1567.82,1.17425678,-2.08,49.75439191
1666824354.0807202,1566.03,1567.82,1.17425678,-2.08,49.75439191
1666824364.4170558,1566.03,1567.82,1.17425678,-2.08,49.75439191
1666824374.4209912,1567.34,1567.34,0.90636565,-3.92,48.51003708
1666824384.0475814,1567.34,1567.34,0.90636565,-3.92,48.51003708
1666824395.142604,1567.34,1567.34,0.90636565,-3.92,48.51003708
1666824405.1114604,1567.34,1568.05,0.96300382,-3.21,50.46724496
1666824415.048904,1567.34,1568.05,0.96300382,-3.21,50.46724496
1666824425.068959,1567.34,1568.05,0.96300382,-3.21,50.46724496
1666824435.0264025,1567.4,1567.4,0.72525698,-4.3,48.68139816
1666824445.1225176,1567.4,1567.4,0.72525698,-4.3,48.68139816
1666824455.0049047,1567.4,1567.4,0.72525698,-4.3,48.68139816
1666824465.0602908,1567.4,1566.64,0.66463019,-5.06,46.56733471
1666824475.217398,1567.4,1566.64,0.66463019,-5.06,46.56733471
1666824485.0652337,1567.4,1566.64,0.66463019,-5.06,46.56733471
1666824494.9705715,1565.25,1565.25,0.26741836,-4.58,43.14087865
1666824505.4206955,1565.25,1565.25,0.26741836,-4.58,43.14087865
1666824515.0927892,1565.25,1565.25,0.26741836,-4.58,43.14087865
1666824525.1547632,1565.25,1564.99,0.24667762,-4.84,42.51078351
1666824535.105078,1565.25,1564.99,0.24667762,-4.84,42.51078351
1666824545.0675056,1565.25,1564.99,0.24667762,-4.84,42.51078351
1666824555.0982628,1565.5,1565.5,0.07599583,-5.33,43.94475098
1666824565.1151702,1565.5,1565.5,0.07599583,-5.33,43.94475098
1666824575.5363848,1565.5,1565.5,0.07599583,-5.33,43.94475098
1666824585.6268091,1565.5,1565.71,0.09274796,-5.12,44.64113667
1666824595.6167834,1565.5,1565.71,0.09274796,-5.12,44.64113667
1666824605.580706,1565.5,1565.71,0.09274796,-5.12,44.64113667
1666824615.579101,1564.39,1564.39,-0.24739147,-6.09,41.17928413
1666824625.588638,1564.39,1564.39,-0.24739147,-6.09,41.17928413
1666824635.567231,1564.39,1564.39,-0.24739147,-6.09,41.17928413
1666824645.581018,1564.39,1564.13,-0.26813221,-6.35,40.53624244
1666824655.5901682,1564.39,1564.13,-0.26813221,-6.35,40.53624244
1666824665.8168154,1564.39,1564.13,-0.26813221,-6.35,40.53624244
1666824675.5338185,1565.77,1565.77,-0.23410863,-3.91,45.74246092
1666824685.5649452,1565.77,1565.77,-0.23410863,-3.91,45.74246092
1666824695.7308955,1565.77,1565.77,-0.23410863,-3.91,45.74246092
1666824705.5035603,1565.77,1565.55,-0.25165849,-4.13,45.13994136
1666824715.5202465,1565.77,1565.55,-0.25165849,-4.13,45.13994136
1666824725.5909564,1565.77,1565.55,-0.25165849,-4.13,45.13994136
1666824735.5770946,1564.51,1564.51,-0.48478408,-5.44,42.49210219
1666824745.638745,1564.51,1564.51,-0.48478408,-5.44,42.49210219
1666824755.9994016,1564.51,1564.51,-0.48478408,-5.44,42.49210219
1666824766.1296625,1564.51,1562.68,-0.63076699,-7.27,38.24417348
1666824776.2754486,1564.51,1562.68,-0.63076699,-7.27,38.24417348
1666824786.1436467,1564.51,1562.68,-0.63076699,-7.27,38.24417348
1666824796.247945,1563.86,1563.86,-0.68941887,-5.18,40.87931232
1666824806.163257,1563.86,1563.86,-0.68941887,-5.18,40.87931232
1666824816.1798089,1563.86,1563.86,-0.68941887,-5.18,40.87931232
1666824826.0575478,1563.86,1563.31,-0.73329351,-5.73,39.51271532
1666824836.2094398,1563.86,1563.31,-0.73329351,-5.73,39.51271532
1666824846.135209,1563.86,1563.31,-0.73329351,-5.73,39.51271532
1666824856.4873853,1563.94,1563.94,-0.78995497,-2.09,41.1752437
1666824866.1044495,1563.94,1563.94,-0.78995497,-2.09,41.1752437
1666824876.089777,1563.94,1563.94,-0.78995497,-2.09,41.1752437
1666824886.131668,1563.94,1564.85,-0.71736238,-1.18,44.57386097
1666824896.1192455,1563.94,1564.85,-0.71736238,-1.18,44.57386097
1666824906.186947,1563.94,1564.85,-0.71736238,-1.18,44.57386097
1666824916.1396306,1564.01,1564.01,-0.85482483,-3.32,41.4514037
1666824926.1274145,1564.01,1564.01,-0.85482483,-3.32,41.4514037
1666824936.9909356,1564.01,1564.01,-0.85482483,-3.32,41.4514037
1666824947.0179253,1564.01,1563.58,-0.88912682,-3.75,40.20283509
1666824957.0427165,1564.01,1563.58,-0.88912682,-3.75,40.20283509
1666824967.104832,1564.01,1563.58,-0.88912682,-3.75,40.20283509
1666824977.043671,1563.34,1563.34,-0.99499503,-4.06,39.53812537
1666824987.0581489,1563.34,1563.34,-0.99499503,-4.06,39.53812537
1666824997.0605464,1563.34,1563.34,-0.99499503,-4.06,39.53812537
1666825007.0060592,1563.34,1563.18,-1.00775856,-4.22,39.07429422
1666825017.2410965,1563.34,1563.18,-1.00775856,-4.22,39.07429422
1666825027.0576336,1563.34,1563.18,-1.00775856,-4.22,39.07429422
1666825037.0410855,1564.56,1564.56,-0.87852321,-0.69,44.56152738
1666825047.407306,1564.56,1564.56,-0.87852321,-0.69,44.56152738
1666825057.060988,1564.56,1564.56,-0.87852321,-0.69,44.56152738
1666825067.216603,1564.56,1565.0,-0.84342349,-0.25,46.28525424
1666825077.009341,1564.56,1565.0,-0.84342349,-0.25,46.28525424
1666825087.0383997,1564.56,1565.0,-0.84342349,-0.25,46.28525424
1666825097.0464897,1565.45,1565.45,-0.72770455,-0.06,47.94817244
1666825107.022651,1565.45,1565.45,-0.72770455,-0.06,47.94817244
1666825117.5709372,1565.45,1565.45,-0.72770455,-0.06,47.94817244
1666825127.6730936,1565.45,1566.74,-0.62479857,1.23,52.48571719
1666825137.6342535,1565.45,1566.74,-0.62479857,1.23,52.48571719
1666825147.6688082,1565.45,1566.74,-0.62479857,1.23,52.48571719
1666825157.6671298,1567.45,1567.45,-0.37477343,3.05,54.6623161
1666825167.6967826,1567.45,1567.45,-0.37477343,3.05,54.6623161
1666825177.6333346,1567.45,1567.45,-0.37477343,3.05,54.6623161
1666825187.641026,1567.45,1568.26,-0.31015804,3.86,57.07802857
1666825197.9551923,1567.45,1568.26,-0.31015804,3.86,57.07802857
1666825208.2691157,1567.45,1568.26,-0.31015804,3.86,57.07802857
1666825217.6612833,1568.42,1568.42,-0.08186689,2.65,57.52507588
1666825227.6291044,1568.42,1568.42,-0.08186689,2.65,57.52507588
1666825237.636815,1568.42,1568.42,-0.08186689,2.65,57.52507588
1666825247.6530757,1568.42,1568.01,-0.11457344,2.24,55.91786464
1666825257.655765,1568.42,1568.01,-0.11457344,2.24,55.91786464
1666825267.7544742,1568.42,1568.01,-0.11457344,2.24,55.91786464
1666825277.6693387,1569.1,1569.1,0.18466914,4.58,59.4420402
1666825288.2419367,1569.1,1569.1,0.18466914,4.58,59.4420402
1666825298.1756768,1569.1,1569.1,0.18466914,4.58,59.4420402
1666825308.1410644,1569.1,1569.15,0.18865775,4.63,59.60121467
1666825318.231166,1569.1,1569.15,0.18865775,4.63,59.60121467
1666825328.231737,1569.1,1569.15,0.18865775,4.63,59.60121467
1666825338.1334195,1568.95,1568.95,0.32706015,5.09,58.80726825
1666825348.210261,1568.95,1568.95,0.32706015,5.09,58.80726825
1666825358.261362,1568.95,1568.95,0.32706015,5.09,58.80726825
1666825368.6328533,1568.95,1568.61,0.29993764,4.75,57.31326511
1666825378.1655996,1568.95,1568.61,0.29993764,4.75,57.31326511
1666825388.2073762,1568.95,1568.61,0.29993764,4.75,57.31326511
1666825398.2416782,1568.3,1568.3,0.35238218,4.36,56.01574705
1666825408.2361648,1568.3,1568.3,0.35238218,4.36,56.01574705
1666825418.203406,1568.3,1568.3,0.35238218,4.36,56.01574705
1666825428.3676603,1568.3,1568.16,0.34121409,4.22,55.40569944
1666825438.2255275,1568.3,1568.16,0.34121409,4.22,55.40569944
1666825448.3361857,1568.3,1568.16,0.34121409,4.22,55.40569944
1666825458.2287738,1569.75,1569.75,0.61380591,5.74,60.51817222
1666825468.2944658,1569.75,1569.75,0.61380591,5.74,60.51817222
1666825478.8048968,1569.75,1569.75,0.61380591,5.74,60.51817222
1666825488.746685,1569.75,1572.29,0.81642699,8.28,66.90841368
1666825498.77292,1569.75,1572.29,0.81642699,8.28,66.90841368
1666825508.8650491,1569.75,1572.29,0.81642699,8.28,66.90841368
1666825518.7172115,1574.71,1574.71,1.42216381,11.37,71.32957003
1666825529.2988198,1574.71,1574.71,1.42216381,11.37,71.32957003
1666825538.9635627,1574.71,1574.71,1.42216381,11.37,71.32957003
1666825548.7344036,1574.71,1576.65,1.57692164,13.31,74.29450582
1666825558.746838,1574.71,1576.65,1.57692164,13.31,74.29450582
1666825568.7880404,1574.71,1576.65,1.57692164,13.31,74.29450582
1666825578.7888231,1575.41,1575.41,1.82824191,10.84,72.4751125
1666825588.7553763,1575.41,1575.41,1.82824191,10.84,72.4751125
1666825598.7556858,1575.41,1575.41,1.82824191,10.84,72.4751125
1666825608.8998184,1575.41,1574.57,1.76123336,10.0,68.9166135
1666825618.7322624,1575.41,1574.57,1.76123336,10.0,68.9166135
1666825628.7395685,1575.41,1574.57,1.76123336,10.0,68.9166135
1666825638.744979,1575.2,1575.2,2.05212384,9.74,71.55147508
1666825648.8445408,1575.2,1575.2,2.05212384,9.74,71.55147508
1666825659.215924,1575.2,1575.2,2.05212384,9.74,71.55147508
1666825669.1783576,1575.2,1572.86,1.86545717,7.4,62.06053212
1666825679.193727,1575.2,1572.86,1.86545717,7.4,62.06053212
1666825689.660075,1575.2,1572.86,1.86545717,7.4,62.06053212
1666825699.1639752,1574.76,1574.76,2.15506928,7.31,69.55144358
1666825709.3750455,1574.76,1574.76,2.15506928,7.31,69.55144358
1666825719.2689135,1574.76,1574.76,2.15506928,7.31,69.55144358
1666825729.2232258,1574.76,1573.92,2.08806073,6.47,65.77164842
1666825739.2668357,1574.76,1573.92,2.08806073,6.47,65.77164842
1666825749.247856,1574.76,1573.92,2.08806073,6.47,65.77164842
1666825759.3287034,1573.82,1573.82,2.10640028,5.4,65.34563103
1666825769.2915368,1573.82,1573.82,2.10640028,5.4,65.34563103
1666825779.2306404,1573.82,1573.82,2.10640028,5.4,65.34563103
1666825789.179102,1573.82,1577.83,2.42628632,9.41,72.89982725
1666825799.49021,1573.82,1577.83,2.42628632,9.41,72.89982725
1666825809.283845,1573.82,1577.83,2.42628632,9.41,72.89982725
1666825819.4366343,1577.61,1577.61,2.63876901,8.5,72.54471895
1666825829.1700509,1577.61,1577.61,2.63876901,8.5,72.54471895
1666825839.6640534,1577.61,1577.61,2.63876901,8.5,72.54471895
1666825850.323016,1577.61,1583.72,3.12617642,14.61,79.85014059
1666825859.8870406,1577.61,1583.72,3.12617642,14.61,79.85014059
1666825869.660962,1577.61,1583.72,3.12617642,14.61,79.85014059
1666825879.698562,1582.81,1582.81,3.52338244,13.86,79.02097928
1666825889.6762648,1582.81,1582.81,3.52338244,13.86,79.02097928
1666825899.8996294,1582.81,1582.81,3.52338244,13.86,79.02097928
1666825909.716098,1582.81,1582.43,3.49306905,13.48,77.58524838
1666825919.8761644,1582.81,1582.43,3.49306905,13.48,77.58524838
1666825929.7101269,1582.81,1582.43,3.49306905,13.48,77.58524838
1666825939.6534472,1583.24,1583.24,3.91147574,14.94,79.45202565
1666825949.7383811,1583.24,1583.24,3.91147574,14.94,79.45202565
1666825959.680548,1583.24,1583.24,3.91147574,14.94,79.45202565
1666825969.7270594,1583.24,1581.65,3.78463813,13.35,73.47523541
1666825979.6953597,1583.24,1581.65,3.78463813,13.35,73.47523541
1666825989.748389,1583.24,1581.65,3.78463813,13.35,73.47523541
1666825999.691533,1580.08,1580.08,3.69862287,10.33,68.37046099
1666826010.2359118,1580.08,1580.08,3.69862287,10.33,68.37046099
1666826020.4250934,1580.08,1580.38,3.7225545,10.63,68.83376547
1666826030.46324,1580.08,1580.38,3.7225545,10.63,68.83376547
1666826040.624328,1580.08,1580.38,3.7225545,10.63,68.83376547
1666826050.399566,1580.8,1580.8,3.78836265,6.09,69.43715386
1666826060.441285,1580.8,1580.8,3.78836265,6.09,69.43715386
1666826070.4489148,1580.8,1580.8,3.78836265,6.09,69.43715386
1666826080.435686,1580.8,1581.97,3.88169599,7.26,71.11483245
1666826090.463124,1580.8,1581.97,3.88169599,7.26,71.11483245
1666826100.4083085,1580.8,1581.97,3.88169599,7.26,71.11483245
1666826110.472057,1580.8,1581.97,3.88169599,7.26,71.11483245
1666826120.350417,1581.56,1581.56,3.87855113,6.15,70.5260686
1666826130.4188845,1581.56,1581.56,3.87855113,6.15,70.5260686
1666826140.4530451,1581.56,1579.84,3.74134315,4.43,64.79072733
1666826150.6487834,1581.56,1579.84,3.74134315,4.43,64.79072733
1666826160.520553,1581.56,1579.84,3.74134315,4.43,64.79072733
1666826170.9020574,1579.12,1579.12,3.51257843,3.92,62.65553584
1666826180.3991337,1579.12,1579.12,3.51257843,3.92,62.65553584
1666826190.3549085,1579.12,1579.12,3.51257843,3.92,62.65553584
1666826200.7344072,1579.12,1579.12,3.51257843,3.92,62.65553584
1666826210.8963785,1579.12,1578.27,3.44477216,3.07,60.13853039
1666826220.7558637,1579.12,1578.27,3.44477216,3.07,60.13853039
1666826230.802904,1579.34,1579.34,3.36817591,4.58,63.06985732
1666826240.7851696,1579.34,1579.34,3.36817591,4.58,63.06985732
1666826250.813383,1579.34,1579.34,3.36817591,4.58,63.06985732
1666826261.0410829,1579.34,1578.52,3.3027628,3.76,60.4769347
1666826270.8074229,1579.34,1578.52,3.3027628,3.76,60.4769347
1666826280.860911,1579.34,1578.52,3.3027628,3.76,60.4769347
1666826290.8429072,1579.34,1578.52,3.3027628,3.76,60.4769347
1666826300.8385882,1578.26,1578.26,3.05085988,4.43,59.69483059
1666826311.067638,1578.26,1578.26,3.05085988,4.43,59.69483059
1666826320.8558643,1578.26,1576.78,2.9327972,2.95,55.31001226
1666826331.2139258,1578.26,1576.78,2.9327972,2.95,55.31001226
1666826341.0156152,1578.26,1576.78,2.9327972,2.95,55.31001226
1666826350.9209948,1578.26,1576.78,2.9327972,2.95,55.31001226
1666826360.8583467,1576.71,1576.71,2.61648632,-0.91,55.11642416
1666826371.0465224,1576.71,1576.71,2.61648632,-0.91,55.11642416
1666826381.2141705,1576.71,1575.13,2.49044643,-2.49,50.83821051
1666826391.3324986,1576.71,1575.13,2.49044643,-2.49,50.83821051
1666826401.269717,1576.71,1575.13,2.49044643,-2.49,50.83821051
1666826411.281831,1574.99,1574.99,2.09945338,-7.82,50.49094163
1666826421.2205615,1574.99,1574.99,2.09945338,-7.82,50.49094163
1666826431.117651,1574.99,1574.99,2.09945338,-7.82,50.49094163
1666826441.2370324,1574.99,1575.61,2.14891207,-7.2,52.05295861
1666826451.412454,1574.99,1575.61,2.14891207,-7.2,52.05295861
1666826461.4958956,1574.99,1575.61,2.14891207,-7.2,52.05295861
1666826471.193492,1575.8,1575.8,1.89244794,-7.43,52.5120995
1666826481.2652311,1575.8,1575.8,1.89244794,-7.43,52.5120995
1666826491.3914635,1575.8,1575.8,1.89244794,-7.43,52.5120995
1666826501.1501925,1575.8,1576.25,1.92834538,-6.98,53.64431921
1666826511.259364,1575.8,1576.25,1.92834538,-6.98,53.64431921
1666826521.4292188,1575.8,1576.25,1.92834538,-6.98,53.64431921
1666826531.3005776,1576.03,1576.03,1.69058662,-4.06,53.09761446
1666826541.2521462,1576.03,1576.03,1.69058662,-4.06,53.09761446
1666826551.2261786,1576.03,1576.03,1.69058662,-4.06,53.09761446
1666826561.6858425,1576.03,1575.4,1.64033021,-4.69,51.23418789
1666826571.7254584,1576.03,1575.4,1.64033021,-4.69,51.23418789
1666826581.673941,1576.03,1575.4,1.64033021,-4.69,51.23418789
1666826591.689411,1574.09,1574.09,1.2239332,-6.71,47.75412063
1666826601.6894066,1574.09,1574.09,1.2239332,-6.71,47.75412063
1666826611.6545377,1574.09,1574.09,1.2239332,-6.71,47.75412063
1666826621.6055112,1574.09,1574.58,1.26302152,-6.22,49.14582465
1666826631.657898,1574.09,1574.58,1.26302152,-6.22,49.14582465
1666826641.7066717,1574.09,1574.58,1.26302152,-6.22,49.14582465
1666826651.7443314,1575.31,1575.31,1.13809394,-6.26,51.08888623
1666826661.9049096,1575.31,1575.31,1.13809394,-6.26,51.08888623
1666826671.6981566,1575.31,1575.31,1.13809394,-6.26,51.08888623
1666826682.240343,1575.31,1576.33,1.21946146,-5.24,53.74544285
1666826691.7121224,1575.31,1576.33,1.21946146,-5.24,53.74544285
1666826701.800482,1575.31,1576.33,1.21946146,-5.24,53.74544285
1666826711.7281373,1575.59,1575.59,1.02121243,-3.54,51.85010456
1666826721.7747388,1575.59,1575.59,1.02121243,-3.54,51.85010456
1666826731.7742743,1575.59,1575.59,1.02121243,-3.54,51.85010456
1666826742.5871549,1575.59,1574.89,0.96537197,-4.24,49.7701164
1666826752.5798726,1575.59,1574.89,0.96537197,-4.24,49.7701164
1666826762.5375736,1575.59,1574.89,0.96537197,-4.24,49.7701164
1666826772.5905988,1574.52,1574.52,0.74925222,-4.81,48.73930874
1666826782.6564667,1574.52,1574.52,0.74925222,-4.81,48.73930874
1666826792.5643687,1574.52,1574.52,0.74925222,-4.81,48.73930874
1666826802.5818272,1574.52,1574.17,0.72133199,-5.16,47.7272004
1666826812.5806992,1574.52,1574.17,0.72133199,-5.16,47.7272004
1666826822.804765,1574.52,1574.17,0.72133199,-5.16,47.7272004
1666826832.587028,1574.52,1574.17,0.72133199,-5.16,47.7272004
1666826842.689134,1573.14,1573.14,0.3994428,-5.12,44.99031404
1666826852.8272228,1573.14,1573.14,0.3994428,-5.12,44.99031404
1666826862.654451,1573.14,1573.14,0.3994428,-5.12,44.99031404
1666826872.9681785,1573.14,1573.96,0.46485591,-4.3,47.5723936
1666826882.6669345,1573.14,1573.96,0.46485591,-4.3,47.5723936
1666826892.640137,1573.47,1573.47,0.25434746,-3.25,46.05943095
1666826902.588473,1573.47,1573.47,0.25434746,-3.25,46.05943095
1666826912.6708326,1573.47,1573.47,0.25434746,-3.25,46.05943095
1666826923.2447667,1573.47,1575.48,0.41468934,-1.24,52.15842619
1666826933.2729392,1573.47,1575.48,0.41468934,-1.24,52.15842619
1666826943.1733243,1573.47,1575.48,0.41468934,-1.24,52.15842619
1666826953.2002687,1574.94,1574.94,0.32556416,-0.05,50.65660642
1666826963.1718247,1574.94,1574.94,0.32556416,-0.05,50.65660642
1666826973.233686,1574.94,1574.94,0.32556416,-0.05,50.65660642
1666826983.158416,1574.94,1574.22,0.26812826,-0.77,48.47846188
1666826993.4647224,1574.94,1574.22,0.26812826,-0.77,48.47846188
1666827003.207556,1574.94,1574.22,0.26812826,-0.77,48.47846188
1666827013.3017955,1575.54,1575.54,0.36935292,-0.26,52.44257302
1666827023.248591,1575.54,1575.54,0.36935292,-0.26,52.44257302
1666827033.203524,1575.54,1575.54,0.36935292,-0.26,52.44257302
1666827043.233406,1575.54,1574.48,0.28479452,-1.32,49.06821853
1666827053.263149,1575.54,1574.48,0.28479452,-1.32,49.06821853
1666827064.05158,1575.54,1574.48,0.28479452,-1.32,49.06821853
1666827073.3298702,1575.54,1574.48,0.28479452,-1.32,49.06821853
1666827083.3477948,1573.71,1573.71,0.10388315,-2.32,46.87532432
1666827093.301734,1573.71,1573.71,0.10388315,-2.32,46.87532432
1666827103.857159,1573.71,1573.22,0.06479483,-2.81,45.48232754
1666827113.9023747,1573.71,1573.22,0.06479483,-2.81,45.48232754
1666827123.9411254,1573.71,1573.22,0.06479483,-2.81,45.48232754
1666827133.937203,1572.91,1572.91,-0.10400576,-1.17,44.64301264
1666827143.9044964,1572.91,1572.91,-0.10400576,-1.17,44.64301264
1666827153.9505882,1572.91,1572.91,-0.10400576,-1.17,44.64301264
1666827163.8232734,1572.91,1573.72,-0.03939037,-0.36,47.37562012
1666827173.7917588,1572.91,1573.72,-0.03939037,-0.36,47.37562012
1666827183.8269253,1572.91,1573.72,-0.03939037,-0.36,47.37562012
1666827193.8831315,1573.08,1573.08,-0.19228112,-2.22,45.24247057
1666827203.9649498,1573.08,1573.08,-0.19228112,-2.22,45.24247057
1666827213.784798,1573.08,1573.08,-0.19228112,-2.22,45.24247057
1666827224.1607254,1573.08,1573.99,-0.11968853,-1.31,48.44625256
1666827234.1297686,1573.08,1573.99,-0.11968853,-1.31,48.44625256
1666827243.8291256,1573.08,1573.99,-0.11968853,-1.31,48.44625256
1666827253.9403226,1575.35,1575.35,0.05164144,-0.23,52.59169645
1666827264.1298752,1575.35,1575.35,0.05164144,-0.23,52.59169645
1666827274.117983,1575.35,1575.35,0.05164144,-0.23,52.59169645
1666827284.554461,1575.35,1575.35,0.05164144,-0.23,52.59169645
1666827294.6022036,1575.35,1575.89,0.09471837,0.31,54.1675765
1666827304.550866,1575.35,1575.89,0.09471837,0.31,54.1675765
1666827314.5617182,1576.74,1576.74,0.29616446,2.23,56.44839598
1666827324.595334,1576.74,1576.74,0.29616446,2.23,56.44839598
1666827334.5869737,1576.74,1576.74,0.29616446,2.23,56.44839598
1666827344.60566,1576.74,1574.53,0.11986817,0.02,49.54979754
1666827354.6195333,1576.74,1574.53,0.11986817,0.02,49.54979754
1666827364.5323076,1576.74,1574.53,0.11986817,0.02,49.54979754
1666827374.612585,1573.87,1573.87,-0.00759241,0.74,47.80329988
1666827384.7522202,1573.87,1573.87,-0.00759241,0.74,47.80329988
1666827394.5471537,1573.87,1573.87,-0.00759241,0.74,47.80329988
1666827404.5801525,1573.87,1573.93,-0.00280609,0.8,47.98280015
1666827414.9514284,1573.87,1573.93,-0.00280609,0.8,47.98280015
1666827424.6150815,1573.87,1573.93,-0.00280609,0.8,47.98280015
1666827434.8199415,1574.32,1574.32,-0.00312128,0.85,49.12231116
1666827444.7533956,1574.32,1574.32,-0.00312128,0.85,49.12231116
1666827454.4959688,1574.32,1574.32,-0.00312128,0.85,49.12231116
1666827465.0278616,1574.32,1573.7,-0.05257997,0.23,47.34688228
1666827475.081163,1574.32,1573.7,-0.05257997,0.23,47.34688228
1666827485.0232587,1574.32,1573.7,-0.05257997,0.23,47.34688228
1666827495.1525676,1574.78,1574.78,0.03794428,-0.17,50.49706414
1666827505.095023,1574.78,1574.78,0.03794428,-0.17,50.49706414
1666827515.1221893,1574.78,1574.78,0.03794428,-0.17,50.49706414
1666827525.0018225,1574.78,1572.76,-0.12319532,-2.19,44.77548611
1666827535.1880782,1574.78,1572.76,-0.12319532,-2.19,44.77548611
1666827545.0243626,1574.78,1572.76,-0.12319532,-2.19,44.77548611
1666827555.0123932,1572.58,1572.58,-0.2694456,-2.95,44.32603576
1666827565.1009908,1572.58,1572.58,-0.2694456,-2.95,44.32603576
1666827575.0942872,1572.58,1572.58,-0.2694456,-2.95,44.32603576
1666827585.056752,1572.58,1571.51,-0.35480172,-4.02,41.66035385
1666827595.040579,1572.58,1571.51,-0.35480172,-4.02,41.66035385
1666827605.3919694,1572.58,1571.51,-0.35480172,-4.02,41.66035385
1666827615.2017484,1570.76,1570.76,-0.62761336,-2.95,39.97528189
1666827624.997875,1570.76,1570.76,-0.62761336,-2.95,39.97528189
1666827635.126182,1570.76,1570.76,-0.62761336,-2.95,39.97528189
1666827645.4805868,1570.76,1570.16,-0.67547661,-3.55,38.62915687
1666827655.5864265,1570.76,1570.16,-0.67547661,-3.55,38.62915687
1666827665.7199163,1570.76,1570.16,-0.67547661,-3.55,38.62915687
1666827675.516256,1571.16,1571.16,-0.73139867,-1.75,41.3406524
1666827685.484547,1571.16,1571.16,-0.73139867,-1.75,41.3406524
1666827695.590907,1571.16,1571.16,-0.73139867,-1.75,41.3406524
1666827705.554962,1571.16,1571.07,-0.73857816,-1.84,41.10365957
1666827715.4780366,1571.16,1571.07,-0.73857816,-1.84,41.10365957
1666827725.5386946,1571.16,1571.07,-0.73857816,-1.84,41.10365957
1666827735.4970872,1571.1,1571.1,-0.83784938,-1.97,41.19234734
1666827745.4676156,1571.1,1571.1,-0.83784938,-1.97,41.19234734
1666827755.5625644,1571.1,1571.1,-0.83784938,-1.97,41.19234734
1666827765.8265953,1571.1,1570.06,-0.92081234,-3.01,38.5481368
1666827775.4839954,1571.1,1570.06,-0.92081234,-3.01,38.5481368
1666827785.5272582,1571.1,1570.06,-0.92081234,-3.01,38.5481368
1666827795.5011885,1570.52,1570.52,-0.98870216,-4.83,39.66792135
1666827805.4881878,1570.52,1570.52,-0.98870216,-4.83,39.66792135
1666827815.483034,1570.52,1570.52,-0.98870216,-4.83,39.66792135
1666827826.3259082,1570.52,1571.01,-0.94961384,-4.34,41.60566305
1666827836.353191,1570.52,1571.01,-0.94961384,-4.34,41.60566305
1666827846.3505676,1570.52,1571.01,-0.94961384,-4.34,41.60566305
1666827856.351889,1570.76,1570.76,-1.0266886,-5.97,40.62893339
1666827866.324672,1570.76,1570.76,-1.0266886,-5.97,40.62893339
1666827876.3571413,1570.76,1570.76,-1.0266886,-5.97,40.62893339
1666827886.42929,1570.76,1569.2,-1.15113305,-7.53,36.49468574
1666827896.4350743,1570.76,1569.2,-1.15113305,-7.53,36.49468574
1666827906.481845,1570.76,1569.2,-1.15113305,-7.53,36.49468574
1666827916.3878448,1569.49,1569.49,-1.23865514,-4.38,37.19622338
1666827926.9040916,1569.49,1569.49,-1.23865514,-4.38,37.19622338
1666827936.6049938,1569.49,1569.49,-1.23865514,-4.38,37.19622338
1666827946.425014,1569.49,1568.21,-1.34076341,-5.66,34.08204391
1666827956.4321835,1569.49,1568.21,-1.34076341,-5.66,34.08204391
1666827966.3598783,1569.49,1568.21,-1.34076341,-5.66,34.08204391
1666827976.3860164,1567.6,1567.6,-1.57841082,-6.71,32.77437131
1666827986.4239523,1567.6,1567.6,-1.57841082,-6.71,32.77437131
1666827996.3994586,1567.6,1567.6,-1.57841082,-6.71,32.77437131
1666828006.7760875,1567.6,1568.98,-1.46832535,-5.33,38.52125395
1666828016.797098,1567.6,1568.98,-1.46832535,-5.33,38.52125395
1666828027.0046415,1567.6,1568.98,-1.46832535,-5.33,38.52125395
1666828036.7901752,1570.38,1570.38,-1.31488591,-4.4,43.43310767
1666828046.8784978,1570.38,1570.38,-1.31488591,-4.4,43.43310767
1666828057.047825,1570.38,1570.38,-1.31488591,-4.4,43.43310767
1666828066.852127,1570.38,1570.9,-1.27340443,-3.88,45.17522381
1666828076.787424,1570.38,1570.9,-1.27340443,-3.88,45.17522381
1666828087.1019285,1570.38,1570.9,-1.27340443,-3.88,45.17522381
1666828096.7834575,1570.62,1570.62,-1.23449856,-1.97,44.24909778
1666828106.861973,1570.62,1570.62,-1.23449856,-1.97,44.24909778
1666828116.8606973,1570.62,1570.62,-1.23449856,-1.97,44.24909778
1666828126.792782,1570.62,1570.12,-1.2743846,-2.47,42.84412559
1666828136.8534763,1570.62,1570.12,-1.2743846,-2.47,42.84412559
1666828146.8334875,1570.62,1570.12,-1.2743846,-2.47,42.84412559
1666828156.974284,1569.92,1569.92,-1.27139319,-0.84,42.32189726
1666828166.8877273,1569.92,1569.92,-1.27139319,-0.84,42.32189726
1666828176.8667486,1569.92,1569.92,-1.27139319,-0.84,42.32189726
1666828187.495003,1569.92,1570.68,-1.21076641,-0.08,45.12045908
1666828197.470657,1569.92,1570.68,-1.21076641,-0.08,45.12045908
1666828207.4541786,1569.92,1570.68,-1.21076641,-0.08,45.12045908
1666828217.5420594,1570.67,1570.67,-1.13602983,-0.48,45.08809862
1666828227.6346128,1570.67,1570.67,-1.13602983,-0.48,45.08809862
1666828237.436648,1570.67,1570.67,-1.13602983,-0.48,45.08809862
1666828247.9330626,1570.67,1570.53,-1.14719792,-0.62,44.6507001
1666828257.6198635,1570.67,1570.53,-1.14719792,-0.62,44.6507001
1666828267.670345,1570.67,1570.53,-1.14719792,-0.62,44.6507001
1666828277.4815235,1570.06,1570.06,-1.15012635,-1.03,43.27508791
1666828287.7455142,1570.06,1570.06,-1.15012635,-1.03,43.27508791
1666828297.4692202,1570.06,1570.06,-1.15012635,-1.03,43.27508791
1666828307.5243144,1570.06,1569.3,-1.21075313,-1.79,41.04451693
1666828317.516286,1570.06,1569.3,-1.21075313,-1.79,41.04451693
1666828327.4622662,1570.06,1569.3,-1.21075313,-1.79,41.04451693
1666828337.545797,1568.38,1568.38,-1.34680307,-2.15,38.64318168
1666828347.464587,1568.38,1568.38,-1.34680307,-2.15,38.64318168
1666828357.4554749,1568.38,1568.38,-1.34680307,-2.15,38.64318168
1666828368.4457493,1568.38,1567.45,-1.4209911,-3.08,36.32933338
1666828378.4990866,1568.38,1567.45,-1.4209911,-3.08,36.32933338
1666828388.5924876,1568.38,1567.45,-1.4209911,-3.08,36.32933338
1666828398.5392067,1567.77,1567.77,-1.46677831,-2.98,37.09356969
1666828408.7241087,1567.77,1567.77,-1.46677831,-2.98,37.09356969
1666828418.5980554,1567.77,1567.77,-1.46677831,-2.98,37.09356969
1666828428.455433,1567.77,1568.01,-1.44763301,-2.74,38.14454898
1666828438.705034,1567.77,1568.01,-1.44763301,-2.74,38.14454898
1666828448.621438,1567.77,1568.01,-1.44763301,-2.74,38.14454898
1666828458.4896226,1567.8,1567.8,-1.50231092,-1.69,37.23030214
1666828468.4754386,1567.8,1567.8,-1.50231092,-1.69,37.23030214
1666828478.5213845,1567.8,1567.8,-1.50231092,-1.69,37.23030214
1666828488.5188105,1567.8,1564.45,-1.76954739,-5.04,29.64437787
1666828498.5606303,1567.8,1564.45,-1.76954739,-5.04,29.64437787
1666828508.621536,1567.8,1564.45,-1.76954739,-5.04,29.64437787
1666828518.6415234,1563.08,1563.08,-2.18151044,-4.52,27.3684935
1666828528.5813868,1563.08,1563.08,-2.18151044,-4.52,27.3684935
1666828538.5757024,1563.08,1563.08,-2.18151044,-4.52,27.3684935
1666828549.3317888,1563.08,1564.65,-2.05626828,-2.95,33.6546093
1666828559.3560417,1563.08,1564.65,-2.05626828,-2.95,33.6546093
1666828569.3390048,1563.08,1564.65,-2.05626828,-2.95,33.6546093
1666828579.2999277,1565.99,1565.99,-1.98180795,-4.4,38.22893549
1666828589.334021,1565.99,1565.99,-1.98180795,-4.4,38.22893549
1666828599.7231803,1565.99,1565.99,-1.98180795,-4.4,38.22893549
1666828609.2999449,1565.99,1566.51,-1.94032647,-3.88,39.94246955
1666828619.3775303,1565.99,1566.51,-1.94032647,-3.88,39.94246955
1666828629.3598957,1565.99,1566.51,-1.94032647,-3.88,39.94246955
1666828639.3280058,1566.51,1566.51,-1.91175121,-4.1,39.94246955
1666828649.3533056,1566.51,1566.51,-1.91175121,-4.1,39.94246955
1666828659.329035,1566.51,1566.51,-1.91175121,-4.1,39.94246955
1666828669.3478856,1566.51,1564.9,-2.04018426,-5.71,36.53796452
1666828679.3770406,1566.51,1564.9,-2.04018426,-5.71,36.53796452
1666828689.3647878,1566.51,1564.9,-2.04018426,-5.71,36.53796452
1666828699.567988,1565.13,1565.13,-2.06265708,-4.78,36.98835169
1666828709.425346,1565.13,1565.13,-2.06265708,-4.78,36.98835169
1666828719.3908632,1565.13,1565.13,-2.06265708,-4.78,36.98835169
1666828730.2895284,1565.13,1565.77,-2.01160294,-4.14,39.23298986
1666828740.2631943,1565.13,1565.77,-2.01160294,-4.14,39.23298986
1666828750.2779613,1565.13,1565.77,-2.01160294,-4.14,39.23298986
1666828760.4751942,1565.7,1565.7,-1.98994028,-4.96,39.00591205
1666828770.2377946,1565.7,1565.7,-1.98994028,-4.96,39.00591205
1666828780.2761106,1565.7,1566.12,-1.95643601,-4.54,40.49663572
1666828791.2504957,1565.7,1566.12,-1.95643601,-4.54,40.49663572
1666828800.2979813,1565.7,1566.12,-1.95643601,-4.54,40.49663572
1666828810.3428388,1565.7,1566.12,-1.95643601,-4.54,40.49663572
1666828820.3742604,1566.11,1566.11,-1.88919804,-3.94,40.46437911
1666828830.327745,1566.11,1566.11,-1.88919804,-3.94,40.46437911
1666828840.501473,1566.11,1566.11,-1.88919804,-3.94,40.46437911
1666828850.2777994,1566.11,1564.0,-2.05751713,-6.05,35.68433117
1666828860.329352,1566.11,1564.0,-2.05751713,-6.05,35.68433117
1666828870.3716824,1566.11,1564.0,-2.05751713,-6.05,35.68433117
1666828880.3238018,1564.71,1564.71,-2.0122628,-3.67,37.17579625
1666828890.3219545,1564.71,1564.71,-2.0122628,-3.67,37.17579625
1666828900.313084,1564.71,1564.71,-2.0122628,-3.67,37.17579625
1666828910.7618608,1564.71,1566.26,-1.88861608,-2.12,42.72977687
1666828920.7895212,1564.71,1566.26,-1.88861608,-2.12,42.72977687
1666828930.8542163,1566.84,1566.84,-1.6965229,-0.93,44.56364592
1666828940.7840023,1566.84,1566.84,-1.6965229,-0.93,44.56364592
1666828951.1565645,1566.84,1566.84,-1.6965229,-0.93,44.56364592
1666828960.7590957,1566.84,1565.61,-1.79464256,-2.16,41.52675467
1666828970.886479,1566.84,1565.61,-1.79464256,-2.16,41.52675467
1666828980.757989,1566.84,1565.61,-1.79464256,-2.16,41.52675467
1666828990.766939,1566.84,1565.61,-1.79464256,-2.16,41.52675467
1666829000.8877118,1567.14,1567.14,-1.52114582,-0.65,45.5375732
1666829010.7699864,1567.14,1567.14,-1.52114582,-0.65,45.5375732
1666829020.7709703,1567.14,1567.14,-1.52114582,-0.65,45.5375732
1666829030.844417,1567.14,1566.95,-1.53630252,-0.84,44.99351681
1666829040.7620127,1567.14,1566.95,-1.53630252,-0.84,44.99351681
1666829050.7887535,1567.19,1567.19,-1.37807976,4.11,45.71095199
1666829060.8217845,1567.19,1567.19,-1.37807976,4.11,45.71095199
1666829070.8282254,1567.19,1567.19,-1.37807976,4.11,45.71095199
1666829081.0306623,1567.19,1567.2,-1.37728204,4.12,45.74758749
1666829091.6965988,1567.19,1567.2,-1.37728204,4.12,45.74758749
1666829101.955146,1567.19,1567.2,-1.37728204,4.12,45.74758749
1666829111.7764874,1568.69,1568.69,-1.0407426,2.69,50.70421159
1666829121.7256124,1568.69,1568.69,-1.0407426,2.69,50.70421159
1666829132.04143,1568.69,1568.69,-1.0407426,2.69,50.70421159
1666829142.2968998,1568.69,1567.69,-1.12051468,1.69,47.56342476
1666829151.7229793,1568.69,1567.69,-1.12051468,1.69,47.56342476
1666829161.7350492,1568.69,1567.69,-1.12051468,1.69,47.56342476
1666829171.78385,1568.44,1568.44,-0.89429256,1.93,49.88341517
1666829181.712134,1568.44,1568.44,-0.89429256,1.93,49.88341517
1666829191.7403705,1568.44,1568.44,-0.89429256,1.93,49.88341517
1666829201.835097,1568.44,1568.77,-0.86796777,2.26,51.0128206
1666829211.82668,1568.44,1568.77,-0.86796777,2.26,51.0128206
1666829222.16033,1568.44,1568.77,-0.86796777,2.26,51.0128206
1666829231.8210206,1568.78,1568.78,-0.70443211,3.65,51.04214908
1666829241.7811651,1568.78,1568.78,-0.70443211,3.65,51.04214908
1666829251.7905495,1568.78,1568.78,-0.70443211,3.65,51.04214908
1666829261.8651154,1568.78,1569.35,-0.65896203,4.22,53.01213829
1666829272.4981291,1568.78,1569.35,-0.65896203,4.22,53.01213829
1666829282.2132938,1568.78,1569.35,-0.65896203,4.22,53.01213829
1666829292.1754663,1570.3,1570.3,-0.35465717,4.59,55.96322204
1666829302.2201278,1570.3,1570.3,-0.35465717,4.59,55.96322204
1666829312.2283046,1570.3,1570.3,-0.35465717,4.59,55.96322204
1666829322.291449,1570.3,1570.03,-0.37619563,4.32,54.90773185
1666829332.469073,1570.3,1570.03,-0.37619563,4.32,54.90773185
1666829342.236483,1570.3,1570.03,-0.37619563,4.32,54.90773185
1666829352.117523,1569.41,1569.41,-0.29677124,3.31,52.62572977
1666829362.2172294,1569.41,1569.41,-0.29677124,3.31,52.62572977
1666829372.2590818,1569.41,1569.41,-0.29677124,3.31,52.62572977
1666829382.204769,1569.41,1569.17,-0.31591653,3.07,51.73058016
1666829392.185111,1569.41,1569.17,-0.31591653,3.07,51.73058016
1666829402.5463238,1569.41,1569.17,-0.31591653,3.07,51.73058016
1666829412.2591486,1569.22,1569.22,-0.22051222,4.52,51.91445698
1666829422.228171,1569.22,1569.22,-0.22051222,4.52,51.91445698
1666829432.289394,1569.22,1569.22,-0.22051222,4.52,51.91445698
1666829442.2875445,1569.22,1568.49,-0.27874584,3.79,49.16796705
1666829452.9520044,1569.22,1568.49,-0.27874584,3.79,49.16796705
1666829463.11154,1569.22,1568.49,-0.27874584,3.79,49.16796705
1666829472.9567032,1567.69,1567.69,-0.36203688,0.85,46.47098708
1666829482.8546512,1567.69,1567.69,-0.36203688,0.85,46.47098708
1666829492.9182208,1567.69,1567.69,-0.36203688,0.85,46.47098708
1666829502.9219327,1567.69,1568.48,-0.29901694,1.64,49.42140809
1666829512.869602,1567.69,1568.48,-0.29901694,1.64,49.42140809
1666829523.0029078,1567.69,1568.48,-0.29901694,1.64,49.42140809
1666829533.030872,1569.21,1569.21,-0.15768114,2.08,51.86750175
1666829542.9783432,1569.21,1569.21,-0.15768114,2.08,51.86750175
1666829552.9370162,1569.21,1569.21,-0.15768114,2.08,51.86750175
1666829562.9244924,1569.21,1569.8,-0.11061561,2.67,53.818319
1666829572.9670832,1569.21,1569.8,-0.11061561,2.67,53.818319
1666829582.95514,1569.21,1569.8,-0.11061561,2.67,53.818319
1666829592.9029176,1569.21,1569.8,-0.11061561,2.67,53.818319
1666829603.0717657,1569.46,1569.46,-0.05606003,2.28,52.71537304
1666829612.876933,1569.46,1569.46,-0.05606003,2.28,52.71537304
1666829623.0195403,1569.46,1569.8,-0.02893752,2.62,53.90103359
1666829633.6763666,1569.46,1569.8,-0.02893752,2.62,53.90103359
1666829643.6320906,1569.46,1569.8,-0.02893752,2.62,53.90103359
1666829653.606249,1570.0,1570.0,0.08429148,1.31,54.57364851
1666829663.7281487,1570.0,1570.0,0.08429148,1.31,54.57364851
1666829673.6546335,1570.0,1570.0,0.08429148,1.31,54.57364851
1666829683.7886913,1570.0,1569.71,0.06115757,1.02,53.36765543
1666829693.6348052,1570.0,1569.71,0.06115757,1.02,53.36765543
1666829703.635478,1570.0,1569.71,0.06115757,1.02,53.36765543
1666829713.6662586,1570.25,1570.25,0.19550879,1.82,55.44540531
1666829723.5776286,1570.25,1570.25,0.19550879,1.82,55.44540531
1666829733.644826,1570.25,1570.25,0.19550879,1.82,55.44540531
1666829743.6187892,1570.25,1570.87,0.24496748,2.44,57.61765068
1666829753.5826447,1570.25,1570.87,0.24496748,2.44,57.61765068
1666829763.889238,1570.25,1570.87,0.24496748,2.44,57.61765068
1666829773.6943555,1571.21,1571.21,0.40111586,2.42,58.70450442
1666829783.6071362,1571.21,1571.21,0.40111586,2.42,58.70450442
1666829793.8454278,1571.21,1571.21,0.40111586,2.42,58.70450442
1666829803.6449037,1571.21,1573.36,0.57262583,4.57,64.93704037
1666829814.1101649,1571.21,1573.36,0.57262583,4.57,64.93704037
1666829824.2944849,1571.21,1573.36,0.57262583,4.57,64.93704037
1666829834.1266928,1573.55,1573.55,0.82779661,3.25,65.39764906
1666829844.1521254,1573.55,1573.55,0.82779661,3.25,65.39764906
1666829854.0654032,1573.55,1573.55,0.82779661,3.25,65.39764906
1666829864.1191297,1573.55,1574.1,0.87167126,3.8,66.75894373
1666829874.0847204,1573.55,1574.1,0.87167126,3.8,66.75894373
1666829884.2337573,1573.55,1574.1,0.87167126,3.8,66.75894373
1666829894.0817006,1573.5,1573.5,0.99995604,4.08,65.15136363
1666829904.1232457,1573.5,1573.5,0.99995604,4.08,65.15136363
1666829914.1840825,1573.5,1573.5,0.99995604,4.08,65.15136363
1666829924.1349423,1573.5,1573.75,1.01989906,4.33,65.85854103
1666829934.099455,1573.5,1573.75,1.01989906,4.33,65.85854103
1666829944.241325,1573.5,1573.75,1.01989906,4.33,65.85854103
1666829954.1012647,1573.19,1573.19,1.08150498,3.98,63.55798586
1666829964.1182482,1573.19,1573.19,1.08150498,3.98,63.55798586
1666829974.213477,1573.19,1573.19,1.08150498,3.98,63.55798586
1666829984.4359796,1573.19,1574.15,1.15808617,4.94,66.27181854
1666829994.7445548,1573.19,1574.15,1.15808617,4.94,66.27181854
1666830004.9237373,1573.19,1574.15,1.15808617,4.94,66.27181854
1666830014.8863275,1573.19,1574.15,1.15808617,4.94,66.27181854
1666830024.737328,1575.4,1575.4,1.46548269,7.71,69.25321159
1666830034.6883388,1575.4,1575.4,1.46548269,7.71,69.25321159
1666830044.6986642,1575.4,1575.22,1.45112371,7.53,68.31672721
1666830054.9222136,1575.4,1575.22,1.45112371,7.53,68.31672721
1666830064.704158,1575.4,1575.22,1.45112371,7.53,68.31672721
1666830074.69337,1576.72,1576.72,1.79870978,7.5,72.02739364
1666830084.634411,1576.72,1576.72,1.79870978,7.5,72.02739364
1666830094.740459,1576.72,1576.72,1.79870978,7.5,72.02739364
1666830104.829588,1576.72,1575.2,1.67745622,5.98,64.7081755
1666830114.665374,1576.72,1575.2,1.67745622,5.98,64.7081755
1666830124.7149692,1576.72,1575.2,1.67745622,5.98,64.7081755
1666830134.7160132,1575.3,1575.3,1.75481205,5.84,65.12512918
1666830144.6947775,1575.3,1575.3,1.75481205,5.84,65.12512918
1666830154.7173069,1575.3,1575.3,1.75481205,5.84,65.12512918
1666830164.7231154,1575.3,1574.54,1.69418527,5.08,61.74561118
1666830175.2177258,1575.3,1574.54,1.69418527,5.08,61.74561118
1666830185.238115,1575.3,1574.54,1.69418527,5.08,61.74561118
1666830195.279158,1573.34,1573.34,1.51334109,3.35,57.04021966
1666830205.3468914,1573.34,1573.34,1.51334109,3.35,57.04021966
1666830215.4599724,1573.34,1573.34,1.51334109,3.35,57.04021966
1666830225.2848375,1573.34,1571.83,1.39288525,1.84,51.70419829
1666830235.273533,1573.34,1571.83,1.39288525,1.84,51.70419829
1666830245.4805682,1573.34,1571.83,1.39288525,1.84,51.70419829
1666830255.3284698,1571.42,1571.42,1.15736642,1.17,50.42341533
1666830265.239216,1571.42,1571.42,1.15736642,1.17,50.42341533
1666830275.276554,1571.42,1571.42,1.15736642,1.17,50.42341533
1666830285.47975,1571.42,1570.86,1.11269405,0.61,48.6507446
1666830295.199996,1571.42,1570.86,1.11269405,0.61,48.6507446
1666830305.2555125,1571.42,1570.86,1.11269405,0.61,48.6507446
1666830315.3003428,1569.52,1569.52,0.71668982,-1.7,44.87568607
1666830325.2628644,1569.52,1569.52,0.71668982,-1.7,44.87568607
1666830335.222928,1569.52,1569.52,0.71668982,-1.7,44.87568607
1666830345.3809388,1569.52,1569.58,0.72147615,-1.64,45.08117412
1666830355.9299543,1569.52,1569.58,0.72147615,-1.64,45.08117412
1666830365.8569195,1569.52,1569.58,0.72147615,-1.64,45.08117412
1666830375.9355998,1567.28,1567.28,0.16474413,-6.27,39.38954269
1666830385.9339583,1567.28,1567.28,0.16474413,-6.27,39.38954269
1666830396.001969,1567.28,1567.28,0.16474413,-6.27,39.38954269
1666830405.9577248,1567.28,1565.41,0.01557034,-8.14,35.468493
1666830416.0170488,1567.28,1565.41,0.01557034,-8.14,35.468493
1666830425.875388,1567.28,1565.41,0.01557034,-8.14,35.468493
1666830435.884009,1565.95,1565.95,-0.31695763,-7.56,36.51513231
1666830445.9811027,1565.95,1565.95,-0.31695763,-7.56,36.51513231
1666830455.996635,1565.95,1565.95,-0.31695763,-7.56,36.51513231
1666830466.0318806,1565.95,1563.5,-0.51239923,-10.01,31.9137423
1666830475.9377902,1565.95,1563.5,-0.51239923,-10.01,31.9137423
1666830486.0190604,1565.95,1563.5,-0.51239923,-10.01,31.9137423
1666830496.0581243,1563.66,1563.66,-0.93134302,-9.52,32.17855364
1666830506.089507,1563.66,1563.66,-0.93134302,-9.52,32.17855364
1666830516.033817,1563.66,1563.66,-0.93134302,-9.52,32.17855364
1666830526.0370429,1563.66,1563.13,-0.97362222,-10.05,31.25343552
1666830536.6398196,1563.66,1563.13,-0.97362222,-10.05,31.25343552
1666830546.5966482,1563.66,1563.13,-0.97362222,-10.05,31.25343552
1666830556.5929868,1563.66,1563.13,-0.97362222,-10.05,31.25343552
1666830566.5576234,1563.76,1563.76,-1.25714349,-11.64,32.80366591
1666830576.674917,1563.76,1563.76,-1.25714349,-11.64,32.80366591
1666830586.5552433,1563.76,1564.72,-1.18056229,-10.68,36.41172258
1666830596.6580954,1563.76,1564.72,-1.18056229,-10.68,36.41172258
1666830607.0759463,1563.76,1564.72,-1.18056229,-10.68,36.41172258
1666830616.5858538,1564.81,1564.81,-1.34400919,-11.92,36.73292069
1666830626.5355773,1564.81,1564.81,-1.34400919,-11.92,36.73292069
1666830636.5823166,1564.81,1564.81,-1.34400919,-11.92,36.73292069
1666830646.5571587,1564.81,1563.03,-1.48600349,-13.7,33.17392984
1666830656.5483737,1564.81,1563.03,-1.48600349,-13.7,33.17392984
1666830666.5124078,1564.81,1563.03,-1.48600349,-13.7,33.17392984
1666830676.6434984,1563.33,1563.33,-1.67158188,-11.96,33.74309972
1666830686.7169082,1563.33,1563.33,-1.67158188,-11.96,33.74309972
1666830696.6169748,1563.33,1563.33,-1.67158188,-11.96,33.74309972
1666830706.6642773,1563.33,1564.39,-1.58702347,-10.9,37.66026978
1666830717.2706156,1563.33,1564.39,-1.58702347,-10.9,37.66026978
1666830727.2937598,1563.33,1564.39,-1.58702347,-10.9,37.66026978
1666830737.1974602,1564.8,1564.8,-1.60825067,-8.55,39.05395543
1666830747.2077303,1564.8,1564.8,-1.60825067,-8.55,39.05395543
1666830757.167936,1564.8,1564.8,-1.60825067,-8.55,39.05395543
1666830767.112186,1564.8,1563.9,-1.68004555,-9.45,37.09356823
1666830777.176002,1564.8,1563.9,-1.68004555,-9.45,37.09356823
1666830787.19473,1564.8,1563.9,-1.68004555,-9.45,37.09356823
1666830797.3331864,1563.64,1563.64,-1.79615931,-7.78,36.56335121
1666830807.3962605,1563.64,1563.64,-1.79615931,-7.78,36.56335121
1666830817.201686,1563.64,1563.64,-1.79615931,-7.78,36.56335121
1666830827.339476,1563.64,1562.57,-1.88151544,-8.85,34.38504107
1666830837.2548656,1563.64,1562.57,-1.88151544,-8.85,34.38504107
1666830847.245293,1563.64,1562.57,-1.88151544,-8.85,34.38504107
1666830857.35277,1562.12,1562.12,-2.0658996,-7.4,33.56519629
1666830867.5009658,1562.12,1562.12,-2.0658996,-7.4,33.56519629
1666830877.177193,1562.12,1562.12,-2.0658996,-7.4,33.56519629
1666830887.3303056,1562.12,1562.11,-2.06669732,-7.41,33.52635559
1666830897.86391,1562.12,1562.11,-2.06669732,-7.41,33.52635559
1666830908.0131838,1562.12,1562.11,-2.06669732,-7.41,33.52635559
1666830917.8258915,1561.88,1561.88,-2.19199434,-5.39,33.08151475
1666830927.9016583,1561.88,1561.88,-2.19199434,-5.39,33.08151475
1666830938.0133886,1561.88,1561.88,-2.19199434,-5.39,33.08151475
1666830948.058617,1561.88,1560.58,-2.29569805,-6.69,30.6093753
1666830957.8471737,1561.88,1560.58,-2.29569805,-6.69,30.6093753
1666830967.909791,1561.88,1560.58,-2.29569805,-6.69,30.6093753
1666830977.8923728,1560.21,1560.21,-2.48688201,-5.74,29.97190451
1666830987.9202614,1560.21,1560.21,-2.48688201,-5.74,29.97190451
1666830997.857021,1560.21,1560.21,-2.48688201,-5.74,29.97190451
1666831007.8108983,1560.21,1560.02,-2.5020387,-5.93,29.63064598
1666831017.7793038,1560.21,1560.02,-2.5020387,-5.93,29.63064598
1666831027.882198,1560.21,1560.02,-2.5020387,-5.93,29.63064598
1666831037.9847183,1558.83,1558.83,-2.77966899,-4.83,27.65708915
1666831047.897287,1558.83,1558.83,-2.77966899,-4.83,27.65708915
1666831057.9316814,1558.83,1558.83,-2.77966899,-4.83,27.65708915
1666831067.987057,1558.83,1559.65,-2.71425589,-4.01,31.04047567
1666831078.6870282,1558.83,1559.65,-2.71425589,-4.01,31.04047567
1666831088.616191,1558.83,1559.65,-2.71425589,-4.01,31.04047567
1666831098.91518,1559.32,1559.32,-2.82310734,-4.24,29.71058484
1666831108.647174,1559.32,1559.32,-2.82310734,-4.24,29.71058484
1666831118.9384718,1559.32,1559.32,-2.82310734,-4.24,29.71058484
1666831128.654926,1559.32,1559.95,-2.77285093,-3.61,32.39723436
1666831138.6477273,1559.32,1559.95,-2.77285093,-3.61,32.39723436
1666831148.7208376,1559.32,1559.95,-2.77285093,-3.61,32.39723436
1666831158.735334,1558.81,1558.81,-2.9264468,-5.99,28.75721549
1666831168.763602,1558.81,1558.81,-2.9264468,-5.99,28.75721549
1666831178.7859488,1558.81,1558.81,-2.9264468,-5.99,28.75721549
1666831188.7001932,1558.81,1557.29,-3.04770036,-7.51,26.1391284
1666831198.7208266,1558.81,1557.29,-3.04770036,-7.51,26.1391284
1666831208.756013,1558.81,1557.29,-3.04770036,-7.51,26.1391284
1666831218.7431002,1557.05,1557.05,-3.19099327,-6.27,25.76753539
1666831228.8929472,1557.05,1557.05,-3.19099327,-6.27,25.76753539
1666831238.7888565,1557.05,1557.05,-3.19099327,-6.27,25.76753539
1666831248.779554,1557.05,1559.18,-3.02107874,-4.14,34.60491985
1666831259.0774214,1557.05,1559.18,-3.02107874,-4.14,34.60491985
1666831269.301673,1557.05,1559.18,-3.02107874,-4.14,34.60491985
1666831279.1235845,1559.23,1559.23,-2.94373419,-5.57,34.80321812
1666831289.0781944,1559.23,1559.23,-2.94373419,-5.57,34.80321812
1666831299.1638696,1559.23,1559.23,-2.94373419,-5.57,34.80321812
1666831309.4278316,1559.23,1558.83,-2.97564302,-5.97,33.98568657
1666831319.213932,1559.23,1558.83,-2.97564302,-5.97,33.98568657
1666831329.120332,1559.23,1558.83,-2.97564302,-5.97,33.98568657
1666831339.1581028,1557.83,1557.83,-3.05124723,-5.81,32.1005714
1666831349.112375,1557.83,1557.83,-3.05124723,-5.81,32.1005714
1666831359.4225917,1557.83,1557.83,-3.05124723,-5.81,32.1005714
1666831369.2803824,1557.83,1556.94,-3.12224438,-6.7,30.48012995
1666831379.3110366,1557.83,1556.94,-3.12224438,-6.7,30.48012995
1666831389.455108,1557.83,1556.94,-3.12224438,-6.7,30.48012995
1666831399.1973753,1557.08,1557.08,-3.11923162,-5.03,30.72410072
1666831409.2018597,1557.08,1557.08,-3.11923162,-5.03,30.72410072
1666831419.135236,1557.08,1557.08,-3.11923162,-5.03,30.72410072
1666831429.3222015,1557.08,1557.48,-3.08732279,-4.63,32.38925073
1666831439.8785691,1557.08,1557.48,-3.08732279,-4.63,32.38925073
1666831449.781758,1557.08,1557.48,-3.08732279,-4.63,32.38925073
1666831459.853927,1558.93,1558.93,-2.82793781,-2.95,37.82002525
1666831469.8207412,1558.93,1558.93,-2.82793781,-2.95,37.82002525
1666831479.9424863,1558.93,1558.93,-2.82793781,-2.95,37.82002525
1666831489.824772,1558.93,1559.26,-2.80161303,-2.62,39.00377774
1666831499.886093,1558.93,1559.26,-2.80161303,-2.62,39.00377774
1666831509.848977,1558.93,1559.26,-2.80161303,-2.62,39.00377774
1666831520.1747956,1559.2,1559.2,-2.64495424,-1.01,38.80073389
1666831529.964892,1559.2,1559.2,-2.64495424,-1.01,38.80073389
1666831539.7822142,1559.2,1559.2,-2.64495424,-1.01,38.80073389
1666831549.79424,1559.2,1559.12,-2.65133601,-1.09,38.60610398
1666831559.8542724,1559.2,1559.12,-2.65133601,-1.09,38.60610398
1666831569.8694105,1559.2,1559.12,-2.65133601,-1.09,38.60610398
1666831579.7927651,1558.26,1558.26,-2.62244562,-0.58,36.6496252
1666831589.9259489,1558.26,1558.26,-2.62244562,-0.58,36.6496252
1666831599.8434086,1558.26,1558.26,-2.62244562,-0.58,36.6496252
1666831609.820503,1558.26,1559.03,-2.56102112,0.19,39.62451114
1666831620.410012,1558.26,1559.03,-2.56102112,0.19,39.62451114
1666831630.4916077,1558.26,1559.03,-2.56102112,0.19,39.62451114
1666831640.5792627,1559.24,1559.24,-2.37639958,-0.07,40.39765937
1666831650.3835316,1559.24,1559.24,-2.37639958,-0.07,40.39765937
1666831660.4043264,1559.24,1559.4,-2.36363604,0.09,40.9974139
1666831670.417862,1559.24,1559.4,-2.36363604,0.09,40.9974139
1666831680.4632452,1559.24,1559.4,-2.36363604,0.09,40.9974139
1666831690.6474755,1558.64,1558.64,-2.30262307,-0.18,38.88468411
1666831700.4564378,1558.64,1558.64,-2.30262307,-0.18,38.88468411
1666831710.6240184,1558.64,1558.64,-2.30262307,-0.18,38.88468411
1666831720.4013524,1558.64,1558.65,-2.30182535,-0.17,38.9108071
1666831730.4410017,1558.64,1558.65,-2.30182535,-0.17,38.9108071
1666831740.479931,1558.64,1558.65,-2.30182535,-0.17,38.9108071
1666831750.568894,1558.0,1558.0,-2.27217754,0.94,37.28276454
1666831760.6199782,1558.0,1558.0,-2.27217754,0.94,37.28276454
1666831770.4349763,1558.0,1558.0,-2.27217754,0.94,37.28276454
1666831780.4516313,1558.0,1557.84,-2.28494107,0.78,36.87378225
1666831790.5986493,1558.0,1557.84,-2.28494107,0.78,36.87378225
1666831801.094142,1558.0,1557.84,-2.28494107,0.78,36.87378225
1666831811.1908844,1557.96,1557.96,-2.18870117,-1.28,37.20070645
1666831821.2000518,1557.96,1557.96,-2.18870117,-1.28,37.20070645
1666831831.163376,1557.96,1557.96,-2.18870117,-1.28,37.20070645
1666831841.1277988,1557.96,1558.65,-2.13365843,-0.59,40.2648218
1666831851.5242586,1557.96,1558.65,-2.13365843,-0.59,40.2648218
1666831861.3232725,1557.96,1558.65,-2.13365843,-0.59,40.2648218
1666831871.3137217,1559.58,1559.58,-1.86684069,1.75,43.95366741
1666831881.129874,1559.58,1559.58,-1.86684069,1.75,43.95366741
1666831891.1831264,1559.58,1559.58,-1.86684069,1.75,43.95366741
1666831901.1519048,1559.58,1559.11,-1.90433356,1.28,42.51524357
1666831911.1515834,1559.58,1559.11,-1.90433356,1.28,42.51524357
1666831921.2448132,1559.58,1559.11,-1.90433356,1.28,42.51524357
1666831931.305232,1559.11,1559.11,-1.75984491,2.03,42.51297977
1666831941.2317364,1559.11,1559.11,-1.75984491,2.03,42.51297977
1666831951.3090577,1559.11,1559.11,-1.75984491,2.03,42.51297977
1666831961.198254,1559.11,1558.71,-1.79175374,1.63,41.28202628
1666831971.2079935,1559.11,1558.71,-1.79175374,1.63,41.28202628
1666831981.632733,1559.11,1558.71,-1.79175374,1.63,41.28202628
1666831991.6358092,1559.11,1558.71,-1.79175374,1.63,41.28202628
1666832001.6449776,1557.5,1557.5,-1.85542083,-1.44,37.97658672
1666832011.5911489,1557.5,1557.5,-1.85542083,-1.44,37.97658672
1666832021.818755,1557.5,1559.06,-1.73097639,0.12,44.206585
1666832031.6270463,1557.5,1559.06,-1.73097639,0.12,44.206585
1666832041.6571662,1557.5,1559.06,-1.73097639,0.12,44.206585
1666832051.5738096,1558.67,1558.67,-1.64313048,-0.54,42.77234855
1666832061.6739688,1558.67,1558.67,-1.64313048,-0.54,42.77234855
1666832071.7852242,1558.67,1558.67,-1.64313048,-0.54,42.77234855
1666832081.6446524,1558.67,1558.75,-1.63674871,-0.46,43.09612641
1666832091.798383,1558.67,1558.75,-1.63674871,-0.46,43.09612641
1666832101.6737378,1558.67,1558.75,-1.63674871,-0.46,43.09612641
1666832111.8548322,1558.75,1558.75,-1.5192714,0.5,43.09612641
1666832121.667061,1558.75,1558.75,-1.5192714,0.5,43.09612641
1666832131.8049264,1558.75,1558.75,-1.5192714,0.5,43.09612641
1666832141.6230316,1558.75,1559.27,-1.47778992,1.02,45.26389612
1666832151.7021725,1558.75,1559.27,-1.47778992,1.02,45.26389612
1666832162.580309,1558.75,1559.27,-1.47778992,1.02,45.26389612
1666832172.2778575,1559.96,1559.96,-1.23886853,0.71,47.89764528
1666832182.4627883,1559.96,1559.96,-1.23886853,0.71,47.89764528
1666832192.456455,1559.96,1559.96,-1.23886853,0.71,47.89764528
1666832202.2951703,1559.96,1560.2,-1.21972323,0.95,48.82010363
1666832212.3500583,1559.96,1560.2,-1.21972323,0.95,48.82010363
1666832222.2482252,1559.96,1560.2,-1.21972323,0.95,48.82010363
1666832232.3094268,1559.7,1559.7,-1.11744014,1.05,46.9803157
1666832242.3100507,1559.7,1559.7,-1.11744014,1.05,46.9803157
1666832252.595884,1559.7,1559.7,-1.11744014,1.05,46.9803157
1666832262.315024,1559.7,1559.66,-1.12063103,1.01,46.83171439
1666832272.2904143,1559.7,1559.66,-1.12063103,1.01,46.83171439
1666832282.3546336,1559.7,1559.66,-1.12063103,1.01,46.83171439
1666832292.3226962,1559.08,1559.08,-1.08034855,1.08,44.77539884
1666832302.2804394,1559.08,1559.08,-1.08034855,1.08,44.77539884
1666832312.2944186,1559.08,1559.08,-1.08034855,1.08,44.77539884
1666832322.3476748,1559.08,1559.34,-1.05960781,1.34,45.91370745
1666832332.3174665,1559.08,1559.34,-1.05960781,1.34,45.91370745
1666832342.8179514,1559.08,1559.34,-1.05960781,1.34,45.91370745
1666832353.0150657,1559.08,1559.34,-1.05960781,1.34,45.91370745
1666832362.8950305,1558.94,1558.94,-1.02064258,0.99,44.27076559
1666832372.8561962,1558.94,1558.94,-1.02064258,0.99,44.27076559
1666832382.8522484,1558.94,1559.73,-0.95762264,1.78,47.84294447
1666832392.8205018,1558.94,1559.73,-0.95762264,1.78,47.84294447
1666832402.8722143,1558.94,1559.73,-0.95762264,1.78,47.84294447
1666832412.87425,1559.94,1559.94,-0.81212073,0.37,48.71675609
1666832422.8486454,1559.94,1559.94,-0.81212073,0.37,48.71675609
1666832432.974566,1559.94,1559.94,-0.81212073,0.37,48.71675609
1666832442.901613,1559.94,1559.95,-0.81132301,0.38,48.76077838
1666832452.875502,1559.94,1559.95,-0.81132301,0.38,48.76077838
1666832462.8253486,1559.94,1559.95,-0.81132301,0.38,48.76077838
1666832473.0032096,1559.98,1559.98,-0.69633896,0.86,48.89239295
1666832483.0619948,1559.98,1559.98,-0.69633896,0.86,48.89239295
1666832492.8826425,1559.98,1559.98,-0.69633896,0.86,48.89239295
1666832502.8512008,1559.98,1560.31,-0.67001418,1.19,50.40159211
1666832512.837749,1559.98,1560.31,-0.67001418,1.19,50.40159211
1666832523.443668,1559.98,1560.31,-0.67001418,1.19,50.40159211
1666832533.3894389,1560.69,1560.69,-0.49920797,3.2,52.02570595
1666832543.723367,1560.69,1560.69,-0.49920797,3.2,52.02570595
1666832553.4112384,1560.69,1560.69,-0.49920797,3.2,52.02570595
1666832563.476344,1560.69,1561.02,-0.47288319,3.53,53.46091243
1666832573.49361,1560.69,1561.02,-0.47288319,3.53,53.46091243
1666832583.4869375,1560.69,1561.02,-0.47288319,3.53,53.46091243
1666832593.574412,1562.68,1562.68,-0.10214402,4.02,59.5162964
1666832603.4317048,1562.68,1562.68,-0.10214402,4.02,59.5162964
1666832613.5252671,1562.68,1562.68,-0.10214402,4.02,59.5162964
1666832623.4985485,1562.68,1562.68,-0.10214402,4.02,59.5162964
1666832633.4738276,1562.68,1561.68,-0.1819161,3.02,54.87739989
1666832643.4332595,1562.68,1561.68,-0.1819161,3.02,54.87739989
1666832653.4305143,1561.43,1561.43,-0.09097618,2.68,53.82534154
1666832663.5002444,1561.43,1561.43,-0.09097618,2.68,53.82534154
1666832673.4558742,1561.43,1561.43,-0.09097618,2.68,53.82534154
1666832683.4817674,1561.43,1561.54,-0.08220125,2.79,54.24668851
1666832693.5215063,1561.43,1561.54,-0.08220125,2.79,54.24668851
1666832704.25195,1561.43,1561.54,-0.08220125,2.79,54.24668851
1666832714.296968,1561.92,1561.92,0.06557731,1.96,55.6247698
1666832724.1474557,1561.92,1561.92,0.06557731,1.96,55.6247698
1666832734.4187698,1561.92,1561.92,0.06557731,1.96,55.6247698
1666832744.211572,1561.92,1563.33,0.17805594,3.37,60.39189508
1666832754.340936,1561.92,1563.33,0.17805594,3.37,60.39189508
1666832764.2055552,1561.92,1563.33,0.17805594,3.37,60.39189508
1666832774.3341904,1562.45,1562.45,0.23116732,2.75,57.54811021
1666832784.1758285,1562.45,1562.45,0.23116732,2.75,57.54811021
1666832794.325745,1562.45,1562.45,0.23116732,2.75,57.54811021
1666832804.182952,1562.45,1562.45,0.23116732,2.75,57.54811021
1666832814.2981346,1562.45,1563.64,0.32609609,3.94,61.56984627
1666832824.1593435,1562.45,1563.64,0.32609609,3.94,61.56984627
1666832834.1213598,1563.86,1563.86,0.52509007,4.77,62.23133715
1666832844.280207,1563.86,1563.86,0.52509007,4.77,62.23133715
1666832854.1165106,1563.86,1563.86,0.52509007,4.77,62.23133715
1666832864.2498283,1563.86,1564.25,0.55620118,5.16,63.43295995
1666832874.262461,1563.86,1564.25,0.55620118,5.16,63.43295995
1666832885.1096823,1563.86,1564.25,0.55620118,5.16,63.43295995
1666832895.296808,1563.88,1563.88,0.66409046,4.94,62.2948767
1666832905.2059162,1563.88,1563.88,0.66409046,4.94,62.2948767
1666832915.3030772,1563.88,1563.88,0.66409046,4.94,62.2948767
1666832925.0101974,1563.88,1563.88,0.66409046,4.94,62.2948767
1666832935.0863218,1563.88,1563.88,0.66409046,4.94,62.2948767
1666832945.1180437,1563.88,1563.88,0.66409046,4.94,62.2948767
1666832955.1349618,1563.88,1563.88,0.66409046,4.94,62.2948767
1666832965.1837134,1563.55,1563.55,0.7175263,3.61,60.4866994
1666832975.2249022,1563.55,1563.55,0.7175263,3.61,60.4866994
1666832985.219834,1563.55,1563.53,0.71593086,3.59,60.3723254
1666832995.1457126,1563.55,1563.53,0.71593086,3.59,60.3723254
1666833005.0519714,1563.55,1563.53,0.71593086,3.59,60.3723254
1666833015.3202186,1563.18,1563.18,0.71891986,3.2,58.42605903
1666833025.0022247,1563.18,1563.18,0.71891986,3.2,58.42605903
1666833035.0431645,1563.18,1563.18,0.71891986,3.2,58.42605903
1666833045.1360326,1563.18,1563.97,0.7819398,3.99,61.42387321
1666833055.235028,1563.18,1563.97,0.7819398,3.99,61.42387321
1666833065.933392,1563.18,1563.97,0.7819398,3.99,61.42387321
1666833075.909709,1563.77,1563.77,0.81835663,3.07,60.70937395
1666833085.8857555,1563.77,1563.77,0.81835663,3.07,60.70937395
1666833095.895616,1563.77,1563.77,0.81835663,3.07,60.70937395
1666833105.90984,1563.77,1563.51,0.79761589,2.81,59.18709212
1666833116.0015583,1563.77,1563.51,0.79761589,2.81,59.18709212
1666833125.8032954,1563.77,1563.51,0.79761589,2.81,59.18709212
1666833135.8939507,1563.07,1563.07,0.75173349,0.38,56.7459825
1666833146.0396547,1563.07,1563.07,0.75173349,0.38,56.7459825
1666833155.9944117,1563.07,1563.07,0.75173349,0.38,56.7459825
1666833165.840316,1563.07,1563.54,0.78922637,0.85,58.70521231
1666833176.47417,1563.07,1563.54,0.78922637,0.85,58.70521231
1666833185.9744506,1563.07,1563.54,0.78922637,0.85,58.70521231
1666833195.8527954,1563.45,1563.45,0.7884365,2.01,58.34390048
1666833205.9052804,1563.45,1563.45,0.7884365,2.01,58.34390048
1666833215.965937,1563.45,1563.45,0.7884365,2.01,58.34390048
1666833226.1075735,1563.45,1563.42,0.78604333,1.98,58.16122347
1666833235.9167616,1563.45,1563.42,0.78604333,1.98,58.16122347
1666833246.5714226,1563.45,1563.42,0.78604333,1.98,58.16122347
1666833256.6872494,1563.98,1563.98,0.85937969,2.06,60.5338292
1666833266.4776292,1563.98,1563.98,0.85937969,2.06,60.5338292
1666833276.5181472,1563.98,1563.98,0.85937969,2.06,60.5338292
1666833286.6604233,1563.98,1564.11,0.86975006,2.19,61.07438316
1666833296.706138,1563.98,1564.11,0.86975006,2.19,61.07438316
1666833306.6229343,1563.98,1564.11,0.86975006,2.19,61.07438316
1666833316.5144544,1564.43,1564.43,0.93504095,1.99,62.34690171
1666833326.5693915,1564.43,1564.43,0.93504095,1.99,62.34690171
1666833336.938619,1564.43,1564.43,0.93504095,1.99,62.34690171
1666833346.5303097,1564.43,1563.92,0.89435719,1.48,59.06088345
1666833356.5952694,1564.43,1563.92,0.89435719,1.48,59.06088345
1666833366.5094929,1564.43,1563.92,0.89435719,1.48,59.06088345
1666833376.696999,1562.57,1562.57,0.69322998,-1.29,51.78025581
1666833386.5084517,1562.57,1562.57,0.69322998,-1.29,51.78025581
1666833396.5938802,1562.57,1562.57,0.69322998,-1.29,51.78025581
1666833406.8504486,1562.57,1562.47,0.68525277,-1.39,51.27601952
1666833416.5953548,1562.57,1562.47,0.68525277,-1.39,51.27601952
1666833427.3890495,1562.57,1562.47,0.68525277,-1.39,51.27601952
1666833437.5918937,1562.57,1562.57,0.61274183,-1.31,51.77285273
1666833446.9665108,1562.57,1562.57,0.61274183,-1.31,51.77285273
1666833457.1739554,1562.57,1562.57,0.61274183,-1.31,51.77285273
1666833467.0640612,1562.57,1562.32,0.59279881,-1.56,50.4401456
1666833477.0189102,1562.57,1562.32,0.59279881,-1.56,50.4401456
1666833487.035635,1562.57,1562.32,0.59279881,-1.56,50.4401456
1666833497.0738492,1564.01,1564.01,0.7456355,0.46,58.15795965
1666833507.1285882,1564.01,1564.01,0.7456355,0.46,58.15795965
1666833517.0094244,1564.01,1564.01,0.7456355,0.46,58.15795965
1666833527.163635,1564.01,1565.88,0.89480929,2.33,64.69212729
1666833537.2932365,1564.01,1565.88,0.89480929,2.33,64.69212729
1666833547.2478812,1564.01,1565.88,0.89480929,2.33,64.69212729
1666833557.1403146,1565.57,1565.57,0.97239932,2.4,63.7260507
1666833567.0162108,1565.57,1565.57,0.97239932,2.4,63.7260507
1666833577.2654152,1565.57,1565.57,0.97239932,2.4,63.7260507
1666833587.212766,1565.57,1566.43,1.04100331,3.26,66.41792533
1666833597.1078916,1565.57,1566.43,1.04100331,3.26,66.41792533
1666833607.6725693,1565.57,1566.43,1.04100331,3.26,66.41792533
1666833617.628445,1566.45,1566.45,1.16464068,2.69,66.47747969
1666833627.6880372,1566.45,1566.45,1.16464068,2.69,66.47747969
1666833637.5614307,1566.45,1566.45,1.16464068,2.69,66.47747969
1666833647.7416384,1566.45,1568.47,1.32578029,4.71,71.72877341
1666833657.7352822,1566.45,1568.47,1.32578029,4.71,71.72877341
1666833667.82597,1566.45,1568.47,1.32578029,4.71,71.72877341
1666833677.6599813,1566.83,1566.83,1.30132807,3.76,67.60929178
1666833687.541432,1566.83,1566.83,1.30132807,3.76,67.60929178
1666833697.580183,1566.83,1566.83,1.30132807,3.76,67.60929178
1666833707.5028896,1566.83,1567.96,1.39147052,4.89,70.76974786
1666833717.618346,1566.83,1567.96,1.39147052,4.89,70.76974786
1666833727.6101704,1566.83,1567.96,1.39147052,4.89,70.76974786
1666833737.6945612,1567.1,1567.1,1.40739154,3.65,68.42728553
1666833747.562286,1567.1,1567.1,1.40739154,3.65,68.42728553
1666833757.574411,1567.1,1567.1,1.40739154,3.65,68.42728553
1666833767.5991852,1567.1,1566.96,1.39622345,3.51,67.51310628
1666833777.6248372,1567.1,1566.96,1.39622345,3.51,67.51310628
1666833788.1361363,1567.1,1566.96,1.39622345,3.51,67.51310628
1666833798.0117204,1567.06,1567.06,1.45193077,3.08,68.15591751
1666833808.1718037,1567.06,1567.06,1.45193077,3.08,68.15591751
1666833818.0390444,1567.06,1567.06,1.45193077,3.08,68.15591751
1666833828.430218,1567.06,1566.95,1.44315584,2.97,67.3947688
1666833838.0688329,1567.06,1566.95,1.44315584,2.97,67.3947688
1666833848.2084515,1567.06,1566.95,1.44315584,2.97,67.3947688
1666833858.1352563,1567.04,1567.04,1.47119359,2.62,68.04255197
1666833868.1357372,1567.04,1567.04,1.47119359,2.62,68.04255197
1666833878.067839,1567.04,1567.04,1.47119359,2.62,68.04255197
1666833888.121463,1567.04,1564.91,1.30127906,0.49,54.56111072
1666833898.1740265,1567.04,1564.91,1.30127906,0.49,54.56111072
1666833908.1674235,1567.04,1564.91,1.30127906,0.49,54.56111072
1666833918.161851,1565.3,1565.3,1.22417407,2.73,56.61497652
1666833928.2844126,1565.3,1565.3,1.22417407,2.73,56.61497652
1666833938.1408737,1565.3,1565.3,1.22417407,2.73,56.61497652
1666833948.084073,1565.3,1563.4,1.07260712,0.83,47.27772407
1666833958.3886304,1565.3,1563.4,1.07260712,0.83,47.27772407
1666833969.021059,1565.3,1563.4,1.07260712,0.83,47.27772407
1666833979.200165,1562.51,1562.51,0.73103733,-0.07,43.88723466
1666833989.068181,1562.51,1562.51,0.73103733,-0.07,43.88723466
1666833999.0775385,1562.51,1562.51,0.73103733,-0.07,43.88723466
1666834009.436412,1562.51,1560.17,0.54437067,-2.41,36.47978605
1666834018.928116,1562.51,1560.17,0.54437067,-2.41,36.47978605
1666834029.4250944,1562.51,1560.17,0.54437067,-2.41,36.47978605
1666834039.0651977,1559.0,1559.0,0.01453698,-5.01,33.64077896
1666834049.012741,1559.0,1559.0,0.01453698,-5.01,33.64077896
1666834059.192156,1559.0,1559.0,0.01453698,-5.01,33.64077896
1666834069.0683246,1559.0,1559.21,0.03128912,-4.8,34.62422193
1666834079.0424783,1559.0,1559.21,0.03128912,-4.8,34.62422193
1666834089.0166926,1559.0,1559.21,0.03128912,-4.8,34.62422193
1666834098.9807794,1559.1,1559.1,-0.31286399,-6.48,34.13345121
1666834109.096736,1559.1,1559.1,-0.31286399,-6.48,34.13345121
1666834119.0511055,1559.1,1559.1,-0.31286399,-6.48,34.13345121
1666834129.0795476,1559.1,1560.2,-0.2251147,-5.38,39.22957517
1666834139.1126747,1559.1,1560.2,-0.2251147,-5.38,39.22957517
1666834149.7777867,1559.1,1560.2,-0.2251147,-5.38,39.22957517
1666834159.6642864,1559.56,1559.56,-0.50765752,-6.88,36.35181435
1666834169.7291791,1559.56,1559.56,-0.50765752,-6.88,36.35181435
1666834179.6513054,1559.56,1559.56,-0.50765752,-6.88,36.35181435
1666834189.9373744,1559.56,1558.37,-0.60258629,-8.07,33.20336842
1666834199.739441,1559.56,1558.37,-0.60258629,-8.07,33.20336842
1666834209.7661586,1559.56,1558.37,-0.60258629,-8.07,33.20336842
1666834219.7817457,1558.14,1558.14,-0.88397276,-8.69,32.65670083
1666834229.811197,1558.14,1558.14,-0.88397276,-8.69,32.65670083
1666834239.7668517,1558.14,1558.14,-0.88397276,-8.69,32.65670083
1666834249.7303655,1558.14,1560.35,-0.70767646,-6.48,42.45976676
1666834259.663438,1558.14,1560.35,-0.70767646,-6.48,42.45976676
1666834269.7734497,1558.14,1560.35,-0.70767646,-6.48,42.45976676
1666834279.729131,1560.12,1560.12,-0.80070177,-6.97,41.57764769
1666834289.81255,1560.12,1560.12,-0.80070177,-6.97,41.57764769
1666834299.7701645,1560.12,1560.12,-0.80070177,-6.97,41.57764769
1666834309.6619143,1560.12,1561.13,-0.72013197,-5.96,45.5392626
1666834319.9058368,1560.12,1561.13,-0.72013197,-5.96,45.5392626
1666834330.592697,1559.8,1559.8,-0.89469616,-7.25,40.62779244
1666834340.4368198,1559.8,1559.8,-0.89469616,-7.25,40.62779244
1666834350.4108963,1559.8,1559.8,-0.89469616,-7.25,40.62779244
1666834360.2410958,1559.8,1559.8,-0.89469616,-7.25,40.62779244
1666834370.2960455,1559.8,1559.77,-0.89708932,-7.28,40.53546629
1666834380.4109085,1559.8,1559.77,-0.89708932,-7.28,40.53546629
1666834390.5432034,1559.8,1559.77,-0.89708932,-7.28,40.53546629
1666834400.3187723,1557.31,1557.31,-1.29075118,-9.74,34.19181182
1666834410.3501358,1557.31,1557.31,-1.29075118,-9.74,34.19181182
1666834420.2752266,1557.31,1557.31,-1.29075118,-9.74,34.19181182
1666834430.2227347,1557.31,1557.0,-1.31548053,-10.05,33.45685221
1666834440.3712573,1557.31,1557.0,-1.31548053,-10.05,33.45685221
1666834450.3841326,1557.31,1557.0,-1.31548053,-10.05,33.45685221
1666834460.254545,1557.33,1557.33,-1.4266494,-7.97,34.3017927
1666834470.2406912,1557.33,1557.33,-1.4266494,-7.97,34.3017927
1666834480.3437946,1557.33,1557.33,-1.4266494,-7.97,34.3017927
1666834490.5053356,1557.33,1557.72,-1.39553829,-7.58,36.11865154
1666834500.3882413,1557.33,1557.72,-1.39553829,-7.58,36.11865154
1666834511.1262336,1557.41,1557.41,-1.50804614,-5.1,34.66833087
1666834521.177166,1557.41,1557.41,-1.50804614,-5.1,34.66833087
1666834531.1063745,1557.41,1557.41,-1.50804614,-5.1,34.66833087
1666834541.196659,1557.41,1557.51,-1.50006893,-5.0,35.18083266
1666834551.1173356,1557.41,1557.51,-1.50006893,-5.0,35.18083266
1666834561.2147942,1557.41,1557.51,-1.50006893,-5.0,35.18083266
1666834571.2864552,1558.46,1558.46,-1.41119306,-0.54,39.6797681
1666834581.1009371,1558.46,1558.46,-1.41119306,-0.54,39.6797681
1666834591.1246655,1558.46,1558.46,-1.41119306,-0.54,39.6797681
1666834601.2460384,1558.46,1559.38,-1.33780275,0.38,43.74831425
1666834611.1838362,1558.46,1559.38,-1.33780275,0.38,43.74831425
1666834621.1338165,1558.46,1559.38,-1.33780275,0.38,43.74831425
1666834631.0380523,1559.96,1559.96,-1.17156888,0.85,46.0457716
1666834641.177476,1559.96,1559.96,-1.17156888,0.85,46.0457716
1666834651.6752558,1559.96,1559.96,-1.17156888,0.85,46.0457716
1666834661.2542334,1559.96,1559.9,-1.1763552,0.79,45.83778814
1666834671.150196,1559.96,1559.9,-1.1763552,0.79,45.83778814
1666834681.247235,1559.96,1559.9,-1.1763552,0.79,45.83778814
1666834691.6142075,1559.23,1559.23,-1.16804678,-0.33,43.63681062
1666834701.5516407,1559.23,1559.23,-1.16804678,-0.33,43.63681062
1666834711.5666964,1559.23,1559.23,-1.16804678,-0.33,43.63681062
1666834721.7674005,1559.23,1559.77,-1.12496985,0.21,45.89187068
1666834731.5757637,1559.23,1559.77,-1.12496985,0.21,45.89187068
1666834741.6526897,1559.23,1559.77,-1.12496985,0.21,45.89187068
1666834751.5816057,1559.81,1559.81,-1.02436134,1.67,46.05175509
1666834761.7532036,1559.81,1559.81,-1.02436134,1.67,46.05175509
1666834771.576652,1559.81,1559.81,-1.02436134,1.67,46.05175509
1666834781.9317386,1559.81,1560.29,-0.98607075,2.15,48.03607399
1666834791.543151,1559.81,1560.29,-0.98607075,2.15,48.03607399
1666834801.6055353,1559.81,1560.29,-0.98607075,2.15,48.03607399
1666834811.6158228,1559.81,1560.29,-0.98607075,2.15,48.03607399
1666834821.6415162,1560.31,1560.31,-0.86629802,0.2,48.11864444
1666834831.598246,1560.31,1560.31,-0.86629802,0.2,48.11864444
1666834841.569213,1560.31,1559.93,-0.89661141,-0.18,46.65248115
1666834852.2698312,1560.31,1559.93,-0.89661141,-0.18,46.65248115
1666834861.6680553,1560.31,1559.93,-0.89661141,-0.18,46.65248115
1666834871.9437487,1560.46,1560.46,-0.74262317,0.66,48.75521905
1666834881.984188,1560.46,1560.46,-0.74262317,0.66,48.75521905
1666834891.899931,1560.46,1560.46,-0.74262317,0.66,48.75521905
1666834902.0309515,1560.46,1560.19,-0.76416164,0.39,47.62411491
1666834912.1431162,1560.46,1560.19,-0.76416164,0.39,47.62411491
1666834921.9747715,1560.46,1560.19,-0.76416164,0.39,47.62411491
1666834932.129442,1561.41,1561.41,-0.51233545,4.11,52.69684318
1666834942.112551,1561.41,1561.41,-0.51233545,4.11,52.69684318
1666834952.2140117,1561.41,1561.41,-0.51233545,4.11,52.69684318
1666834962.0592752,1561.41,1560.73,-0.56658047,3.43,49.74907404
1666834971.9952466,1561.41,1560.73,-0.56658047,3.43,49.74907404
1666834982.1041226,1561.41,1560.73,-0.56658047,3.43,49.74907404
1666834991.883078,1561.41,1560.73,-0.56658047,3.43,49.74907404
1666835001.8938649,1560.29,1560.29,-0.54376344,2.95,48.01509661
1666835011.9825623,1560.29,1560.29,-0.54376344,2.95,48.01509661
1666835022.0272388,1560.29,1559.77,-0.58524492,2.43,45.96509996
1666835032.011041,1560.29,1559.77,-0.58524492,2.43,45.96509996
1666835042.1920974,1560.29,1559.77,-0.58524492,2.43,45.96509996
1666835052.8999026,1560.1,1560.1,-0.51904011,2.7,47.25116131
1666835062.7957854,1560.1,1560.1,-0.51904011,2.7,47.25116131
1666835072.8177214,1560.1,1560.1,-0.51904011,2.7,47.25116131
1666835082.642655,1560.1,1560.1,-0.51904011,2.7,47.25116131
1666835092.8022375,1560.1,1560.09,-0.51983783,2.69,47.20333971
1666835102.743354,1560.1,1560.09,-0.51983783,2.69,47.20333971
1666835113.081611,1560.1,1560.09,-0.51983783,2.69,47.20333971
1666835122.7501082,1560.09,1560.09,-0.48205283,1.64,47.20511536
1666835132.724192,1560.09,1560.09,-0.48205283,1.64,47.20511536
1666835142.879878,1560.09,1559.78,-0.50678217,1.33,45.82089817
1666835153.0440147,1560.09,1559.78,-0.50678217,1.33,45.82089817
1666835162.8094702,1560.09,1559.78,-0.50678217,1.33,45.82089817
1666835172.8734748,1558.31,1558.31,-0.69859003,-1.66,40.22472549
1666835182.9918056,1558.31,1558.31,-0.69859003,-1.66,40.22472549
1666835192.711863,1558.31,1558.31,-0.69859003,-1.66,40.22472549
1666835202.7156832,1558.31,1559.29,-0.62041339,-0.68,45.03304965
1666835212.8253558,1558.31,1559.29,-0.62041339,-0.68,45.03304965
1666835222.7132506,1558.31,1559.29,-0.62041339,-0.68,45.03304965
1666835233.6185095,1559.99,1559.99,-0.51155155,0.76,48.02933847
1666835243.520666,1559.99,1559.99,-0.51155155,0.76,48.02933847
1666835253.2661812,1559.99,1559.99,-0.51155155,0.76,48.02933847
1666835263.384898,1559.99,1561.53,-0.38870255,2.3,53.97063225
1666835273.556187,1559.99,1561.53,-0.38870255,2.3,53.97063225
1666835283.353058,1559.99,1561.53,-0.38870255,2.3,53.97063225
1666835293.4019697,1562.22,1562.22,-0.14895168,2.41,56.20267206
1666835303.5885837,1562.22,1562.22,-0.14895168,2.41,56.20267206
1666835313.50931,1562.22,1562.22,-0.14895168,2.41,56.20267206
1666835323.31571,1562.22,1562.43,-0.13219954,2.62,56.90077674
1666835333.3612995,1562.22,1562.43,-0.13219954,2.62,56.90077674
1666835343.4578493,1562.22,1562.43,-0.13219954,2.62,56.90077674
1666835353.5510328,1561.99,1561.99,-0.03629415,1.69,55.23222194
1666835363.3674006,1561.99,1561.99,-0.03629415,1.69,55.23222194
1666835373.438284,1561.99,1561.99,-0.03629415,1.69,55.23222194
1666835383.3752892,1561.99,1562.27,-0.01395796,1.97,56.21649655
1666835393.4633236,1561.99,1562.27,-0.01395796,1.97,56.21649655
1666835403.3358984,1561.99,1562.27,-0.01395796,1.97,56.21649655
1666835413.8803322,1561.99,1562.27,-0.01395796,1.97,56.21649655
1666835423.8332963,1562.27,1562.27,0.10696529,1.82,56.21649655
1666835433.9519682,1562.27,1562.27,0.10696529,1.82,56.21649655
1666835444.0245135,1562.27,1562.0,0.08542683,1.55,54.96162091
1666835453.9019594,1562.27,1562.0,0.08542683,1.55,54.96162091
1666835463.848916,1562.27,1562.0,0.08542683,1.55,54.96162091
1666835473.9269383,1561.71,1561.71,0.12132376,0.31,53.67473208
1666835483.813843,1561.71,1561.71,0.12132376,0.31,53.67473208
1666835493.8100543,1561.71,1561.71,0.12132376,0.31,53.67473208
1666835504.1083694,1561.71,1562.37,0.17397333,0.97,56.18891093
1666835513.929191,1561.71,1562.37,0.17397333,0.97,56.18891093
1666835524.0105488,1561.71,1562.37,0.17397333,0.97,56.18891093
1666835533.9213583,1562.2,1562.2,0.23484209,1.92,55.57063299
1666835543.9799328,1562.2,1562.2,0.23484209,1.92,55.57063299
1666835553.9347684,1562.2,1562.2,0.23484209,1.92,55.57063299
1666835563.900866,1562.2,1562.48,0.25717828,2.2,56.66043507
1666835574.0815587,1562.2,1562.48,0.25717828,2.2,56.66043507
1666835584.042485,1562.2,1562.48,0.25717828,2.2,56.66043507
1666835594.3653388,1562.09,1562.09,0.27555507,2.0,55.03599672
1666835604.423954,1562.09,1562.09,0.27555507,2.0,55.03599672
1666835614.3426597,1562.09,1562.09,0.27555507,2.0,55.03599672
1666835624.6387067,1562.09,1561.5,0.22848954,1.41,52.08763799
1666835634.3914108,1562.09,1561.5,0.22848954,1.41,52.08763799
1666835644.4450283,1562.09,1561.5,0.22848954,1.41,52.08763799
1666835654.369473,1561.67,1561.67,0.25181517,1.57,52.90425993
1666835664.5107317,1561.67,1561.67,0.25181517,1.57,52.90425993
1666835674.5279453,1561.67,1561.67,0.25181517,1.57,52.90425993
1666835684.3658128,1561.67,1561.94,0.27335363,1.84,54.13417496
1666835694.363436,1561.67,1561.94,0.27335363,1.84,54.13417496
1666835704.501452,1561.67,1561.94,0.27335363,1.84,54.13417496
1666835714.3392918,1561.95,1561.95,0.29617713,3.63,54.17849489
1666835724.6214986,1561.95,1561.95,0.29617713,3.63,54.17849489
1666835734.5624256,1561.95,1561.95,0.29617713,3.63,54.17849489
1666835744.470782,1561.95,1561.91,0.29298624,3.59,53.95391159
1666835754.3110392,1561.95,1561.91,0.29298624,3.59,53.95391159
1666835764.5943956,1561.95,1561.91,0.29298624,3.59,53.95391159
1666835775.3770406,1561.77,1561.77,0.2839974,1.77,53.17950615
1666835785.544382,1561.77,1561.77,0.2839974,1.77,53.17950615
1666835795.4170473,1561.77,1561.77,0.2839974,1.77,53.17950615
1666835805.8592904,1561.77,1563.23,0.40046463,3.23,59.64689537
1666835815.311602,1561.77,1563.23,0.40046463,3.23,59.64689537
1666835825.4140506,1561.77,1563.23,0.40046463,3.23,59.64689537
1666835835.4771545,1562.62,1562.62,0.40325146,0.39,57.17537885
1666835845.3290842,1562.62,1562.62,0.40325146,0.39,57.17537885
1666835855.364983,1562.62,1562.62,0.40325146,0.39,57.17537885
1666835865.4627664,1562.62,1563.21,0.45031698,0.98,59.74357743
1666835875.4490235,1562.62,1563.21,0.45031698,0.98,59.74357743
1666835885.6708028,1562.62,1563.21,0.45031698,0.98,59.74357743
1666835895.3852952,1562.78,1562.78,0.4615821,0.8,57.90367099
1666835905.6656432,1562.78,1562.78,0.4615821,0.8,57.90367099
1666835915.5068643,1562.78,1562.78,0.4615821,0.8,57.90367099
1666835925.4653912,1562.78,1562.13,0.40973024,0.15,53.89381243
1666835935.5014646,1562.78,1562.13,0.40973024,0.15,53.89381243
1666835945.5136504,1562.78,1562.13,0.40973024,0.15,53.89381243
1666835956.466369,1562.45,1562.45,0.44598891,0.18,55.79130852
1666835966.4369495,1562.45,1562.45,0.44598891,0.18,55.79130852
1666835976.2768002,1562.45,1562.45,0.44598891,0.18,55.79130852
1666835986.1719773,1562.45,1561.38,0.36063278,-0.89,49.50038664
1666835996.4919426,1562.45,1561.38,0.36063278,-0.89,49.50038664
1666836006.7598047,1562.45,1561.38,0.36063278,-0.89,49.50038664
1666836016.4324596,1561.34,1561.34,0.291777,-0.37,49.29260568
1666836026.250632,1561.34,1561.34,0.291777,-0.37,49.29260568
1666836036.3970869,1561.34,1561.34,0.291777,-0.37,49.29260568
1666836046.287596,1561.34,1561.09,0.27183398,-0.62,47.93821577
1666836056.415949,1561.34,1561.09,0.27183398,-0.62,47.93821577
1666836066.2103648,1561.34,1561.09,0.27183398,-0.62,47.93821577
1666836076.3548105,1561.52,1561.52,0.26306621,-0.67,50.29858604
1666836086.4573593,1561.52,1561.52,0.26306621,-0.67,50.29858604
1666836096.4697962,1561.52,1561.52,0.26306621,-0.67,50.29858604
1666836106.2508695,1561.52,1561.46,0.25827988,-0.73,49.9419872
1666836116.385724,1561.52,1561.46,0.25827988,-0.73,49.9419872
1666836126.2401571,1561.52,1561.46,0.25827988,-0.73,49.9419872
1666836138.539626,1561.53,1561.53,0.22711281,-0.56,50.35851487
1666836147.4077342,1561.53,1561.53,0.22711281,-0.56,50.35851487
1666836157.4394596,1561.53,1561.53,0.22711281,-0.56,50.35851487
1666836167.327659,1561.53,1561.58,0.23110141,-0.51,50.67496268
1666836177.4583523,1561.53,1561.58,0.23110141,-0.51,50.67496268
1666836187.4081066,1561.53,1561.58,0.23110141,-0.51,50.67496268
1666836197.51019,1561.7,1561.7,0.21976264,0.03,51.41822473
1666836207.361313,1561.7,1561.7,0.21976264,0.03,51.41822473
1666836217.543774,1561.7,1561.7,0.21976264,0.03,51.41822473
1666836227.47173,1561.7,1561.32,0.18944925,-0.35,48.90509077
1666836237.5186455,1561.7,1561.32,0.18944925,-0.35,48.90509077
1666836247.4835873,1561.7,1561.32,0.18944925,-0.35,48.90509077
1666836257.5321512,1561.27,1561.27,0.14070466,-0.68,48.58781064
1666836267.589192,1561.27,1561.27,0.14070466,-0.68,48.58781064
1666836277.4592714,1561.27,1561.27,0.14070466,-0.68,48.58781064
1666836287.5558383,1561.27,1561.74,0.17819754,-0.21,51.71557456
1666836298.1456835,1561.27,1561.74,0.17819754,-0.21,51.71557456
1666836307.665877,1561.27,1561.74,0.17819754,-0.21,51.71557456
1666836318.2068942,1562.24,1562.24,0.24114848,0.48,54.63742046
1666836327.9192674,1562.24,1562.24,0.24114848,0.48,54.63742046
1666836337.9540167,1562.24,1562.24,0.24114848,0.48,54.63742046
1666836348.0326004,1562.24,1562.77,0.28342768,1.01,57.59552183
1666836358.0804996,1562.24,1562.77,0.28342768,1.01,57.59552183
1666836368.0902083,1562.24,1562.77,0.28342768,1.01,57.59552183
1666836377.9995215,1562.74,1562.74,0.3265274,0.12,57.43902698
1666836388.0720203,1562.74,1562.74,0.3265274,0.12,57.43902698
1666836398.2799628,1562.74,1562.74,0.3265274,0.12,57.43902698
1666836408.0898137,1562.74,1564.49,0.46612854,1.87,65.4492904
1666836418.0134022,1562.74,1564.49,0.46612854,1.87,65.4492904
1666836428.236017,1562.74,1564.49,0.46612854,1.87,65.4492904
1666836438.0121255,1566.22,1566.22,0.85039031,3.44,70.86923865
1666836448.0679572,1566.22,1566.22,0.85039031,3.44,70.86923865
1666836458.5842226,1566.22,1566.22,0.85039031,3.44,70.86923865
1666836468.1119893,1566.22,1565.45,0.78896581,2.67,65.91314495
1666836478.058739,1566.22,1565.45,0.78896581,2.67,65.91314495
1666836488.1570792,1566.22,1565.45,0.78896581,2.67,65.91314495
1666836498.3759785,1564.9,1564.9,0.84703644,2.44,62.77728792
1666836508.3853416,1564.9,1564.9,0.84703644,2.44,62.77728792
1666836518.4411676,1564.9,1564.9,0.84703644,2.44,62.77728792
1666836528.3676057,1564.9,1564.12,0.78481422,1.66,58.5248213
1666836538.3334942,1564.9,1564.12,0.78481422,1.66,58.5248213
1666836548.5455225,1564.9,1564.12,0.78481422,1.66,58.5248213
1666836558.4039342,1564.68,1564.68,0.88615551,3.34,61.51656123
1666836568.4956653,1564.68,1564.68,0.88615551,3.34,61.51656123
1666836578.4294848,1564.68,1564.68,0.88615551,3.34,61.51656123
1666836588.7686462,1564.68,1565.52,0.95316406,4.18,64.45201143
1666836598.455507,1564.68,1565.52,0.95316406,4.18,64.45201143
1666836608.528092,1564.68,1565.52,0.95316406,4.18,64.45201143
1666836618.4579103,1565.83,1565.83,1.08363838,4.3,65.39366557
1666836628.4396198,1565.83,1565.83,1.08363838,4.3,65.39366557
1666836638.4463634,1565.83,1565.83,1.08363838,4.3,65.39366557
1666836648.5994787,1565.83,1565.6,1.0652908,4.07,63.99621697
1666836658.407472,1565.83,1565.6,1.0652908,4.07,63.99621697
1666836668.481869,1565.83,1565.6,1.0652908,4.07,63.99621697
1666836678.776853,1564.98,1564.98,1.03335473,3.45,60.51048
1666836688.8975444,1564.98,1564.98,1.03335473,3.45,60.51048
1666836698.7886534,1564.98,1564.98,1.03335473,3.45,60.51048
1666836708.889444,1564.98,1565.61,1.08361114,4.08,62.73180552
1666836719.101464,1564.98,1565.61,1.08361114,4.08,62.73180552
1666836728.8780262,1564.98,1565.61,1.08361114,4.08,62.73180552
1666836739.069316,1565.52,1565.52,1.11164291,3.82,62.42989747
1666836749.2720726,1565.52,1565.52,1.11164291,3.82,62.42989747
1666836759.287773,1565.52,1565.52,1.11164291,3.82,62.42989747
1666836769.1898527,1565.52,1564.99,1.0693637,3.29,59.3792696
1666836779.3477638,1565.52,1564.99,1.0693637,3.29,59.3792696
1666836789.1302931,1565.52,1564.99,1.0693637,3.29,59.3792696
1666836799.0947838,1564.69,1564.69,1.00923091,3.41,57.78108232
1666836808.989073,1564.69,1564.69,1.00923091,3.41,57.78108232
1666836819.1065817,1564.69,1564.69,1.00923091,3.41,57.78108232
1666836829.195484,1564.69,1564.99,1.03316253,3.71,58.97033855
1666836839.1449852,1564.69,1564.99,1.03316253,3.71,58.97033855
1666836849.351299,1564.69,1564.99,1.03316253,3.71,58.97033855
1666836859.9608116,1566.39,1566.39,1.20906729,4.14,63.73955282
1666836869.8652036,1566.39,1566.39,1.20906729,4.14,63.73955282
1666836880.24476,1566.39,1566.39,1.20906729,4.14,63.73955282
1666836889.8911457,1566.39,1567.36,1.2864462,5.11,66.63202123
1666836899.8698068,1566.39,1567.36,1.2864462,5.11,66.63202123
1666836909.81922,1566.39,1567.36,1.2864462,5.11,66.63202123
1666836919.8566277,1566.74,1566.74,1.29509253,4.0,64.8416428
1666836929.804083,1566.74,1566.74,1.29509253,4.0,64.8416428
1666836939.7788243,1566.74,1566.74,1.29509253,4.0,64.8416428
1666836949.911191,1566.74,1567.99,1.39480763,5.25,68.51422476
1666836960.2866356,1566.74,1567.99,1.39480763,5.25,68.51422476
1666836969.8253202,1566.74,1567.99,1.39480763,5.25,68.51422476
1666836980.361678,1567.01,1567.01,1.36403447,0.79,65.70808217
1666836989.9038098,1567.01,1567.01,1.36403447,0.79,65.70808217
1666837000.121814,1567.01,1567.01,1.36403447,0.79,65.70808217
1666837009.9073408,1567.01,1566.56,1.32813704,0.34,62.95665236
1666837019.8908272,1567.01,1566.56,1.32813704,0.34,62.95665236
1666837029.8813107,1567.01,1566.56,1.32813704,0.34,62.95665236
1666837040.494714,1566.56,1566.56,1.32202537,1.66,62.93500277
1666837050.2012234,1566.56,1566.56,1.32202537,1.66,62.93500277
1666837060.2326438,1566.56,1566.56,1.32202537,1.66,62.93500277
1666837070.255339,1566.56,1566.35,1.30527324,1.45,61.64981315
1666837080.410558,1566.56,1566.35,1.30527324,1.45,61.64981315
1666837090.273133,1566.56,1566.35,1.30527324,1.45,61.64981315
1666837100.227976,1568.87,1568.87,1.62934356,4.19,69.95173199
1666837110.2157722,1568.87,1568.87,1.62934356,4.19,69.95173199
1666837120.2994018,1568.87,1568.87,1.62934356,4.19,69.95173199
1666837130.2701845,1568.87,1569.98,1.71789057,5.3,72.63273795
1666837140.2842798,1568.87,1569.98,1.71789057,5.3,72.63273795
1666837150.276584,1568.87,1569.98,1.71789057,5.3,72.63273795
1666837160.195277,1569.97,1569.97,1.86329272,4.13,72.56991813
1666837170.2245147,1569.97,1569.97,1.86329272,4.13,72.56991813
1666837180.290702,1569.97,1569.97,1.86329272,4.13,72.56991813
1666837190.2984188,1569.97,1568.35,1.73406195,2.51,63.65149849
1666837200.9310727,1569.97,1568.35,1.73406195,2.51,63.65149849
1666837210.3168087,1569.97,1568.35,1.73406195,2.51,63.65149849
1666837220.7309277,1567.95,1567.95,1.67042544,2.97,61.77692474
1666837231.262643,1567.95,1567.95,1.67042544,2.97,61.77692474
1666837240.7768974,1567.95,1567.95,1.67042544,2.97,61.77692474
1666837250.7385163,1567.95,1568.21,1.69116618,3.23,62.54899254
1666837260.8260224,1567.95,1568.21,1.69116618,3.23,62.54899254
1666837270.741898,1567.08,1567.08,1.50354603,1.56,57.79040788
1666837280.8046024,1567.08,1567.08,1.50354603,1.56,57.79040788
1666837290.7839174,1567.08,1567.08,1.50354603,1.56,57.79040788
1666837300.8820531,1567.08,1565.23,1.35596768,-0.29,50.3498924
1666837310.7538426,1567.08,1565.23,1.35596768,-0.29,50.3498924
1666837320.9101222,1567.08,1565.23,1.35596768,-0.29,50.3498924
1666837331.169749,1566.77,1566.77,1.36621781,2.08,56.39395277
1666837340.926479,1566.77,1566.77,1.36621781,2.08,56.39395277
1666837350.897237,1566.77,1566.77,1.36621781,2.08,56.39395277
1666837360.9344215,1566.77,1567.58,1.43083319,2.89,59.17019008
1666837370.970052,1566.77,1567.58,1.43083319,2.89,59.17019008
1666837381.0785625,1566.77,1567.58,1.43083319,2.89,59.17019008
1666837391.0583718,1566.77,1567.58,1.43083319,2.89,59.17019008
1666837401.551478,1567.25,1567.25,1.33028387,0.87,58.08293961
1666837411.4607034,1567.25,1567.25,1.33028387,0.87,58.08293961
1666837421.4280584,1567.25,1566.93,1.30475681,0.55,56.51145737
1666837431.914919,1567.25,1566.93,1.30475681,0.55,56.51145737
1666837441.640479,1567.25,1566.93,1.30475681,0.55,56.51145737
1666837451.528816,1566.94,1566.94,1.21253255,0.21,56.5510191
1666837461.465687,1566.94,1566.94,1.21253255,0.21,56.5510191
1666837471.519807,1566.94,1566.94,1.21253255,0.21,56.5510191
1666837481.5055404,1566.94,1566.02,1.13914223,-0.71,52.18729703
1666837491.4450147,1566.94,1566.02,1.13914223,-0.71,52.18729703
1666837501.5822306,1566.94,1566.02,1.13914223,-0.71,52.18729703
1666837511.5804243,1566.71,1566.71,1.09332976,-0.29,55.39509755
1666837521.4247067,1566.71,1566.71,1.09332976,-0.29,55.39509755
1666837531.712504,1566.71,1566.71,1.09332976,-0.29,55.39509755
1666837541.5457797,1566.71,1566.93,1.11087962,-0.07,56.31723358
1666837551.4907725,1566.71,1566.93,1.11087962,-0.07,56.31723358
1666837561.5194528,1566.71,1566.93,1.11087962,-0.07,56.31723358
1666837571.524107,1566.46,1566.46,0.96713692,-0.09,54.10507854
1666837582.269103,1566.46,1566.46,0.96713692,-0.09,54.10507854
1666837592.8435216,1566.46,1566.46,0.96713692,-0.09,54.10507854
1666837602.3051672,1566.46,1565.93,0.92485772,-0.62,51.35331665
1666837612.361343,1566.46,1565.93,0.92485772,-0.62,51.35331665
1666837622.3388665,1566.46,1565.93,0.92485772,-0.62,51.35331665
1666837632.30697,1565.9,1565.9,0.79432416,-2.97,51.20213411
1666837642.36877,1565.9,1565.9,0.79432416,-2.97,51.20213411
1666837652.4726174,1565.9,1565.9,0.79432416,-2.97,51.20213411
1666837662.2973526,1565.9,1565.82,0.7879424,-3.05,50.78351988
1666837672.4448876,1565.9,1565.82,0.7879424,-3.05,50.78351988
1666837682.3108697,1565.9,1565.82,0.7879424,-3.05,50.78351988
1666837692.3297913,1564.87,1564.87,0.53864879,-5.11,46.28943359
1666837702.2956474,1564.87,1564.87,0.53864879,-5.11,46.28943359
1666837712.5156388,1564.87,1564.87,0.53864879,-5.11,46.28943359
1666837722.3537693,1564.87,1564.7,0.52508753,-5.28,45.51324649
1666837732.498416,1564.87,1564.7,0.52508753,-5.28,45.51324649
1666837742.3288455,1564.87,1564.7,0.52508753,-5.28,45.51324649
1666837752.4386272,1563.24,1563.24,0.1667644,-4.71,39.78136817
1666837763.0086882,1563.24,1563.24,0.1667644,-4.71,39.78136817
1666837773.019595,1563.24,1563.24,0.1667644,-4.71,39.78136817
1666837782.9710777,1563.24,1563.24,0.1667644,-4.71,39.78136817
1666837793.3154607,1563.24,1563.4,0.17952793,-4.55,40.6457252
1666837802.9470067,1563.24,1563.4,0.17952793,-4.55,40.6457252
1666837812.970126,1563.89,1563.89,0.06663633,-3.19,43.19679518
1666837823.0164256,1563.89,1563.89,0.06663633,-3.19,43.19679518
1666837833.1686828,1563.89,1563.89,0.06663633,-3.19,43.19679518
1666837843.082182,1563.89,1562.64,-0.03307877,-4.44,38.63486734
1666837853.0322125,1563.89,1562.64,-0.03307877,-4.44,38.63486734
1666837862.984455,1563.89,1562.64,-0.03307877,-4.44,38.63486734
1666837873.0308788,1563.36,1563.36,-0.12811776,-3.41,41.13725553
1666837883.2519906,1563.36,1563.36,-0.12811776,-3.41,41.13725553
1666837893.035065,1563.36,1563.36,-0.12811776,-3.41,41.13725553
1666837903.3862338,1563.36,1563.97,-0.07945679,-2.8,44.42170439
1666837913.075508,1563.36,1563.97,-0.07945679,-2.8,44.42170439
1666837923.0110474,1563.36,1563.97,-0.07945679,-2.8,44.42170439
1666837933.1629033,1563.5,1563.5,-0.22571146,-3.75,41.93725689
1666837943.3720405,1563.5,1563.5,-0.22571146,-3.75,41.93725689
1666837953.542024,1563.5,1563.5,-0.22571146,-3.75,41.93725689
1666837963.5705082,1563.5,1563.58,-0.2193297,-3.67,42.3950552
1666837973.3854208,1563.5,1563.58,-0.2193297,-3.67,42.3950552
1666837983.910342,1563.5,1563.58,-0.2193297,-3.67,42.3950552
1666837993.3749948,1563.73,1563.73,-0.2758472,-3.2,43.27415837
1666838003.344602,1563.73,1563.73,-0.2758472,-3.2,43.27415837
1666838013.3511,1563.73,1563.73,-0.2758472,-3.2,43.27415837
1666838023.2704277,1563.73,1563.84,-0.26707227,-3.09,43.92761114
1666838033.3638697,1563.73,1563.84,-0.26707227,-3.09,43.92761114
1666838043.3315585,1563.73,1563.84,-0.26707227,-3.09,43.92761114
1666838053.4066558,1564.49,1564.49,-0.21954817,-2.21,47.57480442
1666838063.3978968,1564.49,1564.49,-0.21954817,-2.21,47.57480442
1666838073.468516,1564.49,1564.49,-0.21954817,-2.21,47.57480442
1666838083.3668318,1564.49,1565.41,-0.14615785,-1.29,52.30363897
1666838093.3535426,1564.49,1565.41,-0.14615785,-1.29,52.30363897
1666838103.5658803,1564.49,1565.41,-0.14615785,-1.29,52.30363897
1666838113.4405391,1565.53,1565.53,-0.07280398,-0.93,52.84882037
1666838124.297736,1565.53,1565.53,-0.07280398,-0.93,52.84882037
1666838134.2146318,1565.53,1565.53,-0.07280398,-0.93,52.84882037
1666838144.508296,1565.53,1565.09,-0.1079037,-1.37,50.53309804
1666838154.157858,1565.53,1565.09,-0.1079037,-1.37,50.53309804
1666838164.2458358,1565.53,1565.09,-0.1079037,-1.37,50.53309804
1666838174.1754096,1565.76,1565.76,0.00988511,-0.15,53.95993216
1666838184.3231795,1565.76,1565.76,0.00988511,-0.15,53.95993216
1666838194.5252082,1565.76,1565.76,0.00988511,-0.15,53.95993216
1666838204.201982,1565.76,1565.72,0.00669422,-0.19,53.72406084
1666838214.3014605,1565.76,1565.72,0.00669422,-0.19,53.72406084
1666838224.18994,1565.76,1565.72,0.00669422,-0.19,53.72406084
1666838234.4264696,1564.22,1564.22,-0.15751576,-0.65,46.15781801
1666838244.2274072,1564.22,1564.22,-0.15751576,-0.65,46.15781801
1666838254.2313132,1564.22,1564.22,-0.15751576,-0.65,46.15781801
1666838264.1826148,1564.22,1563.89,-0.18384054,-0.98,44.66739538
1666838274.190538,1564.22,1563.89,-0.18384054,-0.98,44.66739538
1666838284.2403493,1564.22,1563.89,-0.18384054,-0.98,44.66739538
1666838294.202062,1564.53,1564.53,-0.14680364,1.28,47.79420228
1666838305.0963757,1564.53,1564.53,-0.14680364,1.28,47.79420228
1666838315.1423297,1564.53,1564.53,-0.14680364,1.28,47.79420228
1666838325.032683,1564.53,1565.07,-0.10372672,1.82,50.61010409
1666838335.3426511,1564.53,1565.07,-0.10372672,1.82,50.61010409
1666838345.0600903,1564.53,1565.07,-0.10372672,1.82,50.61010409
1666838355.0345726,1564.91,1564.91,-0.10177917,1.02,49.8044541
1666838365.0712256,1564.91,1564.91,-0.10177917,1.02,49.8044541
1666838375.0659628,1564.91,1564.91,-0.10177917,1.02,49.8044541
1666838385.8742845,1564.91,1564.28,-0.15203558,0.39,46.60176468
1666838395.2815037,1564.91,1564.28,-0.15203558,0.39,46.60176468
1666838405.1323855,1564.91,1564.28,-0.15203558,0.39,46.60176468
1666838415.1639793,1564.45,1564.45,-0.15474526,1.09,47.42468824
1666838425.217812,1564.45,1564.45,-0.15474526,1.09,47.42468824
1666838435.1024177,1564.45,1564.45,-0.15474526,1.09,47.42468824
1666838445.1026716,1564.45,1564.48,-0.1523521,1.12,47.60053768
1666838455.1430297,1564.45,1564.48,-0.1523521,1.12,47.60053768
1666838465.464149,1564.45,1564.48,-0.1523521,1.12,47.60053768
1666838475.0712948,1564.12,1564.12,-0.21176338,0.61,45.73252153
1666838485.6110868,1564.12,1564.12,-0.21176338,0.61,45.73252153
1666838496.017072,1564.12,1564.12,-0.21176338,0.61,45.73252153
1666838505.7694278,1564.12,1564.2,-0.20538162,0.69,46.2235291
1666838515.6436386,1564.12,1564.2,-0.20538162,0.69,46.2235291
1666838525.7233925,1564.12,1564.2,-0.20538162,0.69,46.2235291
1666838535.6869483,1564.51,1564.51,-0.17950714,0.77,48.08481883
1666838545.6912987,1564.51,1564.51,-0.17950714,0.77,48.08481883
1666838555.7337854,1564.51,1564.51,-0.17950714,0.77,48.08481883
1666838565.8758502,1564.51,1565.75,-0.08058976,2.01,54.80633977
1666838575.686547,1564.51,1565.75,-0.08058976,2.01,54.80633977
1666838585.65034,1564.51,1565.75,-0.08058976,2.01,54.80633977
1666838595.5798287,1564.76,1564.76,-0.14121457,0.27,49.6007066
1666838605.618993,1564.76,1564.76,-0.14121457,0.27,49.6007066
1666838616.0473175,1564.76,1564.76,-0.14121457,0.27,49.6007066
1666838625.9645844,1564.76,1564.16,-0.18907782,-0.33,46.12095303
1666838635.632001,1564.76,1564.16,-0.18907782,-0.33,46.12095303
1666838645.6249144,1564.76,1564.16,-0.18907782,-0.33,46.12095303
1666838656.0466914,1564.77,1564.77,-0.12319025,-0.77,49.66382607
1666838666.7050972,1564.77,1564.77,-0.12319025,-0.77,49.66382607
1666838676.6992412,1564.77,1564.77,-0.12319025,-0.77,49.66382607
1666838686.674672,1564.77,1564.54,-0.14153783,-1.0,48.16957292
1666838696.558969,1564.77,1564.54,-0.14153783,-1.0,48.16957292
1666838706.540852,1564.77,1564.54,-0.14153783,-1.0,48.16957292
1666838716.617211,1564.15,1564.15,-0.19531858,-1.61,45.82697516
1666838726.4705102,1564.15,1564.15,-0.19531858,-1.61,45.82697516
1666838736.507748,1564.15,1564.15,-0.19531858,-1.61,45.82697516
1666838746.604216,1564.15,1565.09,-0.12033283,-0.67,51.89280909
1666838756.5677226,1564.15,1565.09,-0.12033283,-0.67,51.89280909
1666838766.5509844,1564.15,1565.09,-0.12033283,-0.67,51.89280909
1666838776.496474,1565.91,1565.91,0.03731914,1.69,56.18004817
1666838786.7742138,1565.91,1565.91,0.03731914,1.69,56.18004817
1666838796.6953845,1565.91,1565.91,0.03731914,1.69,56.18004817
1666838806.743451,1565.91,1566.59,0.09156415,2.37,59.4104854
1666838816.7419202,1565.91,1566.59,0.09156415,2.37,59.4104854
1666838826.5737915,1565.91,1566.59,0.09156415,2.37,59.4104854
1666838836.68333,1565.93,1565.93,0.11137211,1.4,56.28630979
1666838846.9551747,1565.93,1565.93,0.11137211,1.4,56.28630979
1666838857.038165,1565.93,1565.93,0.11137211,1.4,56.28630979
1666838867.0400643,1565.93,1565.24,0.05632937,0.71,51.79694308
1666838877.025288,1565.93,1565.24,0.05632937,0.71,51.79694308
1666838887.017173,1565.93,1565.24,0.05632937,0.71,51.79694308
1666838897.0335867,1565.08,1565.08,0.04733851,0.16,50.85335808
1666838907.0343864,1565.08,1565.08,0.04733851,0.16,50.85335808
1666838917.187225,1565.08,1565.08,0.04733851,0.16,50.85335808
1666838927.06819,1565.08,1564.7,0.01702512,-0.22,48.58940822
1666838937.0722728,1565.08,1564.7,0.01702512,-0.22,48.58940822
1666838947.0484576,1565.08,1564.7,0.01702512,-0.22,48.58940822
1666838957.0443575,1565.18,1565.18,0.06389108,0.73,51.4486675
1666838967.0589075,1565.18,1565.18,0.06389108,0.73,51.4486675
1666838977.040794,1565.18,1565.18,0.06389108,0.73,51.4486675
1666838986.9924085,1565.18,1565.65,0.10138396,1.2,54.25339281
1666838997.1187973,1565.18,1565.65,0.10138396,1.2,54.25339281
1666839006.992211,1565.18,1565.65,0.10138396,1.2,54.25339281
1666839017.180658,1565.54,1565.54,0.12077206,1.41,53.62641133
1666839027.5288167,1565.54,1565.54,0.12077206,1.41,53.62641133
1666839037.5050986,1565.54,1565.54,0.12077206,1.41,53.62641133
1666839047.4998243,1565.54,1565.63,0.12795155,1.5,54.17974593
1666839057.7971456,1565.54,1565.63,0.12795155,1.5,54.17974593
1666839067.5645704,1565.54,1565.63,0.12795155,1.5,54.17974593
1666839077.8132904,1565.65,1565.65,0.15639477,1.15,54.30556842
1666839087.5751932,1565.65,1565.65,0.15639477,1.15,54.30556842
1666839097.6310437,1565.65,1565.65,0.15639477,1.15,54.30556842
1666839107.7320094,1565.65,1565.09,0.11172241,0.59,50.2960203
1666839117.770439,1565.65,1565.09,0.11172241,0.59,50.2960203
1666839127.6393538,1565.65,1565.09,0.11172241,0.59,50.2960203
1666839137.6320145,1564.08,1564.08,-0.04505113,-0.67,44.36671506
1666839147.7422082,1564.08,1564.08,-0.04505113,-0.67,44.36671506
1666839157.613398,1564.08,1564.08,-0.04505113,-0.67,44.36671506
1666839167.6525657,1564.08,1563.65,-0.07935313,-1.1,42.09327241
1666839177.5897927,1564.08,1563.65,-0.07935313,-1.1,42.09327241
1666839187.6263137,1564.08,1563.65,-0.07935313,-1.1,42.09327241
1666839197.6220434,1563.05,1563.05,-0.25046987,-1.72,39.28441428
1666839208.1877902,1563.05,1563.05,-0.25046987,-1.72,39.28441428
1666839218.1758566,1563.05,1563.05,-0.25046987,-1.72,39.28441428
1666839228.0210204,1563.05,1563.06,-0.24967215,-1.71,39.35704677
1666839238.524944,1563.05,1563.06,-0.24967215,-1.71,39.35704677
1666839248.269231,1563.05,1563.06,-0.24967215,-1.71,39.35704677
1666839258.1151686,1563.24,1563.24,-0.31732277,-0.92,40.63534202
1666839268.2767591,1563.24,1563.24,-0.31732277,-0.92,40.63534202
1666839278.0823324,1563.24,1563.24,-0.31732277,-0.92,40.63534202
1666839288.1223626,1563.24,1563.35,-0.30854784,-0.81,41.44761183
1666839298.0530505,1563.24,1563.35,-0.30854784,-0.81,41.44761183
1666839308.1774964,1563.24,1563.35,-0.30854784,-0.81,41.44761183
1666839318.0924456,1562.48,1562.48,-0.48539458,-3.43,37.08123281
1666839328.2779405,1562.48,1562.48,-0.48539458,-3.43,37.08123281
1666839338.0594528,1562.48,1562.48,-0.48539458,-3.43,37.08123281
1666839348.385203,1562.48,1562.32,-0.49815811,-3.59,36.36021765
1666839358.1734672,1562.48,1562.32,-0.49815811,-3.59,36.36021765
1666839368.7731316,1562.48,1562.32,-0.49815811,-3.59,36.36021765
1666839378.1469924,1562.24,1562.24,-0.59797059,-3.68,36.0101235
1666839388.7860231,1562.24,1562.24,-0.59797059,-3.68,36.0101235
1666839398.7794309,1562.24,1562.24,-0.59797059,-3.68,36.0101235
1666839408.8582463,1562.24,1561.55,-0.65301333,-4.37,33.05397745
1666839418.753523,1562.24,1561.55,-0.65301333,-4.37,33.05397745
1666839428.8346014,1562.24,1561.55,-0.65301333,-4.37,33.05397745
1666839438.795062,1560.16,1560.16,-0.95777489,-4.92,28.36118235
1666839448.908242,1560.16,1560.16,-0.95777489,-4.92,28.36118235
1666839458.7747257,1560.16,1560.16,-0.95777489,-4.92,28.36118235
1666839468.819705,1560.16,1558.65,-1.07823073,-6.43,24.3234335
1666839478.7362642,1560.16,1558.65,-1.07823073,-6.43,24.3234335
1666839488.8868349,1560.16,1558.65,-1.07823073,-6.43,24.3234335
1666839498.9340093,1558.58,1558.58,-1.32273681,-6.6,24.16395429
1666839508.880615,1558.58,1558.58,-1.32273681,-6.6,24.16395429
1666839518.8037894,1558.58,1558.58,-1.32273681,-6.6,24.16395429
1666839529.2960176,1558.58,1551.35,-1.89948894,-13.83,13.97328584
1666839538.7293286,1558.58,1551.35,-1.89948894,-13.83,13.97328584
1666839548.7966332,1558.58,1551.35,-1.89948894,-13.83,13.97328584
1666839558.8374443,1551.88,1551.88,-2.44136528,-13.66,14.41838638
1666839569.15769,1551.88,1551.88,-2.44136528,-13.66,14.41838638
1666839579.2044709,1551.88,1551.88,-2.44136528,-13.66,14.41838638
1666839589.2596705,1551.88,1549.07,-2.66552483,-16.47,12.19685111
1666839599.2381256,1551.88,1549.07,-2.66552483,-16.47,12.19685111
1666839609.2193584,1551.88,1549.07,-2.66552483,-16.47,12.19685111
1666839619.187471,1548.96,1548.96,-3.28523454,-16.68,12.16864789
1666839629.1660273,1548.96,1548.96,-3.28523454,-16.68,12.16864789
1666839639.2388082,1548.96,1548.96,-3.28523454,-16.68,12.16864789
1666839649.1305826,1548.96,1550.99,-3.12329722,-14.65,21.51024296
1666839659.2309444,1548.96,1550.99,-3.12329722,-14.65,21.51024296
1666839669.3054073,1548.96,1550.99,-3.12329722,-14.65,21.51024296
1666839679.412915,1549.48,1549.48,-3.652931,-14.61,14.77087595
1666839689.8192525,1549.48,1549.48,-3.652931,-14.61,14.77087595
1666839699.259737,1549.48,1549.48,-3.652931,-14.61,14.77087595
1666839709.248608,1549.48,1547.4,-3.81885693,-16.69,13.06112987
1666839719.2086112,1549.48,1547.4,-3.81885693,-16.69,13.06112987
1666839729.2392547,1549.48,1547.4,-3.81885693,-16.69,13.06112987
1666839739.2653666,1539.31,1539.31,-5.36891468,-23.74,9.06952289
1666839749.6193223,1539.31,1539.31,-5.36891468,-23.74,9.06952289
1666839759.639467,1539.31,1539.31,-5.36891468,-23.74,9.06952289
1666839769.5856273,1539.31,1540.68,-5.25962693,-22.37,13.86993507
1666839779.571743,1539.31,1540.68,-5.25962693,-22.37,13.86993507
1666839789.7959068,1539.31,1540.68,-5.25962693,-22.37,13.86993507
1666839799.6968672,1541.62,1541.62,-5.69061084,-21.62,16.88308682
1666839809.5684566,1541.62,1541.62,-5.69061084,-21.62,16.88308682
1666839819.641559,1541.62,1541.62,-5.69061084,-21.62,16.88308682
1666839829.8132467,1541.62,1544.01,-5.49995557,-19.23,24.14345685
1666839839.77504,1541.62,1544.01,-5.49995557,-19.23,24.14345685
1666839850.1818514,1541.62,1544.01,-5.49995557,-19.23,24.14345685
1666839859.5888517,1543.81,1543.81,-5.71258261,-18.67,23.58704696
1666839869.6607108,1543.81,1543.81,-5.71258261,-18.67,23.58704696
1666839879.6114855,1543.81,1543.81,-5.71258261,-18.67,23.58704696
1666839889.7819831,1543.81,1546.23,-5.51953418,-16.25,30.27697794
1666839899.6473184,1543.81,1546.23,-5.51953418,-16.25,30.27697794
1666839909.5883448,1543.81,1546.23,-5.51953418,-16.25,30.27697794
1666839919.684056,1544.32,1544.32,-5.72885033,-17.92,25.10156
1666839930.327505,1544.32,1544.32,-5.72885033,-17.92,25.10156
1666839940.342648,1544.32,1544.32,-5.72885033,-17.92,25.10156
1666839950.356866,1544.32,1544.3,-5.73044577,-17.94,25.08056635
1666839960.4008892,1544.32,1544.3,-5.73044577,-17.94,25.08056635
1666839970.275474,1544.32,1544.3,-5.73044577,-17.94,25.08056635
1666839980.5558596,1545.88,1545.88,-5.48827481,-14.29,29.69408074
1666839990.349718,1545.88,1545.88,-5.48827481,-14.29,29.69408074
1666840000.3114386,1545.88,1545.88,-5.48827481,-14.29,29.69408074
1666840011.1521096,1545.88,1546.81,-5.41408678,-13.36,32.35565617
1666840020.523949,1545.88,1546.81,-5.41408678,-13.36,32.35565617
1666840030.2956655,1545.88,1546.81,-5.41408678,-13.36,32.35565617
1666840040.479175,1547.41,1547.41,-5.11783488,-11.17,33.96840588
1666840050.3027318,1547.41,1547.41,-5.11783488,-11.17,33.96840588
1666840060.338506,1547.41,1547.41,-5.11783488,-11.17,33.96840588
1666840070.332226,1547.41,1548.03,-5.06837619,-10.55,35.67503888
1666840080.393153,1547.41,1548.03,-5.06837619,-10.55,35.67503888
1666840090.405446,1547.41,1548.03,-5.06837619,-10.55,35.67503888
1666840100.3365664,1548.17,1548.17,-4.75747,-3.72,36.04826928
1666840111.11314,1548.17,1548.17,-4.75747,-3.72,36.04826928
1666840121.0435658,1548.17,1549.27,-4.66972071,-2.62,39.04111165
1666840130.992827,1548.17,1549.27,-4.66972071,-2.62,39.04111165
1666840141.1318543,1548.17,1549.27,-4.66972071,-2.62,39.04111165
1666840151.0611706,1550.76,1550.76,-4.10290332,1.81,42.67674533
1666840160.997112,1550.76,1550.76,-4.10290332,1.81,42.67674533
1666840171.6631987,1550.76,1550.76,-4.10290332,1.81,42.67674533
1666840181.134288,1550.76,1552.65,-3.95213409,3.7,46.99304881
1666840191.0149972,1550.76,1552.65,-3.95213409,3.7,46.99304881
1666840201.115577,1550.76,1552.65,-3.95213409,3.7,46.99304881
1666840211.3865185,1550.76,1552.65,-3.95213409,3.7,46.99304881
1666840221.0923746,1555.34,1555.34,-3.05711795,5.87,52.12391017
1666840231.0152626,1555.34,1555.34,-3.05711795,5.87,52.12391017
1666840241.0780163,1555.34,1553.76,-3.18315783,4.29,49.11661946
1666840251.0899494,1555.34,1553.76,-3.18315783,4.29,49.11661946
1666840261.1258757,1555.34,1553.76,-3.18315783,4.29,49.11661946
1666840271.1135352,1553.03,1553.03,-2.81572651,13.72,47.8413338
1666840281.1135318,1553.03,1553.03,-2.81572651,13.72,47.8413338
1666840291.6937747,1553.03,1553.03,-2.81572651,13.72,47.8413338
1666840301.627576,1553.03,1552.78,-2.83566953,13.47,47.38755402
1666840311.6657329,1553.03,1552.78,-2.83566953,13.47,47.38755402
1666840321.6178446,1553.03,1552.78,-2.83566953,13.47,47.38755402
1666840331.88323,1552.11,1552.11,-2.57957786,10.5,46.21150588
1666840341.664923,1552.11,1552.11,-2.57957786,10.5,46.21150588
1666840351.6121478,1552.11,1552.11,-2.57957786,10.5,46.21150588
1666840361.7201571,1552.11,1553.55,-2.46470607,11.94,49.12958403
1666840371.7601032,1552.11,1553.55,-2.46470607,11.94,49.12958403
1666840381.8053036,1552.11,1553.55,-2.46470607,11.94,49.12958403
1666840391.701209,1552.72,1552.72,-2.22267447,8.92,47.48744997
1666840401.634918,1552.72,1552.72,-2.22267447,8.92,47.48744997
1666840411.6579363,1552.72,1552.72,-2.22267447,8.92,47.48744997
1666840421.6378975,1552.72,1552.72,-2.22267447,8.92,47.48744997
1666840431.6943555,1552.72,1553.05,-2.19634968,9.25,48.20402643
1666840441.6548774,1552.72,1553.05,-2.19634968,9.25,48.20402643
1666840451.6750784,1551.59,1551.59,-2.11434308,7.27,45.33444664
1666840462.4384463,1551.59,1551.59,-2.11434308,7.27,45.33444664
1666840472.6270294,1551.59,1551.59,-2.11434308,7.27,45.33444664
1666840482.538556,1551.59,1551.96,-2.08482741,7.64,46.19004382
1666840492.7798808,1551.59,1551.96,-2.08482741,7.64,46.19004382
1666840502.607674,1551.59,1551.96,-2.08482741,7.64,46.19004382
1666840512.5882688,1552.67,1552.67,-1.78270207,6.8,47.76610415
1666840522.5515144,1552.67,1552.67,-1.78270207,6.8,47.76610415
1666840532.7966971,1552.67,1552.67,-1.78270207,6.8,47.76610415
1666840542.6257012,1552.67,1553.47,-1.7188844,7.6,49.55882119
1666840552.664617,1552.67,1553.47,-1.7188844,7.6,49.55882119
1666840562.748573,1552.67,1553.47,-1.7188844,7.6,49.55882119
1666840572.5656445,1552.95,1552.95,-1.52985572,5.54,48.40763559
1666840582.6171026,1552.95,1552.95,-1.52985572,5.54,48.40763559
1666840592.6278715,1552.95,1552.95,-1.52985572,5.54,48.40763559
1666840602.6407728,1552.95,1551.64,-1.63435714,4.23,45.58808881
1666840612.7116916,1552.95,1551.64,-1.63435714,4.23,45.58808881
1666840622.619442,1552.95,1551.64,-1.63435714,4.23,45.58808881
1666840632.9168603,1549.84,1549.84,-1.77270057,1.67,42.2181583
1666840642.614715,1549.84,1549.84,-1.77270057,1.67,42.2181583
1666840653.224357,1549.84,1549.84,-1.77270057,1.67,42.2181583
1666840663.385188,1549.84,1550.79,-1.6969171,2.62,44.55153026
1666840673.389558,1549.84,1550.79,-1.6969171,2.62,44.55153026
1666840683.300224,1549.84,1550.79,-1.6969171,2.62,44.55153026
1666840693.2546806,1549.59,1549.59,-1.78310413,-1.16,41.74851825
1666840703.2488518,1549.59,1549.59,-1.78310413,-1.16,41.74851825
1666840713.2346528,1549.59,1549.59,-1.78310413,-1.16,41.74851825
1666840723.8723805,1549.59,1550.51,-1.70971381,-0.24,44.17389034
1666840733.2328188,1549.59,1550.51,-1.70971381,-0.24,44.17389034
1666840743.5515208,1549.59,1550.51,-1.70971381,-0.24,44.17389034
1666840753.4332876,1550.18,1550.18,-1.67252195,-5.16,43.32950439
1666840763.4086847,1550.18,1550.18,-1.67252195,-5.16,43.32950439
1666840773.2151518,1550.18,1550.18,-1.67252195,-5.16,43.32950439
1666840783.6267498,1550.18,1551.44,-1.57200913,-3.9,46.65496964
1666840793.2683024,1550.18,1551.44,-1.57200913,-3.9,46.65496964
1666840803.3079526,1550.18,1551.44,-1.57200913,-3.9,46.65496964
1666840813.333243,1551.46,1551.46,-1.42151322,-1.57,46.70600473
1666840823.4049864,1551.46,1551.46,-1.42151322,-1.57,46.70600473
1666840834.269736,1551.46,1551.46,-1.42151322,-1.57,46.70600473
1666840844.2927172,1551.46,1551.38,-1.42789499,-1.65,46.51970481
1666840854.3055112,1551.46,1551.38,-1.42789499,-1.65,46.51970481
1666840864.5209296,1551.46,1551.38,-1.42789499,-1.65,46.51970481
1666840874.4570813,1550.21,1550.21,-1.46475003,-1.91,43.95233483
1666840884.4312518,1550.21,1550.21,-1.46475003,-1.91,43.95233483
1666840894.3117323,1550.21,1550.21,-1.46475003,-1.91,43.95233483
1666840904.3561203,1550.21,1549.83,-1.49506342,-2.29,43.12104491
1666840914.2695389,1550.21,1549.83,-1.49506342,-2.29,43.12104491
1666840924.4616785,1550.21,1549.83,-1.49506342,-2.29,43.12104491
1666840934.4901268,1549.44,1549.44,-1.51390746,-3.27,42.29995359
1666840944.4395275,1549.44,1549.44,-1.51390746,-3.27,42.29995359
1666840954.2830975,1549.44,1549.44,-1.51390746,-3.27,42.29995359
1666840964.3563323,1549.44,1548.78,-1.56655703,-3.93,40.88125411
1666840974.3136425,1549.44,1548.78,-1.56655703,-3.93,40.88125411
1666840984.495708,1549.44,1548.78,-1.56655703,-3.93,40.88125411
1666840994.3336945,1548.8,1548.8,-1.57751599,-2.8,40.9228454
1666841004.3608267,1548.8,1548.8,-1.57751599,-2.8,40.9228454
1666841014.9839506,1548.8,1548.8,-1.57751599,-2.8,40.9228454
1666841025.1202404,1548.8,1549.25,-1.54161855,-2.35,42.34415514
1666841034.956565,1548.8,1549.25,-1.54161855,-2.35,42.34415514
1666841045.0208678,1548.8,1549.25,-1.54161855,-2.35,42.34415514
1666841054.9577043,1548.6,1548.6,-1.59826307,-4.07,40.49212728
1666841065.0267909,1548.6,1548.6,-1.59826307,-4.07,40.49212728
1666841075.0107546,1548.6,1548.6,-1.59826307,-4.07,40.49212728
1666841085.0347548,1548.6,1547.7,-1.67005794,-4.97,38.46096219
1666841094.93399,1548.6,1547.7,-1.67005794,-4.97,38.46096219
1666841104.999458,1548.6,1547.7,-1.67005794,-4.97,38.46096219
1666841115.046063,1548.53,1548.53,-1.59307456,-4.43,40.31633426
1666841125.0059986,1548.53,1548.53,-1.59307456,-4.43,40.31633426
1666841134.9573402,1548.53,1548.53,-1.59307456,-4.43,40.31633426
1666841145.085866,1548.53,1548.42,-1.60184949,-4.54,40.04065044
1666841155.0548556,1548.53,1548.42,-1.60184949,-4.54,40.04065044
1666841165.0370278,1548.53,1548.42,-1.60184949,-4.54,40.04065044
1666841175.092934,1548.7,1548.7,-1.5424482,-1.13,40.94471827
1666841185.0185056,1548.7,1548.7,-1.5424482,-1.13,40.94471827
1666841195.5591412,1548.7,1548.7,-1.5424482,-1.13,40.94471827
1666841205.514778,1548.7,1550.21,-1.42199236,0.38,46.34812039
1666841215.5384276,1548.7,1550.21,-1.42199236,0.38,46.34812039
1666841225.4981368,1548.7,1550.21,-1.42199236,0.38,46.34812039
1666841235.542447,1550.43,1550.43,-1.25065783,0.84,47.05528798
1666841245.7640336,1550.43,1550.43,-1.25065783,0.84,47.05528798
1666841255.6132903,1550.43,1550.43,-1.25065783,0.84,47.05528798
1666841265.5425274,1550.43,1549.21,-1.34797976,-0.38,43.63165248
1666841275.8887134,1550.43,1549.21,-1.34797976,-0.38,43.63165248
1666841285.4748924,1550.43,1549.21,-1.34797976,-0.38,43.63165248
1666841295.62588,1548.84,1548.84,-1.3413101,-1.33,42.68966798
1666841305.5602198,1548.84,1548.84,-1.3413101,-1.33,42.68966798
1666841315.5824018,1548.84,1548.84,-1.3413101,-1.33,42.68966798
1666841325.590304,1548.84,1548.36,-1.3796007,-1.81,41.43974469
1666841335.5747178,1548.84,1548.36,-1.3796007,-1.81,41.43974469
1666841345.6773005,1548.84,1548.36,-1.3796007,-1.81,41.43974469
1666841355.5616343,1548.05,1548.05,-1.40935054,-3.42,40.67068069
1666841365.547078,1548.05,1548.05,-1.40935054,-3.42,40.67068069
1666841376.1466537,1548.05,1548.05,-1.40935054,-3.42,40.67068069
1666841386.1902866,1548.05,1548.11,-1.40456422,-3.36,40.89929967
1666841396.1366286,1548.05,1548.11,-1.40456422,-3.36,40.89929967
1666841406.2673357,1548.05,1548.11,-1.40456422,-3.36,40.89929967
1666841416.161661,1548.24,1548.24,-1.37098004,-1.99,41.39151791
1666841426.2130127,1548.24,1548.24,-1.37098004,-1.99,41.39151791
1666841436.192939,1548.24,1548.24,-1.37098004,-1.99,41.39151791
1666841446.2055194,1548.24,1547.87,-1.40049571,-2.36,40.35420438
1666841456.1964557,1548.24,1547.87,-1.40049571,-2.36,40.35420438
1666841466.1914632,1548.24,1547.87,-1.40049571,-2.36,40.35420438
1666841476.3761983,1546.78,1546.78,-1.54354903,-2.66,37.6269385
1666841486.2491486,1546.78,1546.78,-1.54354903,-2.66,37.6269385
1666841496.226883,1546.78,1546.78,-1.54354903,-2.66,37.6269385
1666841506.165894,1546.78,1548.08,-1.43984532,-1.36,42.63374602
1666841516.342785,1546.78,1548.08,-1.43984532,-1.36,42.63374602
1666841526.1553528,1546.78,1548.08,-1.43984532,-1.36,42.63374602
1666841536.2182922,1550.75,1550.75,-1.00807901,1.95,50.75292611
1666841546.2177362,1550.75,1550.75,-1.00807901,1.95,50.75292611
1666841556.6337583,1550.75,1550.75,-1.00807901,1.95,50.75292611
1666841566.6347327,1550.75,1550.05,-1.06391946,1.25,48.80276033
1666841576.7767377,1550.75,1550.05,-1.06391946,1.25,48.80276033
1666841586.6309617,1550.75,1550.05,-1.06391946,1.25,48.80276033
1666841596.6263747,1550.19,1550.19,-0.90373321,1.6,49.17861846
1666841606.6026173,1550.19,1550.19,-0.90373321,1.6,49.17861846
1666841616.628151,1550.19,1550.19,-0.90373321,1.6,49.17861846
1666841626.6295297,1550.19,1550.67,-0.86544261,2.08,50.59207884
1666841637.334912,1550.19,1550.67,-0.86544261,2.08,50.59207884
1666841646.6678767,1550.19,1550.67,-0.86544261,2.08,50.59207884
1666841656.6761413,1550.85,1550.85,-0.68339199,2.32,51.09888912
1666841666.595368,1550.85,1550.85,-0.68339199,2.32,51.09888912
1666841676.715402,1550.85,1550.85,-0.68339199,2.32,51.09888912
1666841686.6432922,1550.85,1550.43,-0.71689626,1.9,49.80769208
1666841696.6409063,1550.85,1550.43,-0.71689626,1.9,49.80769208
1666841706.7377205,1550.85,1550.43,-0.71689626,1.9,49.80769208
1666841716.7557588,1550.75,1550.75,-0.55959884,2.05,50.78678336
1666841726.6692252,1550.75,1550.75,-0.55959884,2.05,50.78678336
1666841737.3937347,1550.75,1550.75,-0.55959884,2.05,50.78678336
1666841747.3764331,1550.75,1551.45,-0.50375839,2.75,52.95937112
1666841757.590507,1550.75,1551.45,-0.50375839,2.75,52.95937112
1666841767.4178138,1550.75,1551.45,-0.50375839,2.75,52.95937112
1666841777.4020088,1550.84,1550.84,-0.43663515,0.4,51.07729208
1666841787.4010608,1550.84,1550.84,-0.43663515,0.4,51.07729208
1666841797.6942923,1550.84,1550.84,-0.43663515,0.4,51.07729208
1666841807.430784,1550.84,1551.75,-0.36404256,1.31,54.03201299
1666841817.3726244,1550.84,1551.75,-0.36404256,1.31,54.03201299
1666841827.3811395,1550.84,1551.75,-0.36404256,1.31,54.03201299
1666841837.362695,1551.07,1551.07,-0.30904766,2.23,51.86195999
1666841847.376921,1551.07,1551.07,-0.30904766,2.23,51.86195999
1666841857.3493109,1551.07,1551.07,-0.30904766,2.23,51.86195999
1666841867.364039,1551.07,1551.41,-0.28192515,2.57,53.05659621
1666841877.4759934,1551.07,1551.41,-0.28192515,2.57,53.05659621
1666841887.3545997,1551.07,1551.41,-0.28192515,2.57,53.05659621
1666841897.372947,1551.29,1551.29,-0.18883009,3.24,52.64447271
1666841907.416024,1551.29,1551.29,-0.18883009,3.24,52.64447271
1666841917.94005,1551.29,1551.29,-0.18883009,3.24,52.64447271
1666841928.1389828,1551.29,1550.62,-0.24227738,2.57,49.98865455
1666841938.056863,1551.29,1550.62,-0.24227738,2.57,49.98865455
1666841948.075335,1551.29,1550.62,-0.24227738,2.57,49.98865455
1666841958.2195084,1550.02,1550.02,-0.28452997,1.79,47.82215176
1666841968.063214,1550.02,1550.02,-0.28452997,1.79,47.82215176
1666841977.9677618,1550.02,1550.02,-0.28452997,1.79,47.82215176
1666841987.972433,1550.02,1549.78,-0.30367527,1.55,46.94680112
1666841997.9816158,1550.02,1549.78,-0.30367527,1.55,46.94680112
1666842008.07746,1550.02,1549.78,-0.30367527,1.55,46.94680112
1666842018.096262,1550.79,1550.79,-0.16866752,4.02,50.76843958
1666842028.061267,1550.79,1550.79,-0.16866752,4.02,50.76843958
1666842038.0347743,1550.79,1550.79,-0.16866752,4.02,50.76843958
1666842047.96566,1550.79,1550.65,-0.17983562,3.88,50.2126692
1666842058.231855,1550.79,1550.65,-0.17983562,3.88,50.2126692
1666842068.0627947,1550.79,1550.65,-0.17983562,3.88,50.2126692
1666842078.1910152,1550.65,1550.65,-0.14450123,-0.1,50.21532697
1666842088.1896706,1550.65,1550.65,-0.14450123,-0.1,50.21532697
1666842098.5118706,1550.65,1550.65,-0.14450123,-0.1,50.21532697
1666842108.5170684,1550.65,1550.65,-0.14450123,-0.1,50.21532697
1666842118.5437877,1550.65,1550.65,-0.14450123,-0.1,50.21532697
1666842128.5288105,1550.65,1550.65,-0.14450123,-0.1,50.21532697
1666842138.4967957,1550.27,1550.27,-0.16826361,0.07,48.65855157
1666842148.62508,1550.27,1550.27,-0.16826361,0.07,48.65855157
1666842158.5659635,1550.27,1550.27,-0.16826361,0.07,48.65855157
1666842168.7004528,1550.27,1550.14,-0.17863398,-0.06,48.10893743
1666842178.575447,1550.27,1550.14,-0.17863398,-0.06,48.10893743
1666842188.5764406,1550.27,1550.14,-0.17863398,-0.06,48.10893743
1666842198.6033516,1549.97,1549.97,-0.20362226,-0.89,47.40867297
1666842208.6407192,1549.97,1549.97,-0.20362226,-0.89,47.40867297
1666842218.7208316,1549.97,1549.97,-0.20362226,-0.89,47.40867297
1666842228.6030445,1549.97,1549.43,-0.24669919,-1.43,45.16003217
1666842238.7013218,1549.97,1549.43,-0.24669919,-1.43,45.16003217
1666842248.65448,1549.97,1549.43,-0.24669919,-1.43,45.16003217
1666842258.616523,1549.12,1549.12,-0.3304127,-1.62,43.96296855
1666842268.686378,1549.12,1549.12,-0.3304127,-1.62,43.96296855
1666842279.3344858,1549.12,1549.12,-0.3304127,-1.62,43.96296855
1666842289.38422,1549.12,1548.91,-0.34716483,-1.83,43.12895293
1666842299.321041,1549.12,1548.91,-0.34716483,-1.83,43.12895293
1666842309.3649623,1549.12,1548.91,-0.34716483,-1.83,43.12895293
1666842319.7956753,1549.43,1549.43,-0.3290376,-1.41,45.51821424
1666842329.307803,1549.43,1549.43,-0.3290376,-1.41,45.51821424
1666842339.3924398,1549.43,1549.43,-0.3290376,-1.41,45.51821424
1666842349.3089936,1549.43,1549.36,-0.33462165,-1.48,45.21306739
1666842359.331437,1549.43,1549.36,-0.33462165,-1.48,45.21306739
1666842369.297021,1549.43,1549.36,-0.33462165,-1.48,45.21306739
1666842379.252226,1549.63,1549.63,-0.31592879,-1.43,46.55280582
1666842389.3058343,1549.63,1549.63,-0.31592879,-1.43,46.55280582
1666842399.295447,1549.63,1549.63,-0.31592879,-1.43,46.55280582
1666842409.244821,1549.63,1550.11,-0.27763819,-0.95,49.04418661
1666842419.257274,1549.63,1550.11,-0.27763819,-0.95,49.04418661
1666842429.3147268,1549.63,1550.11,-0.27763819,-0.95,49.04418661
1666842439.3348749,1550.01,1550.01,-0.25959927,-1.27,48.54368504
1666842449.5874329,1550.01,1550.01,-0.25959927,-1.27,48.54368504
1666842459.7012663,1550.01,1550.01,-0.25959927,-1.27,48.54368504
1666842469.6811244,1550.01,1550.12,-0.25082434,-1.16,49.13158565
1666842480.287283,1550.01,1550.12,-0.25082434,-1.16,49.13158565
1666842489.7352798,1550.01,1550.12,-0.25082434,-1.16,49.13158565
1666842499.7570837,1551.29,1551.29,-0.05593888,1.26,54.6688551
1666842509.793708,1551.29,1551.29,-0.05593888,1.26,54.6688551
1666842519.8072295,1551.29,1551.29,-0.05593888,1.26,54.6688551
1666842529.771446,1551.29,1551.38,-0.04875939,1.35,55.07397796
1666842539.7919655,1551.29,1551.38,-0.04875939,1.35,55.07397796
1666842549.937106,1551.29,1551.38,-0.04875939,1.35,55.07397796
1666842559.979028,1552.67,1552.67,0.21872657,1.88,60.17806967
1666842569.775745,1552.67,1552.67,0.21872657,1.88,60.17806967
1666842579.8335829,1552.67,1552.67,0.21872657,1.88,60.17806967
1666842589.9788325,1552.67,1551.94,0.16049295,1.15,56.29465205
1666842599.688099,1552.67,1551.94,0.16049295,1.15,56.29465205
1666842610.0304174,1552.67,1551.94,0.16049295,1.15,56.29465205
1666842619.7623007,1551.73,1551.73,0.21353854,1.09,55.26024821
1666842629.8283978,1551.73,1551.73,0.21353854,1.09,55.26024821
1666842640.824454,1551.73,1551.73,0.21353854,1.09,55.26024821
1666842650.348505,1551.73,1551.15,0.16727073,0.51,52.40651275
1666842660.3496337,1551.73,1551.15,0.16727073,0.51,52.40651275
1666842670.4189572,1551.73,1551.15,0.16727073,0.51,52.40651275
1666842680.5717726,1551.4,1551.4,0.21913117,1.13,53.59585192
1666842690.3399124,1551.4,1551.4,0.21913117,1.13,53.59585192
1666842700.6025355,1551.4,1551.73,0.24545596,1.46,55.06006222
1666842710.4737926,1551.4,1551.73,0.24545596,1.46,55.06006222
1666842720.3831644,1551.4,1551.73,0.24545596,1.46,55.06006222
1666842730.3793097,1552.19,1552.19,0.35269184,2.22,56.94492636
1666842740.5080004,1552.19,1552.19,0.35269184,2.22,56.94492636
1666842750.3493593,1552.19,1552.19,0.35269184,2.22,56.94492636
1666842760.619115,1552.19,1552.7,0.3933756,2.73,58.99820318
1666842770.4129057,1552.19,1552.7,0.3933756,2.73,58.99820318
1666842780.4002953,1552.19,1552.7,0.3933756,2.73,58.99820318
1666842790.3770156,1552.19,1552.7,0.3933756,2.73,58.99820318
1666842800.8775687,1553.79,1553.79,0.6307354,4.67,62.76498396
1666842810.3646815,1553.79,1553.79,0.6307354,4.67,62.76498396
1666842821.223888,1553.79,1553.91,0.64030805,4.79,63.19199697
1666842831.444898,1553.79,1553.91,0.64030805,4.79,63.19199697
1666842841.2578828,1553.79,1553.91,0.64030805,4.79,63.19199697
1666842851.2124786,1553.14,1553.14,0.64887813,3.71,59.25153264
1666842861.2482154,1553.14,1553.14,0.64887813,3.71,59.25153264
1666842871.3240073,1553.14,1553.14,0.64887813,3.71,59.25153264
1666842881.3345852,1553.14,1553.61,0.68637101,4.18,60.95356229
1666842891.2258167,1553.14,1553.61,0.68637101,4.18,60.95356229
1666842901.3722577,1553.14,1553.61,0.68637101,4.18,60.95356229
1666842911.330091,1553.85,1553.85,0.79730584,4.23,61.74441759
1666842921.5866957,1553.85,1553.85,0.79730584,4.23,61.74441759
1666842931.2414854,1553.85,1553.85,0.79730584,4.23,61.74441759
1666842941.2847898,1553.85,1556.0,0.96881581,6.38,68.17809393
1666842951.344956,1553.85,1556.0,0.96881581,6.38,68.17809393
1666842961.296817,1553.85,1556.0,0.96881581,6.38,68.17809393
1666842971.2497206,1555.54,1555.54,1.09779631,5.52,66.99590681
1666842981.4487617,1555.54,1555.54,1.09779631,5.52,66.99590681
1666842991.2476032,1555.54,1555.54,1.09779631,5.52,66.99590681
1666843001.873451,1555.54,1555.54,1.09779631,5.52,66.99590681
1666843011.8407145,1555.54,1556.99,1.21346583,6.97,70.6974828
1666843021.882293,1555.54,1556.99,1.21346583,6.97,70.6974828
1666843031.8519857,1556.31,1556.31,1.32456279,5.02,69.07069884
1666843041.9365523,1556.31,1556.31,1.32456279,5.02,69.07069884
1666843051.8582838,1556.31,1556.31,1.32456279,5.02,69.07069884
1666843061.7827015,1556.31,1555.83,1.28627219,4.54,66.27375628
1666843071.8809528,1556.31,1555.83,1.28627219,4.54,66.27375628
1666843081.8232222,1556.31,1555.83,1.28627219,4.54,66.27375628
1666843092.114496,1555.48,1555.48,1.32106272,2.82,64.35175283
1666843101.811458,1555.48,1555.48,1.32106272,2.82,64.35175283
1666843111.858182,1555.48,1555.48,1.32106272,2.82,64.35175283
1666843121.8332143,1555.48,1555.06,1.28755845,2.4,62.07618712
1666843131.8015409,1555.48,1555.06,1.28755845,2.4,62.07618712
1666843141.8549774,1555.48,1555.06,1.28755845,2.4,62.07618712
1666843151.810147,1554.88,1554.88,1.27156365,3.14,61.13573596
1666843161.9553473,1554.88,1554.88,1.27156365,3.14,61.13573596
1666843171.8961952,1554.88,1554.88,1.27156365,3.14,61.13573596
1666843182.4963558,1554.88,1554.14,1.21253231,2.4,57.3081951
1666843192.4723735,1554.88,1554.14,1.21253231,2.4,57.3081951
1666843202.5062428,1554.88,1554.14,1.21253231,2.4,57.3081951
1666843212.523917,1555.06,1555.06,1.28122741,3.65,61.75280886
1666843222.9709847,1555.06,1555.06,1.28122741,3.65,61.75280886
1666843232.4757082,1555.06,1555.06,1.28122741,3.65,61.75280886
1666843242.5675683,1555.06,1555.03,1.27883425,3.62,61.57613947
1666843252.4978154,1555.06,1555.03,1.27883425,3.62,61.57613947
1666843262.5270386,1555.06,1555.03,1.27883425,3.62,61.57613947
1666843272.643641,1555.24,1555.24,1.28776821,3.05,62.42344189
1666843282.4666684,1555.24,1555.24,1.28776821,3.05,62.42344189
1666843292.3799255,1555.24,1555.24,1.28776821,3.05,62.42344189
1666843302.4692144,1555.24,1554.57,1.23432091,2.38,58.45077527
1666843312.4546626,1555.24,1554.57,1.23432091,2.38,58.45077527
1666843322.5383894,1555.24,1554.57,1.23432091,2.38,58.45077527
1666843332.6230805,1554.55,1554.55,1.16942731,0.75,58.33994571
1666843342.5136647,1554.55,1554.55,1.16942731,0.75,58.33994571
1666843352.7087257,1554.55,1554.55,1.16942731,0.75,58.33994571
1666843362.9601693,1554.55,1555.33,1.23164953,1.53,61.41290444
1666843372.912868,1554.55,1555.33,1.23164953,1.53,61.41290444
1666843382.8955011,1554.55,1555.33,1.23164953,1.53,61.41290444
1666843392.9033875,1554.41,1554.41,1.08671718,1.27,57.51779712
1666843402.8724248,1554.41,1554.41,1.08671718,1.27,57.51779712
1666843412.9273777,1554.41,1554.41,1.08671718,1.27,57.51779712
1666843422.888321,1554.41,1553.98,1.05241519,0.84,54.95611395
1666843432.8942554,1554.41,1553.98,1.05241519,0.84,54.95611395
1666843443.093247,1554.41,1553.98,1.05241519,0.84,54.95611395
1666843452.8542197,1553.7,1553.7,0.91853002,-0.16,53.40311621
1666843462.9008596,1553.7,1553.7,0.91853002,-0.16,53.40311621
1666843473.215495,1553.7,1553.7,0.91853002,-0.16,53.40311621
1666843483.0860257,1553.7,1554.11,0.95123657,0.25,55.39697332
1666843493.1428063,1553.7,1554.11,0.95123657,0.25,55.39697332
1666843502.8906436,1553.7,1554.11,0.95123657,0.25,55.39697332
1666843513.2853105,1553.38,1553.38,0.77480552,-2.15,51.61292893
1666843522.882198,1553.38,1553.38,0.77480552,-2.15,51.61292893
1666843532.9595554,1553.38,1553.38,0.77480552,-2.15,51.61292893
1666843543.5456166,1553.38,1552.98,0.74289669,-2.55,49.38440949
1666843553.6170883,1553.38,1552.98,0.74289669,-2.55,49.38440949
1666843563.6084757,1553.38,1552.98,0.74289669,-2.55,49.38440949
1666843573.6634846,1553.38,1552.98,0.74289669,-2.55,49.38440949
1666843583.7495098,1552.94,1552.94,0.61117151,-3.37,49.17209646
1666843593.5730357,1552.94,1552.94,0.61117151,-3.37,49.17209646
1666843603.6283736,1552.94,1553.49,0.65504615,-2.82,52.21419363
1666843613.6110773,1552.94,1553.49,0.65504615,-2.82,52.21419363
1666843623.6981013,1552.94,1553.49,0.65504615,-2.82,52.21419363
1666843633.7520614,1553.41,1553.41,0.56932755,-2.06,51.79860692
1666843643.6561294,1553.41,1553.41,0.56932755,-2.06,51.79860692
1666843653.656131,1553.41,1553.41,0.56932755,-2.06,51.79860692
1666843663.782501,1553.41,1553.1,0.5445982,-2.37,49.96746989
1666843673.6582923,1553.41,1553.1,0.5445982,-2.37,49.96746989
1666843683.6888049,1553.41,1553.1,0.5445982,-2.37,49.96746989
1666843693.6160464,1552.96,1552.96,0.43707696,-1.93,49.18676599
1666843703.701722,1552.96,1552.96,0.43707696,-1.93,49.18676599
1666843713.7366898,1552.96,1552.96,0.43707696,-1.93,49.18676599
1666843724.283395,1552.96,1553.04,0.44345873,-1.85,49.67337482
1666843734.24801,1552.96,1553.04,0.44345873,-1.85,49.67337482
1666843744.9043074,1552.96,1553.04,0.44345873,-1.85,49.67337482
1666843754.2529192,1553.04,1553.04,0.36792376,-2.03,49.67800852
1666843764.3211837,1553.04,1553.04,0.36792376,-2.03,49.67800852
1666843774.3972588,1553.04,1553.04,0.36792376,-2.03,49.67800852
1666843784.3050046,1553.04,1552.9,0.35675567,-2.17,48.7943475
1666843794.3033104,1553.04,1552.9,0.35675567,-2.17,48.7943475
1666843804.257606,1553.04,1552.9,0.35675567,-2.17,48.7943475
1666843814.3117752,1552.68,1552.68,0.25366967,-2.56,47.47993231
1666843824.4353752,1552.68,1552.68,0.25366967,-2.56,47.47993231
1666843834.3052576,1552.68,1552.68,0.25366967,-2.56,47.47993231
1666843844.2593243,1552.68,1552.37,0.22894033,-2.87,45.59339652
1666843854.2599974,1552.68,1552.37,0.22894033,-2.87,45.59339652
1666843864.3282056,1552.68,1552.37,0.22894033,-2.87,45.59339652
1666843874.2628298,1552.68,1552.37,0.22894033,-2.87,45.59339652
1666843884.4161105,1552.29,1552.29,0.12864108,-2.26,45.14980127
1666843894.3488586,1552.29,1552.29,0.12864108,-2.26,45.14980127
1666843905.2694037,1552.29,1552.78,0.1677294,-1.77,48.57221709
1666843914.9368503,1552.29,1552.78,0.1677294,-1.77,48.57221709
1666843924.9385731,1552.29,1552.78,0.1677294,-1.77,48.57221709
1666843934.9156146,1552.86,1552.86,0.13417872,-1.55,49.09576729
1666843944.9874074,1552.86,1552.86,0.13417872,-1.55,49.09576729
1666843954.8736625,1552.86,1552.86,0.13417872,-1.55,49.09576729
1666843964.8971558,1552.86,1552.72,0.12301062,-1.69,48.1753272
1666843975.1948078,1552.86,1552.72,0.12301062,-1.69,48.1753272
1666843984.825122,1552.86,1552.72,0.12301062,-1.69,48.1753272
1666843994.8600934,1552.5,1552.5,0.05171391,-1.21,46.79549939
1666844004.9436777,1552.5,1552.5,0.05171391,-1.21,46.79549939
1666844014.8927894,1552.5,1552.5,0.05171391,-1.21,46.79549939
1666844024.9764256,1552.5,1551.87,0.0014575,-1.84,43.00973424
1666844034.891707,1552.5,1551.87,0.0014575,-1.84,43.00973424
1666844044.9119022,1552.5,1551.87,0.0014575,-1.84,43.00973424
1666844054.9320412,1551.39,1551.39,-0.14852214,-1.99,40.51260814
1666844065.000742,1551.39,1551.39,-0.14852214,-1.99,40.51260814
1666844075.167799,1551.39,1551.39,-0.14852214,-1.99,40.51260814
1666844086.1842377,1551.39,1551.84,-0.1126247,-1.54,43.806546
1666844096.0551937,1551.39,1551.84,-0.1126247,-1.54,43.806546
1666844106.0172412,1551.39,1551.84,-0.1126247,-1.54,43.806546
1666844115.980044,1551.29,1551.29,-0.24908739,-1.65,40.02325938
1666844126.0006802,1551.29,1551.29,-0.24908739,-1.65,40.02325938
1666844136.0328548,1551.29,1551.29,-0.24908739,-1.65,40.02325938
1666844146.1323087,1551.29,1551.17,-0.25866004,-1.77,39.34180327
1666844156.2390423,1551.29,1551.17,-0.25866004,-1.77,39.34180327
1666844166.184585,1551.29,1551.17,-0.25866004,-1.77,39.34180327
1666844176.0675669,1551.03,1551.03,-0.35491853,-2.37,38.60552264
1666844186.0654848,1551.03,1551.03,-0.35491853,-2.37,38.60552264
1666844196.0202372,1551.03,1551.03,-0.35491853,-2.37,38.60552264
1666844206.0725589,1551.03,1550.88,-0.36688434,-2.52,37.78948904
1666844216.1124623,1551.03,1550.88,-0.36688434,-2.52,37.78948904
1666844226.234964,1551.03,1550.88,-0.36688434,-2.52,37.78948904
1666844236.449727,1549.67,1549.67,-0.60917722,-3.28,32.28161529
1666844246.121543,1549.67,1549.67,-0.60917722,-3.28,32.28161529
1666844256.1089115,1549.67,1549.67,-0.60917722,-3.28,32.28161529
1666844266.4362645,1549.67,1550.74,-0.5238211,-2.21,40.50920857
1666844276.4474792,1549.67,1550.74,-0.5238211,-2.21,40.50920857
1666844286.4236798,1549.67,1550.74,-0.5238211,-2.21,40.50920857
1666844296.435292,1550.74,1550.74,-0.56519248,-2.29,40.52726937
1666844306.4580195,1550.74,1550.74,-0.56519248,-2.29,40.52726937
1666844316.4822335,1550.74,1550.74,-0.56519248,-2.29,40.52726937
1666844326.4602098,1550.74,1550.64,-0.57316968,-2.39,40.03644759
1666844336.5935469,1550.74,1550.64,-0.57316968,-2.39,40.03644759
1666844346.4522233,1550.74,1550.64,-0.57316968,-2.39,40.03644759
1666844356.4299598,1551.05,1551.05,-0.54735173,-1.62,42.70084309
1666844371.712601,1551.05,1551.05,-0.54735173,-1.62,42.70084309
1666844376.5155451,1551.05,1551.05,-0.54735173,-1.62,42.70084309
1666844386.5020964,1551.05,1552.11,-0.46279333,-0.56,49.50657834
1666844396.705053,1551.05,1552.11,-0.46279333,-0.56,49.50657834
1666844406.4977124,1551.05,1552.11,-0.46279333,-0.56,49.50657834
1666844416.5751684,1552.98,1552.98,-0.27430654,0.7,54.00156452
1666844426.4330869,1552.98,1552.98,-0.27430654,0.7,54.00156452
1666844436.550599,1552.98,1552.98,-0.27430654,0.7,54.00156452
1666844447.501482,1552.98,1553.89,-0.20171395,1.61,58.1937597
1666844457.4012303,1552.98,1553.89,-0.20171395,1.61,58.1937597
1666844467.3604276,1552.98,1553.89,-0.20171395,1.61,58.1937597
1666844477.3458183,1554.14,1554.14,-0.01389979,1.29,59.2149302
1666844487.3700593,1554.14,1554.14,-0.01389979,1.29,59.2149302
1666844497.3939686,1554.14,1554.14,-0.01389979,1.29,59.2149302
1666844507.4120276,1554.14,1554.92,0.04832243,2.07,62.30836787
1666844517.4193876,1554.14,1554.92,0.04832243,2.07,62.30836787
1666844527.4168136,1554.14,1554.92,0.04832243,2.07,62.30836787
1666844537.4611824,1553.8,1553.8,0.06971834,1.29,57.16967974
1666844547.3980193,1553.8,1553.8,0.06971834,1.29,57.16967974
1666844557.5765352,1553.8,1553.8,0.06971834,1.29,57.16967974
1666844567.3867297,1553.8,1554.95,0.16145624,2.44,61.95603233
1666844577.3762565,1553.8,1554.95,0.16145624,2.44,61.95603233
1666844587.4158692,1553.8,1554.95,0.16145624,2.44,61.95603233
1666844597.3964286,1555.5,1555.5,0.39600267,4.11,63.88618467
1666844607.462011,1555.5,1555.5,0.39600267,4.11,63.88618467
1666844633.5295455,1555.5,1556.58,0.48215652,5.19,67.3853485
1666844643.552244,1555.5,1556.58,0.48215652,5.19,67.3853485
1666844653.5233865,1555.72,1555.72,0.5719763,4.44,64.65857098
1666844663.515012,1555.72,1555.72,0.5719763,4.44,64.65857098
1666844673.5299215,1555.72,1555.72,0.5719763,4.44,64.65857098
1666844683.535562,1555.72,1555.76,0.57516719,4.48,64.80595566
1666844693.5633447,1555.72,1555.76,0.57516719,4.48,64.80595566
1666844703.5581896,1555.72,1555.76,0.57516719,4.48,64.80595566
1666844713.524675,1555.46,1555.46,0.652825,4.43,62.94517022
1666844723.5345273,1555.46,1555.46,0.652825,4.43,62.94517022
1666844733.5312002,1555.46,1555.46,0.652825,4.43,62.94517022
1666844743.5153856,1555.46,1555.07,0.62171389,4.04,60.36131892
1666844753.5356674,1555.46,1555.07,0.62171389,4.04,60.36131892
1666844763.4893196,1555.46,1555.07,0.62171389,4.04,60.36131892
1666844773.5631404,1555.01,1555.01,0.66074923,5.33,59.96488907
1666844783.5499752,1555.01,1555.01,0.66074923,5.33,59.96488907
1666844793.5439894,1555.01,1555.01,0.66074923,5.33,59.96488907
1666844803.5616944,1555.01,1555.06,0.66473784,5.38,60.18861996
1666844814.2418177,1555.01,1555.06,0.66473784,5.38,60.18861996
1666844824.31131,1555.01,1555.06,0.66473784,5.38,60.18861996
1666844834.540381,1555.05,1555.05,0.69383204,4.3,60.14407405
1666844844.2265997,1555.05,1555.05,0.69383204,4.3,60.14407405
1666844854.3056512,1555.05,1555.05,0.69383204,4.3,60.14407405
1666844864.278119,1555.05,1555.81,0.75445882,5.06,63.48784357
1666844874.2983963,1555.05,1555.81,0.75445882,5.06,63.48784357
1666844884.518879,1555.05,1555.81,0.75445882,5.06,63.48784357
1666844894.3118002,1557.05,1557.05,0.9920697,5.99,67.88399854
1666844904.2114992,1557.05,1557.05,0.9920697,5.99,67.88399854
1666844914.3198962,1557.05,1557.05,0.9920697,5.99,67.88399854
1666844924.2947128,1557.05,1556.79,0.97132896,5.73,66.08724099
1666844934.2506578,1557.05,1556.79,0.97132896,5.73,66.08724099
1666844944.3238492,1557.05,1556.79,0.97132896,5.73,66.08724099
1666844954.2791946,1557.35,1557.35,1.13245171,4.37,68.81732175
1666844964.4851427,1557.35,1557.35,1.13245171,4.37,68.81732175
1666844974.3656476,1557.35,1557.35,1.13245171,4.37,68.81732175
1666844984.2360845,1557.35,1557.64,1.15558561,4.66,69.8142933
1666844994.903454,1557.35,1557.64,1.15558561,4.66,69.8142933
1666845004.9289773,1557.35,1557.64,1.15558561,4.66,69.8142933
1666845014.818215,1557.63,1557.63,1.25035474,3.49,69.73480607
1666845024.870813,1557.63,1557.63,1.25035474,3.49,69.73480607
1666845034.8770916,1557.63,1557.63,1.25035474,3.49,69.73480607
1666845044.8821907,1557.63,1557.96,1.27667953,3.82,70.87657613
1666845054.888723,1557.63,1557.96,1.27667953,3.82,70.87657613
1666845064.8642972,1557.63,1557.96,1.27667953,3.82,70.87657613
1666845074.8732045,1558.71,1558.71,1.46241059,4.91,73.09775638
1666845084.8847554,1558.71,1558.71,1.46241059,4.91,73.09775638
1666845094.839491,1558.71,1558.71,1.46241059,4.91,73.09775638
1666845104.8153307,1558.71,1557.99,1.40497469,4.19,67.79647467
1666845114.8436294,1558.71,1557.99,1.40497469,4.19,67.79647467
1666845125.0757115,1558.71,1557.99,1.40497469,4.19,67.79647467
1666845134.8818777,1556.91,1556.91,1.29055862,1.41,61.09177094
1666845144.9380014,1556.91,1556.91,1.29055862,1.41,61.09177094
1666845154.9355574,1556.91,1556.91,1.29055862,1.41,61.09177094
1666845164.9558342,1556.91,1556.39,1.24907714,0.89,58.11187147
1666845175.2816868,1556.91,1556.39,1.24907714,0.89,58.11187147
1666845185.3376212,1556.91,1556.39,1.24907714,0.89,58.11187147
1666845195.2794156,1556.36,1556.36,1.17534336,0.64,57.93697693
1666845205.3074849,1556.36,1556.36,1.17534336,0.64,57.93697693
1666845215.2769442,1556.36,1556.36,1.17534336,0.64,57.93697693
1666845225.4245477,1556.36,1556.53,1.18890461,0.81,58.64382519
1666845235.3461332,1556.36,1556.53,1.18890461,0.81,58.64382519
1666845245.3160973,1556.36,1556.53,1.18890461,0.81,58.64382519
1666845255.2584352,1555.81,1555.81,1.02831521,0.35,54.90442815
1666845265.3668995,1555.81,1555.81,1.02831521,0.35,54.90442815
1666845275.3645446,1555.81,1555.81,1.02831521,0.35,54.90442815
1666845285.3035514,1555.81,1555.99,1.04267418,0.53,55.72209194
1666845295.3566804,1555.81,1555.99,1.04267418,0.53,55.72209194
1666845305.5055225,1555.81,1555.99,1.04267418,0.53,55.72209194
1666845315.3999038,1555.68,1555.68,0.91741021,0.68,54.18537279
1666845325.3457546,1555.68,1555.68,0.91741021,0.68,54.18537279
1666845335.2924488,1555.68,1555.68,0.91741021,0.68,54.18537279
1666845345.4140446,1555.68,1555.49,0.90225352,0.49,53.09235595
1666845356.3623655,1555.68,1555.49,0.90225352,0.49,53.09235595
1666845366.0384483,1555.68,1555.49,0.90225352,0.49,53.09235595
1666845376.212314,1555.01,1555.01,0.73410108,-0.04,50.49787162
1666845386.0978706,1555.01,1555.01,0.73410108,-0.04,50.49787162
1666845396.2965033,1555.01,1555.01,0.73410108,-0.04,50.49787162
1666845406.0612123,1555.01,1555.1,0.74128056,0.05,50.98155872
1666845416.1622207,1555.01,1555.1,0.74128056,0.05,50.98155872
1666845426.1791945,1555.01,1555.1,0.74128056,0.05,50.98155872
1666845436.1136615,1555.13,1555.13,0.64095514,-1.92,51.14069408
1666845446.1629355,1555.13,1555.13,0.64095514,-1.92,51.14069408
1666845456.119337,1555.13,1555.13,0.64095514,-1.92,51.14069408
1666845466.1738043,1555.13,1554.6,0.59867594,-2.45,48.16571132
1666845476.1555464,1555.13,1554.6,0.59867594,-2.45,48.16571132
1666845486.186021,1555.13,1554.6,0.59867594,-2.45,48.16571132
1666845496.190385,1554.46,1554.46,0.45846042,-2.9,47.43678233
1666845506.1079302,1554.46,1554.46,0.45846042,-2.9,47.43678233
1666845516.102574,1554.46,1554.46,0.45846042,-2.9,47.43678233
1666845526.194213,1554.46,1554.65,0.47361711,-2.71,48.57424761
1666845536.7307067,1554.46,1554.65,0.47361711,-2.71,48.57424761
1666845546.8205822,1554.46,1554.65,0.47361711,-2.71,48.57424761
1666845556.798983,1554.47,1554.47,0.35354389,-3.17,47.49790193
1666845567.038802,1554.47,1554.47,0.35354389,-3.17,47.49790193
1666845576.8354564,1554.47,1554.47,0.35354389,-3.17,47.49790193
1666845586.7539945,1554.47,1554.45,0.35194844,-3.19,47.37924274
1666845596.8682723,1554.47,1554.45,0.35194844,-3.19,47.37924274
1666845607.0534606,1554.47,1554.45,0.35194844,-3.19,47.37924274
1666845616.8680794,1554.68,1554.68,0.29637646,-4.02,48.84316209
1666861415.2904005,1552.39,1552.39,-0.45566608,-1.33,43.00393267
1666861423.0217628,1552.39,1550.29,-0.62318745,-3.43,36.0729633
1666867857.5342712,1542.52,1541.68,-1.41123642,-3.23,38.80046991
1666867862.5001802,1542.52,1541.68,-1.41123642,-3.23,38.80046991
1666867872.4824486,1542.26,1542.26,-1.32749426,-0.91,40.56461866
1666881322.9691298,1558.45,1558.45,1.09022198,-5.27,49.49035278
1666881332.9119663,1558.45,1558.45,1.09022198,-5.27,49.49035278
1666881342.7841687,1558.45,1558.46,1.0910197,-5.26,49.51056882
1666881352.7901442,1558.45,1558.46,1.0910197,-5.26,49.51056882
1666881362.7417495,1558.45,1558.46,1.0910197,-5.26,49.51056882
1666881372.8505125,1556.01,1556.01,0.55368572,-6.02,45.00510365
1666881382.7524865,1556.01,1556.01,0.55368572,-6.02,45.00510365
1666881392.75369,1556.01,1556.01,0.55368572,-6.02,45.00510365
1666881403.1582365,1556.01,1554.77,0.45476834,-7.26,42.87897255
1666881412.769172,1556.01,1554.77,0.45476834,-7.26,42.87897255
1666881422.7990718,1556.01,1554.77,0.45476834,-7.26,42.87897255
1666881432.760645,1553.32,1553.32,-0.10199449,-7.39,40.64263481
1666881442.7574224,1553.32,1553.32,-0.10199449,-7.39,40.64263481
1666881452.8207524,1553.32,1553.32,-0.10199449,-7.39,40.64263481
1666881462.829249,1553.32,1551.71,-0.23042754,-9.0,38.24143058
1666881472.7879603,1553.32,1551.71,-0.23042754,-9.0,38.24143058
1666881482.794879,1553.32,1551.71,-0.23042754,-9.0,38.24143058
1666881492.8434072,1552.19,1552.19,-0.6055327,-6.89,38.92510937
1666881503.4588308,1552.19,1552.19,-0.6055327,-6.89,38.92510937
1666881513.6421928,1552.19,1552.19,-0.6055327,-6.89,38.92510937
1666881523.479835,1552.19,1553.0,-0.54091732,-6.08,40.84697665
1666881533.6088,1552.19,1553.0,-0.54091732,-6.08,40.84697665
1666881543.468631,1552.19,1553.0,-0.54091732,-6.08,40.84697665
1666881553.4917643,1553.45,1553.45,-0.74501679,-7.01,41.86502275
1666881563.5116165,1553.45,1553.45,-0.74501679,-7.01,41.86502275
1666881573.496899,1553.45,1553.45,-0.74501679,-7.01,41.86502275
1666881583.507645,1553.45,1551.9,-0.86866351,-8.56,39.3485315
1666881593.5137298,1553.45,1551.9,-0.86866351,-8.56,39.3485315
1666881603.5256183,1553.45,1551.9,-0.86866351,-8.56,39.3485315
1666881613.5339098,1551.73,1551.73,-1.16707682,-8.5,39.09145897
1666881623.4764345,1551.73,1551.73,-1.16707682,-8.5,39.09145897
1666881633.540494,1551.73,1551.73,-1.16707682,-8.5,39.09145897
1666881643.5751357,1551.73,1551.04,-1.22211955,-9.19,38.0061197
1666881653.5242603,1551.73,1551.04,-1.22211955,-9.19,38.0061197
1666881663.5217266,1551.73,1551.04,-1.22211955,-9.19,38.0061197
1666881673.6924074,1550.16,1550.16,-1.59889059,-10.96,36.70637309
1666881683.9862418,1550.16,1550.16,-1.59889059,-10.96,36.70637309
1666881693.9790027,1550.16,1550.16,-1.59889059,-10.96,36.70637309
1666881704.0333865,1550.16,1548.32,-1.74567121,-12.8,34.08186258
1666881714.0063,1550.16,1548.32,-1.74567121,-12.8,34.08186258
1666881724.0305836,1550.16,1548.32,-1.74567121,-12.8,34.08186258
1666881734.0424094,1549.56,1549.56,-1.90567853,-12.43,35.80722932
1666881744.0952675,1549.56,1549.56,-1.90567853,-12.43,35.80722932
1666881754.1509943,1549.56,1549.56,-1.90567853,-12.43,35.80722932
1666881764.10958,1549.56,1550.03,-1.86818566,-11.96,37.10686668
1666881774.072974,1549.56,1550.03,-1.86818566,-11.96,37.10686668
1666881784.080549,1549.56,1550.03,-1.86818566,-11.96,37.10686668
1666881794.070356,1548.25,1548.25,-2.27139159,-12.19,33.8561076
1666881804.0678687,1548.25,1548.25,-2.27139159,-12.19,33.8561076
1666881814.1207502,1548.25,1548.25,-2.27139159,-12.19,33.8561076
1666881824.1466377,1548.25,1546.95,-2.37509529,-13.49,31.99408423
1666881834.1010108,1548.25,1546.95,-2.37509529,-13.49,31.99408423
1666881844.0909402,1548.25,1546.95,-2.37509529,-13.49,31.99408423
1666881854.111935,1548.9,1548.9,-2.35828324,-9.56,35.72524035
1666881864.74256,1548.9,1548.9,-2.35828324,-9.56,35.72524035
1666881874.8626404,1548.9,1548.9,-2.35828324,-9.56,35.72524035
1666881884.7459092,1548.9,1548.41,-2.39737156,-10.05,34.9235632
1666881894.7659929,1548.9,1548.41,-2.39737156,-10.05,34.9235632
1666881904.9659462,1548.9,1548.41,-2.39737156,-10.05,34.9235632
1666881914.7865975,1548.28,1548.28,-2.52776423,-7.74,34.71566091
1666881925.1850586,1548.28,1548.28,-2.52776423,-7.74,34.71566091
1666881934.7730944,1548.28,1548.28,-2.52776423,-7.74,34.71566091
1666881944.843359,1548.28,1550.34,-2.36343375,-5.68,40.69579004
1666881954.8220203,1548.28,1550.34,-2.36343375,-5.68,40.69579004
1666881964.7938163,1548.28,1550.34,-2.36343375,-5.68,40.69579004
1666881974.95138,1550.32,1550.32,-2.30462198,-2.99,40.6498285
1666881984.9947088,1550.32,1550.32,-2.30462198,-2.99,40.6498285
1666881994.75742,1550.32,1550.32,-2.30462198,-2.99,40.6498285
1666882004.7689502,1550.32,1551.78,-2.18815474,-1.53,44.53138282
1666882014.825328,1550.32,1551.78,-2.18815474,-1.53,44.53138282
1666882024.8206525,1550.32,1551.78,-2.18815474,-1.53,44.53138282
1666882034.880482,1553.7,1553.7,-1.75385068,1.51,48.93298517
1666882047.056352,1553.7,1553.7,-1.75385068,1.51,48.93298517
1666882056.664106,1553.7,1553.7,-1.75385068,1.51,48.93298517
1666882066.708684,1553.7,1553.56,-1.76501877,1.37,48.62995989
1666882076.6370962,1553.7,1553.56,-1.76501877,1.37,48.62995989
1666882086.6666634,1553.7,1553.56,-1.76501877,1.37,48.62995989
1666882096.9132872,1553.47,1553.47,-1.54549355,0.03,48.4354904
1666882106.8914952,1553.47,1553.47,-1.54549355,0.03,48.4354904
1666882116.7820568,1553.47,1553.47,-1.54549355,0.03,48.4354904
1666882126.773701,1553.47,1552.09,-1.65557902,-1.35,45.45907672
1666882136.8749998,1553.47,1552.09,-1.65557902,-1.35,45.45907672
1666882146.6788194,1553.47,1552.09,-1.65557902,-1.35,45.45907672
1666882156.6922395,1552.29,1552.29,-1.51769617,0.56,45.86757125
1666882166.7215395,1552.29,1552.29,-1.51769617,0.56,45.86757125
1666882176.6601875,1552.29,1552.29,-1.51769617,0.56,45.86757125
1666882186.6995173,1552.29,1552.29,-1.51769617,0.56,45.86757125
1666882196.759065,1552.29,1553.55,-1.41718335,1.82,48.9781896
1666882206.8868198,1552.29,1553.55,-1.41718335,1.82,48.9781896
1666882216.6797097,1552.55,1552.55,-1.36873418,2.39,46.54208174
1666882227.8759592,1552.55,1552.55,-1.36873418,2.39,46.54208174
1666882238.224308,1552.55,1552.55,-1.36873418,2.39,46.54208174
1666882247.9031348,1552.55,1553.21,-1.3160846,3.05,48.29802549
1666882257.9761748,1552.55,1553.21,-1.3160846,3.05,48.29802549
1666882267.924785,1552.55,1553.21,-1.3160846,3.05,48.29802549
1666882278.5005035,1555.02,1555.02,-0.90288747,5.46,52.5705204
1666882287.9194255,1555.02,1555.02,-0.90288747,5.46,52.5705204
1666882297.9231503,1555.02,1555.02,-0.90288747,5.46,52.5705204
1666882307.924291,1555.02,1554.06,-0.97946867,4.5,50.20098081
1666882317.998621,1555.02,1554.06,-0.97946867,4.5,50.20098081
1666882327.932442,1555.02,1554.06,-0.97946867,4.5,50.20098081
1666882337.890551,1553.86,1553.86,-0.84658869,5.6,49.73600699
1666882347.972064,1553.86,1553.86,-0.84658869,5.6,49.73600699
1666882357.9615872,1553.86,1553.86,-0.84658869,5.6,49.73600699
1666882367.9549842,1553.86,1554.33,-0.80909581,6.07,50.89109417
1666882377.9381003,1553.86,1554.33,-0.80909581,6.07,50.89109417
1666882388.0000792,1553.86,1554.33,-0.80909581,6.07,50.89109417
1666882398.1886575,1554.32,1554.32,-0.65406516,5.41,50.86431126
1666882408.8706148,1554.32,1554.32,-0.65406516,5.41,50.86431126
1666882418.8711498,1554.32,1554.32,-0.65406516,5.41,50.86431126
1666882428.8970952,1554.32,1555.63,-0.54956373,6.72,54.0373431
1666882439.0245752,1554.32,1555.63,-0.54956373,6.72,54.0373431
1666882448.928027,1554.32,1555.63,-0.54956373,6.72,54.0373431
1666882458.8665547,1556.22,1556.22,-0.25655994,7.93,55.33601357
1666882468.8920932,1556.22,1556.22,-0.25655994,7.93,55.33601357
1666882478.925602,1556.22,1556.22,-0.25655994,7.93,55.33601357
1666882488.9596877,1556.22,1556.89,-0.20311264,8.6,56.82779615
1666882499.1374304,1556.22,1556.89,-0.20311264,8.6,56.82779615
1666882508.9589846,1556.22,1556.89,-0.20311264,8.6,56.82779615
1666882518.9411144,1555.61,1555.61,-0.14718061,5.28,53.64824887
1666882528.9104674,1555.61,1555.61,-0.14718061,5.28,53.64824887
1666882538.899976,1555.61,1555.61,-0.14718061,5.28,53.64824887
1666882548.95682,1555.61,1553.11,-0.34661081,2.78,47.28314829
1666882558.9310627,1555.61,1553.11,-0.34661081,2.78,47.28314829
1666882569.0560288,1555.61,1553.11,-0.34661081,2.78,47.28314829
1666882578.9410946,1554.54,1554.54,-0.17294047,0.84,50.72564324
1666882589.9513462,1554.54,1554.54,-0.17294047,0.84,50.72564324
1666882599.8866014,1554.54,1554.54,-0.17294047,0.84,50.72564324
1666882609.9734485,1554.54,1552.82,-0.31014844,-0.88,46.35412397
1666882619.944822,1554.54,1552.82,-0.31014844,-0.88,46.35412397
1666882629.9654903,1554.54,1552.82,-0.31014844,-0.88,46.35412397
1666882639.9402864,1553.28,1553.28,-0.30239413,-0.2,47.44770104
1666882649.9567947,1553.28,1553.28,-0.30239413,-0.2,47.44770104
1666882659.9319108,1553.28,1553.28,-0.30239413,-0.2,47.44770104
1666882669.998242,1553.28,1553.88,-0.25453089,0.4,49.13336922
1666882679.9756026,1553.28,1553.88,-0.25453089,0.4,49.13336922
1666882689.9606328,1553.28,1553.88,-0.25453089,0.4,49.13336922
1666882700.1656318,1552.81,1552.81,-0.38806287,0.52,46.24717675
1666882711.0387974,1552.81,1552.81,-0.38806287,0.52,46.24717675
1666882719.9581575,1552.81,1552.81,-0.38806287,0.52,46.24717675
1666882730.0073245,1552.81,1552.6,-0.404815,0.31,45.69089912
1666882739.996001,1552.81,1552.6,-0.404815,0.31,45.69089912
1666882750.0552208,1552.81,1552.6,-0.404815,0.31,45.69089912
1666882759.9934547,1549.64,1549.64,-0.8688883,-2.9,39.06585242
1666882770.719556,1549.64,1549.64,-0.8688883,-2.9,39.06585242
1666882780.6080246,1549.64,1548.17,-0.98615326,-4.37,36.2550807
1666882790.6120837,1549.64,1548.17,-0.98615326,-4.37,36.2550807
1666882800.617081,1549.64,1548.17,-0.98615326,-4.37,36.2550807
1666882810.6113424,1549.64,1548.17,-0.98615326,-4.37,36.2550807
1666882820.6256962,1547.66,1547.66,-1.31810086,-7.36,35.37211836
1666882830.6193166,1547.66,1547.66,-1.31810086,-7.36,35.37211836
1666882840.6537154,1547.66,1548.17,-1.2774171,-6.85,37.02383001
1666882850.6036794,1547.66,1548.17,-1.2774171,-6.85,37.02383001
1666882860.6854732,1547.66,1548.17,-1.2774171,-6.85,37.02383001
1666882871.0296886,1549.12,1549.12,-1.32427279,-4.73,39.89387313
1666882880.658179,1549.12,1549.12,-1.32427279,-4.73,39.89387313
1666882890.728634,1549.12,1549.12,-1.32427279,-4.73,39.89387313
1666882900.6985571,1549.12,1553.11,-1.00598219,-0.74,50.13355464
1666882910.6680546,1549.12,1553.11,-1.00598219,-0.74,50.13355464
1666882920.7211387,1549.12,1553.11,-1.00598219,-0.74,50.13355464
1666882930.6599264,1552.96,1552.96,-0.86305922,-1.37,49.81185291
1666882940.6478884,1552.96,1552.96,-0.86305922,-1.37,49.81185291
1666882951.3655655,1552.96,1552.96,-0.86305922,-1.37,49.81185291
1666882961.0678923,1552.96,1552.96,-0.86305922,-1.37,49.81185291
1666882971.0667188,1552.96,1550.1,-1.09120737,-4.23,43.98529624
1666882981.2748585,1552.96,1550.1,-1.09120737,-4.23,43.98529624
1666882991.822338,1550.85,1550.85,-1.03014702,-5.37,45.3772099
1666883001.8198366,1550.85,1550.85,-1.03014702,-5.37,45.3772099
1666883011.980427,1550.85,1550.85,-1.03014702,-5.37,45.3772099
1666883021.7492137,1550.85,1550.85,-1.03014702,-5.37,45.3772099
1666883031.9061923,1550.85,1552.56,-0.89373677,-3.66,49.31543074
1666883041.9761949,1550.85,1552.56,-0.89373677,-3.66,49.31543074
1666883051.5261235,1550.85,1552.56,-0.89373677,-3.66,49.31543074
1666883061.5991654,1551.81,1551.81,-0.88173479,-3.8,47.66033832
1666883071.533156,1551.81,1551.81,-0.88173479,-3.8,47.66033832
1666883081.5090733,1551.81,1551.81,-0.88173479,-3.8,47.66033832
1666883091.5202017,1551.81,1550.31,-1.00139291,-5.3,44.52850066
1666883101.5117698,1551.81,1550.31,-1.00139291,-5.3,44.52850066
1666883111.5338805,1551.64,1551.64,-0.83944027,-2.9,47.28343682
1666883121.6839666,1551.64,1551.64,-0.83944027,-2.9,47.28343682
1666883132.5680535,1551.64,1551.64,-0.83944027,-2.9,47.28343682
1666883142.565156,1551.64,1551.73,-0.83226078,-2.81,47.52005189
1666883152.59613,1551.64,1551.73,-0.83226078,-2.81,47.52005189
1666883162.810042,1551.64,1551.73,-0.83226078,-2.81,47.52005189
1666883172.827991,1551.71,1551.71,-0.77621698,-1.57,47.46765451
1666883182.595148,1551.71,1551.71,-0.77621698,-1.57,47.46765451
1666883193.124176,1551.71,1551.71,-0.77621698,-1.57,47.46765451
1666883202.6442866,1551.71,1550.71,-0.85598906,-2.57,45.04592092
1666883212.6425433,1551.71,1550.71,-0.85598906,-2.57,45.04592092
1666883222.6185408,1551.71,1550.71,-0.85598906,-2.57,45.04592092
1666883232.601502,1550.89,1550.89,-0.8381295,-1.92,45.46342745
1666883242.765792,1550.89,1550.89,-0.8381295,-1.92,45.46342745
1666883252.639593,1550.89,1550.89,-0.8381295,-1.92,45.46342745
1666883262.6411953,1550.89,1548.77,-1.00724631,-4.04,40.68100917
1666883272.664953,1550.89,1548.77,-1.00724631,-4.04,40.68100917
1666883282.6523418,1550.89,1548.77,-1.00724631,-4.04,40.68100917
1666883292.7728732,1549.23,1549.23,-1.05988136,-0.42,41.62960854
1666883302.6692436,1549.23,1549.23,-1.05988136,-0.42,41.62960854
1666883313.363362,1549.23,1549.23,-1.05988136,-0.42,41.62960854
1666883323.3761027,1549.23,1547.64,-1.18671897,-2.01,38.29966468
1666883333.3553631,1549.23,1547.64,-1.18671897,-2.01,38.29966468
1666883343.367256,1549.23,1547.64,-1.18671897,-2.01,38.29966468
1666883353.7915363,1551.01,1551.01,-0.86679076,3.35,46.80390482
1666883363.38214,1551.01,1551.01,-0.86679076,3.35,46.80390482
1666883373.3957014,1551.01,1551.01,-0.86679076,3.35,46.80390482
1666883383.367029,1551.01,1552.1,-0.7798392,4.44,49.74641029
1666883393.3873444,1551.01,1552.1,-0.7798392,4.44,49.74641029
1666883403.39809,1551.01,1552.1,-0.7798392,4.44,49.74641029
1666883413.4023752,1551.77,1551.77,-0.7088287,2.64,48.8897084
1666883423.391211,1551.77,1551.77,-0.7088287,2.64,48.8897084
1666883433.3863726,1551.77,1551.77,-0.7088287,2.64,48.8897084
1666883443.5786831,1551.77,1553.45,-0.57481161,4.32,53.25367489
1666883453.3956728,1551.77,1553.45,-0.57481161,4.32,53.25367489
1666883463.4737709,1551.77,1553.45,-0.57481161,4.32,53.25367489
1666883473.3922448,1551.77,1553.45,-0.57481161,4.32,53.25367489
1666883483.3834846,1552.65,1552.65,-0.50071705,-0.31,51.27194167
1666883494.0874393,1552.65,1552.65,-0.50071705,-0.31,51.27194167
1666883504.0695598,1552.65,1552.03,-0.55017574,-0.93,49.51982431
1666883514.6032982,1552.65,1552.03,-0.55017574,-0.93,49.51982431
1666883524.1038153,1552.65,1552.03,-0.55017574,-0.93,49.51982431
1666883534.0844555,1550.35,1550.35,-0.7114778,-0.5,45.3212512
1666883545.5871518,1550.35,1550.35,-0.7114778,-0.5,45.3212512
1666883554.075232,1550.35,1550.35,-0.7114778,-0.5,45.3212512
1666883564.0878167,1550.35,1552.17,-0.56629262,1.32,50.24123153
1666883574.0813663,1550.35,1552.17,-0.56629262,1.32,50.24123153
1666883584.087306,1550.35,1552.17,-0.56629262,1.32,50.24123153
1666883594.0802824,1552.07,1552.07,-0.48222843,0.26,49.99377092
1666883604.258153,1552.07,1552.07,-0.48222843,0.26,49.99377092
1666883614.1096184,1552.07,1552.07,-0.48222843,0.26,49.99377092
1666883624.105055,1552.07,1551.23,-0.54923697,-0.58,47.84146076
1666883634.1079977,1552.07,1551.23,-0.54923697,-0.58,47.84146076
1666883644.1057086,1552.07,1551.23,-0.54923697,-0.58,47.84146076
1666883654.09361,1550.9,1550.9,-0.56939894,-0.74,47.04394637
1666883664.1563733,1550.9,1550.9,-0.56939894,-0.74,47.04394637
1666883674.9536984,1550.9,1550.9,-0.56939894,-0.74,47.04394637
1666883684.767619,1550.9,1551.92,-0.48803142,0.28,49.82161389
1666883694.8042665,1550.9,1551.92,-0.48803142,0.28,49.82161389
1666883704.7519722,1550.9,1551.92,-0.48803142,0.28,49.82161389
1666883714.7197394,1551.19,1551.19,-0.51771152,-0.52,47.8622494
1666883724.7333422,1551.19,1551.19,-0.51771152,-0.52,47.8622494
1666883734.783554,1551.19,1551.19,-0.51771152,-0.52,47.8622494
1666883744.7607503,1551.19,1551.61,-0.48420725,-0.1,49.09387774
1666883755.1120763,1551.19,1551.61,-0.48420725,-0.1,49.09387774
1666883764.762469,1551.19,1551.61,-0.48420725,-0.1,49.09387774
1666883774.7804334,1550.01,1550.01,-0.65624842,-0.88,44.81593427
1666883784.7661722,1550.01,1550.01,-0.65624842,-0.88,44.81593427
1666883794.744316,1550.01,1550.01,-0.65624842,-0.88,44.81593427
1666883804.7723296,1550.01,1550.01,-0.65624842,-0.88,44.81593427
1666883814.7666936,1550.01,1550.01,-0.65624842,-0.88,44.81593427
1666883824.7839108,1550.01,1550.01,-0.65624842,-0.88,44.81593427
1666883835.0213363,1550.78,1550.78,-0.5747116,1.54,47.17851017
1666883844.7640188,1550.78,1550.78,-0.5747116,1.54,47.17851017
1666883855.913693,1550.78,1550.78,-0.5747116,1.54,47.17851017
1666883866.0816023,1550.78,1550.65,-0.58508197,1.41,46.81410368
1666883875.9013,1550.78,1550.65,-0.58508197,1.41,46.81410368
1666883886.1530938,1550.78,1550.65,-0.58508197,1.41,46.81410368
1666883896.0612104,1549.66,1549.66,-0.71134655,-1.35,44.22231023
1666883905.9263258,1549.66,1549.66,-0.71134655,-1.35,44.22231023
1666883915.9340026,1549.66,1549.66,-0.71134655,-1.35,44.22231023
1666883925.9198074,1549.66,1549.28,-0.74165994,-1.73,43.22272505
1666883935.92757,1549.66,1549.28,-0.74165994,-1.73,43.22272505
1666883945.938563,1549.66,1549.28,-0.74165994,-1.73,43.22272505
1666883955.8957446,1548.68,1548.68,-0.87820103,-3.1,41.74309041
1666883965.9204702,1548.68,1548.68,-0.87820103,-3.1,41.74309041
1666883975.9021049,1548.68,1548.68,-0.87820103,-3.1,41.74309041
1666883985.8986068,1548.68,1550.98,-0.69472524,-0.8,48.95655044
1666883995.9454277,1548.68,1550.98,-0.69472524,-0.8,48.95655044
1666884005.950557,1548.68,1550.98,-0.69472524,-0.8,48.95655044
1666884015.931748,1550.02,1550.02,-0.74762834,-2.63,46.17707625
1666884026.130242,1550.02,1550.02,-0.74762834,-2.63,46.17707625
1666884037.408407,1550.02,1550.02,-0.74762834,-2.63,46.17707625
1666884047.3912516,1550.02,1549.79,-0.76597592,-2.86,45.53751163
1666884057.675517,1550.02,1549.79,-0.76597592,-2.86,45.53751163
1666884067.389542,1550.02,1549.79,-0.76597592,-2.86,45.53751163
1666884077.4251993,1550.54,1550.54,-0.64767364,0.18,47.83097279
1666884087.5322092,1550.54,1550.54,-0.64767364,0.18,47.83097279
1666884097.4038336,1550.54,1550.54,-0.64767364,0.18,47.83097279
1666884107.4202013,1550.54,1550.83,-0.62453973,0.47,48.77886217
1666884117.427306,1550.54,1550.83,-0.62453973,0.47,48.77886217
1666884127.427589,1550.54,1550.83,-0.62453973,0.47,48.77886217
1666884137.408437,1551.28,1551.28,-0.49048805,-0.79,50.18573523
1666884147.4110737,1551.28,1551.28,-0.49048805,-0.79,50.18573523
1666884157.4325504,1551.28,1551.28,-0.49048805,-0.79,50.18573523
1666884167.3992236,1551.28,1553.2,-0.33732566,1.13,55.75959949
1666884177.427089,1551.28,1553.2,-0.33732566,1.13,55.75959949
1666884187.4488993,1551.28,1553.2,-0.33732566,1.13,55.75959949
1666884197.4411373,1553.62,1553.62,-0.07658375,2.71,56.81658185
1666884207.4275131,1553.62,1553.62,-0.07658375,2.71,56.81658185
1666884218.57724,1553.62,1553.62,-0.07658375,2.71,56.81658185
1666884228.5207808,1553.62,1554.27,-0.0247319,3.36,58.47028074
1666884238.5643032,1553.62,1554.27,-0.0247319,3.36,58.47028074
1666884248.6808908,1553.62,1554.27,-0.0247319,3.36,58.47028074
1666884258.5521307,1553.17,1553.17,0.03871106,1.98,55.29231375
1666884268.586147,1553.17,1553.17,0.03871106,1.98,55.29231375
1666884278.8947144,1553.17,1553.17,0.03871106,1.98,55.29231375
1666884288.5612593,1553.17,1553.73,0.08338343,2.54,56.84394388
1666884298.5683296,1553.17,1553.73,0.08338343,2.54,56.84394388
1666884308.657468,1553.17,1553.73,0.08338343,2.54,56.84394388
1666884318.5464113,1553.84,1553.84,0.25205415,3.83,57.12468222
1666884328.5543914,1553.84,1553.84,0.25205415,3.83,57.12468222
1666884338.5683408,1553.84,1553.84,0.25205415,3.83,57.12468222
1666884348.587913,1553.84,1554.4,0.29672651,4.39,58.66853846
1666884358.5514288,1553.84,1554.4,0.29672651,4.39,58.66853846
1666884368.6656382,1553.84,1554.4,0.29672651,4.39,58.66853846
1666884378.6010928,1553.34,1553.34,0.30376588,2.56,55.29155104
1666884388.5945768,1553.34,1553.34,0.30376588,2.56,55.29155104
1666884399.4305537,1553.34,1553.34,0.30376588,2.56,55.29155104
1666884409.4120028,1553.34,1551.61,0.16576018,0.83,49.3944199
1666884419.524484,1553.34,1551.61,0.16576018,0.83,49.3944199
1666884429.4302366,1553.34,1551.61,0.16576018,0.83,49.3944199
1666884439.751266,1552.53,1552.53,0.25632428,2.88,52.36375103
1666884449.431673,1552.53,1552.53,0.25632428,2.88,52.36375103
1666884459.4124837,1552.53,1552.53,0.25632428,2.88,52.36375103
1666884469.4358492,1552.53,1552.0,0.21404508,2.35,50.48373989
1666884479.4443543,1552.53,1552.0,0.21404508,2.35,50.48373989
1666884489.4256978,1552.53,1552.0,0.21404508,2.35,50.48373989
1666884499.4602127,1551.38,1551.38,0.10491659,2.7,48.44557179
1666884509.5794587,1551.38,1551.38,0.10491659,2.7,48.44557179
1666884519.5042143,1551.38,1551.38,0.10491659,2.7,48.44557179
1666884529.4561388,1551.38,1552.75,0.21420434,4.07,52.96442751
1666884539.4571166,1551.38,1552.75,0.21420434,4.07,52.96442751
1666884549.437909,1551.38,1552.75,0.21420434,4.07,52.96442751
1666884559.511843,1552.45,1552.45,0.20822898,2.42,52.04396424
1666884569.4563534,1552.45,1552.45,0.20822898,2.42,52.04396424
1666884579.9932735,1552.45,1552.45,0.20822898,2.42,52.04396424
1666884590.1567335,1552.45,1553.84,0.31911217,3.81,56.3101415
1666884600.1250746,1552.45,1553.84,0.31911217,3.81,56.3101415
1666884609.9897306,1552.45,1553.84,0.31911217,3.81,56.3101415
1666884620.0920937,1553.8,1553.8,0.41014775,3.26,56.20017002
1666884630.3298676,1553.8,1553.8,0.41014775,3.26,56.20017002
1666884640.0103066,1553.8,1553.8,0.41014775,3.26,56.20017002
1666884650.046594,1553.8,1552.73,0.32479162,2.19,52.33415051
1666884660.0531473,1553.8,1552.73,0.32479162,2.19,52.33415051
1666884670.0360606,1553.8,1552.73,0.32479162,2.19,52.33415051
1666884680.0328293,1553.68,1553.68,0.46295935,2.41,55.74588765
1666884690.052309,1553.68,1553.68,0.46295935,2.41,55.74588765
1666884700.0309858,1553.68,1553.68,0.46295935,2.41,55.74588765
1666884710.0848336,1553.68,1551.9,0.32096505,0.63,49.26532364
1666884720.0042777,1553.68,1551.9,0.32096505,0.63,49.26532364
1666884730.0274444,1553.68,1551.9,0.32096505,0.63,49.26532364
1666884740.0718365,1553.08,1553.08,0.42235842,-0.54,53.37611802
1666884750.0620377,1553.08,1553.08,0.42235842,-0.54,53.37611802
1666884760.9573927,1553.08,1553.41,0.44868321,-0.21,54.52653285
1666884770.932519,1553.08,1553.41,0.44868321,-0.21,54.52653285
1666884780.983595,1553.08,1553.41,0.44868321,-0.21,54.52653285
1666884791.2397842,1553.08,1553.41,0.44868321,-0.21,54.52653285
1666884800.9597776,1555.43,1555.43,0.75542783,2.26,60.45427686
1666884810.963125,1555.43,1555.43,0.75542783,2.26,60.45427686
1666884820.9662323,1555.43,1557.85,0.94847626,4.68,66.17394678
1666884831.12701,1555.43,1557.85,0.94847626,4.68,66.17394678
1666884840.9790633,1555.43,1557.85,0.94847626,4.68,66.17394678
1666884851.0095744,1557.17,1557.17,1.1056268,3.32,64.7459246
1666884860.9968345,1557.17,1557.17,1.1056268,3.32,64.7459246
1666884870.9561746,1557.17,1557.17,1.1056268,3.32,64.7459246
1666884880.9606938,1557.17,1557.81,1.15668093,3.96,66.19410725
1666884890.9904275,1557.17,1557.81,1.15668093,3.96,66.19410725
1666884900.9988835,1557.17,1557.81,1.15668093,3.96,66.19410725
1666884911.0141437,1556.09,1556.09,1.10660387,2.74,60.39399254
1666884921.2214804,1556.09,1556.09,1.10660387,2.74,60.39399254
1666884931.0115242,1556.09,1556.09,1.10660387,2.74,60.39399254
1666884942.4050293,1556.09,1556.09,1.10660387,2.74,60.39399254
1666884952.928054,1556.09,1557.58,1.22546427,4.23,64.00398916
1666884962.407344,1556.09,1557.58,1.22546427,4.23,64.00398916
1666884972.3878272,1557.26,1557.26,1.32580436,4.74,63.29057162
1666884982.4578254,1557.26,1557.26,1.32580436,4.74,63.29057162
1666884992.4348586,1557.26,1557.26,1.32580436,4.74,63.29057162
1666885002.367542,1557.26,1555.37,1.17503513,2.85,56.18164545
1666885012.4286404,1557.26,1555.37,1.17503513,2.85,56.18164545
1666885022.3830626,1557.26,1555.37,1.17503513,2.85,56.18164545
1666885032.3724942,1553.48,1553.48,0.87745003,2.1,50.47214203
1666885042.410794,1553.48,1553.48,0.87745003,2.1,50.47214203
1666885052.3722975,1553.48,1553.48,0.87745003,2.1,50.47214203
1666885062.3834586,1553.48,1552.85,0.82719362,1.47,48.69637014
1666885072.3753507,1553.48,1552.85,0.82719362,1.47,48.69637014
1666885082.3881433,1553.48,1552.85,0.82719362,1.47,48.69637014
1666885092.4026403,1551.84,1551.84,0.51996445,-0.61,46.09631547
1666885102.3824627,1551.84,1551.84,0.51996445,-0.61,46.09631547
1666885112.838894,1551.84,1551.84,0.51996445,-0.61,46.09631547
1666885123.1906962,1551.84,1548.94,0.28862542,-3.51,39.56425509
1666885133.190833,1551.84,1548.94,0.28862542,-3.51,39.56425509
1666885143.4332778,1551.84,1548.94,0.28862542,-3.51,39.56425509
1666885153.1965582,1548.06,1548.06,-0.19727751,-5.73,37.93176279
1666885163.1937563,1548.06,1548.06,-0.19727751,-5.73,37.93176279
1666885173.2094617,1548.06,1548.06,-0.19727751,-5.73,37.93176279
1666885183.1775832,1548.06,1550.05,-0.03853107,-3.74,43.5888442
1666885193.1642158,1548.06,1550.05,-0.03853107,-3.74,43.5888442
1666885203.1715734,1548.06,1550.05,-0.03853107,-3.74,43.5888442
1666885213.1655374,1548.48,1548.48,-0.4613598,-5.2,39.21817513
1666885223.18831,1548.48,1548.48,-0.4613598,-5.2,39.21817513
1666885233.3100555,1548.48,1548.48,-0.4613598,-5.2,39.21817513
1666885243.190497,1548.48,1549.52,-0.37839683,-4.16,42.39728212
1666885253.2196438,1548.48,1549.52,-0.37839683,-4.16,42.39728212
1666885263.3656375,1548.48,1549.52,-0.37839683,-4.16,42.39728212
1666885273.829753,1548.73,1548.73,-0.65392247,-4.36,40.01438465
1666885283.1983387,1548.73,1548.73,-0.65392247,-4.36,40.01438465
1666885293.289722,1548.73,1548.73,-0.65392247,-4.36,40.01438465
1666885303.7724674,1548.73,1549.65,-0.58053216,-3.44,42.97284634
1666885313.7998824,1548.73,1549.65,-0.58053216,-3.44,42.97284634
1666885323.7269251,1548.73,1549.65,-0.58053216,-3.44,42.97284634
1666885333.7228022,1548.55,1548.55,-0.83964957,-6.89,39.62546078
1666885343.7205808,1548.55,1548.55,-0.83964957,-6.89,39.62546078
1666885353.7612011,1548.55,1548.55,-0.83964957,-6.89,39.62546078
1666885363.9293432,1548.55,1548.1,-0.87554701,-7.34,38.56680496
1666885373.735729,1548.55,1548.1,-0.87554701,-7.34,38.56680496
1666885383.7625272,1548.55,1548.1,-0.87554701,-7.34,38.56680496
1666885393.7584314,1548.3,1548.3,-0.99905932,-8.86,39.02485708
1666885403.764271,1548.3,1548.3,-0.99905932,-8.86,39.02485708
1666885413.7919755,1548.3,1548.3,-0.99905932,-8.86,39.02485708
1666885423.7604449,1548.3,1547.04,-1.09957214,-10.12,36.11473692
1666885434.3810668,1548.3,1547.04,-1.09957214,-10.12,36.11473692
1666885443.753946,1548.3,1547.04,-1.09957214,-10.12,36.11473692
1666885453.7360988,1546.06,1546.06,-1.41359481,-10.03,34.13492436
1666885463.7771437,1546.06,1546.06,-1.41359481,-10.03,34.13492436
1666885473.742933,1546.06,1546.06,-1.41359481,-10.03,34.13492436
1666885484.1756325,1546.06,1546.06,-1.41359481,-10.03,34.13492436
1666885494.208614,1546.06,1546.06,-1.41359481,-10.03,34.13492436
1666885504.253178,1546.06,1546.06,-1.41359481,-10.03,34.13492436
1666885514.2254994,1545.83,1545.83,-1.6147785,-11.4,33.66842731
1666885524.192972,1545.83,1545.83,-1.6147785,-11.4,33.66842731
1666885534.2106082,1545.83,1545.83,-1.6147785,-11.4,33.66842731
1666885544.174992,1545.83,1545.29,-1.65785542,-11.94,32.54389964
1666885554.2017665,1545.83,1545.29,-1.65785542,-11.94,32.54389964
1666885564.1926506,1545.83,1545.29,-1.65785542,-11.94,32.54389964
1666885574.1592214,1546.98,1546.98,-1.57644136,-6.51,38.22731573
1666885584.1969533,1546.98,1546.98,-1.57644136,-6.51,38.22731573
1666885594.2098684,1546.98,1546.98,-1.57644136,-6.51,38.22731573
1666885604.289698,1546.98,1548.11,-1.48629891,-5.38,42.39092177
1666885614.2748935,1546.98,1548.11,-1.48629891,-5.38,42.39092177
1666885624.6369712,1546.98,1548.11,-1.48629891,-5.38,42.39092177
1666885634.2222254,1546.98,1548.11,-1.48629891,-5.38,42.39092177
1666885644.3150094,1547.37,1547.37,-1.54642394,-4.47,39.7241523
1666885654.2539134,1547.37,1547.37,-1.54642394,-4.47,39.7241523
1666885665.292128,1547.37,1547.88,-1.50574018,-3.96,41.72828811
1666885675.3251812,1547.37,1547.88,-1.50574018,-3.96,41.72828811
1666885685.3011992,1547.37,1547.88,-1.50574018,-3.96,41.72828811
1666885695.3827884,1548.99,1548.99,-1.30064143,0.92,45.66317071
1666885705.2864904,1548.99,1548.99,-1.30064143,0.92,45.66317071
1666885715.260377,1548.99,1548.99,-1.30064143,0.92,45.66317071
1666885725.2944863,1548.99,1548.76,-1.31898901,0.69,44.97930554
1666885735.297249,1548.99,1548.76,-1.31898901,0.69,44.97930554
1666885745.5324323,1548.99,1548.76,-1.31898901,0.69,44.97930554
1666885755.4728966,1548.01,1548.01,-1.33241409,-0.48,42.90134723
1666885765.4608748,1548.01,1548.01,-1.33241409,-0.48,42.90134723
1666885775.4723012,1548.01,1548.01,-1.33241409,-0.48,42.90134723
1666885785.4797907,1548.01,1547.2,-1.39702947,-1.29,40.71372005
1666885795.472728,1548.01,1547.2,-1.39702947,-1.29,40.71372005
1666885805.4535873,1548.01,1547.2,-1.39702947,-1.29,40.71372005
1666885815.728819,1547.01,1547.01,-1.42285188,-1.73,40.24748856
1666885825.5121157,1547.01,1547.01,-1.42285188,-1.73,40.24748856
1666885835.4880311,1547.01,1547.01,-1.42285188,-1.73,40.24748856
1666885846.48828,1547.01,1545.99,-1.5042194,-2.75,37.66077678
1666885856.3387897,1547.01,1545.99,-1.5042194,-2.75,37.66077678
1666885866.3391771,1547.01,1545.99,-1.5042194,-2.75,37.66077678
1666885876.3851318,1545.61,1545.61,-1.61227586,-2.93,36.7841892
1666885886.361909,1545.61,1545.61,-1.61227586,-2.93,36.7841892
1666885896.4315584,1545.61,1545.61,-1.61227586,-2.93,36.7841892
1666885906.3368142,1545.61,1545.24,-1.64179153,-3.3,35.90779875
1666885916.3393312,1545.61,1545.24,-1.64179153,-3.3,35.90779875
1666885926.3335526,1545.61,1545.24,-1.64179153,-3.3,35.90779875
1666885936.3592029,1544.78,1544.78,-1.77214302,-3.52,34.87478964
1666885946.352734,1544.78,1544.78,-1.77214302,-3.52,34.87478964
1666885956.378238,1544.78,1544.78,-1.77214302,-3.52,34.87478964
1666885966.412145,1544.78,1546.08,-1.66843932,-2.22,40.11782891
1666885976.448666,1544.78,1546.08,-1.66843932,-2.22,40.11782891
1666885986.4111192,1544.78,1546.08,-1.66843932,-2.22,40.11782891
1666885996.4086225,1544.75,1544.75,-1.83018191,-1.31,34.82823147
1666886006.6664712,1544.75,1544.75,-1.83018191,-1.31,34.82823147
1666886016.3535905,1544.75,1544.75,-1.83018191,-1.31,34.82823147
1666886027.1940026,1544.75,1545.08,-1.80385712,-0.98,36.34660952
1666886037.1580026,1544.75,1545.08,-1.80385712,-0.98,36.34660952
1666886047.1748958,1544.75,1545.08,-1.80385712,-0.98,36.34660952
1666886057.128307,1544.93,1544.93,-1.82746787,-0.9,35.66883338
1666886067.1271293,1544.93,1544.93,-1.82746787,-0.9,35.66883338
1666886077.1351333,1544.93,1544.93,-1.82746787,-0.9,35.66883338
1666886087.171317,1544.93,1543.93,-1.90723995,-1.9,33.09947519
1666886097.156644,1544.93,1543.93,-1.90723995,-1.9,33.09947519
1666886107.155531,1544.93,1543.93,-1.90723995,-1.9,33.09947519
1666886117.171499,1544.39,1544.39,-1.89147631,-2.6,34.22448041
1666886127.2306852,1544.39,1544.39,-1.89147631,-2.6,34.22448041
1666886137.1644323,1544.39,1544.39,-1.89147631,-2.6,34.22448041
1666886147.2120926,1544.39,1545.25,-1.82287232,-1.74,38.43733206
1666886157.3637862,1544.39,1545.25,-1.82287232,-1.74,38.43733206
1666886167.3794346,1544.39,1545.25,-1.82287232,-1.74,38.43733206
1666886177.1999528,1543.05,1543.05,-2.07574609,-4.31,30.92685831
1666886187.2136967,1543.05,1543.05,-2.07574609,-4.31,30.92685831
1666886197.4833643,1543.05,1543.05,-2.07574609,-4.31,30.92685831
1666886208.4904208,1543.05,1542.41,-2.12680022,-4.95,29.4665224
1666886218.460388,1543.05,1542.41,-2.12680022,-4.95,29.4665224
1666886228.6531107,1543.05,1542.41,-2.12680022,-4.95,29.4665224
1666886238.4616249,1544.43,1544.43,-1.91824812,-4.55,37.5988792
1666886248.4671235,1544.43,1544.43,-1.91824812,-4.55,37.5988792
1666886258.472023,1544.43,1544.43,-1.91824812,-4.55,37.5988792
1666886268.484354,1544.43,1545.31,-1.84804869,-3.67,41.4786727
1666886278.4877915,1544.43,1545.31,-1.84804869,-3.67,41.4786727
1666886288.4903486,1544.43,1545.31,-1.84804869,-3.67,41.4786727
1666886298.5191584,1545.99,1545.99,-1.63747482,-2.02,44.1669769
1666886308.4638493,1545.99,1545.99,-1.63747482,-2.02,44.1669769
1666886318.5116537,1545.99,1545.99,-1.63747482,-2.02,44.1669769
1666886328.541786,1545.99,1544.25,-1.77627824,-3.76,39.2195158
1666886338.4894426,1545.99,1544.25,-1.77627824,-3.76,39.2195158
1666886348.4995067,1545.99,1544.25,-1.77627824,-3.76,39.2195158
1666886359.4101827,1543.12,1543.12,-1.9020537,-3.88,36.55821234
1666886368.4927914,1543.12,1543.12,-1.9020537,-3.88,36.55821234
1666886378.5461898,1543.12,1543.12,-1.9020537,-3.88,36.55821234
1666886389.5085704,1543.12,1543.69,-1.85658361,-3.31,38.79819108
1666886399.1645422,1543.12,1543.69,-1.85658361,-3.31,38.79819108
1666886409.1728704,1543.12,1543.69,-1.85658361,-3.31,38.79819108
1666886419.4176896,1544.22,1544.22,-1.75403763,-1.39,40.7604304
1666886429.219304,1544.22,1544.22,-1.75403763,-1.39,40.7604304
1666886439.2252634,1544.22,1544.22,-1.75403763,-1.39,40.7604304
1666886449.2280788,1544.22,1544.14,-1.7604194,-1.47,40.53715394
1666886459.2319503,1544.22,1544.14,-1.7604194,-1.47,40.53715394
1666886469.1911771,1544.22,1544.14,-1.7604194,-1.47,40.53715394
1666886479.2223008,1546.87,1546.87,-1.31159545,2.09,49.47111432
1666886489.2841656,1546.87,1546.87,-1.31159545,2.09,49.47111432
1666886499.264909,1546.87,1546.87,-1.31159545,2.09,49.47111432
1666886509.2627954,1546.87,1547.05,-1.29723648,2.27,50.00882054
1666886519.4105916,1546.87,1547.05,-1.29723648,2.27,50.00882054
1666886529.3548615,1546.87,1547.05,-1.29723648,2.27,50.00882054
1666886539.359492,1546.37,1546.37,-1.18569475,1.63,48.03376144
1666886549.4967122,1546.37,1546.37,-1.18569475,1.63,48.03376144
1666886559.292667,1546.37,1546.37,-1.18569475,1.63,48.03376144
1666886570.3056636,1546.37,1545.67,-1.24153521,0.93,46.02090877
1666886580.2857184,1546.37,1545.67,-1.24153521,0.93,46.02090877
1666886590.316415,1546.37,1545.67,-1.24153521,0.93,46.02090877
1666886600.3445642,1545.84,1545.84,-1.11783978,0.92,46.49407516
1666886613.285815,1545.84,1545.84,-1.11783978,0.92,46.49407516
1666886620.6910372,1545.84,1545.62,-1.13538964,0.7,45.83727101
1666886634.8032224,1545.84,1545.62,-1.13538964,0.7,45.83727101
1666886641.819898,1545.84,1545.62,-1.13538964,0.7,45.83727101
1666886651.809386,1545.34,1545.34,-1.08887875,0.95,45.02551814
1666886663.211147,1545.34,1545.34,-1.08887875,0.95,45.02551814
1666886674.268623,1545.34,1545.34,-1.08887875,0.95,45.02551814
1666886681.8007903,1545.34,1546.89,-0.96523203,2.5,50.26254808
1666886691.8411834,1545.34,1546.89,-0.96523203,2.5,50.26254808
1666886701.795344,1545.34,1546.89,-0.96523203,2.5,50.26254808
1666886712.213956,1547.24,1547.24,-0.75518203,4.19,51.31337394
1666886721.7933087,1547.24,1547.24,-0.75518203,4.19,51.31337394
1666886731.7968743,1547.24,1547.24,-0.75518203,4.19,51.31337394
1666886741.8446696,1547.24,1545.75,-0.87404243,2.7,46.78727031
1666886752.1825538,1547.24,1545.75,-0.87404243,2.7,46.78727031
1666886762.2801416,1547.24,1545.75,-0.87404243,2.7,46.78727031
1666886772.1522074,1546.51,1546.51,-0.70645133,2.09,48.99221422
1666886782.1849363,1546.51,1546.51,-0.70645133,2.09,48.99221422
1666886792.1843626,1546.51,1546.51,-0.70645133,2.09,48.99221422
1666886802.1254346,1546.51,1547.93,-0.59317498,3.51,53.41016103
1666886812.1821785,1546.51,1547.93,-0.59317498,3.51,53.41016103
1666886822.187733,1546.51,1547.93,-0.59317498,3.51,53.41016103
1666886832.188301,1547.67,1547.67,-0.45000026,1.67,52.65359856
1666886842.1897497,1547.67,1547.67,-0.45000026,1.67,52.65359856
1666886852.1852465,1547.67,1547.67,-0.45000026,1.67,52.65359856
1666886862.3679066,1547.67,1547.7,-0.4476071,1.7,52.751754
1666886872.72126,1547.67,1547.7,-0.4476071,1.7,52.751754
1666886882.2617738,1547.67,1547.7,-0.4476071,1.7,52.751754
1666886892.2476723,1548.08,1548.08,-0.25911463,4.95,53.91826084
1666886902.2268107,1548.08,1548.08,-0.25911463,4.95,53.91826084
1666886912.209206,1548.08,1548.08,-0.25911463,4.95,53.91826084
1666886922.2054205,1548.08,1547.66,-0.2926189,4.53,52.37901048
1666886932.757133,1548.08,1547.66,-0.2926189,4.53,52.37901048
1666886942.772575,1548.08,1547.66,-0.2926189,4.53,52.37901048
1666886952.7656746,1547.28,1547.28,-0.24532227,3.07,51.06017685
1666886962.6971898,1547.28,1547.28,-0.24532227,3.07,51.06017685
1666886972.7540114,1547.28,1547.28,-0.24532227,3.07,51.06017685
1666886982.7514598,1547.28,1546.58,-0.30116273,2.37,48.63107504
1666886992.763502,1547.28,1546.58,-0.30116273,2.37,48.63107504
1666887002.7519178,1547.28,1546.58,-0.30116273,2.37,48.63107504
1666887012.802696,1546.09,1546.09,-0.34932646,-0.78,47.06140776
1666887022.826193,1546.09,1546.09,-0.34932646,-0.78,47.06140776
1666887033.0648232,1546.09,1546.09,-0.34932646,-0.78,47.06140776
1666887042.8340602,1546.09,1545.35,-0.4083578,-1.52,44.71765482
1666887052.8118804,1546.09,1545.35,-0.4083578,-1.52,44.71765482
1666887063.0532446,1546.09,1545.35,-0.4083578,-1.52,44.71765482
1666887072.8127675,1545.64,1545.64,-0.41730992,-0.74,45.616671
1666887082.9167645,1545.64,1545.64,-0.41730992,-0.74,45.616671
1666887092.7855616,1545.64,1545.64,-0.41730992,-0.74,45.616671
1666887102.7535512,1545.64,1546.07,-0.38300793,-0.31,47.28970599
1666887113.4072132,1545.64,1546.07,-0.38300793,-0.31,47.28970599
1666887123.469969,1545.64,1546.07,-0.38300793,-0.31,47.28970599
1666887133.4340253,1547.1,1547.1,-0.23006274,1.26,50.90352629
1666887143.4727888,1547.1,1547.1,-0.23006274,1.26,50.90352629
1666887153.4429712,1547.1,1547.1,-0.23006274,1.26,50.90352629
1666887163.4602723,1547.1,1547.39,-0.20692884,1.55,51.90572209
1666887173.4706674,1547.1,1547.39,-0.20692884,1.55,51.90572209
1666887183.484205,1547.1,1547.39,-0.20692884,1.55,51.90572209
1666887193.4879453,1547.1,1547.39,-0.20692884,1.55,51.90572209
1666887203.4907086,1548.16,1548.16,-0.02276733,2.81,54.37541569
1666887213.7460756,1548.16,1548.16,-0.02276733,2.81,54.37541569
1666887223.8312922,1548.16,1547.06,-0.11051662,1.71,50.39419014
1666887233.465854,1548.16,1547.06,-0.11051662,1.71,50.39419014
1666887243.5024085,1548.16,1547.06,-0.11051662,1.71,50.39419014
1666887253.574343,1547.99,1547.99,0.05023788,0.76,53.71660325
1666887263.5375657,1547.99,1547.99,0.05023788,0.76,53.71660325
1666887273.5116725,1547.99,1547.99,0.05023788,0.76,53.71660325
1666887283.6021304,1547.99,1548.33,0.07736039,1.1,54.89582127
1666887294.025077,1547.99,1548.33,0.07736039,1.1,54.89582127
1666887303.9976785,1547.99,1548.33,0.07736039,1.1,54.89582127
1666887313.988084,1548.03,1548.03,0.1219017,1.52,53.866221
1666887324.0112467,1548.03,1548.03,0.1219017,1.52,53.866221
1666887333.9714754,1548.03,1548.03,0.1219017,1.52,53.866221
1666887343.9581752,1548.03,1548.88,0.18970797,2.37,56.87751402
1666887354.0026412,1548.03,1548.88,0.18970797,2.37,56.87751402
1666887364.050763,1548.03,1548.88,0.18970797,2.37,56.87751402
1666887373.9960666,1547.45,1547.45,0.09341005,-0.23,51.41538049
1666887384.1867805,1547.45,1547.45,0.09341005,-0.23,51.41538049
1666887394.027556,1547.45,1547.45,0.09341005,-0.23,51.41538049
1666887404.0297153,1547.45,1547.02,0.05910805,-0.66,49.61110937
1666887414.0591233,1547.45,1547.02,0.05910805,-0.66,49.61110937
1666887424.0935907,1547.45,1547.02,0.05910805,-0.66,49.61110937
1666887434.0501163,1548.66,1548.66,0.27669635,0.58,55.9349758
1666887444.052873,1548.66,1548.66,0.27669635,0.58,55.9349758
1666887454.0490465,1548.66,1548.66,0.27669635,0.58,55.9349758
1666887464.2473276,1548.66,1548.79,0.28706672,0.71,56.40398475
1666887474.8513818,1548.66,1548.79,0.28706672,0.71,56.40398475
1666887484.9932387,1548.66,1548.79,0.28706672,0.71,56.40398475
1666887494.8577702,1548.66,1548.79,0.28706672,0.71,56.40398475
1666887504.8951373,1548.56,1548.56,0.32676695,1.28,55.46972137
1666887514.8420155,1548.56,1548.56,0.32676695,1.28,55.46972137
1666887525.0739412,1548.56,1549.49,0.40095499,2.21,58.84681568
1666887534.839597,1548.56,1549.49,0.40095499,2.21,58.84681568
1666887544.886284,1548.56,1549.49,0.40095499,2.21,58.84681568
1666887554.8720996,1549.91,1549.91,0.55937062,3.81,60.21202923
1666887564.910184,1549.91,1549.91,0.55937062,3.81,60.21202923
1666887575.426041,1549.91,1549.91,0.55937062,3.81,60.21202923
1666887584.8669,1549.91,1548.77,0.46843045,2.67,54.90587121
1666887594.8343608,1549.91,1548.77,0.46843045,2.67,54.90587121
1666887604.957942,1549.91,1548.77,0.46843045,2.67,54.90587121
1666887614.862935,1547.52,1547.52,0.3136297,1.89,50.05475611
1666887624.9579723,1547.52,1547.52,0.3136297,1.89,50.05475611
1666887634.8309891,1547.52,1547.52,0.3136297,1.89,50.05475611
1666887644.8765397,1547.52,1546.86,0.26098012,1.23,47.66034574
1666887655.585657,1547.52,1546.86,0.26098012,1.23,47.66034574
1666887665.2890956,1547.52,1546.86,0.26098012,1.23,47.66034574
1666887675.2321277,1546.78,1546.78,0.16228905,-0.33,47.38559075
1666887685.3239112,1546.78,1546.78,0.16228905,-0.33,47.38559075
1666887695.3043158,1546.78,1546.78,0.16228905,-0.33,47.38559075
1666887705.2929647,1546.78,1545.59,0.06736028,-1.52,43.37955223
1666887715.3172483,1546.78,1545.59,0.06736028,-1.52,43.37955223
1666887725.5346355,1546.78,1545.59,0.06736028,-1.52,43.37955223
1666887735.4813669,1545.52,1545.52,-0.09061514,-2.64,43.17762808
1666887745.4906597,1545.52,1545.52,-0.09061514,-2.64,43.17762808
1666887755.2794893,1545.52,1545.52,-0.09061514,-2.64,43.17762808
1666887765.3603983,1545.52,1545.99,-0.05312226,-2.17,45.13776465
1666887775.321714,1545.52,1545.99,-0.05312226,-2.17,45.13776465
1666887785.357306,1545.52,1545.99,-0.05312226,-2.17,45.13776465
1666887795.4582512,1545.79,1545.79,-0.17080048,-2.21,44.32362962
1666887805.3427958,1545.79,1545.79,-0.17080048,-2.21,44.32362962
1666887815.3216474,1545.79,1545.79,-0.17080048,-2.21,44.32362962
1666887825.364279,1545.79,1546.08,-0.14766657,-1.92,45.58933677
1666887835.9722896,1545.79,1546.08,-0.14766657,-1.92,45.58933677
1666887845.9467783,1545.79,1546.08,-0.14766657,-1.92,45.58933677
1666887856.126367,1546.38,1546.38,-0.1651392,-1.64,46.84265401
1666887866.133781,1546.38,1546.38,-0.1651392,-1.64,46.84265401
1666887875.999271,1546.38,1546.38,-0.1651392,-1.64,46.84265401
1666887885.907278,1546.38,1548.71,0.02072974,0.69,55.41124711
1666887896.303305,1546.38,1548.71,0.02072974,0.69,55.41124711
1666887905.9447176,1546.38,1548.71,0.02072974,0.69,55.41124711
1666887915.968219,1547.78,1547.78,0.00222007,0.32,52.34790207
1666887925.95167,1547.78,1547.78,0.00222007,0.32,52.34790207
1666887935.9568632,1547.78,1547.78,0.00222007,0.32,52.34790207
1666887945.9611034,1547.78,1547.0,-0.06000216,-0.46,49.28586794
1666887955.9422183,1547.78,1547.0,-0.06000216,-0.46,49.28586794
1666887966.0336092,1547.78,1547.0,-0.06000216,-0.46,49.28586794
1666887975.9777904,1545.62,1545.62,-0.25828466,-3.04,44.65650026
1666887985.9896164,1545.62,1545.62,-0.25828466,-3.04,44.65650026
1666887995.9937975,1545.62,1545.62,-0.25828466,-3.04,44.65650026
1666888005.9433043,1545.62,1545.72,-0.25030745,-2.94,45.05179699
1666888016.6456993,1545.62,1545.72,-0.25030745,-2.94,45.05179699
1666888026.83838,1545.62,1545.72,-0.25030745,-2.94,45.05179699
1666888036.9632263,1545.34,1545.34,-0.36403208,-3.21,43.75647502
1666888046.8708425,1545.34,1545.34,-0.36403208,-3.21,43.75647502
1666888056.866764,1545.34,1545.34,-0.36403208,-3.21,43.75647502
1666888066.873197,1545.34,1543.83,-0.48448792,-4.72,39.18268412
1666888076.8680754,1545.34,1543.83,-0.48448792,-4.72,39.18268412
1666888087.4095416,1545.34,1543.83,-0.48448792,-4.72,39.18268412
1666888096.8766353,1542.81,1542.81,-0.78350634,-7.09,36.59851648
1666888106.867739,1542.81,1542.81,-0.78350634,-7.09,36.59851648
1666888116.8566692,1542.81,1542.81,-0.78350634,-7.09,36.59851648
1666888126.989234,1542.81,1542.03,-0.84572856,-7.87,34.71313411
1666888136.8766077,1542.81,1542.03,-0.84572856,-7.87,34.71313411
1666888146.8971798,1542.81,1542.03,-0.84572856,-7.87,34.71313411
1666888156.857661,1540.61,1540.61,-1.25671508,-6.91,31.76192476
1666888166.9033086,1540.61,1540.61,-1.25671508,-6.91,31.76192476
1666888177.205662,1540.61,1540.61,-1.25671508,-6.91,31.76192476
1666888186.8558872,1540.61,1540.77,-1.24395155,-6.75,32.46371486
1666888197.2559738,1540.61,1540.77,-1.24395155,-6.75,32.46371486
1666888207.289187,1540.61,1540.77,-1.24395155,-6.75,32.46371486
1666888217.2601187,1539.61,1539.61,-1.61576383,-7.17,29.79888831
1666888227.369075,1539.61,1539.61,-1.61576383,-7.17,29.79888831
1666888237.3057418,1539.61,1539.61,-1.61576383,-7.17,29.79888831
1666888247.3674507,1539.61,1541.73,-1.44664703,-5.05,38.37405879
1666888257.267419,1539.61,1541.73,-1.44664703,-5.05,38.37405879
1666888267.2557297,1539.61,1541.73,-1.44664703,-5.05,38.37405879
1666888277.681804,1542.8,1542.8,-1.36583574,-2.71,41.96195645
1666888287.306672,1542.8,1542.8,-1.36583574,-2.71,41.96195645
1666888297.297345,1542.8,1542.8,-1.36583574,-2.71,41.96195645
1666888307.3011718,1542.8,1543.73,-1.2916477,-1.78,44.96131499
1666888317.2790036,1542.8,1543.73,-1.2916477,-1.78,44.96131499
1666888327.5296285,1542.8,1543.73,-1.2916477,-1.78,44.96131499
1666888337.2909205,1544.0,1544.0,-1.18358054,-1.78,45.77758415
1666888347.264599,1544.0,1544.0,-1.18358054,-1.78,45.77758415
1666888357.342281,1544.0,1544.0,-1.18358054,-1.78,45.77758415
1666888367.3085067,1544.0,1545.74,-1.04477712,-0.04,50.81829826
1666888377.8292546,1544.0,1545.74,-1.04477712,-0.04,50.81829826
1666888387.8180285,1544.0,1545.74,-1.04477712,-0.04,50.81829826
1666888397.847335,1545.35,1545.35,-0.91208493,-1.02,49.7707497
1666888407.826065,1545.35,1545.35,-0.91208493,-1.02,49.7707497
1666888417.8211763,1545.35,1545.35,-0.91208493,-1.02,49.7707497
1666888427.799528,1545.35,1545.85,-0.87219889,-0.52,51.20567729
1666888438.294124,1545.35,1545.85,-0.87219889,-0.52,51.20567729
1666888447.8168218,1545.35,1545.85,-0.87219889,-0.52,51.20567729
1666888457.784857,1544.95,1544.95,-0.82928398,-2.82,48.62460064
1666888467.8360589,1544.95,1544.95,-0.82928398,-2.82,48.62460064
1666888477.907497,1544.95,1544.95,-0.82928398,-2.82,48.62460064
1666888487.808225,1544.95,1544.95,-0.82928398,-2.82,48.62460064
1666888497.8474507,1544.95,1544.95,-0.82928398,-2.82,48.62460064
1666888507.8487568,1544.95,1544.95,-0.82928398,-2.82,48.62460064
1666888517.8991244,1544.94,1544.94,-0.73199973,-0.69,48.59452987
1666888527.886657,1544.94,1544.94,-0.73199973,-0.69,48.59452987
1666888537.9500914,1544.94,1544.94,-0.73199973,-0.69,48.59452987
1666888547.9166963,1544.94,1543.91,-0.81416497,-1.72,45.47504007
1666888558.4664278,1544.94,1543.91,-0.81416497,-1.72,45.47504007
1666888568.7244222,1544.94,1543.91,-0.81416497,-1.72,45.47504007
1666888578.499161,1542.81,1542.81,-0.948531,-2.54,42.56867681
1666888588.7096057,1542.81,1542.81,-0.948531,-2.54,42.56867681
1666888598.5332322,1542.81,1542.81,-0.948531,-2.54,42.56867681
1666888608.7196076,1542.81,1543.88,-0.86317488,-1.47,46.181413
1666888618.962412,1542.81,1543.88,-0.86317488,-1.47,46.181413
1666888628.816872,1542.81,1543.88,-0.86317488,-1.47,46.181413
1666888638.4684775,1544.87,1544.87,-0.68302881,2.06,49.14365997
1666888648.498691,1544.87,1544.87,-0.68302881,2.06,49.14365997
1666888658.5072806,1544.87,1544.87,-0.68302881,2.06,49.14365997
1666888668.5534031,1544.87,1544.75,-0.69260146,1.94,48.79192236
1666888678.474053,1544.87,1544.75,-0.69260146,1.94,48.79192236
1666888688.5192144,1544.87,1544.75,-0.69260146,1.94,48.79192236
1666888698.496284,1545.13,1545.13,-0.55860018,4.53,49.92262162
1666888708.5021744,1545.13,1545.13,-0.55860018,4.53,49.92262162
1666888718.4802978,1545.13,1545.13,-0.55860018,4.53,49.92262162
1666888728.5505297,1545.13,1546.05,-0.48520986,5.45,52.68431386
1666888738.9366047,1545.13,1546.05,-0.48520986,5.45,52.68431386
1666888748.8810496,1545.13,1546.05,-0.48520986,5.45,52.68431386
1666888758.921522,1546.03,1546.03,-0.34438708,6.41,52.62970682
1666888768.9316926,1546.03,1546.03,-0.34438708,6.41,52.62970682
1666888778.9541583,1546.03,1546.03,-0.34438708,6.41,52.62970682
1666888789.2219589,1546.03,1545.03,-0.42415916,5.41,49.43407098
1666888798.9176548,1546.03,1545.03,-0.42415916,5.41,49.43407098
1666888808.902231,1546.03,1545.03,-0.42415916,5.41,49.43407098
1666888818.9895098,1545.87,1545.87,-0.25087421,3.07,52.09372568
1666888828.888029,1545.87,1545.87,-0.25087421,3.07,52.09372568
1666888838.9652622,1545.87,1545.87,-0.25087421,3.07,52.09372568
1666888848.906324,1545.87,1546.08,-0.23412207,3.28,52.77774799
1666888858.93882,1545.87,1546.08,-0.23412207,3.28,52.77774799
1666888868.8864405,1545.87,1546.08,-0.23412207,3.28,52.77774799
1666888878.956132,1546.27,1546.27,-0.10758935,2.26,53.37272471
1666888888.8916185,1546.27,1546.27,-0.10758935,2.26,53.37272471
1666888898.9589968,1546.27,1546.27,-0.10758935,2.26,53.37272471
1666888908.923122,1546.27,1546.73,-0.0708942,2.72,54.8781024
1666888919.5621314,1546.27,1546.73,-0.0708942,2.72,54.8781024
1666888929.82463,1546.27,1546.73,-0.0708942,2.72,54.8781024
1666888939.7765975,1546.22,1546.22,-0.02741187,0.87,53.17879229
1666888950.2975705,1546.22,1546.22,-0.02741187,0.87,53.17879229
1666888959.7958195,1546.22,1546.22,-0.02741187,0.87,53.17879229
1666888969.8205917,1546.22,1547.64,0.08586448,2.29,57.81229688
1666888979.8134575,1546.22,1547.64,0.08586448,2.29,57.81229688
1666888989.796582,1546.22,1547.64,0.08586448,2.29,57.81229688
1666888999.8315213,1547.1,1547.1,0.16448249,2.14,56.15051269
1666889009.834173,1547.1,1547.1,0.16448249,2.14,56.15051269
1666889019.8425283,1547.1,1547.1,0.16448249,2.14,56.15051269
1666889029.8566291,1547.1,1545.89,0.06795827,0.93,51.31543534
1666889039.8624675,1547.1,1545.89,0.06795827,0.93,51.31543534
1666889049.8650827,1547.1,1545.89,0.06795827,0.93,51.31543534
1666889059.8233116,1546.06,1546.06,0.110927,1.12,51.94097341
1666889069.9688232,1546.06,1546.06,0.110927,1.12,51.94097341
1666889079.9117253,1546.06,1546.06,0.110927,1.12,51.94097341
1666889089.8303306,1546.06,1546.72,0.16357657,1.78,54.28799994
1666889100.5149784,1546.06,1546.72,0.16357657,1.78,54.28799994
1666889111.126573,1546.2,1546.2,0.15186867,3.4,52.46107544
1666889120.4422145,1546.2,1546.2,0.15186867,3.4,52.46107544
1666889130.503284,1546.2,1546.2,0.15186867,3.4,52.46107544
1666889140.4948478,1546.2,1545.5,0.09602822,2.7,49.58800426
1666889150.5139794,1546.2,1545.5,0.09602822,2.7,49.58800426
1666889160.5361123,1546.2,1545.5,0.09602822,2.7,49.58800426
1666889170.502085,1545.61,1545.61,0.09006099,0.75,50.01846565
1666889180.498778,1545.61,1545.61,0.09006099,0.75,50.01846565
1666889190.5278246,1545.61,1545.61,0.09006099,0.75,50.01846565
1666889200.5044782,1545.61,1545.05,0.04538862,0.19,47.74611353
1666889210.525463,1545.61,1545.05,0.04538862,0.19,47.74611353
1666889220.55891,1545.61,1545.05,0.04538862,0.19,47.74611353
1666889231.162706,1546.22,1546.22,0.16309974,1.09,52.4848396
1666889241.128921,1546.22,1546.22,0.16309974,1.09,52.4848396
1666889250.8296723,1546.22,1546.22,0.16309974,1.09,52.4848396
1666889260.7352796,1546.22,1546.22,0.16309974,1.09,52.4848396
1666889270.7660062,1546.22,1547.91,0.29791455,2.78,58.57594591
1666889281.8024302,1546.22,1547.91,0.29791455,2.78,58.57594591
1666889291.883274,1547.56,1547.56,0.37100709,1.54,57.43116872
1666889301.8437674,1547.56,1547.56,0.37100709,1.54,57.43116872
1666889312.1552498,1547.56,1547.56,0.37100709,1.54,57.43116872
1666889321.863038,1547.56,1548.69,0.46114954,2.67,61.12976142
1666889332.0093443,1547.56,1548.69,0.46114954,2.67,61.12976142
1666889341.8667288,1547.56,1548.69,0.46114954,2.67,61.12976142
1666889351.8627155,1549.87,1549.87,0.7718425,4.0,64.35394692
1666889361.8567686,1549.87,1549.87,0.7718425,4.0,64.35394692
1666889371.9157782,1549.87,1549.87,0.7718425,4.0,64.35394692
1666889381.8183465,1549.87,1548.81,0.6872841,2.94,59.57354105
1666889391.8601458,1549.87,1548.81,0.6872841,2.94,59.57354105
1666889402.0320296,1549.87,1548.81,0.6872841,2.94,59.57354105
1666889412.0196283,1548.26,1548.26,0.70573988,1.98,57.35963215
1666889421.9194932,1548.26,1548.26,0.70573988,1.98,57.35963215
1666889431.9253905,1548.26,1548.26,0.70573988,1.98,57.35963215
1666889441.8631372,1548.26,1548.81,0.74961452,2.53,59.01087386
1666889452.3563745,1548.26,1548.81,0.74961452,2.53,59.01087386
1666889462.2900872,1548.26,1548.81,0.74961452,2.53,59.01087386
1666889472.4518812,1548.68,1548.68,0.80527889,2.47,58.63461197
1666889482.3237393,1548.68,1548.68,0.80527889,2.47,58.63461197
1666889492.2600906,1548.68,1548.68,0.80527889,2.47,58.63461197
1666889502.266757,1548.68,1548.27,0.77257234,2.06,56.86178142
1666889512.3300903,1548.68,1548.27,0.77257234,2.06,56.86178142
1666889522.300252,1548.68,1548.27,0.77257234,2.06,56.86178142
1666889532.260082,1549.29,1549.29,0.93468556,2.18,60.44978406
1666889542.2397697,1549.29,1549.29,0.93468556,2.18,60.44978406
1666889552.4021864,1549.29,1549.29,0.93468556,2.18,60.44978406
1666889562.297104,1549.29,1549.04,0.91474254,1.93,59.29145351
1666889572.3044336,1549.29,1549.04,0.91474254,1.93,59.29145351
1666889582.2874694,1549.29,1549.04,0.91474254,1.93,59.29145351
1666889592.3125896,1549.29,1549.04,0.91474254,1.93,59.29145351
1666889602.2758734,1548.43,1548.43,0.86509944,2.36,56.64310792
1666889612.3228283,1548.43,1548.43,0.86509944,2.36,56.64310792
1666889622.313574,1548.43,1548.34,0.85791996,2.27,56.24393998
1666889632.3387146,1548.43,1548.34,0.85791996,2.27,56.24393998
1666889642.8240635,1548.43,1548.34,0.85791996,2.27,56.24393998
1666889652.8394446,1548.9,1548.9,0.92091165,2.7,58.19259679
1666889662.7952356,1548.9,1548.9,0.92091165,2.7,58.19259679
1666889672.857835,1548.9,1548.9,0.92091165,2.7,58.19259679
1666889682.8353524,1548.9,1548.78,0.911339,2.58,57.62633225
1666889692.880103,1548.9,1548.78,0.911339,2.58,57.62633225
1666889702.864625,1548.9,1548.78,0.911339,2.58,57.62633225
1666889712.9009385,1549.28,1549.28,0.97848743,3.67,59.45426712
1666889722.8586788,1549.28,1549.28,0.97848743,3.67,59.45426712
1666889732.887114,1549.28,1549.28,0.97848743,3.67,59.45426712
1666889742.8825824,1549.28,1548.63,0.92663558,3.02,56.32318575
1666889752.876381,1549.28,1548.63,0.92663558,3.02,56.32318575
1666889763.9283917,1549.28,1548.63,0.92663558,3.02,56.32318575
1666889772.8942268,1548.1,1548.1,0.82188827,1.89,54.00418314
1666889782.9243512,1548.1,1548.1,0.82188827,1.89,54.00418314
1666889792.9437158,1548.1,1548.1,0.82188827,1.89,54.00418314
1666889802.9244564,1548.1,1547.97,0.8115179,1.76,53.4231569
1666889812.9479632,1548.1,1547.97,0.8115179,1.76,53.4231569
1666889823.6127124,1548.1,1547.97,0.8115179,1.76,53.4231569
1666889833.8452277,1548.0,1548.0,0.74882761,0.43,53.55319575
1666889843.64583,1548.0,1548.0,0.74882761,0.43,53.55319575
1666889853.6589067,1548.0,1548.0,0.74882761,0.43,53.55319575
1666889863.647463,1548.0,1548.23,0.76717519,0.66,54.48689262
1666889873.6404357,1548.0,1548.23,0.76717519,0.66,54.48689262
1666889883.7345958,1548.0,1548.23,0.76717519,0.66,54.48689262
1666889893.849799,1548.9,1548.9,0.81715389,-0.97,57.0046754
1666889903.6514184,1548.9,1548.9,0.81715389,-0.97,57.0046754
1666889913.6465514,1548.9,1548.9,0.81715389,-0.97,57.0046754
1666889923.7111735,1548.9,1548.59,0.79242455,-1.28,55.47550936
1666889933.7629488,1548.9,1548.59,0.79242455,-1.28,55.47550936
1666889943.7255938,1548.9,1548.59,0.79242455,-1.28,55.47550936
1666889953.8236074,1548.87,1548.87,0.80088317,0.6,56.85301702
1666889963.809021,1548.87,1548.87,0.80088317,0.6,56.85301702
1666889973.7922542,1548.87,1548.87,0.80088317,0.6,56.85301702
1666889983.831524,1548.87,1548.44,0.76658117,0.17,54.61035994
1666889993.820722,1548.87,1548.44,0.76658117,0.17,54.61035994
1666890004.2386813,1548.87,1548.44,0.76658117,0.17,54.61035994
1666890014.1487958,1549.09,1549.09,0.8113674,0.41,57.74395358
1666890024.0835075,1549.09,1549.09,0.8113674,0.41,57.74395358
1666890034.0812285,1549.09,1549.09,0.8113674,0.41,57.74395358
1666890044.094143,1549.09,1548.43,0.75871783,-0.25,54.15231092
1666890054.114849,1549.09,1548.43,0.75871783,-0.25,54.15231092
1666890064.212674,1549.09,1548.43,0.75871783,-0.25,54.15231092
1666890074.1196003,1548.46,1548.46,0.70815193,-0.84,54.3064753
1666890084.100362,1548.46,1548.46,0.70815193,-0.84,54.3064753
1666890094.1161444,1548.46,1548.46,0.70815193,-0.84,54.3064753
1666890104.1336648,1548.46,1549.51,0.79191261,0.21,58.73447122
1666890114.1324265,1548.46,1549.51,0.79191261,0.21,58.73447122
1666890124.1217785,1548.46,1549.51,0.79191261,0.21,58.73447122
1666890134.1336226,1547.71,1547.71,0.55318372,-0.72,50.43671756
1666890144.1751318,1547.71,1547.71,0.55318372,-0.72,50.43671756
1666890154.1824603,1547.71,1547.71,0.55318372,-0.72,50.43671756
1666890164.120731,1547.71,1546.85,0.48457973,-1.58,46.36136622
1666890174.1335227,1547.71,1546.85,0.48457973,-1.58,46.36136622
1666890184.7019498,1547.71,1546.85,0.48457973,-1.58,46.36136622
1666890194.6075082,1547.68,1547.68,0.46685864,-1.22,50.28584453
1666890204.7572582,1547.68,1547.68,0.46685864,-1.22,50.28584453
1666890214.5865006,1547.68,1547.68,0.46685864,-1.22,50.28584453
1666890224.7403677,1547.68,1548.32,0.51791277,-0.58,53.54187771
1666890234.6101837,1547.68,1548.32,0.51791277,-0.58,53.54187771
1666890244.7824636,1547.68,1548.32,0.51791277,-0.58,53.54187771
1666890254.6217043,1548.42,1548.42,0.50039702,-0.86,54.01607899
1666890264.6074755,1548.42,1548.42,0.50039702,-0.86,54.01607899
1666890274.6412594,1548.42,1548.42,0.50039702,-0.86,54.01607899
1666890284.669037,1548.42,1547.3,0.41105229,-1.98,48.13161136
1666890294.6960156,1548.42,1547.3,0.41105229,-1.98,48.13161136
1666890304.653213,1548.42,1547.3,0.41105229,-1.98,48.13161136
1666890314.6338882,1549.62,1549.62,0.64498135,1.52,59.33864337
1666890324.6778738,1549.62,1549.62,0.64498135,1.52,59.33864337
1666890334.7100868,1549.62,1549.62,0.64498135,1.52,59.33864337
1666890344.6701446,1549.62,1552.1,0.84281611,4.0,67.66786508
1666890354.686659,1549.62,1552.1,0.84281611,4.0,67.66786508
1666890365.345788,1549.62,1552.1,0.84281611,4.0,67.66786508
1666890375.392588,1551.41,1551.41,0.92833302,3.42,65.71610853
1666890385.4975414,1551.41,1551.41,0.92833302,3.42,65.71610853
1666890395.3702486,1551.41,1551.41,0.92833302,3.42,65.71610853
1666890405.399571,1551.41,1552.95,1.05118203,4.96,70.06441163
1666890415.418852,1551.41,1552.95,1.05118203,4.96,70.06441163
1666890425.3808014,1551.41,1552.95,1.05118203,4.96,70.06441163
1666890435.4076197,1553.29,1553.29,1.29364938,4.39,70.88162687
1666890445.5588694,1553.29,1553.29,1.29364938,4.39,70.88162687
1666890455.4218776,1553.29,1553.29,1.29364938,4.39,70.88162687
1666890465.42503,1553.29,1552.23,1.20909097,3.33,64.96634503
1666890475.4658823,1553.29,1552.23,1.20909097,3.33,64.96634503
1666890485.4407744,1553.29,1552.23,1.20909097,3.33,64.96634503
1666890495.4680707,1552.36,1552.36,1.31616638,3.49,65.61905952
1666890505.567037,1552.36,1552.36,1.31616638,3.49,65.61905952
1666890515.4203036,1552.36,1552.36,1.31616638,3.49,65.61905952
1666890525.4618716,1552.36,1552.64,1.33850257,3.77,66.42751269
1666890536.0250275,1552.36,1552.64,1.33850257,3.77,66.42751269
1666890550.7556002,1552.67,1552.67,1.42138076,3.59,66.51188328
1666890559.5555696,1552.67,1552.67,1.42138076,3.59,66.51188328
1666890569.8953483,1552.67,1552.67,1.42138076,3.59,66.51188328
1666890580.0694046,1552.67,1552.67,1.42138076,3.59,66.51188328
1666890589.3736875,1552.67,1553.11,1.45648048,4.03,67.79040727
1666890599.3753538,1552.67,1553.11,1.45648048,4.03,67.79040727
1666890617.5328836,1554.18,1554.18,1.68169812,5.72,70.52678918
1666890624.5120983,1554.18,1554.18,1.68169812,5.72,70.52678918
1666890634.283707,1554.18,1554.18,1.68169812,5.72,70.52678918
1666890644.4124663,1554.18,1552.7,1.56363544,4.24,62.60435494
1666890654.3373008,1554.18,1552.7,1.56363544,4.24,62.60435494
1666890664.313353,1554.18,1552.7,1.56363544,4.24,62.60435494
1666890674.3584125,1552.3,1552.3,1.5063501,4.58,60.75968645
1666890684.333804,1552.3,1552.3,1.5063501,4.58,60.75968645
1666890694.359289,1552.3,1552.3,1.5063501,4.58,60.75968645
1666890704.408039,1552.3,1552.17,1.49597973,4.45,60.13947262
1666890714.412167,1552.3,1552.17,1.49597973,4.45,60.13947262
1666890724.441602,1552.3,1552.17,1.49597973,4.45,60.13947262
1666890734.433642,1552.39,1552.39,1.48202447,4.72,61.03786506
1666890744.3896315,1552.39,1552.39,1.48202447,4.72,61.03786506
1666890754.7208624,1552.39,1552.39,1.48202447,4.72,61.03786506
1666890764.4529543,1552.39,1553.0,1.53068543,5.33,62.95474898
1666890774.4306886,1552.39,1553.0,1.53068543,5.33,62.95474898
1666890784.43344,1552.39,1553.0,1.53068543,5.33,62.95474898
1666890794.370535,1554.01,1554.01,1.67007493,5.6,65.71793587
1666890804.4206529,1554.01,1554.01,1.67007493,5.6,65.71793587
1666890814.4068534,1554.01,1554.01,1.67007493,5.6,65.71793587
1666890824.428644,1554.01,1554.59,1.71634274,6.18,67.26801933
1666890834.4322858,1554.01,1554.59,1.71634274,6.18,67.26801933
1666890844.438776,1554.01,1554.59,1.71634274,6.18,67.26801933
1666890854.378943,1555.25,1555.25,1.87117513,5.63,68.8477633
1666890864.4598274,1555.25,1555.25,1.87117513,5.63,68.8477633
1666890874.4879282,1555.25,1555.25,1.87117513,5.63,68.8477633
1666890884.5016534,1555.25,1554.26,1.79220078,4.64,63.89402913
1666890894.490881,1555.25,1554.26,1.79220078,4.64,63.89402913
1666890904.4746482,1555.25,1554.26,1.79220078,4.64,63.89402913
1666890914.4644754,1554.49,1554.49,1.82371438,3.09,64.98267518
1666890924.464499,1554.49,1554.49,1.82371438,3.09,64.98267518
1666890934.461102,1554.49,1554.49,1.82371438,3.09,64.98267518
1666890944.5892715,1554.49,1555.06,1.86918446,3.66,66.53597957
1666890954.486606,1554.49,1555.06,1.86918446,3.66,66.53597957
1666890964.4729378,1554.49,1555.06,1.86918446,3.66,66.53597957
1666890974.4717677,1554.19,1554.19,1.77082873,0.91,63.45497793
1666890984.5409043,1554.19,1554.19,1.77082873,0.91,63.45497793
1666890994.5445845,1554.19,1554.19,1.77082873,0.91,63.45497793
1666891004.5075204,1554.19,1554.19,1.77082873,0.91,63.45497793
1666891014.5319722,1554.19,1552.85,1.66393414,-0.43,57.02298263
1666891024.5213494,1554.19,1552.85,1.66393414,-0.43,57.02298263
1666891034.5405376,1552.64,1552.64,1.50761081,0.29,56.12471361
1666891044.5080533,1552.64,1552.64,1.50761081,0.29,56.12471361
1666891054.6530547,1552.64,1552.64,1.50761081,0.29,56.12471361
1666891064.497581,1552.64,1554.81,1.68071622,2.46,62.61929732
1666891074.5557814,1552.64,1554.81,1.68071622,2.46,62.61929732
1666891084.5169172,1552.64,1554.81,1.68071622,2.46,62.61929732
1666891094.9215708,1553.68,1553.68,1.52872139,1.01,59.49728821
1666891104.8634732,1553.68,1553.68,1.52872139,1.01,59.49728821
1666891114.841612,1553.68,1553.68,1.52872139,1.01,59.49728821
1666891124.8622422,1553.68,1553.42,1.50798065,0.75,58.29095451
1666891134.9605415,1553.68,1553.42,1.50798065,0.75,58.29095451
1666891144.8877506,1553.68,1553.42,1.50798065,0.75,58.29095451
1666891154.8713434,1553.43,1553.43,1.42811551,-0.75,58.33294479
1666891165.0578942,1553.43,1553.43,1.42811551,-0.75,58.33294479
1666891174.8859916,1553.43,1553.43,1.42811551,-0.75,58.33294479
1666891184.8548603,1553.43,1554.01,1.47438331,-0.17,60.28605571
1666891194.9081247,1553.43,1554.01,1.47438331,-0.17,60.28605571
1666891204.8941498,1553.43,1554.01,1.47438331,-0.17,60.28605571
1666891215.2349117,1555.17,1555.17,1.59398902,2.87,63.66872862
1666891225.0594702,1555.17,1555.17,1.59398902,2.87,63.66872862
1666891234.895892,1555.17,1555.17,1.59398902,2.87,63.66872862
1666891244.931159,1555.17,1553.94,1.49586936,1.64,58.02502588
1666891254.8793535,1555.17,1553.94,1.49586936,1.64,58.02502588
1666891264.9003136,1555.17,1553.94,1.49586936,1.64,58.02502588
1666891275.5367286,1554.12,1554.12,1.44860205,1.73,58.78761603
1666891285.338266,1554.12,1554.12,1.44860205,1.73,58.78761603
1666891295.3092484,1554.12,1554.12,1.44860205,1.73,58.78761603
1666891305.3238533,1554.12,1553.79,1.42227727,1.4,57.30078191
1666891315.3197455,1554.12,1553.79,1.42227727,1.4,57.30078191
1666891325.3396313,1554.12,1553.79,1.42227727,1.4,57.30078191
1666891335.309403,1554.9,1554.9,1.49407381,0.88,61.16916422
1666891345.3605783,1554.9,1554.9,1.49407381,0.88,61.16916422
1666891355.371926,1554.9,1554.9,1.49407381,0.88,61.16916422
1666891365.3727117,1554.9,1555.6,1.54991426,1.58,63.2231359
1666891375.5881472,1554.9,1555.6,1.54991426,1.58,63.2231359
1666891385.6237557,1554.13,1554.13,1.35569053,-1.11,57.62543675
1666891395.422851,1554.9,1555.6,1.54991426,1.58,63.2231359
1666891405.3803284,1554.13,1554.13,1.35569053,-1.11,57.62543675
1666891415.351458,1554.13,1554.13,1.35569053,-1.11,57.62543675
1666891425.3443449,1554.13,1552.68,1.24002101,-2.56,51.57239854
1666891435.3257651,1554.13,1552.68,1.24002101,-2.56,51.57239854
1666891445.372269,1554.13,1552.68,1.24002101,-2.56,51.57239854
1666891456.3286476,1552.68,1552.68,1.07434512,-1.82,51.57239854
1666891466.5210154,1552.68,1552.68,1.07434512,-1.82,51.57239854
1666891476.336908,1552.68,1552.68,1.07434512,-1.82,51.57239854
1666891486.341803,1552.68,1553.56,1.14454455,-0.94,54.68350485
1666891496.5217474,1552.68,1553.56,1.14454455,-0.94,54.68350485
1666891506.4361567,1552.68,1553.56,1.14454455,-0.94,54.68350485
1666891516.4402668,1553.02,1553.02,0.97974616,-1.18,52.82650469
1666891526.4102206,1553.02,1553.02,0.97974616,-1.18,52.82650469
1666891536.4587295,1553.02,1553.02,0.97974616,-1.18,52.82650469
1666891546.6233177,1553.02,1552.64,0.94943277,-1.56,51.235154
1666891556.467733,1553.02,1552.64,0.94943277,-1.56,51.235154
1666891566.3948102,1553.02,1552.64,0.94943277,-1.56,51.235154
1666891576.4924376,1552.3,1552.3,0.77205915,-0.33,49.88675226
1666891586.444218,1552.3,1552.3,0.77205915,-0.33,49.88675226
1666891596.4894052,1552.3,1552.3,0.77205915,-0.33,49.88675226
1666891606.3998947,1552.3,1551.94,0.7433412,-0.69,48.43329085
1666891616.4564629,1552.3,1551.94,0.7433412,-0.69,48.43329085
1666891626.4552789,1552.3,1551.94,0.7433412,-0.69,48.43329085
1666891638.780496,1552.83,1552.83,0.71984886,-0.85,52.01006013
1666891648.8060577,1552.83,1552.83,0.71984886,-0.85,52.01006013
1666891658.7368035,1552.83,1552.83,0.71984886,-0.85,52.01006013
1666891668.8513894,1552.83,1552.17,0.66719929,-1.51,49.21622282
1666891678.841246,1552.83,1552.17,0.66719929,-1.51,49.21622282
1666891688.832178,1552.83,1552.17,0.66719929,-1.51,49.21622282
1666891698.8290236,1551.66,1551.66,0.4728461,-1.78,47.25252814
1666891708.7905457,1551.66,1551.66,0.4728461,-1.78,47.25252814
1666891718.8544383,1551.66,1551.66,0.4728461,-1.78,47.25252814
1666891728.765866,1551.66,1550.57,0.38589454,-2.87,43.27809812
1666891738.87826,1551.66,1550.57,0.38589454,-2.87,43.27809812
1666891749.155573,1551.66,1550.57,0.38589454,-2.87,43.27809812
1666891758.9201229,1550.9,1550.9,0.23962578,-4.27,44.40895541
1666891768.903894,1550.9,1550.9,0.23962578,-4.27,44.40895541
1666891778.9232368,1550.9,1550.9,0.23962578,-4.27,44.40895541
1666891789.0238433,1550.9,1551.34,0.2747255,-3.83,46.41930418
1666891799.0415509,1550.9,1551.34,0.2747255,-3.83,46.41930418
1666891808.886956,1550.9,1551.34,0.2747255,-3.83,46.41930418
1666891819.6082008,1551.34,1551.34,0.16387164,-2.78,46.41930418
1666891829.5956378,1551.34,1551.34,0.16387164,-2.78,46.41930418
1666891839.5269918,1551.34,1551.34,0.16387164,-2.78,46.41930418
1666891849.5240762,1551.34,1551.47,0.17424201,-2.65,47.02881528
1666891859.4894948,1551.34,1551.47,0.17424201,-2.65,47.02881528
1666891869.5385406,1551.34,1551.47,0.17424201,-2.65,47.02881528
1666891879.513783,1551.37,1551.37,0.08000963,-3.53,46.56410651
1666891889.5872922,1551.37,1551.37,0.08000963,-3.53,46.56410651
1666891899.5654066,1551.37,1551.37,0.08000963,-3.53,46.56410651
1666891909.653088,1551.37,1550.15,-0.01731231,-4.75,41.73271195
1666891919.6499429,1551.37,1550.15,-0.01731231,-4.75,41.73271195
1666891929.693286,1551.37,1550.15,-0.01731231,-4.75,41.73271195
1666891939.855462,1551.43,1551.43,0.01937575,-2.71,46.86070269
1666891949.9118445,1551.43,1551.43,0.01937575,-2.71,46.86070269
1666891959.843775,1551.43,1551.43,0.01937575,-2.71,46.86070269
1666891969.8451717,1551.43,1551.93,0.05926179,-2.21,49.43464309
1666891979.9129384,1551.43,1551.93,0.05926179,-2.21,49.43464309
1666891989.8720765,1551.43,1551.93,0.05926179,-2.21,49.43464309
1666892000.4527748,1552.55,1552.55,0.12622578,-0.13,52.29965159
1666892010.4169002,1552.55,1552.55,0.12622578,-0.13,52.29965159
1666892020.453082,1552.55,1552.4,0.11425997,-0.28,51.53881478
1666892030.4565754,1552.55,1552.4,0.11425997,-0.28,51.53881478
1666892040.3934202,1552.55,1552.4,0.11425997,-0.28,51.53881478
1666892050.4684944,1552.55,1552.4,0.11425997,-0.28,51.53881478
1666892060.4211905,1553.64,1553.64,0.29443512,0.63,56.87258064
1666892070.437436,1553.64,1553.64,0.29443512,0.63,56.87258064
1666892080.4490938,1553.64,1553.49,0.28246931,0.48,56.07194665
1666892090.4323006,1553.64,1553.49,0.28246931,0.48,56.07194665
1666892100.4595652,1553.64,1553.49,0.28246931,0.48,56.07194665
1666892110.4300046,1553.64,1553.49,0.28246931,0.48,56.07194665
1666892120.5277057,1552.95,1552.95,0.25532813,0.65,53.36731013
1666892130.528886,1552.95,1552.95,0.25532813,0.65,53.36731013
1666892140.53057,1552.95,1553.14,0.27048482,0.84,54.20432328
1666892150.4986477,1552.95,1553.14,0.27048482,0.84,54.20432328
1666892160.442235,1552.95,1553.14,0.27048482,0.84,54.20432328
1666892170.504566,1552.95,1552.95,0.26551958,0.13,53.35690354
1666892181.600716,1552.95,1552.95,0.26551958,0.13,53.35690354
1666892191.5561223,1552.95,1552.95,0.26551958,0.13,53.35690354
1666892201.5527203,1552.95,1552.88,0.25993553,0.06,52.97352396
1666892211.562179,1552.95,1552.88,0.25993553,0.06,52.97352396
1666892221.544491,1552.95,1552.88,0.25993553,0.06,52.97352396
1666892231.5971138,1553.21,1553.21,0.30722362,1.55,54.57366852
1666892241.6291802,1553.21,1553.21,0.30722362,1.55,54.57366852
1666892251.5528288,1553.21,1553.21,0.30722362,1.55,54.57366852
1666892261.5665526,1553.21,1553.21,0.30722362,1.55,54.57366852
1666892271.597036,1553.21,1558.17,0.70289314,6.51,70.48821332
1666892281.5531633,1553.21,1558.17,0.70289314,6.51,70.48821332
1666892291.5762537,1558.64,1558.64,1.08650416,7.74,71.4375751
1666892301.5666122,1558.64,1558.64,1.08650416,7.74,71.4375751
1666892311.5227442,1558.64,1558.64,1.08650416,7.74,71.4375751
1666892321.700192,1558.64,1558.07,1.04103407,7.17,68.58796071
1666892331.7863493,1558.64,1558.07,1.04103407,7.17,68.58796071
1666892341.5424418,1558.64,1558.07,1.04103407,7.17,68.58796071
1666892351.957542,1556.08,1556.08,0.98403455,4.74,60.12555538
1666892362.3963428,1556.08,1556.08,0.98403455,4.74,60.12555538
1666892372.4777591,1556.08,1556.08,0.98403455,4.74,60.12555538
1666892382.4692574,1556.08,1556.08,0.98403455,4.74,60.12555538
1666892392.397132,1556.08,1555.42,0.93138498,4.08,57.58778766
1666892402.575959,1556.08,1555.42,0.93138498,4.08,57.58778766
1666892412.3648565,1554.23,1554.23,0.79163202,2.85,53.51273186
1666892422.498196,1554.23,1554.23,0.79163202,2.85,53.51273186
1666892433.5042365,1554.23,1554.23,0.79163202,2.85,53.51273186
1666892442.3881412,1554.23,1554.23,0.79163202,2.85,53.51273186
1666892452.491986,1554.23,1554.23,0.79163202,2.85,53.51273186
1666892462.395319,1554.23,1554.23,0.79163202,2.85,53.51273186
1666892472.3928509,1555.6,1555.6,0.94114944,4.17,57.25741294
1666892482.485461,1555.6,1555.6,0.94114944,4.17,57.25741294
1666892492.422021,1555.6,1555.6,0.94114944,4.17,57.25741294
1666892502.4219804,1555.6,1555.6,0.94114944,4.17,57.25741294
1666892512.353821,1555.6,1557.92,1.12622066,6.49,62.74936666
1666892522.4199066,1555.6,1557.92,1.12622066,6.49,62.74936666
1666892532.3717442,1556.82,1556.82,1.1337803,4.27,60.33653994
1666892542.9930038,1556.82,1556.82,1.1337803,4.27,60.33653994
1666892553.2160716,1556.82,1556.82,1.1337803,4.27,60.33653994
1666892563.054942,1556.82,1557.64,1.1991934,5.09,62.29706966
1666892573.0238802,1556.82,1557.64,1.1991934,5.09,62.29706966
1666892583.00223,1556.82,1557.64,1.1991934,5.09,62.29706966
1666892593.1101365,1557.61,1557.61,1.30659242,3.94,62.23051932
1666892603.0285163,1557.61,1557.61,1.30659242,3.94,62.23051932
1666892613.088975,1557.61,1557.61,1.30659242,3.94,62.23051932
1666892623.127481,1557.61,1557.11,1.26670638,3.44,60.2837424
1666892633.1011744,1557.61,1557.11,1.26670638,3.44,60.2837424
1666892643.086211,1557.61,1557.11,1.26670638,3.44,60.2837424
1666892653.12054,1556.51,1556.51,1.22284825,3.56,58.08592024
1666892663.1435003,1556.51,1556.51,1.22284825,3.56,58.08592024
1666892673.0578234,1556.51,1556.51,1.22284825,3.56,58.08592024
1666892683.135262,1556.51,1556.5,1.22205053,3.55,58.0479352
1666892693.1246853,1556.51,1556.5,1.22205053,3.55,58.0479352
1666892703.1313152,1556.51,1556.5,1.22205053,3.55,58.0479352
1666892713.0594842,1556.19,1556.19,1.16743047,3.23,56.89174588
1666892723.9225297,1556.19,1556.19,1.16743047,3.23,56.89174588
1666892733.9532938,1556.19,1556.19,1.16743047,3.23,56.89174588
1666892743.9282842,1556.19,1556.27,1.17381224,3.31,57.13827275
1666892753.9556894,1556.19,1556.27,1.17381224,3.31,57.13827275
1666892764.0427103,1556.19,1556.27,1.17381224,3.31,57.13827275
1666892773.9964976,1556.36,1556.36,1.15411441,3.14,57.40180135
1666892784.0414095,1556.36,1556.36,1.15411441,3.14,57.40180135
1666892794.0265715,1556.36,1556.36,1.15411441,3.14,57.40180135
1666892804.4060545,1556.36,1554.81,1.03046768,1.59,51.52610594
1666892813.949358,1556.36,1554.81,1.03046768,1.59,51.52610594
1666892824.1066053,1556.36,1554.81,1.03046768,1.59,51.52610594
1666892833.9903033,1554.38,1554.38,0.83939074,-4.25,50.10565705
1666892844.012691,1554.38,1554.38,0.83939074,-4.25,50.10565705
1666892854.0076156,1554.38,1554.38,0.83939074,-4.25,50.10565705
1666892863.977495,1554.38,1554.14,0.82024544,-4.49,49.2877201
1666892874.022658,1554.38,1554.14,0.82024544,-4.49,49.2877201
1666892883.9675865,1554.38,1554.14,0.82024544,-4.49,49.2877201
1666892893.99166,1555.1,1555.1,0.81001755,-0.98,52.46325841
1666892904.8838625,1555.1,1555.1,0.81001755,-0.98,52.46325841
1666892914.8547552,1555.1,1555.1,0.81001755,-0.98,52.46325841
1666892924.8886514,1555.1,1554.62,0.77172695,-1.46,50.7399834
1666892934.8751533,1555.1,1554.62,0.77172695,-1.46,50.7399834
1666892944.9114182,1555.1,1554.62,0.77172695,-1.46,50.7399834
1666892954.8929248,1555.04,1555.04,0.72428293,0.8,52.23864346
1666892964.8685026,1555.04,1555.04,0.72428293,0.8,52.23864346
1666892974.9168158,1555.04,1555.04,0.72428293,0.8,52.23864346
1666892984.9365497,1555.04,1555.5,0.76097808,1.26,53.85501533
1666892994.9538598,1555.04,1555.5,0.76097808,1.26,53.85501533
1666893005.0205512,1555.04,1555.5,0.76097808,1.26,53.85501533
1666893014.8841224,1555.36,1555.36,0.69660305,-0.25,53.37842545
1666893024.9359446,1555.36,1555.36,0.69660305,-0.25,53.37842545
1666893034.8786483,1555.36,1555.36,0.69660305,-0.25,53.37842545
1666893044.9409077,1555.36,1555.24,0.6870304,-0.37,52.87613421
1666893055.092808,1555.36,1555.24,0.6870304,-0.37,52.87613421
1666893064.9666011,1555.36,1555.24,0.6870304,-0.37,52.87613421
1666893074.8772511,1555.64,1555.64,0.6871847,-1.18,54.3984426
1666893085.8546166,1555.64,1555.64,0.6871847,-1.18,54.3984426
1666893096.160289,1555.64,1555.64,0.6871847,-1.18,54.3984426
1666893105.8557963,1555.64,1554.57,0.60182857,-2.25,49.90503958
1666893115.911481,1555.64,1554.57,0.60182857,-2.25,49.90503958
1666893125.8594568,1555.64,1554.57,0.60182857,-2.25,49.90503958
1666893135.8703694,1554.84,1554.84,0.54076873,-2.76,50.96881968
1666893145.858578,1554.84,1554.84,0.54076873,-2.76,50.96881968
1666893155.9064753,1554.84,1554.84,0.54076873,-2.76,50.96881968
1666893165.928589,1554.84,1554.17,0.48732144,-3.43,48.22682285
1666893175.864082,1554.84,1554.17,0.48732144,-3.43,48.22682285
1666893185.864867,1554.84,1554.17,0.48732144,-3.43,48.22682285
1666893195.880326,1553.2,1553.2,0.23868287,-3.31,44.74020935
1666893205.9205053,1553.2,1553.2,0.23868287,-3.31,44.74020935
1666893215.968336,1553.2,1553.2,0.23868287,-3.31,44.74020935
1666893225.966979,1553.2,1553.27,0.24426691,-3.24,45.04895589
1666893235.9215624,1553.2,1553.27,0.24426691,-3.24,45.04895589
1666893245.9203296,1553.2,1553.27,0.24426691,-3.24,45.04895589
1666893255.9774888,1553.55,1553.55,0.15126191,-2.65,46.25019575
1666893266.7523465,1553.55,1553.55,0.15126191,-2.65,46.25019575
1666893276.758702,1553.55,1553.55,0.15126191,-2.65,46.25019575
1666893286.7398767,1553.55,1553.7,0.16322772,-2.5,46.91962652
1666893296.7309797,1553.55,1553.7,0.16322772,-2.5,46.91962652
1666893306.7745826,1553.55,1553.7,0.16322772,-2.5,46.91962652
1666893316.76878,1553.63,1553.63,0.07109601,-2.73,46.61197731
1666893326.7371745,1553.63,1553.63,0.07109601,-2.73,46.61197731
1666893336.817328,1553.63,1553.63,0.07109601,-2.73,46.61197731
1666893346.7364843,1553.63,1553.8,0.08465726,-2.56,47.41002598
1666893356.965197,1553.63,1553.8,0.08465726,-2.56,47.41002598
1666893366.7372146,1553.63,1553.8,0.08465726,-2.56,47.41002598
1666893377.030634,1553.63,1553.63,0.00246871,-0.74,46.60875828
1666893386.768756,1553.63,1553.63,0.00246871,-0.74,46.60875828
1666893396.7306142,1553.63,1553.63,0.00246871,-0.74,46.60875828
1666893406.757213,1553.63,1553.03,-0.04539454,-1.34,44.05320722
1666893416.745608,1553.63,1553.03,-0.04539454,-1.34,44.05320722
1666893426.820226,1553.63,1553.03,-0.04539454,-1.34,44.05320722
1666893436.7861123,1552.7,1552.7,-0.18341937,-2.41,42.76361003
1666893447.6194806,1552.7,1552.7,-0.18341937,-2.41,42.76361003
1666893457.655727,1552.7,1552.7,-0.18341937,-2.41,42.76361003
1666893467.636481,1552.7,1552.2,-0.22330541,-2.91,40.81409124
1666893477.6412077,1552.7,1552.2,-0.22330541,-2.91,40.81409124
1666893487.840644,1552.7,1552.2,-0.22330541,-2.91,40.81409124
1666893497.7690427,1552.68,1552.68,-0.27167064,-2.37,42.68206028
1666893507.6417763,1552.68,1552.68,-0.27167064,-2.37,42.68206028
1666893517.6371522,1552.68,1552.68,-0.27167064,-2.37,42.68206028
1666893527.6074295,1552.68,1552.7,-0.2700752,-2.35,42.79953179
1666893547.6164985,1552.68,1552.7,-0.2700752,-2.35,42.79953179
1666893557.65754,1552.41,1552.41,-0.37525121,-2.94,41.5520097
1666893567.8602335,1552.41,1552.41,-0.37525121,-2.94,41.5520097
1666893577.6477654,1552.41,1552.41,-0.37525121,-2.94,41.5520097
1666893587.827154,1552.41,1551.7,-0.43188938,-3.65,38.58580964
1666893597.698759,1552.41,1551.7,-0.43188938,-3.65,38.58580964
1666893608.1239808,1552.41,1551.7,-0.43188938,-3.65,38.58580964
1666893617.629454,1551.64,1551.64,-0.54409286,-4.0,38.38354163
1666893628.1298118,1551.64,1551.64,-0.54409286,-4.0,38.38354163
1666893638.7069876,1551.64,1551.64,-0.54409286,-4.0,38.38354163
1666893648.1632104,1551.64,1552.67,-0.46192762,-2.97,44.48975955
1666893658.131287,1551.64,1552.67,-0.46192762,-2.97,44.48975955
1666893668.105714,1551.64,1552.67,-0.46192762,-2.97,44.48975955
1666893678.138508,1553.07,1553.07,-0.41927776,-1.76,46.54693324
1666893688.0938983,1553.07,1553.07,-0.41927776,-1.76,46.54693324
1666893698.137092,1553.07,1553.07,-0.41927776,-1.76,46.54693324
1666893708.1166732,1553.07,1552.02,-0.50303845,-2.81,42.13292211
1666893718.1559312,1553.07,1552.02,-0.50303845,-2.81,42.13292211
1666893728.167129,1553.07,1552.02,-0.50303845,-2.81,42.13292211
1666893738.1518977,1552.11,1552.11,-0.54240823,-1.09,42.49588751
1666893748.1436532,1552.11,1552.11,-0.54240823,-1.09,42.49588751
1666893758.202523,1552.11,1552.11,-0.54240823,-1.09,42.49588751
1666893768.140424,1552.11,1552.07,-0.54559911,-1.13,42.31518474
1666893778.1528935,1552.11,1552.07,-0.54559911,-1.13,42.31518474
1666893788.23955,1552.11,1552.07,-0.54559911,-1.13,42.31518474
1666893798.227882,1551.4,1551.4,-0.67305544,-2.15,39.73897736
1666893808.8289475,1551.4,1551.4,-0.67305544,-2.15,39.73897736
1666893818.8458204,1551.4,1551.4,-0.67305544,-2.15,39.73897736
1666893829.444941,1551.4,1551.32,-0.6794372,-2.23,39.40742456
1666893839.1052096,1551.4,1551.32,-0.6794372,-2.23,39.40742456
1666893848.8386345,1551.4,1551.32,-0.6794372,-2.23,39.40742456
1666893858.8131566,1551.99,1551.99,-0.63995662,-1.65,43.05424384
1666893868.831718,1551.99,1551.99,-0.63995662,-1.65,43.05424384
1666893878.857796,1551.99,1551.99,-0.63995662,-1.65,43.05424384
1666893888.8863554,1551.99,1552.51,-0.59847513,-1.13,45.87675662
1666893898.8556373,1551.99,1552.51,-0.59847513,-1.13,45.87675662
1666893908.8811057,1551.99,1552.51,-0.59847513,-1.13,45.87675662
1666893918.829652,1552.52,1552.52,-0.56744322,-1.12,45.93267796
1666893928.8994768,1552.52,1552.52,-0.56744322,-1.12,45.93267796
1666893938.8694975,1552.52,1552.52,-0.56744322,-1.12,45.93267796
1666893948.9031007,1552.52,1552.01,-0.60812698,-1.63,43.65402338
1666893958.9048183,1552.52,1552.01,-0.60812698,-1.63,43.65402338
1666893968.9446902,1552.52,1552.01,-0.60812698,-1.63,43.65402338
1666893978.8696218,1552.2,1552.2,-0.58314986,-0.5,44.47601236
1666893990.2704527,1552.2,1552.2,-0.58314986,-0.5,44.47601236
1666893999.779104,1552.2,1552.2,-0.58314986,-0.5,44.47601236
1666894009.797413,1552.2,1552.24,-0.57995898,-0.46,44.71204027
1666894019.7937684,1552.2,1552.24,-0.57995898,-0.46,44.71204027
1666894029.7973254,1552.2,1552.24,-0.57995898,-0.46,44.71204027
1666894039.8046055,1552.86,1552.86,-0.47612688,0.18,48.13370997
1666894049.793132,1552.86,1552.86,-0.47612688,0.18,48.13370997
1666894059.7992983,1552.86,1552.86,-0.47612688,0.18,48.13370997
1666894069.7933888,1552.86,1553.38,-0.4346454,0.7,50.87627334
1666894079.8368828,1552.86,1553.38,-0.4346454,0.7,50.87627334
1666894089.7730231,1552.86,1553.38,-0.4346454,0.7,50.87627334
1666894099.859124,1552.18,1552.18,-0.52360218,-0.22,44.84835549
1666894109.804634,1552.18,1552.18,-0.52360218,-0.22,44.84835549
1666894119.843542,1552.18,1552.18,-0.52360218,-0.22,44.84835549
1666894129.9048326,1552.18,1551.38,-0.58741984,-1.02,41.2824552
1666894139.9069364,1552.18,1551.38,-0.58741984,-1.02,41.2824552
1666894149.9971335,1552.18,1551.38,-0.58741984,-1.02,41.2824552
1666894159.82394,1551.2,1551.2,-0.65086654,-0.43,40.55690085
1666894170.3638103,1551.2,1551.2,-0.65086654,-0.43,40.55690085
1666894180.7458174,1551.2,1551.2,-0.65086654,-0.43,40.55690085
1666894190.3858066,1551.2,1551.18,-0.65246198,-0.45,40.47178724
1666894200.568754,1551.2,1551.18,-0.65246198,-0.45,40.47178724
1666894210.3425822,1551.2,1551.18,-0.65246198,-0.45,40.47178724
1666894220.3706195,1550.66,1550.66,-0.75762813,-2.41,38.37480052
1666894230.3692238,1550.66,1550.66,-0.75762813,-2.41,38.37480052
1666894240.45684,1550.66,1551.57,-0.68503554,-1.5,43.83766748
1666894250.3973558,1550.66,1551.57,-0.68503554,-1.5,43.83766748
1666894260.5767434,1550.66,1551.57,-0.68503554,-1.5,43.83766748
1666894270.461023,1550.66,1551.57,-0.68503554,-1.5,43.83766748
1666894280.402283,1550.29,1550.29,-0.85181871,-1.81,36.9114593
1666894290.3759005,1550.29,1550.29,-0.85181871,-1.81,36.9114593
1666894300.3912015,1550.29,1550.29,-0.85181871,-1.81,36.9114593
1666894310.8537498,1550.29,1549.59,-0.90765916,-2.51,34.25044795
1666894320.4244704,1550.29,1549.59,-0.90765916,-2.51,34.25044795
1666894330.4055622,1550.29,1549.59,-0.90765916,-2.51,34.25044795
1666894340.4459848,1549.42,1549.42,-1.01576796,-1.97,33.66110944
1666894350.880044,1549.42,1549.42,-1.01576796,-1.97,33.66110944
1666894360.9060743,1549.42,1550.71,-0.91286197,-0.68,41.83924115
1666894371.3232083,1549.42,1550.71,-0.91286197,-0.68,41.83924115
1666894380.8594294,1549.42,1550.71,-0.91286197,-0.68,41.83924115
1666894390.8538806,1549.42,1550.71,-0.91286197,-0.68,41.83924115
1666894400.868048,1553.49,1553.49,-0.50353854,1.51,54.05008878
1666894410.8683462,1553.49,1553.49,-0.50353854,1.51,54.05008878
1666894420.9132688,1553.49,1554.68,-0.40860976,2.7,58.10383635
1666894430.9126723,1553.49,1554.68,-0.40860976,2.7,58.10383635
1666894440.9470372,1553.49,1554.68,-0.40860976,2.7,58.10383635
1666894450.8619845,1553.84,1553.84,-0.30013603,1.31,55.30978644
1666894460.8638866,1553.84,1553.84,-0.30013603,1.31,55.30978644
1666894470.8969088,1553.84,1553.84,-0.30013603,1.31,55.30978644
1666894481.0417204,1553.84,1553.76,-0.30651779,1.23,54.93621828
1666894490.93108,1553.84,1553.76,-0.30651779,1.23,54.93621828
1666894500.941736,1553.84,1553.76,-0.30651779,1.23,54.93621828
1666894510.9044597,1553.5,1553.5,-0.2079178,1.3,53.75622377
1666894520.9481204,1553.5,1553.5,-0.2079178,1.3,53.75622377
1666894532.7247713,1553.5,1553.5,-0.2079178,1.3,53.75622377
1666894542.7281933,1553.5,1553.15,-0.23583802,0.95,52.13287338
1666894552.7014518,1553.5,1553.15,-0.23583802,0.95,52.13287338
1666894562.777518,1553.5,1553.15,-0.23583802,0.95,52.13287338
1666894572.7289517,1552.7,1552.7,-0.22513777,-0.15,50.18439031
1666894582.747589,1552.7,1552.7,-0.22513777,-0.15,50.18439031
1666894593.208305,1552.7,1552.7,-0.22513777,-0.15,50.18439031
1666894602.7700374,1552.7,1552.76,-0.22035145,-0.09,50.45030929
1666894612.7313688,1552.7,1552.76,-0.22035145,-0.09,50.45030929
1666894622.7513075,1552.7,1552.76,-0.22035145,-0.09,50.45030929
1666894632.784262,1552.7,1552.76,-0.22035145,-0.09,50.45030929
1666894642.7879417,1553.94,1553.94,-0.01077446,1.76,55.1579186
1666894652.747422,1553.94,1553.94,-0.01077446,1.76,55.1579186
1666894662.7739804,1553.94,1554.39,0.02512298,2.21,56.84189881
1666894672.7125795,1553.94,1554.39,0.02512298,2.21,56.84189881
1666894682.770827,1553.94,1554.39,0.02512298,2.21,56.84189881
1666894692.7340024,1555.14,1555.14,0.25004832,3.94,59.36572607
1666894702.943367,1555.14,1555.14,0.25004832,3.94,59.36572607
1666894713.5515106,1555.14,1555.14,0.25004832,3.94,59.36572607
1666894723.5636275,1555.14,1555.23,0.2572278,4.03,59.68844106
1666894733.5780573,1555.14,1555.23,0.2572278,4.03,59.68844106
1666894743.6179724,1555.14,1555.23,0.2572278,4.03,59.68844106
1666894753.6622615,1555.0,1555.0,0.35551605,4.33,58.6603237
1666894763.520615,1555.0,1555.0,0.35551605,4.33,58.6603237
1666894773.6237788,1555.0,1555.0,0.35551605,4.33,58.6603237
1666894783.8744197,1555.0,1555.0,0.35551605,4.33,58.6603237
1666894793.562266,1555.0,1555.69,0.41055879,5.02,61.07027978
1666894803.6673863,1555.0,1555.69,0.41055879,5.02,61.07027978
1666894813.632908,1555.8,1555.8,0.55656092,5.51,61.42874695
1666894823.61774,1555.8,1555.8,0.55656092,5.51,61.42874695
1666894833.6418557,1555.8,1555.8,0.55656092,5.51,61.42874695
1666894843.6336074,1555.8,1554.88,0.4831706,4.59,56.72421488
1666894853.6055276,1555.8,1554.88,0.4831706,4.59,56.72421488
1666894863.637833,1555.8,1554.88,0.4831706,4.59,56.72421488
1666894873.5927248,1553.81,1553.81,0.37580527,4.39,52.08454322
1666894883.7847009,1553.81,1553.81,0.37580527,4.39,52.08454322
1666894894.2186148,1553.81,1553.81,0.37580527,4.39,52.08454322
1666894904.187069,1553.81,1553.8,0.37500755,4.38,52.04513119
1666894914.1863596,1553.81,1553.8,0.37500755,4.38,52.04513119
1666894924.233331,1553.81,1553.8,0.37500755,4.38,52.04513119
1666894934.2576442,1553.7,1553.7,0.33873813,0.22,51.62092661
1666894945.0490248,1553.7,1553.7,0.33873813,0.22,51.62092661
1666894954.2710989,1553.7,1553.7,0.33873813,0.22,51.62092661
1666894964.2233124,1553.7,1554.44,0.39776947,0.96,54.5695789
1666894974.3076956,1553.7,1554.44,0.39776947,0.96,54.5695789
1666894984.1842422,1553.7,1554.44,0.39776947,0.96,54.5695789
1666894994.246905,1554.4,1554.4,0.41290625,0.55,54.40866721
1666895004.2154276,1554.4,1554.4,0.41290625,0.55,54.40866721
1666895014.218079,1554.4,1554.4,0.41290625,0.55,54.40866721
1666895024.2908232,1554.4,1554.4,0.41290625,0.55,54.40866721
1666895034.2574382,1554.4,1554.25,0.40094043,0.4,53.69315411
1666895044.234466,1554.4,1554.25,0.40094043,0.4,53.69315411
1666895054.3430614,1554.32,1554.32,0.41124195,0.82,54.02103819
1666895064.2629185,1554.32,1554.32,0.41124195,0.82,54.02103819
1666895074.8027277,1554.32,1554.32,0.41124195,0.82,54.02103819
1666895084.781425,1554.32,1555.53,0.50776617,2.03,58.77600885
1666895094.827639,1554.32,1555.53,0.50776617,2.03,58.77600885
1666895105.404685,1554.32,1555.53,0.50776617,2.03,58.77600885
1666895114.8006644,1555.6,1555.6,0.59057044,2.9,59.02082342
1666895124.8739529,1555.6,1555.6,0.59057044,2.9,59.02082342
1666895134.8407266,1555.6,1555.6,0.59057044,2.9,59.02082342
1666895144.8610077,1555.6,1554.86,0.5315391,2.16,55.28317413
1666895154.8187122,1555.6,1554.86,0.5315391,2.16,55.28317413
1666895164.875759,1555.6,1554.86,0.5315391,2.16,55.28317413
1666895174.9118254,1555.99,1555.99,0.70008775,2.05,60.40828547
1666895184.9048338,1555.99,1555.99,0.70008775,2.05,60.40828547
1666895194.8511608,1555.99,1555.99,0.70008775,2.05,60.40828547
1666895204.9379146,1555.99,1555.74,0.68014473,1.8,59.00928304
1666895214.9130888,1555.99,1555.74,0.68014473,1.8,59.00928304
1666895224.9124727,1555.99,1555.74,0.68014473,1.8,59.00928304
1666895234.952569,1555.99,1555.74,0.68014473,1.8,59.00928304
1666895244.897645,1556.24,1556.24,0.78825453,1.09,61.34621601
1666895255.729384,1556.24,1556.24,0.78825453,1.09,61.34621601
1666895265.7341144,1556.24,1555.76,0.74996393,0.61,58.53787278
1666895275.7113764,1556.24,1555.76,0.74996393,0.61,58.53787278
1666895285.7996244,1556.24,1555.76,0.74996393,0.61,58.53787278
1666895295.7456484,1556.25,1556.25,0.83413686,1.26,61.38481094
1666895305.7387266,1556.25,1556.25,0.83413686,1.26,61.38481094
1666895315.692194,1556.25,1556.25,0.83413686,1.26,61.38481094
1666895325.7245488,1556.25,1555.96,0.81100296,0.97,59.52852048
1666895335.8014836,1556.25,1555.96,0.81100296,0.97,59.52852048
1666895345.7411911,1556.25,1555.96,0.81100296,0.97,59.52852048
1666895355.747506,1555.5,1555.5,0.75393186,-0.3,56.80379834
1666895365.8880706,1555.5,1555.5,0.75393186,-0.3,56.80379834
1666895375.7017736,1555.5,1555.5,0.75393186,-0.3,56.80379834
1666895385.7248774,1555.5,1555.71,0.770684,-0.09,57.75445607
1666895395.9310448,1555.5,1555.71,0.770684,-0.09,57.75445607
1666895405.6992562,1555.5,1555.71,0.770684,-0.09,57.75445607
1666895415.8298154,1555.38,1555.38,0.71179658,1.58,56.07335895
1666895425.7885468,1555.38,1555.38,0.71179658,1.58,56.07335895
1666895436.2978628,1555.38,1555.38,0.71179658,1.58,56.07335895
1666895446.2883785,1555.38,1555.07,0.68706724,1.27,54.17362816
1666895456.3349774,1555.38,1555.07,0.68706724,1.27,54.17362816
1666895466.3192215,1555.38,1555.07,0.68706724,1.27,54.17362816
1666895476.364943,1554.51,1554.51,0.55642845,0.82,51.02455593
1666895486.369626,1554.51,1554.51,0.55642845,0.82,51.02455593
1666895496.3898146,1554.51,1554.51,0.55642845,0.82,51.02455593
1666895506.43315,1554.51,1554.76,0.57637147,1.07,52.35939753
1666895516.4072435,1554.51,1554.76,0.57637147,1.07,52.35939753
1666895526.374536,1554.51,1554.76,0.57637147,1.07,52.35939753
1666895536.3413863,1553.86,1553.86,0.39022415,-0.55,47.57259845
1666895547.433485,1553.86,1553.86,0.39022415,-0.55,47.57259845
1666895556.4389012,1553.86,1553.86,0.39022415,-0.55,47.57259845
1666895566.346841,1553.86,1554.68,0.45563726,0.27,51.98568198
1666895576.3457234,1553.86,1554.68,0.45563726,0.27,51.98568198
1666895586.3612173,1553.86,1554.68,0.45563726,0.27,51.98568198
1666895596.3203423,1555.05,1555.05,0.46502205,0.72,53.73113801
1666895606.337399,1555.05,1555.05,0.46502205,0.72,53.73113801
1666895616.9050002,1555.05,1555.05,0.46502205,0.72,53.73113801
1666895627.18988,1555.05,1557.16,0.63334114,2.83,62.22797449
1666895637.2058315,1555.05,1557.16,0.63334114,2.83,62.22797449
1666895647.1117442,1555.05,1557.16,0.63334114,2.83,62.22797449
1666895657.189306,1556.38,1556.38,0.63503314,0.78,59.34906129
1666895667.0053468,1556.38,1556.38,0.63503314,0.78,59.34906129
1666895676.9901671,1556.38,1556.38,0.63503314,0.78,59.34906129
1666895687.068919,1556.38,1556.69,0.65976249,1.09,60.68681845
1666895696.956777,1556.38,1556.69,0.65976249,1.09,60.68681845
1666895707.0993834,1556.38,1556.69,0.65976249,1.09,60.68681845
1666895717.013121,1556.59,1556.59,0.7038077,0.59,60.299829
1666895726.957353,1556.59,1556.59,0.7038077,0.59,60.299829
1666895737.0256195,1556.59,1556.59,0.7038077,0.59,60.299829
1666895747.1412022,1556.59,1555.66,0.62961966,-0.34,54.88843199
1666895756.9888434,1556.59,1555.66,0.62961966,-0.34,54.88843199
1666895767.3735917,1556.59,1555.66,0.62961966,-0.34,54.88843199
1666895777.317301,1555.38,1555.38,0.56488089,-0.86,53.44131837
1666895787.301698,1555.38,1555.38,0.56488089,-0.86,53.44131837
1666895798.2644806,1555.38,1555.38,0.56488089,-0.86,53.44131837
1666895808.2552974,1555.38,1555.22,0.55211735,-1.02,52.59670107
1666895818.2542615,1555.38,1555.22,0.55211735,-1.02,52.59670107
1666895828.2660515,1555.38,1555.22,0.55211735,-1.02,52.59670107
1666895838.2868912,1555.52,1555.52,0.54502193,-0.73,54.09391958
1666895848.2739482,1555.52,1555.52,0.54502193,-0.73,54.09391958
1666895858.2642596,1555.52,1555.52,0.54502193,-0.73,54.09391958
1666895868.289795,1555.52,1554.78,0.48599059,-1.47,50.11728286
1666895878.3081844,1555.52,1554.78,0.48599059,-1.47,50.11728286
1666895888.2855566,1555.52,1554.78,0.48599059,-1.47,50.11728286
1666895898.2934842,1554.91,1554.91,0.42889579,-0.59,50.77435454
1666895908.2909167,1554.91,1554.91,0.42889579,-0.59,50.77435454
1666895918.3363764,1554.91,1554.91,0.42889579,-0.59,50.77435454
1666895928.3130112,1554.91,1555.6,0.48393853,0.1,54.20616041
1666895938.3174703,1554.91,1555.6,0.48393853,0.1,54.20616041
1666895948.3234146,1554.91,1555.6,0.48393853,0.1,54.20616041
1666895958.3462164,1555.86,1555.86,0.50606103,0.49,55.36360488
1666895968.3115952,1555.86,1555.86,0.50606103,0.49,55.36360488
1666895979.1615674,1555.86,1555.86,0.50606103,0.49,55.36360488
1666895989.141976,1555.86,1555.78,0.49967926,0.41,54.89890568
1666895999.1421072,1555.86,1555.78,0.49967926,0.41,54.89890568
1666896009.19424,1555.86,1555.78,0.49967926,0.41,54.89890568
1666896019.132429,1555.84,1555.84,0.49792429,1.32,55.24669411
1666896029.219566,1555.84,1555.84,0.49792429,1.32,55.24669411
1666896039.1422124,1555.84,1555.84,0.49792429,1.32,55.24669411
1666896049.174966,1555.84,1555.51,0.4715995,0.99,53.24863964
1666896059.1192176,1555.84,1555.51,0.4715995,0.99,53.24863964
1666896069.1577816,1555.84,1555.51,0.4715995,0.99,53.24863964
1666896079.1771617,1554.57,1554.57,0.30697872,0.71,48.28275026
1666896089.243266,1554.57,1554.57,0.30697872,0.71,48.28275026
1666896099.156402,1554.57,1554.57,0.30697872,0.71,48.28275026
1666896109.1803155,1554.57,1555.7,0.39712117,1.84,53.8511802
1666896119.4335375,1554.57,1555.7,0.39712117,1.84,53.8511802
1666896129.2030413,1554.57,1555.7,0.39712117,1.84,53.8511802
1666896139.198869,1556.3,1556.3,0.47781971,1.24,56.34986876
1666896149.2203531,1556.3,1556.3,0.47781971,1.24,56.34986876
1666896159.912223,1556.3,1556.3,0.47781971,1.24,56.34986876
1666896169.869405,1556.3,1556.04,0.45707897,0.98,54.97229932
1666896179.9992983,1556.3,1556.04,0.45707897,0.98,54.97229932
1666896189.905289,1556.3,1556.04,0.45707897,0.98,54.97229932
1666896200.0261867,1556.07,1556.07,0.46621175,-0.37,55.12916606
1666896209.8725154,1556.07,1556.07,0.46621175,-0.37,55.12916606
1666896219.8762083,1556.07,1556.07,0.46621175,-0.37,55.12916606
1666896229.9085886,1556.07,1556.06,0.46541403,-0.38,55.07275202
1666896239.827485,1556.07,1556.06,0.46541403,-0.38,55.07275202
1666896249.8952672,1556.07,1556.06,0.46541403,-0.38,55.07275202
1666896259.9091694,1555.69,1555.69,0.41246138,-0.9,53.06363834
1666896269.9554183,1555.69,1555.69,0.41246138,-0.9,53.06363834
1666896279.9556468,1555.69,1555.69,0.41246138,-0.9,53.06363834
1666896289.9098532,1555.69,1555.68,0.41166366,-0.91,53.0073541
1666896299.845917,1555.69,1555.68,0.41166366,-0.91,53.0073541
1666896309.9177344,1555.69,1555.68,0.41166366,-0.91,53.0073541
1666896319.939365,1555.89,1555.89,0.41705525,0.52,54.04334544
1666896329.9400847,1555.89,1555.89,0.41705525,0.52,54.04334544
1666896340.8585176,1555.89,1555.87,0.41545981,0.5,53.93138248
1666896350.75861,1555.89,1555.87,0.41545981,0.5,53.93138248
1666896360.6786776,1555.89,1555.87,0.41545981,0.5,53.93138248
1666896370.946075,1555.77,1555.77,0.38767917,0.26,53.32969441
1666896380.6533751,1555.77,1555.77,0.38767917,0.26,53.32969441
1666896390.6549404,1555.77,1555.77,0.38767917,0.26,53.32969441
1666896400.7860267,1555.77,1555.77,0.38767917,0.26,53.32969441
1666896410.6509054,1555.77,1555.66,0.37890425,0.15,52.63931239
1666896420.7192073,1555.77,1555.66,0.37890425,0.15,52.63931239
1666896430.6646483,1556.63,1556.63,0.48807651,1.72,57.69027015
1666896440.6923077,1556.63,1556.63,0.48807651,1.72,57.69027015
1666896450.774703,1556.63,1556.63,0.48807651,1.72,57.69027015
1666896460.7297378,1556.63,1556.38,0.46813349,1.47,56.06859219
1666896470.684228,1556.63,1556.38,0.46813349,1.47,56.06859219
1666896480.740206,1556.63,1556.38,0.46813349,1.47,56.06859219
1666896490.7254827,1556.63,1556.38,0.46813349,1.47,56.06859219
1666896500.7118175,1556.62,1556.62,0.50663508,0.75,57.64083576
1666896510.7183204,1556.62,1556.62,0.50663508,0.75,57.64083576
1666896523.9465652,1556.62,1557.0,0.53694847,1.13,59.57378434
1666896535.3481193,1556.62,1557.0,0.53694847,1.13,59.57378434
1666896545.317098,1556.62,1557.0,0.53694847,1.13,59.57378434
1666896555.4866903,1556.36,1556.36,0.47927239,0.52,55.81485269
1666896565.4768474,1556.36,1556.36,0.47927239,0.52,55.81485269
1666896575.4627805,1556.36,1556.36,0.47927239,0.52,55.81485269
1666896585.49673,1556.36,1555.94,0.44576812,0.1,52.89957908
1666896595.7119958,1556.36,1555.94,0.44576812,0.1,52.89957908
1666896605.4546642,1556.36,1555.94,0.44576812,0.1,52.89957908
1666896615.4523432,1555.5,1555.5,0.34643482,0.94,50.15931609
1666896625.461281,1555.5,1555.5,0.34643482,0.94,50.15931609
1666896635.4589326,1555.5,1555.5,0.34643482,0.94,50.15931609
1666896645.443652,1555.5,1555.94,0.38153454,1.38,52.79048323
1666896655.5505664,1555.5,1555.94,0.38153454,1.38,52.79048323
1666896665.4584568,1555.5,1555.94,0.38153454,1.38,52.79048323
1666896675.6903603,1556.46,1556.46,0.42849437,0.17,55.56291384
1666896685.5176482,1556.46,1556.46,0.42849437,0.17,55.56291384
1666896695.499806,1556.46,1556.46,0.42849437,0.17,55.56291384
1666896706.2146811,1556.46,1556.18,0.40615819,-0.11,53.73307763
1666896716.2434306,1556.46,1556.18,0.40615819,-0.11,53.73307763
1666896726.2065177,1556.46,1556.18,0.40615819,-0.11,53.73307763
1666896736.5191424,1555.13,1555.13,0.23927539,-0.94,47.83534013
1666896746.3753066,1555.13,1555.13,0.23927539,-0.94,47.83534013
1666896756.496592,1555.13,1555.13,0.23927539,-0.94,47.83534013
1666896766.3247108,1555.13,1555.34,0.25602753,-0.73,49.03924888
1666896776.3225005,1555.13,1555.34,0.25602753,-0.73,49.03924888
1666896786.2537627,1555.13,1555.34,0.25602753,-0.73,49.03924888
1666896796.192268,1555.53,1555.53,0.22797853,-0.16,50.08572894
1666896806.2386968,1555.53,1555.53,0.22797853,-0.16,50.08572894
1666896816.2184465,1555.53,1555.53,0.22797853,-0.16,50.08572894
1666896826.470847,1555.53,1556.01,0.26626913,0.32,52.71672546
1666896836.3610978,1555.53,1556.01,0.26626913,0.32,52.71672546
1666896846.3218412,1555.53,1556.01,0.26626913,0.32,52.71672546
1666896856.275375,1556.08,1556.08,0.27052013,0.2,53.0662842
1666896866.241126,1556.08,1556.08,0.27052013,0.2,53.0662842
1666896876.2376769,1556.08,1556.08,0.27052013,0.2,53.0662842
1666896887.1399138,1556.08,1557.67,0.39735774,1.79,60.45346451
1666896897.1107285,1556.08,1557.67,0.39735774,1.79,60.45346451
1666896906.977174,1556.08,1557.67,0.39735774,1.79,60.45346451
1666896917.0204363,1557.54,1557.54,0.47215712,1.76,59.93834005
1666896927.0757575,1557.54,1557.54,0.47215712,1.76,59.93834005
1666896937.0593414,1557.54,1557.54,0.47215712,1.76,59.93834005
1666896947.0531538,1557.54,1556.5,0.38919416,0.72,53.89062118
1666896957.0008123,1557.54,1556.5,0.38919416,0.72,53.89062118
1666896967.003172,1557.54,1556.5,0.38919416,0.72,53.89062118
1666896977.0518382,1556.01,1556.01,0.31722024,-0.61,51.44498061
1666896986.959454,1556.01,1556.01,0.31722024,-0.61,51.44498061
1666896997.028567,1556.01,1556.01,0.31722024,-0.61,51.44498061
1666897007.2806177,1556.01,1554.54,0.19995528,-2.08,44.86673814
1666897017.4077868,1556.01,1554.54,0.19995528,-2.08,44.86673814
1666897027.6902356,1556.01,1554.54,0.19995528,-2.08,44.86673814
1666897037.3456535,1554.93,1554.93,0.13516864,-1.69,46.44227147
1666897047.1306777,1554.93,1554.93,0.13516864,-1.69,46.44227147
1666897057.8258162,1554.93,1554.93,0.13516864,-1.69,46.44227147
1666897068.4412124,1554.93,1555.77,0.20217718,-0.85,50.47609883
1666897078.519294,1554.93,1555.77,0.20217718,-0.85,50.47609883
1666897088.4212778,1554.93,1555.77,0.20217718,-0.85,50.47609883
1666897098.397592,1555.62,1555.62,0.1560348,-0.74,49.8009451
1666897108.3603292,1555.62,1555.62,0.1560348,-0.74,49.8009451
1666897118.597007,1555.62,1555.62,0.1560348,-0.74,49.8009451
1666897128.3848145,1555.62,1555.11,0.11535104,-1.25,47.4332057
1666897138.5828586,1555.62,1555.11,0.11535104,-1.25,47.4332057
1666897148.413163,1555.62,1555.11,0.11535104,-1.25,47.4332057
1666897158.395713,1554.9,1554.9,0.02569912,-0.59,46.52243742
1666897168.4621277,1554.9,1554.9,0.02569912,-0.59,46.52243742
1666897178.4399152,1554.9,1554.9,0.02569912,-0.59,46.52243742
1666897188.478777,1554.9,1555.61,0.08233729,0.12,50.01683946
1666897198.4802573,1554.9,1555.61,0.08233729,0.12,50.01683946
1666897208.4664798,1554.9,1555.61,0.08233729,0.12,50.01683946
1666897218.4683733,1555.71,1555.71,0.08279465,-0.75,50.47265379
1666897228.4786718,1555.71,1555.71,0.08279465,-0.75,50.47265379
1666897238.4899924,1555.71,1555.71,0.08279465,-0.75,50.47265379
1666897249.4513016,1555.71,1556.28,0.12826474,-0.18,53.09816361
1666897259.22985,1555.71,1556.28,0.12826474,-0.18,53.09816361
1666897269.2306073,1555.71,1556.28,0.12826474,-0.18,53.09816361
1666897279.2229187,1557.29,1557.29,0.29869633,2.17,57.12827207
1666897289.2546492,1557.29,1557.29,0.29869633,2.17,57.12827207
1666897299.2870698,1557.29,1557.29,0.29869633,2.17,57.12827207
1666897309.9218862,1557.29,1557.77,0.33698693,2.65,58.93292848
1666897319.3427532,1557.29,1557.77,0.33698693,2.65,58.93292848
1666897329.5576386,1557.29,1557.77,0.33698693,2.65,58.93292848
1666897340.186522,1559.17,1559.17,0.63146749,3.65,63.42579754
1666897350.1655376,1559.17,1559.17,0.63146749,3.65,63.42579754
1666897359.6386695,1559.17,1559.17,0.63146749,3.65,63.42579754
1666897369.33276,1559.17,1557.52,0.49984356,2.0,55.70461519
1666897379.339427,1559.17,1557.52,0.49984356,2.0,55.70461519
1666897389.3064544,1559.17,1557.52,0.49984356,2.0,55.70461519
1666897399.2866151,1558.29,1558.29,0.64371638,2.2,59.06895356
1666897409.3231587,1558.29,1558.29,0.64371638,2.2,59.06895356
1666897419.2924397,1558.29,1558.29,0.64371638,2.2,59.06895356
1666897429.786072,1558.29,1558.44,0.65568219,2.35,59.58108141
1666897439.8165236,1558.29,1558.44,0.65568219,2.35,59.58108141
1666897449.8290713,1558.29,1558.44,0.65568219,2.35,59.58108141
1666897459.866551,1558.94,1558.94,0.79347837,1.4,61.17765494
1666897469.9572349,1558.94,1558.94,0.79347837,1.4,61.17765494
1666897479.9076931,1558.94,1558.94,0.79347837,1.4,61.17765494
1666897489.8492615,1558.94,1559.12,0.80783734,1.58,61.79006278
1666897500.1703196,1558.94,1559.12,0.80783734,1.58,61.79006278
1666897509.8727272,1558.94,1559.12,0.80783734,1.58,61.79006278
1666897519.9441073,1559.58,1559.58,0.951609,3.57,63.20100235
1666897529.8897765,1559.58,1559.58,0.951609,3.57,63.20100235
1666897539.9751408,1559.58,1559.58,0.951609,3.57,63.20100235
1666897549.785489,1559.58,1560.64,1.03616741,4.63,66.36264177
1666897559.8250122,1559.58,1560.64,1.03616741,4.63,66.36264177
1666897569.7992158,1559.58,1560.64,1.03616741,4.63,66.36264177
1666897579.873727,1560.73,1560.73,1.18721407,5.8,66.57402817
1666897590.2358396,1560.73,1560.73,1.18721407,5.8,66.57402817
1666897599.843747,1560.73,1560.73,1.18721407,5.8,66.57402817
1666897610.653484,1560.73,1560.06,1.13376678,5.13,62.94961573
1666897620.6088872,1560.73,1560.06,1.13376678,5.13,62.94961573
1666897630.5614064,1560.37,1560.37,1.23426963,4.75,64.5542689
1666897640.591461,1560.37,1560.37,1.23426963,4.75,64.5542689
1666897650.5859473,1560.37,1560.37,1.23426963,4.75,64.5542689
1666897660.658549,1560.37,1559.67,1.17842917,4.05,60.76200909
1666897670.6320744,1560.37,1559.67,1.17842917,4.05,60.76200909
1666897680.5870206,1560.37,1559.67,1.17842917,4.05,60.76200909
1666897690.857822,1560.37,1559.67,1.17842917,4.05,60.76200909
1666897700.5799348,1560.04,1560.04,1.23293005,5.14,62.70258008
1666897710.6352234,1560.04,1560.04,1.23293005,5.14,62.70258008
1666897720.6582994,1560.04,1560.04,1.23293005,5.14,62.70258008
1666897730.664278,1560.04,1559.62,1.19942577,4.72,60.34638998
1666897740.7011576,1560.04,1559.62,1.19942577,4.72,60.34638998
1666897750.911418,1559.5,1559.5,1.16274412,3.79,59.6991948
1666897760.69472,1559.5,1559.5,1.16274412,3.79,59.6991948
1666897770.7017682,1559.5,1559.5,1.16274412,3.79,59.6991948
1666897780.6945417,1559.5,1557.83,1.02952474,2.12,51.43234229
1666897791.5471113,1559.5,1557.83,1.02952474,2.12,51.43234229
1666897801.4520636,1559.5,1557.83,1.02952474,2.12,51.43234229
1666897811.450187,1559.5,1557.83,1.02952474,2.12,51.43234229
1666897821.4911888,1557.22,1557.22,0.80656365,-0.06,48.95313465
1666897831.567176,1557.22,1557.22,0.80656365,-0.06,48.95313465
1666897841.4808965,1557.22,1558.03,0.87117904,0.75,52.24464315
1666897851.497894,1557.22,1558.03,0.87117904,0.75,52.24464315
1666897861.907425,1557.22,1558.03,0.87117904,0.75,52.24464315
1666897871.4702854,1558.55,1558.55,0.84696742,-0.61,54.14920072
1666897881.4451234,1558.55,1558.55,0.84696742,-0.61,54.14920072
1666897891.43691,1558.55,1558.55,0.84696742,-0.61,54.14920072
1666897901.7631304,1558.55,1557.8,0.78713837,-1.36,51.00241701
1666897911.523712,1558.55,1557.8,0.78713837,-1.36,51.00241701
1666897921.5225265,1558.55,1557.8,0.78713837,-1.36,51.00241701
1666897931.5980422,1558.63,1558.63,0.79840542,0.34,54.44929344
1666897941.6658628,1558.63,1558.63,0.79840542,0.34,54.44929344
1666897951.5202267,1558.63,1558.63,0.79840542,0.34,54.44929344
1666897961.637452,1558.63,1559.14,0.83908918,0.85,56.40804676
1666897971.958068,1558.63,1559.14,0.83908918,0.85,56.40804676
1666897981.9240344,1558.63,1559.14,0.83908918,0.85,56.40804676
1666897991.926362,1559.5,1559.5,0.86986093,0.55,57.67606526
1666898001.9696558,1559.5,1559.5,0.86986093,0.55,57.67606526
1666898011.9918015,1559.5,1559.5,0.86986093,0.55,57.67606526
1666898022.0601912,1559.5,1560.61,0.95840794,1.66,61.45989513
1666898032.297138,1559.5,1560.61,0.95840794,1.66,61.45989513
1666898041.9699914,1559.5,1560.61,0.95840794,1.66,61.45989513
1666898052.2209563,1560.85,1560.85,1.05115555,1.26,62.19070642
1666898061.990755,1560.85,1560.85,1.05115555,1.26,62.19070642
1666898072.0881808,1560.85,1560.85,1.05115555,1.26,62.19070642
1666898082.0523355,1560.85,1559.57,0.94904729,-0.02,56.10958642
1666898092.0441215,1560.85,1559.57,0.94904729,-0.02,56.10958642
1666898102.0007334,1560.85,1559.57,0.94904729,-0.02,56.10958642
1666898112.0280316,1560.7,1560.7,1.07626282,-0.04,61.42857706
1666898122.050321,1560.7,1560.7,1.07626282,-0.04,61.42857706
1666898132.0434475,1560.7,1560.7,1.07626282,-0.04,61.42857706
1666898141.9850447,1560.7,1562.48,1.21825713,1.74,66.77203234
1666898153.2356112,1560.7,1562.48,1.21825713,1.74,66.77203234
1666898163.2025614,1560.7,1562.48,1.21825713,1.74,66.77203234
1666898173.239203,1563.5,1563.5,1.48824265,3.14,69.21753157
1666898183.7428768,1563.5,1563.5,1.48824265,3.14,69.21753157
1666898193.2692745,1563.5,1563.5,1.48824265,3.14,69.21753157
1666898203.5012174,1563.5,1562.98,1.44676117,2.62,66.55597218
1666898213.327878,1563.5,1562.98,1.44676117,2.62,66.55597218
1666898223.3319263,1563.5,1562.98,1.44676117,2.62,66.55597218
1666898233.3094058,1562.4,1562.4,1.46418651,2.37,63.79053694
1666898243.265081,1562.4,1562.4,1.46418651,2.37,63.79053694
1666898253.263804,1562.4,1562.4,1.46418651,2.37,63.79053694
1666898263.305896,1562.4,1562.4,1.46418651,2.37,63.79053694
1666898273.2678592,1562.4,1562.26,1.45301842,2.23,63.10890206
1666898283.2406473,1562.4,1562.26,1.45301842,2.23,63.10890206
1666898293.3447905,1561.38,1561.38,1.35259703,1.88,59.1261007
1666898303.2686408,1561.38,1561.38,1.35259703,1.88,59.1261007
1666898313.2974453,1561.38,1561.38,1.35259703,1.88,59.1261007
1666898323.286353,1561.38,1562.7,1.45789617,3.2,62.89316772
1666898333.7733042,1561.38,1562.7,1.45789617,3.2,62.89316772
1666898343.7223332,1561.38,1562.7,1.45789617,3.2,62.89316772
1666898353.7647376,1562.26,1562.26,1.43791272,5.03,61.71919735
1666898363.8020473,1562.26,1562.26,1.43791272,5.03,61.71919735
1666898373.8541684,1562.26,1562.26,1.43791272,5.03,61.71919735
1666898383.809569,1562.26,1562.31,1.44190132,5.08,61.86709629
1666898393.8081129,1562.26,1562.31,1.44190132,5.08,61.86709629
1666898403.736491,1562.26,1562.31,1.44190132,5.08,61.86709629
1666898413.8215845,1561.9,1561.9,1.38371988,3.37,60.05418165
1666898423.7742858,1561.9,1561.9,1.38371988,3.37,60.05418165
1666898433.7662232,1561.9,1561.9,1.38371988,3.37,60.05418165
1666898443.8119705,1561.9,1561.19,1.3270817,2.66,56.77357889
1666898453.7571096,1561.9,1561.19,1.3270817,2.66,56.77357889
1666898463.7685645,1561.9,1561.19,1.3270817,2.66,56.77357889
1666898473.717839,1561.54,1561.54,1.29709244,2.91,58.34119555
1666898483.723177,1561.54,1561.54,1.29709244,2.91,58.34119555
1666898493.747151,1561.54,1561.54,1.29709244,2.91,58.34119555
1666898503.716477,1561.54,1562.03,1.33618076,3.4,60.0260498
1666898514.603768,1561.54,1562.03,1.33618076,3.4,60.0260498
1666898524.535649,1561.54,1562.03,1.33618076,3.4,60.0260498
1666898534.584155,1561.65,1561.65,1.25124905,2.14,58.74518644
1666898544.6324036,1561.65,1561.65,1.25124905,2.14,58.74518644
1666898554.5549529,1561.65,1561.65,1.25124905,2.14,58.74518644
1666898564.5611403,1561.65,1561.65,1.25124905,2.14,58.74518644
1666898574.6428392,1561.65,1561.47,1.23689008,1.96,57.81251047
1666898584.6863031,1561.65,1561.47,1.23689008,1.96,57.81251047
1666898594.5977378,1561.59,1561.59,1.18695683,0.75,58.43740814
1666898604.5213037,1561.59,1561.59,1.18695683,0.75,58.43740814
1666898614.6680126,1561.59,1561.59,1.18695683,0.75,58.43740814
1666898624.566637,1561.59,1561.49,1.17897962,0.65,57.87239974
1666898634.569867,1561.59,1561.49,1.17897962,0.65,57.87239974
1666898644.7776165,1561.59,1561.49,1.17897962,0.65,57.87239974
1666898654.5950294,1560.95,1560.95,1.03571183,0.25,55.00078229
1666898664.603408,1560.95,1560.95,1.03571183,0.25,55.00078229
1666898674.6067786,1560.95,1560.95,1.03571183,0.25,55.00078229
1666898684.607798,1560.95,1561.75,1.0995295,1.05,58.30183844
1666898695.191316,1560.95,1561.75,1.0995295,1.05,58.30183844
1666898705.202753,1560.95,1561.75,1.0995295,1.05,58.30183844
1666898736.3285563,1561.26,1561.26,0.98923411,-2.23,56.34012045
1666898746.2049866,1561.26,1561.31,0.99322271,-2.18,56.56467474
1666898756.224997,1561.26,1561.31,0.99322271,-2.18,56.56467474
1666898766.2243376,1561.26,1561.31,0.99322271,-2.18,56.56467474
1666898776.214089,1562.15,1562.15,1.04736848,-0.25,60.02219379
1666898786.1904027,1562.15,1562.15,1.04736848,-0.25,60.02219379
1666898796.3131876,1562.15,1562.15,1.04736848,-0.25,60.02219379
1666898806.3090844,1562.15,1562.23,1.05375024,-0.17,60.34564609
1666898816.3181612,1562.15,1562.23,1.05375024,-0.17,60.34564609
1666898826.2898157,1562.15,1562.23,1.05375024,-0.17,60.34564609
1666898836.3152063,1562.57,1562.57,1.08596812,1.2,61.63647761
1666898846.2908945,1562.57,1562.57,1.08596812,1.2,61.63647761
1666898856.3148828,1562.57,1562.57,1.08596812,1.2,61.63647761
1666898866.2999153,1562.57,1562.54,1.08357496,1.17,61.44278434
1666898876.285153,1562.57,1562.54,1.08357496,1.17,61.44278434
1666898887.3270729,1562.57,1562.54,1.08357496,1.17,61.44278434
1666898897.2408826,1562.5,1562.5,1.06644824,0.25,61.16623277
1666898907.261268,1562.5,1562.5,1.06644824,0.25,61.16623277
1666898917.2574189,1562.5,1562.5,1.06644824,0.25,61.16623277
1666898927.2691896,1562.5,1562.87,1.09596391,0.62,62.71272153
1666898937.32883,1562.5,1562.87,1.09596391,0.62,62.71272153
1666898947.300881,1562.5,1562.87,1.09596391,0.62,62.71272153
1666898957.2863789,1563.5,1563.5,1.18474818,1.59,65.0832227
1666898967.286749,1563.5,1563.5,1.18474818,1.59,65.0832227
1666898977.252273,1563.5,1563.5,1.18474818,1.59,65.0832227
1666898987.2547684,1563.5,1564.22,1.24218408,2.31,67.61415972
1666898997.2312667,1563.5,1564.22,1.24218408,2.31,67.61415972
1666899007.307742,1563.5,1564.22,1.24218408,2.31,67.61415972
1666899017.2459931,1564.26,1564.26,1.3094929,2.71,67.74405234
1666899027.2895236,1564.26,1564.26,1.3094929,2.71,67.74405234
1666899037.2872252,1564.26,1564.26,1.3094929,2.71,67.74405234
1666899047.2855248,1564.26,1563.54,1.25205701,1.99,62.85707138
1666899057.269492,1564.26,1563.54,1.25205701,1.99,62.85707138
1666899068.1809895,1564.26,1563.54,1.25205701,1.99,62.85707138
1666899078.1189947,1564.4,1564.4,1.36397961,2.76,68.2270218
1666899088.1263626,1564.4,1564.4,1.36397961,2.76,68.2270218
1666899098.1828473,1564.4,1564.4,1.36397961,2.76,68.2270218
1666899108.586972,1564.4,1565.03,1.41423602,3.39,70.36559248
1666899118.1898394,1564.4,1565.03,1.41423602,3.39,70.36559248
1666899128.1681972,1564.4,1565.03,1.41423602,3.39,70.36559248
1666899138.1842294,1564.04,1564.04,1.33149336,2.44,65.52787241
1666899148.1610866,1564.04,1564.04,1.33149336,2.44,65.52787241
1666899158.153782,1564.04,1564.04,1.33149336,2.44,65.52787241
1666899168.3235867,1564.04,1565.7,1.46391502,4.1,71.19279819
1666899178.311998,1564.04,1565.7,1.46391502,4.1,71.19279819
1666899188.3997748,1564.04,1565.7,1.46391502,4.1,71.19279819
1666899198.341173,1564.72,1564.72,1.41011877,3.77,68.09776561
1666899208.3184285,1564.72,1564.72,1.41011877,3.77,68.09776561
1666899218.294012,1564.72,1564.72,1.41011877,3.77,68.09776561
1666899228.3744376,1564.72,1563.88,1.34311022,2.93,61.95352691
1666899238.3790617,1564.72,1563.88,1.34311022,2.93,61.95352691
1666899249.7822735,1564.72,1563.88,1.34311022,2.93,61.95352691
1666899259.7221365,1564.35,1564.35,1.36146226,3.09,65.24180375
1666899269.7497478,1564.35,1564.35,1.36146226,3.09,65.24180375
1666899279.7495055,1564.35,1564.35,1.36146226,3.09,65.24180375
1666899289.8854945,1564.35,1565.2,1.42926853,3.94,68.54401951
1666899300.209854,1564.35,1565.2,1.42926853,3.94,68.54401951
1666899309.759477,1564.35,1565.2,1.42926853,3.94,68.54401951
1666899319.8207104,1564.4,1564.4,1.33677787,2.26,65.49295632
1666899329.8186476,1564.4,1564.4,1.33677787,2.26,65.49295632
1666899339.8520143,1564.4,1564.4,1.33677787,2.26,65.49295632
1666899349.7751262,1564.4,1563.35,1.25301719,1.21,57.60736928
1666899359.7234335,1564.4,1563.35,1.25301719,1.21,57.60736928
1666899369.7824538,1564.4,1563.35,1.25301719,1.21,57.60736928
1666899379.8118858,1562.61,1562.61,1.04604957,0.03,53.07990327
1666899389.788843,1562.61,1562.61,1.04604957,0.03,53.07990327
1666899399.8243456,1562.61,1562.61,1.04604957,0.03,53.07990327
1666899409.7747889,1562.61,1561.14,0.92878461,-1.44,45.44943724
1666899419.7422695,1562.61,1561.14,0.92878461,-1.44,45.44943724
1666899430.786405,1561.73,1561.73,0.79445029,-0.76,48.23464563
1666899440.700155,1561.73,1561.73,0.79445029,-0.76,48.23464563
1666899450.6568718,1561.73,1561.73,0.79445029,-0.76,48.23464563
1666899461.1030512,1561.73,1561.73,0.79445029,-0.76,48.23464563
1666899470.7285607,1561.73,1562.7,0.87182921,0.21,53.30148
1666899480.6957629,1561.73,1562.7,0.87182921,0.21,53.30148
1666899490.764706,1562.63,1562.63,0.76988468,-0.86,52.9729518
1666899500.8076584,1562.63,1562.63,0.76988468,-0.86,52.9729518
1666899511.039386,1562.63,1562.63,0.76988468,-0.86,52.9729518
1666899520.8780513,1562.63,1563.07,0.80498439,-0.42,55.13333852
1666899530.992302,1562.63,1563.07,0.80498439,-0.42,55.13333852
1666899541.0259998,1562.63,1563.07,0.80498439,-0.42,55.13333852
1666899550.791075,1563.06,1563.06,0.74702582,-1.2,55.08644547
1666899560.9286911,1563.06,1563.06,0.74702582,-1.2,55.08644547
1666899571.3641334,1563.06,1563.06,0.74702582,-1.2,55.08644547
1666899581.0470288,1563.06,1562.82,0.72788052,-1.44,53.63750913
1666899591.0366075,1563.06,1562.82,0.72788052,-1.44,53.63750913
1666899600.8200357,1563.06,1562.82,0.72788052,-1.44,53.63750913
1666899611.6158583,1562.56,1562.56,0.62366322,-1.83,52.1471857
1666899621.5788136,1562.56,1562.56,0.62366322,-1.83,52.1471857
1666899631.5464177,1562.56,1562.56,0.62366322,-1.83,52.1471857
1666899641.8434403,1562.56,1562.56,0.62366322,-1.83,52.1471857
1666899651.909355,1562.56,1562.24,0.59813615,-2.15,50.30021466
1666899661.6076913,1562.56,1562.24,0.59813615,-2.15,50.30021466
1666899671.5891476,1563.36,1563.36,0.66423498,-0.67,56.16606793
1666899681.565497,1563.36,1563.36,0.66423498,-0.67,56.16606793
1666899691.5749674,1563.36,1563.36,0.66423498,-0.67,56.16606793
1666899701.5576804,1563.36,1562.98,0.63392159,-1.05,53.85017482
1666899711.5770864,1563.36,1562.98,0.63392159,-1.05,53.85017482
1666899721.5937002,1563.36,1562.98,0.63392159,-1.05,53.85017482
1666899731.591211,1563.36,1562.98,0.63392159,-1.05,53.85017482
1666899741.552933,1562.81,1562.81,0.56007839,-1.91,52.87482864
1666899751.587774,1562.81,1562.81,0.56007839,-1.91,52.87482864
1666899761.5665534,1562.81,1562.27,0.51700147,-2.45,49.7899179
1666899771.6106625,1562.81,1562.27,0.51700147,-2.45,49.7899179
1666899781.624949,1562.81,1562.27,0.51700147,-2.45,49.7899179
1666899792.221535,1562.91,1562.91,0.51998663,-1.45,53.41346514
1666899802.2783887,1562.91,1562.91,0.51998663,-1.45,53.41346514
1666899812.5573697,1562.91,1562.91,0.51998663,-1.45,53.41346514
1666899822.3536897,1562.91,1563.78,0.58938834,-0.58,57.88871538
1666899832.2824044,1562.91,1563.78,0.58938834,-0.58,57.88871538
1666899842.8589227,1562.91,1563.78,0.58938834,-0.58,57.88871538
1666899852.3442357,1562.91,1563.78,0.58938834,-0.58,57.88871538
1666899862.383392,1564.08,1564.08,0.64180319,-0.31,59.2422859
1666899872.3486362,1564.08,1564.08,0.64180319,-0.31,59.2422859
1666899882.394979,1564.08,1563.29,0.57878324,-1.1,54.31397397
1666899892.390701,1564.08,1563.29,0.57878324,-1.1,54.31397397
1666899902.3746288,1564.08,1563.29,0.57878324,-1.1,54.31397397
1666899912.3230276,1563.42,1563.42,0.56474676,0.82,55.0663065
1666899922.319694,1563.42,1563.42,0.56474676,0.82,55.0663065
1666899932.3894918,1563.42,1563.42,0.56474676,0.82,55.0663065
1666899942.4344473,1563.42,1563.8,0.59506015,1.2,56.96983888
1666899952.5762844,1563.42,1563.8,0.59506015,1.2,56.96983888
1666899962.3767934,1563.42,1563.8,0.59506015,1.2,56.96983888
1666899973.4219334,1563.55,1563.55,0.55632495,1.82,55.74754978
1666899983.3821838,1563.55,1563.55,0.55632495,1.82,55.74754978
1666899993.403756,1563.55,1563.55,0.55632495,1.82,55.74754978
1666900003.7463255,1563.55,1563.27,0.53398876,1.54,53.90459385
1666900013.4764583,1563.55,1563.27,0.53398876,1.54,53.90459385
1666900023.460641,1563.55,1563.27,0.53398876,1.54,53.90459385
1666900033.4852376,1562.95,1562.95,0.45045344,0.33,51.92792698
1666900043.4521725,1562.95,1562.95,0.45045344,0.33,51.92792698
1666900053.4836133,1562.95,1562.95,0.45045344,0.33,51.92792698
1666900063.5007973,1562.95,1563.09,0.46162153,0.47,52.7423877
1666900073.4660609,1562.95,1563.09,0.46162153,0.47,52.7423877
1666900083.4941416,1562.95,1563.09,0.46162153,0.47,52.7423877
1666900093.478928,1563.08,1563.08,0.41949002,0.02,52.67373967
1666900103.4901378,1563.08,1563.08,0.41949002,0.02,52.67373967
1666900113.450431,1563.08,1563.08,0.41949002,0.02,52.67373967
1666900123.5022,1563.08,1563.43,0.44741025,0.37,54.74757396
1666900133.5197997,1563.08,1563.43,0.44741025,0.37,54.74757396
1666900143.6018212,1563.08,1563.43,0.44741025,0.37,54.74757396
1666900154.2873776,1563.13,1563.13,0.38876861,0.56,52.98746753
1666900164.2384572,1563.13,1563.13,0.38876861,0.56,52.98746753
1666900174.313262,1563.13,1563.13,0.38876861,0.56,52.98746753
1666900184.228536,1563.13,1563.78,0.44062047,1.21,56.89911771
1666900194.516803,1563.13,1563.78,0.44062047,1.21,56.89911771
1666900204.2499497,1563.13,1563.78,0.44062047,1.21,56.89911771
1666900214.2435193,1563.81,1563.81,0.45388615,0.44,57.04045004
1666900224.1759408,1563.81,1563.81,0.45388615,0.44,57.04045004
1666900234.198686,1563.81,1563.81,0.45388615,0.44,57.04045004
1666900244.197642,1563.81,1563.37,0.41878643,0.0,53.79835249
1666900254.1910622,1563.81,1563.37,0.41878643,0.0,53.79835249
1666900264.2405858,1563.81,1563.37,0.41878643,0.0,53.79835249
1666900274.2091415,1563.43,1563.43,0.40288927,0.62,54.21858523
1666900284.7154634,1563.43,1563.43,0.40288927,0.62,54.21858523
1666900294.2913003,1563.43,1563.43,0.40288927,0.62,54.21858523
1666900304.2315886,1563.43,1562.24,0.30796049,-0.57,46.46615228
1666900314.2969973,1563.43,1562.24,0.30796049,-0.57,46.46615228
1666900324.302798,1563.43,1562.24,0.30796049,-0.57,46.46615228
1666900334.765318,1561.54,1561.54,0.11491782,-1.36,42.86115619
1666900344.758098,1561.54,1561.54,0.11491782,-1.36,42.86115619
1666900354.927338,1561.54,1561.54,0.11491782,-1.36,42.86115619
1666900364.761423,1561.54,1561.96,0.1484221,-0.94,45.58882791
1666900374.7118735,1561.54,1561.96,0.1484221,-0.94,45.58882791
1666900384.7425652,1561.54,1561.96,0.1484221,-0.94,45.58882791
1666900394.7824366,1562.67,1562.67,0.16585322,-1.4,49.65188503
1666900404.778643,1562.67,1562.67,0.16585322,-1.4,49.65188503
1666900414.7750916,1562.67,1562.67,0.16585322,-1.4,49.65188503
1666900424.7369332,1562.67,1562.96,0.18898712,-1.11,51.25305195
1666900434.767305,1562.67,1562.96,0.18898712,-1.11,51.25305195
1666900444.7479246,1562.67,1562.96,0.18898712,-1.11,51.25305195
1666900454.7559516,1562.3,1562.3,0.08032535,-1.13,47.66424148
1666900464.723739,1562.3,1562.3,0.08032535,-1.13,47.66424148
1666900474.72874,1562.3,1562.3,0.08032535,-1.13,47.66424148
1666900484.7506173,1562.3,1562.43,0.09069572,-1.0,48.44706517
1666900494.748066,1562.3,1562.43,0.09069572,-1.0,48.44706517
1666900504.7962286,1562.3,1562.43,0.09069572,-1.0,48.44706517
1666900515.65254,1561.22,1561.22,-0.11713664,-2.32,42.32950988
1666900525.6569574,1561.22,1561.22,-0.11713664,-2.32,42.32950988
1666900535.6674972,1561.22,1561.22,-0.11713664,-2.32,42.32950988
1666900546.464641,1561.22,1561.49,-0.09559818,-2.05,44.01775184
1666900555.636246,1561.22,1561.49,-0.09559818,-2.05,44.01775184
1666900565.6981144,1561.22,1561.49,-0.09559818,-2.05,44.01775184
1666900575.6935248,1560.17,1560.17,-0.3508146,-2.77,37.8620754
1666900585.6740024,1560.17,1560.17,-0.3508146,-2.77,37.8620754
1666900595.7116275,1560.17,1560.17,-0.3508146,-2.77,37.8620754
1666900605.689322,1560.17,1558.82,-0.45850691,-4.12,33.04916124
1666900615.673802,1560.17,1558.82,-0.45850691,-4.12,33.04916124
1666900625.6982276,1560.17,1558.82,-0.45850691,-4.12,33.04916124
1666900635.736441,1559.26,1559.26,-0.59352904,-3.83,34.51296747
1666900645.694746,1559.26,1559.26,-0.59352904,-3.83,34.51296747
1666900655.6867626,1559.26,1559.26,-0.59352904,-3.83,34.51296747
1666900665.7070374,1559.26,1559.76,-0.553643,-3.33,37.79642448
1666900675.6901958,1559.26,1559.76,-0.553643,-3.33,37.79642448
1666900685.6775262,1559.26,1559.76,-0.553643,-3.33,37.79642448
1666900696.6836486,1560.34,1560.34,-0.56737094,-2.79,41.21969674
1666900707.1439798,1560.34,1560.34,-0.56737094,-2.79,41.21969674
1666900716.6987324,1560.34,1560.34,-0.56737094,-2.79,41.21969674
1666900726.7132514,1560.34,1558.65,-0.70218576,-4.48,35.13064163
1666900736.6526682,1560.34,1558.65,-0.70218576,-4.48,35.13064163
1666900746.7099967,1560.34,1558.65,-0.70218576,-4.48,35.13064163
1666900756.963513,1559.98,1559.98,-0.6587918,-3.84,39.76360937
1666900766.9141283,1559.98,1559.98,-0.6587918,-3.84,39.76360937
1666900777.044072,1559.98,1559.98,-0.6587918,-3.84,39.76360937
1666900786.9478445,1559.98,1562.17,-0.48409094,-1.65,51.11204825
1666900796.9679215,1559.98,1562.17,-0.48409094,-1.65,51.11204825
1666900806.9612262,1559.98,1562.17,-0.48409094,-1.65,51.11204825
1666900817.2542367,1562.36,1562.36,-0.36334269,-1.07,51.89827411
1666900827.1978135,1562.36,1562.36,-0.36334269,-1.07,51.89827411
1666900837.201866,1562.36,1562.36,-0.36334269,-1.07,51.89827411
1666900847.2848256,1562.36,1562.8,-0.32824298,-0.63,53.75313582
1666900857.2568765,1562.36,1562.8,-0.32824298,-0.63,53.75313582
1666900867.6450152,1562.36,1562.8,-0.32824298,-0.63,53.75313582
1666900877.9652624,1562.32,1562.32,-0.2815122,0.78,51.70611941
1666900887.941113,1562.32,1562.32,-0.2815122,0.78,51.70611941
1666900897.8859036,1562.32,1562.32,-0.2815122,0.78,51.70611941
1666900907.8980186,1562.32,1553.2,-1.00903357,-8.34,27.32940127
1666900917.9242854,1562.32,1553.2,-1.00903357,-8.34,27.32940127
1666900927.8834348,1562.32,1553.2,-1.00903357,-8.34,27.32940127
1666900937.8821952,1553.3,1553.3,-1.48740654,-9.37,27.47141144
1666900947.9089682,1553.3,1553.3,-1.48740654,-9.37,27.47141144
1666900957.9342923,1553.3,1553.3,-1.48740654,-9.37,27.47141144
1666900967.9479492,1553.3,1549.37,-1.80091082,-13.3,22.51901004
1666900977.8951297,1553.3,1549.37,-1.80091082,-13.3,22.51901004
1666900987.935747,1553.3,1549.37,-1.80091082,-13.3,22.51901004
1666900997.9242442,1552.23,1552.23,-2.00275749,-10.06,25.91944115
1666901007.8565383,1552.23,1552.23,-2.00275749,-10.06,25.91944115
1666901017.9402244,1552.23,1552.23,-2.00275749,-10.06,25.91944115
1666901028.4130929,1552.23,1553.06,-1.93654667,-9.23,29.25799798
1666901037.9195454,1552.23,1553.06,-1.93654667,-9.23,29.25799798
1666901047.9761455,1552.23,1553.06,-1.93654667,-9.23,29.25799798
1666901058.6942823,1552.61,1552.61,-2.26310683,-8.6,27.48621921
1666901068.5887427,1552.61,1552.61,-2.26310683,-8.6,27.48621921
1666901078.6163888,1552.61,1552.61,-2.26310683,-8.6,27.48621921
1666901088.6025496,1552.61,1549.23,-2.53273646,-11.98,22.8558254
1666901098.662073,1552.61,1549.23,-2.53273646,-11.98,22.8558254
1666901108.618565,1552.61,1549.23,-2.53273646,-11.98,22.8558254
1666901118.6328783,1553.02,1553.02,-2.40770094,-7.15,29.22866631
1666901128.6842823,1553.02,1553.02,-2.40770094,-7.15,29.22866631
1666901138.6784413,1553.02,1553.02,-2.40770094,-7.15,29.22866631
1666901148.6739547,1553.02,1552.13,-2.47869809,-8.04,27.6502117
1666901158.6339738,1553.02,1552.13,-2.47869809,-8.04,27.6502117
1666901168.6656969,1553.02,1552.13,-2.47869809,-8.04,27.6502117
1666901178.6369276,1549.22,1549.22,-3.05572598,-10.03,23.55618794
1666901188.7869086,1549.22,1549.22,-3.05572598,-10.03,23.55618794
1666901198.66789,1549.22,1549.22,-3.05572598,-10.03,23.55618794
1666901208.6351423,1549.22,1549.74,-3.0142445,-9.51,25.67400133
1666901218.921267,1549.22,1549.74,-3.0142445,-9.51,25.67400133
1666901228.7212076,1549.22,1549.74,-3.0142445,-9.51,25.67400133
1666901239.61059,1547.1,1547.1,-3.59080523,-13.23,21.10455397
1666901249.591375,1547.1,1547.1,-3.59080523,-13.23,21.10455397
1666901259.549987,1547.1,1547.1,-3.59080523,-13.23,21.10455397
1666901269.5955815,1547.1,1545.24,-3.7391813,-15.09,19.21502585
1666901279.598734,1547.1,1545.24,-3.7391813,-15.09,19.21502585
1666901289.6002536,1547.1,1545.24,-3.7391813,-15.09,19.21502585
1666901299.6735525,1543.3,1543.3,-4.37378454,-16.67,17.57392685
1666901309.609131,1543.3,1543.3,-4.37378454,-16.67,17.57392685
1666901319.6690984,1543.3,1543.3,-4.37378454,-16.67,17.57392685
1666901329.616984,1543.3,1545.53,-4.1958928,-14.44,25.45524266
1666901339.5958729,1543.3,1545.53,-4.1958928,-14.44,25.45524266
1666901349.8674948,1543.3,1545.53,-4.1958928,-14.44,25.45524266
1666901359.6539686,1542.0,1542.0,-4.88304342,-20.36,16.55309054
1666901369.6024003,1542.0,1542.0,-4.88304342,-20.36,16.55309054
1666901379.718723,1542.0,1542.0,-4.88304342,-20.36,16.55309054
1666901389.648698,1542.0,1542.94,-4.80805767,-19.42,20.13478118
1666901399.697976,1542.0,1542.94,-4.80805767,-19.42,20.13478118
1666901409.6403556,1542.0,1542.94,-4.80805767,-19.42,20.13478118
1666901420.3261318,1542.2,1542.2,-5.11749137,-20.13,17.31693152
1666901430.3137617,1542.2,1542.2,-5.11749137,-20.13,17.31693152
1666901440.329207,1542.2,1541.0,-5.21321786,-21.33,16.31185812
1666901450.3898528,1542.2,1541.0,-5.21321786,-21.33,16.31185812
1666901460.3819654,1542.2,1541.0,-5.21321786,-21.33,16.31185812
1666901470.381069,1542.2,1541.0,-5.21321786,-21.33,16.31185812
1666901480.4522183,1541.85,1541.85,-5.30544934,-11.45,17.04767774
1666901490.3689518,1541.85,1541.85,-5.30544934,-11.45,17.04767774
1666901500.4281623,1541.85,1539.99,-5.45382541,-13.31,15.45073885
1666901510.4314568,1541.85,1539.99,-5.45382541,-13.31,15.45073885
1666901520.4359715,1541.85,1539.99,-5.45382541,-13.31,15.45073885
1666901530.4439144,1541.85,1539.99,-5.45382541,-13.31,15.45073885
1666901540.7077854,1539.98,1539.98,-5.63471284,-12.25,15.48037108
1666901550.4250786,1539.98,1539.98,-5.63471284,-12.25,15.48037108
1666901560.4652212,1539.98,1533.97,-6.11414304,-18.26,11.70703744
1666901570.4639244,1539.98,1533.97,-6.11414304,-18.26,11.70703744
1666901580.4399335,1539.98,1533.97,-6.11414304,-18.26,11.70703744
1666901590.4834514,1539.98,1533.97,-6.11414304,-18.26,11.70703744
1666901601.42158,1535.61,1535.61,-6.32872459,-17.0,12.53462454
1666901611.2559223,1535.61,1535.61,-6.32872459,-17.0,12.53462454
1666901621.268889,1535.61,1527.42,-6.98205793,-25.19,9.08186415
1666901631.2917366,1535.61,1527.42,-6.98205793,-25.19,9.08186415
1666901641.3005393,1535.61,1527.42,-6.98205793,-25.19,9.08186415
1666901651.2935927,1535.61,1527.42,-6.98205793,-25.19,9.08186415
1666901661.3037362,1529.12,1529.12,-7.44466355,-23.89,9.63262732
1666901671.5020993,1529.12,1529.12,-7.44466355,-23.89,9.63262732
1666901681.4126766,1529.12,1529.56,-7.40956383,-23.45,11.13476663
1666901691.3583224,1529.12,1529.56,-7.40956383,-23.45,11.13476663
1666901701.398502,1529.12,1529.56,-7.40956383,-23.45,11.13476663
1666901711.4461937,1529.12,1529.56,-7.40956383,-23.45,11.13476663
1666901721.4254248,1531.93,1531.93,-7.43128493,-17.29,18.43748934
1666901731.888379,1531.93,1531.93,-7.43128493,-17.29,18.43748934
1666901741.8312242,1531.93,1533.13,-7.33555843,-16.09,21.93552284
1666901752.0685682,1531.93,1533.13,-7.33555843,-16.09,21.93552284
1666901761.6515162,1531.93,1533.13,-7.33555843,-16.09,21.93552284
1666901771.8563497,1531.8,1531.8,-7.53011679,-15.3,18.34841938
1666901783.2937393,1531.8,1531.8,-7.53011679,-15.3,18.34841938
1666901792.7280257,1531.8,1531.8,-7.53011679,-15.3,18.34841938
1666901802.755199,1531.8,1530.39,-7.64259542,-16.71,17.36836778
1666901812.7619674,1531.8,1530.39,-7.64259542,-16.71,17.36836778
1666901822.7791746,1531.8,1530.39,-7.64259542,-16.71,17.36836778
1666901832.714875,1529.61,1529.61,-7.82319478,-13.69,16.86989867
1666901842.773004,1529.61,1529.61,-7.82319478,-13.69,16.86989867
1666901852.7672615,1529.61,1529.61,-7.82319478,-13.69,16.86989867
1666901862.812676,1529.61,1528.03,-7.94923467,-15.27,15.87594532
1666901872.7700377,1529.61,1528.03,-7.94923467,-15.27,15.87594532
1666901882.782108,1529.61,1528.03,-7.94923467,-15.27,15.87594532
1666901892.776801,1526.57,1526.57,-8.25591324,-15.44,15.05581598
1666901902.7500966,1526.57,1526.57,-8.25591324,-15.44,15.05581598
1666901912.7582984,1526.57,1526.57,-8.25591324,-15.44,15.05581598
1666901923.1499324,1526.57,1527.92,-8.14822094,-14.09,19.18723657
1666901932.849512,1526.57,1527.92,-8.14822094,-14.09,19.18723657
1666901942.808811,1526.57,1527.92,-8.14822094,-14.09,19.18723657
1666901952.8641226,1518.64,1518.64,-9.43310018,-23.56,11.58799282
1666901963.5217578,1518.64,1518.64,-9.43310018,-23.56,11.58799282
1666901973.4798398,1518.64,1518.64,-9.43310018,-23.56,11.58799282
1666901983.5058086,1518.64,1521.78,-9.18261585,-20.42,19.5414312
1666901993.5568707,1518.64,1521.78,-9.18261585,-20.42,19.5414312
1666902003.5428038,1518.64,1521.78,-9.18261585,-20.42,19.5414312
1666902013.5348265,1521.56,1521.56,-9.33887348,-20.28,19.03109666
1666902023.5688174,1521.56,1521.56,-9.33887348,-20.28,19.03109666
1666902033.60851,1521.56,1521.56,-9.33887348,-20.28,19.03109666
1666902043.5951116,1521.56,1521.4,-9.35163701,-20.44,18.93702121
1666902053.5972743,1521.56,1521.4,-9.35163701,-20.44,18.93702121
1666902063.5320797,1521.56,1521.4,-9.35163701,-20.44,18.93702121
1666902073.498201,1519.93,1519.93,-9.56353586,-20.04,18.10898682
1666902083.788956,1519.93,1519.93,-9.56353586,-20.04,18.10898682
1666902093.5986536,1519.93,1519.93,-9.56353586,-20.04,18.10898682
1666902103.5276062,1519.93,1523.88,-9.24843614,-16.09,27.08337396
1666902113.634431,1519.93,1523.88,-9.24843614,-16.09,27.08337396
1666902123.530561,1519.93,1523.88,-9.24843614,-16.09,27.08337396
1666902133.509261,1523.0,1523.0,-9.10221924,-12.61,25.2232383
1666902144.1599226,1523.0,1523.0,-9.10221924,-12.61,25.2232383
1666902154.4788878,1523.0,1523.0,-9.10221924,-12.61,25.2232383
1666902164.1519616,1523.0,1522.55,-9.13811667,-13.06,24.87143121
1666902174.1583393,1523.0,1522.55,-9.13811667,-13.06,24.87143121
1666902184.2196937,1523.0,1522.55,-9.13811667,-13.06,24.87143121
1666902194.2055068,1523.0,1522.55,-9.13811667,-13.06,24.87143121
1666902204.14001,1520.98,1520.98,-9.11511051,-8.14,23.7172976
1666902214.183953,1520.98,1520.98,-9.11511051,-8.14,23.7172976
1666902224.2271187,1520.98,1516.88,-9.44217604,-12.24,20.97939965
1666902234.2377458,1520.98,1516.88,-9.44217604,-12.24,20.97939965
1666902244.1830518,1520.98,1516.88,-9.44217604,-12.24,20.97939965
1666902254.1964488,1516.15,1516.15,-9.57786646,-15.78,20.55687872
1666902264.2162726,1516.15,1516.15,-9.57786646,-15.78,20.55687872
1666902274.641051,1516.15,1516.15,-9.57786646,-15.78,20.55687872
1666902284.1501253,1516.15,1517.2,-9.49410577,-14.73,22.96025158
1666902294.2077465,1516.15,1517.2,-9.49410577,-14.73,22.96025158
1666902304.1596754,1516.15,1517.2,-9.49410577,-14.73,22.96025158
1666902314.1558316,1518.05,1518.05,-9.26019787,-13.75,24.81550636
1666902324.8074365,1518.05,1518.05,-9.26019787,-13.75,24.81550636
1666902334.842157,1518.05,1518.05,-9.26019787,-13.75,24.81550636
1666902344.9180963,1518.05,1519.77,-9.1229899,-12.03,28.52375593
1666902354.8763068,1518.05,1519.77,-9.1229899,-12.03,28.52375593
1666902364.8528144,1518.05,1519.77,-9.1229899,-12.03,28.52375593
1666902374.8684323,1516.31,1516.31,-9.27051177,-13.3,23.57339071
1666902384.923254,1516.31,1516.31,-9.27051177,-13.3,23.57339071
1666902395.171812,1516.31,1516.31,-9.27051177,-13.3,23.57339071
1666902404.9024694,1516.31,1516.48,-9.25695052,-13.13,23.9575638
1666902414.9165874,1516.31,1516.48,-9.25695052,-13.13,23.9575638
1666902424.8750744,1516.31,1516.48,-9.25695052,-13.13,23.9575638
1666902435.3654404,1513.47,1513.47,-9.46690685,-13.11,21.68568952
1666902444.91729,1513.47,1513.47,-9.46690685,-13.11,21.68568952
1666902454.9805348,1513.47,1513.47,-9.46690685,-13.11,21.68568952
1666902464.9809475,1513.47,1511.16,-9.65118035,-15.42,20.23549585
1666902474.9874113,1513.47,1511.16,-9.65118035,-15.42,20.23549585
1666902484.9032662,1513.47,1511.16,-9.65118035,-15.42,20.23549585
1666902494.90653,1510.82,1510.82,-9.7087638,-7.81,20.04000918
1666902505.666766,1510.82,1510.82,-9.7087638,-7.81,20.04000918
1666902515.706759,1510.82,1510.82,-9.7087638,-7.81,20.04000918
1666902525.6928685,1510.82,1514.31,-9.43035924,-4.32,27.72708131
1666902535.7365522,1510.82,1514.31,-9.43035924,-4.32,27.72708131
1666902545.6922042,1510.82,1514.31,-9.43035924,-4.32,27.72708131
1666902555.7862248,1515.53,1515.53,-8.95617979,-6.03,30.09185377
1666902565.7593803,1515.53,1515.53,-8.95617979,-6.03,30.09185377
1666902575.7673783,1515.53,1515.53,-8.95617979,-6.03,30.09185377
1666902585.9564652,1515.53,1516.18,-8.90432794,-5.38,31.36353786
1666902595.9805174,1515.53,1516.18,-8.90432794,-5.38,31.36353786
1666902605.7423625,1515.53,1516.18,-8.90432794,-5.38,31.36353786
1666902615.7446258,1515.55,1515.55,-8.55726998,-4.51,30.12214334
1666902625.7330744,1515.55,1515.55,-8.55726998,-4.51,30.12214334
1666902635.7251203,1515.55,1515.55,-8.55726998,-4.51,30.12214334
1666902645.7432656,1515.55,1517.02,-8.44000502,-3.04,33.16345543
1666902655.7751293,1515.55,1517.02,-8.44000502,-3.04,33.16345543
1666902665.697589,1515.55,1517.02,-8.44000502,-3.04,33.16345543
1666902675.7439556,1516.96,1516.96,-7.94790303,-6.05,33.05381016
1666902686.374642,1516.96,1516.96,-7.94790303,-6.05,33.05381016
1666902696.3985453,1516.96,1516.96,-7.94790303,-6.05,33.05381016
1666902706.368888,1516.96,1522.52,-7.50437027,-0.49,43.14117411
1666902716.497198,1516.96,1522.52,-7.50437027,-0.49,43.14117411
1666902726.411849,1516.96,1522.52,-7.50437027,-0.49,43.14117411
1666902736.3995702,1524.0,1524.0,-6.47346175,3.02,45.33568765
1666902746.411811,1524.0,1524.0,-6.47346175,3.02,45.33568765
1666902756.3339949,1524.0,1524.0,-6.47346175,3.02,45.33568765
1666902766.396425,1524.0,1527.32,-6.20861845,6.34,49.99787665
1666902776.4224465,1524.0,1527.32,-6.20861845,6.34,49.99787665
1666902786.7184036,1524.0,1527.32,-6.20861845,6.34,49.99787665
1666902796.359184,1524.88,1524.88,-5.56009851,8.73,46.65408756
1666902806.415193,1524.88,1524.88,-5.56009851,8.73,46.65408756
1666902816.455323,1524.88,1524.88,-5.56009851,8.73,46.65408756
1666902826.4688635,1524.88,1526.01,-5.46995606,9.86,48.3758631
1666902836.4511836,1524.88,1526.01,-5.46995606,9.86,48.3758631
1666902846.47462,1524.88,1526.01,-5.46995606,9.86,48.3758631
1666902856.3696952,1529.53,1529.53,-4.17941747,11.47,53.09293762
1666902866.9573543,1529.53,1529.53,-4.17941747,11.47,53.09293762
1666902876.9168942,1529.53,1529.53,-4.17941747,11.47,53.09293762
1666902886.952608,1529.53,1531.73,-4.00391889,13.67,55.81008328
1666902896.9455037,1529.53,1531.73,-4.00391889,13.67,55.81008328
1666902906.9503834,1529.53,1531.73,-4.00391889,13.67,55.81008328
1666902917.0679698,1534.7,1534.7,-2.60921219,18.38,59.01511393
1666902926.9781752,1534.7,1534.7,-2.60921219,18.38,59.01511393
1666902937.1542287,1534.7,1534.7,-2.60921219,18.38,59.01511393
1666902947.210082,1534.7,1529.0,-3.06391305,12.68,51.32179201
1666902957.0116842,1534.7,1529.0,-3.06391305,12.68,51.32179201
1666902967.0221517,1534.7,1529.0,-3.06391305,12.68,51.32179201
1666902976.968813,1526.38,1526.38,-2.84851806,12.92,48.42040597
1666902986.9731195,1526.38,1526.38,-2.84851806,12.92,48.42040597
1666902997.6749742,1526.38,1526.38,-2.84851806,12.92,48.42040597
1666903006.987787,1526.38,1530.62,-2.51028444,17.16,53.04656273
1666903016.975652,1526.38,1530.62,-2.51028444,17.16,53.04656273
1666903027.161759,1526.38,1530.62,-2.51028444,17.16,53.04656273
1666903037.0336945,1528.75,1528.75,-2.14852179,17.92,51.11275292
1666903048.6368084,1528.75,1528.75,-2.14852179,17.92,51.11275292
1666903058.442731,1528.75,1528.75,-2.14852179,17.92,51.11275292
1666903068.3947928,1528.75,1529.15,-2.11661296,18.32,51.5722091
1666903078.5420244,1528.75,1529.15,-2.11661296,18.32,51.5722091
1666903088.3472238,1528.75,1529.15,-2.11661296,18.32,51.5722091
1666903098.3240983,1529.03,1529.03,-1.68476529,13.49,51.43616182
1666903108.8019044,1529.03,1529.03,-1.68476529,13.49,51.43616182
1666903118.3660636,1529.03,1529.03,-1.68476529,13.49,51.43616182
1666903128.4772668,1529.03,1530.94,-1.53240062,15.4,53.68099531
1666903138.4384696,1529.03,1530.94,-1.53240062,15.4,53.68099531
1666903148.4610984,1529.03,1530.94,-1.53240062,15.4,53.68099531
1666903158.4991753,1531.46,1531.46,-0.97558771,15.92,54.2566592
1666903168.4217596,1531.46,1531.46,-0.97558771,15.92,54.2566592
1666903178.4899905,1531.46,1531.46,-0.97558771,15.92,54.2566592
1666903188.416877,1531.46,1527.07,-1.32578714,11.53,48.74838148
1666903198.425392,1531.46,1527.07,-1.32578714,11.53,48.74838148
1666903208.476174,1531.46,1527.07,-1.32578714,11.53,48.74838148
1666903218.420472,1528.15,1528.15,-1.02801415,11.18,49.99619454
1666903229.5327773,1528.15,1528.15,-1.02801415,11.18,49.99619454
1666903239.500867,1528.15,1528.15,-1.02801415,11.18,49.99619454
1666903249.5558567,1528.15,1530.53,-0.8381566,13.56,52.8631368
1666903259.5264962,1528.15,1530.53,-0.8381566,13.56,52.8631368
1666903270.086726,1528.15,1530.53,-0.8381566,13.56,52.8631368
1666903279.5485682,1528.66,1528.66,-0.77964644,4.66,50.64047651
1666903289.5209413,1528.66,1528.66,-0.77964644,4.66,50.64047651
1666903299.7258294,1528.66,1528.66,-0.77964644,4.66,50.64047651
1666903309.53978,1528.66,1529.18,-0.73816496,5.18,51.32804554
1666903319.598794,1528.66,1529.18,-0.73816496,5.18,51.32804554
1666903329.5671408,1528.66,1529.18,-0.73816496,5.18,51.32804554
1666903339.654856,1528.15,1528.15,-0.68013201,3.27,49.94947592
1666903349.841723,1528.15,1528.15,-0.68013201,3.27,49.94947592
1666903372.8528135,1528.15,1525.59,-0.88434854,0.71,46.51160346
1666903380.8771925,1528.15,1525.59,-0.88434854,0.71,46.51160346
1666903384.817482,1528.15,1525.59,-0.88434854,0.71,46.51160346
1666903393.8494074,1525.66,1525.66,-0.91390694,-3.86,46.59930211
1666903404.2812483,1525.66,1525.66,-0.91390694,-3.86,46.59930211
1666903419.3275409,1525.66,1525.66,-0.91390694,-3.86,46.59930211
1666903428.450811,1525.66,1527.67,-0.75356506,-1.85,49.54135101
1666903438.5831304,1525.66,1527.67,-0.75356506,-1.85,49.54135101
1666903452.5374937,1526.9,1526.9,-0.75635172,-7.8,48.45454017
1666903462.786755,1526.9,1526.9,-0.75635172,-7.8,48.45454017
1666903476.5610223,1526.9,1526.9,-0.75635172,-7.8,48.45454017
1666903484.2735736,1526.9,1527.35,-0.72045428,-7.35,49.14461445
1666903492.7234335,1526.9,1527.35,-0.72045428,-7.35,49.14461445
1666903502.7168305,1526.9,1527.35,-0.72045428,-7.35,49.14461445
1666903512.726269,1527.72,1527.72,-0.58524876,1.34,49.6983178
1666903522.9358015,1527.72,1527.72,-0.58524876,1.34,49.6983178
1666903532.7313805,1527.72,1527.72,-0.58524876,1.34,49.6983178
1666903542.9289966,1527.72,1529.5,-0.44325446,3.12,52.38424263
1666903552.721361,1527.72,1529.5,-0.44325446,3.12,52.38424263
1666903562.732004,1527.72,1529.5,-0.44325446,3.12,52.38424263
1666903572.8132749,1530.03,1530.03,-0.16861057,1.28,53.12638025
1666903582.7086194,1530.03,1530.03,-0.16861057,1.28,53.12638025
1666903592.760332,1530.03,1530.03,-0.16861057,1.28,53.12638025
1666903603.5457275,1530.03,1531.11,-0.08245672,2.36,54.68470676
1666903613.5454292,1530.03,1531.11,-0.08245672,2.36,54.68470676
1666903623.7131364,1530.03,1531.11,-0.08245672,2.36,54.68470676
1666903633.5696793,1531.92,1531.92,0.28129723,2.9,55.78680246
1666903643.5564995,1531.92,1531.92,0.28129723,2.9,55.78680246
1666903653.7676456,1531.92,1531.92,0.28129723,2.9,55.78680246
1666903663.5626235,1531.92,1531.82,0.27332002,2.8,55.61078012
1666903673.4846003,1531.92,1531.82,0.27332002,2.8,55.61078012
1666903683.5663564,1531.92,1531.82,0.27332002,2.8,55.61078012
1666903693.525721,1531.07,1531.07,0.39354217,-0.39,54.29729348
1666903703.5903692,1531.07,1531.07,0.39354217,-0.39,54.29729348
1666903713.5453506,1531.07,1531.07,0.39354217,-0.39,54.29729348
1666903723.5371716,1531.07,1530.03,0.31057921,-1.43,52.44922809
1666903733.6092336,1531.07,1530.03,0.31057921,-1.43,52.44922809
1666903743.5517528,1531.07,1530.03,0.31057921,-1.43,52.44922809
1666903753.5744631,1530.54,1530.54,0.45396011,2.38,53.33847707
1666903763.5750718,1530.54,1530.54,0.45396011,2.38,53.33847707
1666903773.6235676,1530.54,1530.54,0.45396011,2.38,53.33847707
1666903783.9782598,1530.54,1530.38,0.44119658,2.22,53.03670619
1666903793.995207,1530.54,1530.38,0.44119658,2.22,53.03670619
1666903804.0446017,1530.54,1530.38,0.44119658,2.22,53.03670619
1666903814.5293,1530.39,1530.39,0.50866811,1.74,53.05561478
1666903824.1648214,1530.39,1530.39,0.50866811,1.74,53.05561478
1666903834.1929717,1530.39,1530.39,0.50866811,1.74,53.05561478
1666903844.421432,1530.39,1528.64,0.36906697,-0.01,49.71524129
1666903854.2345998,1530.39,1528.64,0.36906697,-0.01,49.71524129
1666903864.1419911,1530.39,1528.64,0.36906697,-0.01,49.71524129
1666903874.4376447,1528.37,1528.37,0.26955642,0.23,49.23696302
1666903884.1672442,1528.37,1528.37,0.26955642,0.23,49.23696302
1666903894.1675472,1528.37,1528.37,0.26955642,0.23,49.23696302
1666903904.1466274,1528.37,1528.65,0.2918926,0.51,49.7765686
1666903914.1922047,1528.37,1528.65,0.2918926,0.51,49.7765686
1666903924.2435014,1528.37,1528.65,0.2918926,0.51,49.7765686
1666903934.1473312,1529.38,1529.38,0.34817142,3.72,51.13090927
1666903944.4224875,1529.38,1529.38,0.34817142,3.72,51.13090927
1666903954.1664662,1529.38,1529.38,0.34817142,3.72,51.13090927
1666903965.2223015,1529.38,1530.42,0.43113438,4.76,53.07244175
1666903975.500322,1529.38,1530.42,0.43113438,4.76,53.07244175
1666903985.252138,1529.38,1530.42,0.43113438,4.76,53.07244175
1666903995.1654634,1531.68,1531.68,0.66780584,4.79,55.22749971
1666904005.2702644,1531.68,1531.68,0.66780584,4.79,55.22749971
1666904015.2864213,1531.68,1531.68,0.66780584,4.79,55.22749971
1666904025.253165,1531.68,1532.23,0.71168048,5.34,56.17361375
1666904035.3239565,1531.68,1532.23,0.71168048,5.34,56.17361375
1666904045.3106902,1531.68,1532.23,0.71168048,5.34,56.17361375
1666904055.584645,1532.11,1532.11,0.82765838,4.39,55.97061503
1666904065.311687,1532.11,1532.11,0.82765838,4.39,55.97061503
1666904075.3363094,1532.11,1532.11,0.82765838,4.39,55.97061503
1666904085.322188,1532.11,1530.88,0.72953872,3.16,53.24809981
1666904095.5164618,1532.11,1530.88,0.72953872,3.16,53.24809981
1666904105.320593,1532.11,1530.88,0.72953872,3.16,53.24809981
1666904115.316209,1530.81,1530.81,0.73343686,0.77,53.09949256
1666904125.3459032,1530.81,1530.81,0.73343686,0.77,53.09949256
1666904135.504799,1530.81,1530.81,0.73343686,0.77,53.09949256
1666904146.4265742,1530.81,1531.05,0.75258216,1.01,53.57571642
1666904156.455194,1530.81,1531.05,0.75258216,1.01,53.57571642
1666904166.4949207,1530.81,1531.05,0.75258216,1.01,53.57571642
1666904176.3663073,1530.71,1530.71,0.71774642,-1.2,52.87493591
1666904186.4205492,1530.71,1530.71,0.71774642,-1.2,52.87493591
1666904196.4440308,1530.71,1530.71,0.71774642,-1.2,52.87493591
1666904206.62098,1530.71,1529.42,0.61484044,-2.49,49.94089437
1666904216.42405,1530.71,1529.42,0.61484044,-2.49,49.94089437
1666904226.487045,1530.71,1529.42,0.61484044,-2.49,49.94089437
1666904236.4101171,1528.73,1528.73,0.42362612,-2.35,48.50133534
1666904246.457793,1528.73,1528.73,0.42362612,-2.35,48.50133534
1666904256.4751148,1528.73,1528.73,0.42362612,-2.35,48.50133534
1666904266.482291,1528.73,1528.7,0.42123295,-2.38,48.43596241
1666904276.416697,1528.73,1528.7,0.42123295,-2.38,48.43596241
1666904286.3904104,1528.73,1528.7,0.42123295,-2.38,48.43596241
1666904296.4192376,1528.53,1528.53,0.28445473,-2.0,48.06717067
1666904306.4337986,1528.53,1528.53,0.28445473,-2.0,48.06717067
1666904316.4879394,1528.53,1528.53,0.28445473,-2.0,48.06717067
1666904326.977568,1528.53,1528.89,0.31317268,-1.64,48.94862751
1666904336.946424,1528.53,1528.89,0.31317268,-1.64,48.94862751
1666904346.9233563,1528.53,1528.89,0.31317268,-1.64,48.94862751
1666904357.383009,1528.66,1528.66,0.20304361,-1.73,48.38755419
1666904367.0578978,1528.66,1528.66,0.20304361,-1.73,48.38755419
1666904376.9472208,1528.66,1528.66,0.20304361,-1.73,48.38755419
1666904386.976371,1528.66,1527.53,0.11290116,-2.86,45.7320114
1666904397.015588,1528.66,1527.53,0.11290116,-2.86,45.7320114
1666904406.9651208,1528.66,1527.53,0.11290116,-2.86,45.7320114
1666904417.013005,1527.34,1527.34,-0.05901824,-1.03,45.32039539
1666904427.246065,1527.34,1527.34,-0.05901824,-1.03,45.32039539
1666904437.014869,1527.34,1527.34,-0.05901824,-1.03,45.32039539
1666904447.1089218,1527.34,1527.0,-0.08614075,-1.37,44.5308644
1666904457.0492957,1527.34,1527.0,-0.08614075,-1.37,44.5308644
1666904467.0591266,1527.34,1527.0,-0.08614075,-1.37,44.5308644
1666904477.0025475,1527.54,1527.54,-0.15165206,-1.84,45.88318818
1666904487.1215386,1527.54,1527.54,-0.15165206,-1.84,45.88318818
1666904497.03414,1527.54,1527.54,-0.15165206,-1.84,45.88318818
1666904507.5901089,1527.54,1527.89,-0.12373183,-1.49,46.90419957
1666904517.7783964,1527.54,1527.89,-0.12373183,-1.49,46.90419957
1666904527.6018183,1527.54,1527.89,-0.12373183,-1.49,46.90419957
1666904537.5901978,1526.08,1526.08,-0.44263021,-5.6,42.47537429
1666904547.634239,1526.08,1526.08,-0.44263021,-5.6,42.47537429
1666904557.5802274,1526.08,1526.08,-0.44263021,-5.6,42.47537429
1666904567.6704118,1526.08,1524.52,-0.56707466,-7.16,39.11439007
1666904577.610858,1526.08,1524.52,-0.56707466,-7.16,39.11439007
1666904587.6109166,1526.08,1524.52,-0.56707466,-7.16,39.11439007
1666904597.885223,1525.15,1525.15,-0.70515319,-6.96,40.4025468
1666904607.8169928,1525.15,1525.15,-0.70515319,-6.96,40.4025468
1666904617.6219337,1525.15,1525.15,-0.70515319,-6.96,40.4025468
1666904627.6458282,1525.15,1525.43,-0.68281701,-6.68,41.32739337
1666904637.6432726,1525.15,1525.43,-0.68281701,-6.68,41.32739337
1666904647.7527032,1525.15,1525.43,-0.68281701,-6.68,41.32739337
1666904657.700854,1524.56,1524.56,-0.9286929,-6.26,39.11814402
1666904667.671674,1524.56,1524.56,-0.9286929,-6.26,39.11814402
1666904677.744399,1524.56,1524.56,-0.9286929,-6.26,39.11814402
1666904688.242547,1524.56,1524.85,-0.90555899,-5.97,40.13566973
1666904698.2375758,1524.56,1524.85,-0.90555899,-5.97,40.13566973
1666904708.7492478,1524.56,1524.85,-0.90555899,-5.97,40.13566973
1666904718.2925,1525.57,1525.57,-0.91235573,-5.14,42.52721051
1666904728.6436768,1525.57,1525.57,-0.91235573,-5.14,42.52721051
1666904738.2551606,1525.57,1525.57,-0.91235573,-5.14,42.52721051
1666904748.306141,1525.57,1525.05,-0.95383722,-5.66,41.25041889
1666904758.2627156,1525.57,1525.05,-0.95383722,-5.66,41.25041889
1666904768.3870468,1525.57,1525.05,-0.95383722,-5.66,41.25041889
1666904778.3065631,1526.02,1526.02,-0.88929511,-2.71,44.0195588
1666904788.32152,1526.02,1526.02,-0.88929511,-2.71,44.0195588
1666904798.3448246,1526.02,1526.02,-0.88929511,-2.71,44.0195588
1666904808.31745,1526.02,1525.49,-0.93157431,-3.24,42.60810976
1666904818.288983,1526.02,1525.49,-0.93157431,-3.24,42.60810976
1666904828.3071463,1526.02,1525.49,-0.93157431,-3.24,42.60810976
1666904838.325547,1525.91,1525.91,-0.9047679,-2.63,43.71897902
1666904848.3444638,1525.91,1525.91,-0.9047679,-2.63,43.71897902
1666904858.2965007,1525.91,1525.91,-0.9047679,-2.63,43.71897902
1666904869.5152016,1525.91,1525.44,-0.94226077,-3.1,42.38718069
1666904879.0133686,1525.91,1525.44,-0.94226077,-3.1,42.38718069
1666904889.0114777,1525.91,1525.44,-0.94226077,-3.1,42.38718069
1666904899.05711,1525.27,1525.27,-0.99017676,-3.4,41.92523069
1666904909.086715,1525.27,1525.27,-0.99017676,-3.4,41.92523069
1666904919.0767367,1525.27,1525.27,-0.99017676,-3.4,41.92523069
1666904929.0858517,1525.27,1522.44,-1.21593174,-6.23,35.07268872
1666904939.0365891,1525.27,1522.44,-1.21593174,-6.23,35.07268872
1666904949.051469,1525.27,1522.44,-1.21593174,-6.23,35.07268872
1666904959.0630634,1521.9,1521.9,-1.48404809,-5.43,34.07397445
1666904969.118291,1521.9,1521.9,-1.48404809,-5.43,34.07397445
1666904979.0815403,1521.9,1521.9,-1.48404809,-5.43,34.07397445
1666904989.0687876,1521.9,1519.13,-1.70501675,-8.2,29.14606565
1666904999.1014695,1521.9,1519.13,-1.70501675,-8.2,29.14606565
1666905009.1482942,1521.9,1519.13,-1.70501675,-8.2,29.14606565
1666905019.0765986,1518.99,1518.99,-2.05478636,-8.56,29.00970799
1666905029.561427,1518.99,1518.99,-2.05478636,-8.56,29.00970799
1666905039.063425,1518.99,1518.99,-2.05478636,-8.56,29.00970799
1666905049.707602,1518.99,1518.55,-2.08988608,-9.0,28.25301928
1666905059.737204,1518.99,1518.55,-2.08988608,-9.0,28.25301928
1666905069.789423,1518.99,1518.55,-2.08988608,-9.0,28.25301928
1666905079.728968,1518.68,1518.68,-2.33798758,-7.39,28.45141154
1666905089.6898265,1518.68,1518.68,-2.33798758,-7.39,28.45141154
1666905099.717858,1518.68,1518.68,-2.33798758,-7.39,28.45141154
1666905109.667733,1518.68,1519.67,-2.25901322,-6.4,32.34982255
1666905119.7119763,1518.68,1519.67,-2.25901322,-6.4,32.34982255
1666905129.7669673,1518.68,1519.67,-2.25901322,-6.4,32.34982255
1666905139.7279391,1520.83,1520.83,-2.21054593,-4.32,36.43294056
1666905149.790879,1520.83,1520.83,-2.21054593,-4.32,36.43294056
1666905159.7240076,1520.83,1520.83,-2.21054593,-4.32,36.43294056
1666905169.7324505,1520.83,1521.62,-2.14752599,-3.53,39.12756029
1666905179.7909474,1520.83,1521.62,-2.14752599,-3.53,39.12756029
1666905189.928268,1520.83,1521.62,-2.14752599,-3.53,39.12756029
1666905199.7865949,1520.04,1520.04,-2.33217327,-4.51,34.90742492
1666905209.8103557,1520.04,1520.04,-2.33217327,-4.51,34.90742492
1666905219.7660334,1520.04,1520.04,-2.33217327,-4.51,34.90742492
1666905230.682841,1520.04,1521.08,-2.2492103,-3.47,38.59368204
1666905240.8794332,1520.04,1521.08,-2.2492103,-3.47,38.59368204
1666905250.5987728,1520.4,1520.4,-2.29938187,-5.18,36.24647958
1666905260.63526,1520.4,1520.4,-2.29938187,-5.18,36.24647958
1666905270.7137585,1520.4,1520.4,-2.29938187,-5.18,36.24647958
1666905280.689451,1520.4,1518.94,-2.4158491,-6.64,33.29016347
1666905290.6950583,1520.4,1518.94,-2.4158491,-6.64,33.29016347
1666905300.6887765,1520.4,1518.94,-2.4158491,-6.64,33.29016347
1666905310.6650026,1517.69,1517.69,-2.65370398,-8.33,31.11724545
1666905320.7214365,1517.69,1517.69,-2.65370398,-8.33,31.11724545
1666905330.7442665,1517.69,1517.69,-2.65370398,-8.33,31.11724545
1666905340.706567,1517.69,1519.54,-2.50612563,-6.48,37.60810197
1666905350.6602788,1517.69,1519.54,-2.50612563,-6.48,37.60810197
1666905360.6637373,1517.69,1519.54,-2.50612563,-6.48,37.60810197
1666905370.641189,1519.58,1519.58,-2.4645164,-6.33,37.73496177
1666905380.706288,1519.58,1519.58,-2.4645164,-6.33,37.73496177
1666905390.661951,1519.58,1519.58,-2.4645164,-6.33,37.73496177
1666905400.6733625,1519.58,1519.58,-2.4645164,-6.33,37.73496177
1666905411.5162225,1519.58,1519.87,-2.4413825,-6.04,38.70798326
1666905421.591439,1519.58,1519.87,-2.4413825,-6.04,38.70798326
1666905431.586958,1520.82,1520.82,-2.23165732,-4.45,41.69515332
1666905441.6256058,1520.82,1520.82,-2.23165732,-4.45,41.69515332
1666905451.6204467,1520.82,1520.82,-2.23165732,-4.45,41.69515332
1666905461.6174932,1520.82,1521.55,-2.1734237,-3.72,43.95373169
1666905471.5607016,1520.82,1521.55,-2.1734237,-3.72,43.95373169
1666905481.6068988,1520.82,1521.55,-2.1734237,-3.72,43.95373169
1666905491.5974865,1520.15,1520.15,-2.19537311,-1.72,40.19757295
1666905501.576738,1520.15,1520.15,-2.19537311,-1.72,40.19757295
1666905511.5722127,1520.15,1520.15,-2.19537311,-1.72,40.19757295
1666905521.6450746,1520.15,1519.73,-2.22887739,-2.14,39.25145566
1666905531.549223,1520.15,1519.73,-2.22887739,-2.14,39.25145566
1666905541.6407,1520.15,1519.73,-2.22887739,-2.14,39.25145566
1666905551.6181333,1519.88,1519.88,-2.13883594,0.92,39.5985812
1666905561.6396694,1519.88,1519.88,-2.13883594,0.92,39.5985812
1666905571.6107311,1519.88,1519.88,-2.13883594,0.92,39.5985812
1666905581.6994784,1519.88,1519.52,-2.16755389,0.56,38.73713881
1666905592.295987,1519.88,1519.52,-2.16755389,0.56,38.73713881
1666905602.2155771,1519.88,1519.52,-2.16755389,0.56,38.73713881
1666905612.2781696,1519.02,1519.02,-2.17485402,0.33,37.63399227
1666905622.2788107,1519.02,1519.02,-2.17485402,0.33,37.63399227
1666905632.312479,1519.02,1519.02,-2.17485402,0.33,37.63399227
1666905642.3478603,1519.02,1519.02,-2.17485402,0.33,37.63399227
1666905652.288566,1519.02,1519.74,-2.11741812,1.05,40.30774779
1666905662.316704,1519.02,1519.74,-2.11741812,1.05,40.30774779
1666905672.3023186,1520.0,1520.0,-1.98476295,-0.83,41.22621767
1666905682.355761,1520.0,1520.0,-1.98476295,-0.83,41.22621767
1666905692.641233,1520.0,1520.0,-1.98476295,-0.83,41.22621767
1666905702.3496242,1520.0,1517.68,-2.16983418,-3.15,35.96386805
1666905712.291067,1520.0,1517.68,-2.16983418,-3.15,35.96386805
1666905722.3074367,1520.0,1517.68,-2.16983418,-3.15,35.96386805
1666905732.3332813,1516.83,1516.83,-2.32320641,-3.2,34.35709838
1666905742.3940427,1516.83,1516.83,-2.32320641,-3.2,34.35709838
1666905752.3430223,1516.83,1516.83,-2.32320641,-3.2,34.35709838
1666905762.458964,1516.83,1518.66,-2.1772235,-1.37,40.51858319
1666905772.877835,1516.83,1518.66,-2.1772235,-1.37,40.51858319
1666905782.8173962,1516.83,1518.66,-2.1772235,-1.37,40.51858319
1666905792.8985226,1517.19,1517.19,-2.31349539,-3.22,35.6707819
1666905802.938907,1517.19,1517.19,-2.31349539,-3.22,35.6707819
1666905812.814272,1517.19,1517.19,-2.31349539,-3.22,35.6707819
1666905822.843504,1517.19,1518.28,-2.22654383,-2.13,39.60353083
1666905832.8315094,1517.19,1518.28,-2.22654383,-2.13,39.60353083
1666905842.8237386,1517.19,1518.28,-2.22654383,-2.13,39.60353083
1666905852.8707285,1517.19,1518.28,-2.22654383,-2.13,39.60353083
1666905862.8326404,1519.01,1519.01,-2.04350161,1.32,41.98600158
1666905872.9054873,1519.01,1519.01,-2.04350161,1.32,41.98600158
1666905882.8938746,1519.01,1519.88,-1.9740999,2.19,44.765191
1666905892.8485,1519.01,1519.88,-1.9740999,2.19,44.765191
1666905902.842713,1519.01,1519.88,-1.9740999,2.19,44.765191
1666905912.9128263,1519.86,1519.86,-1.80289621,0.28,44.70410096
1666905922.8797112,1519.86,1519.86,-1.80289621,0.28,44.70410096
1666905932.9493876,1519.86,1519.86,-1.80289621,0.28,44.70410096
1666905942.9219432,1519.86,1519.5,-1.83161416,-0.08,43.76578435
1666905954.292638,1519.86,1519.5,-1.83161416,-0.08,43.76578435
1666905964.3411608,1519.86,1519.5,-1.83161416,-0.08,43.76578435
1666905974.3007994,1520.83,1520.83,-1.51046074,0.02,47.72622351
1666905984.336157,1520.83,1520.83,-1.51046074,0.02,47.72622351
1666905994.2827694,1520.83,1520.83,-1.51046074,0.02,47.72622351
1666906004.2824657,1520.83,1519.74,-1.59741231,-1.07,44.76171572
1666906014.2568722,1520.83,1519.74,-1.59741231,-1.07,44.76171572
1666906024.3782551,1520.83,1519.74,-1.59741231,-1.07,44.76171572
1666906034.579516,1521.47,1521.47,-1.23304302,1.32,49.67699319
1666906044.3180482,1521.47,1521.47,-1.23304302,1.32,49.67699319
1666906054.3196106,1521.47,1521.47,-1.23304302,1.32,49.67699319
1666906064.3503833,1521.47,1520.11,-1.34153305,-0.04,45.76925184
1666906074.382383,1521.47,1520.11,-1.34153305,-0.04,45.76925184
1666906084.347036,1521.47,1520.11,-1.34153305,-0.04,45.76925184
1666906094.5510414,1520.06,1520.06,-1.24158696,0.19,45.63726785
1666906104.3157437,1520.06,1520.06,-1.24158696,0.19,45.63726785
1666906114.54502,1520.06,1520.06,-1.24158696,0.19,45.63726785
1666906124.318396,1520.06,1520.0,-1.24637329,0.13,45.46782722
1666906134.887701,1520.06,1520.0,-1.24637329,0.13,45.46782722
1666906144.988648,1520.06,1520.0,-1.24637329,0.13,45.46782722
1666906154.9593458,1519.45,1519.45,-1.23162272,0.44,43.96929581
1666906164.8823018,1519.45,1519.45,-1.23162272,0.44,43.96929581
1666906175.2254496,1519.45,1519.45,-1.23162272,0.44,43.96929581
1666906184.9322045,1519.45,1519.09,-1.26034067,0.08,42.97235736
1666906194.9433377,1519.45,1519.09,-1.26034067,0.08,42.97235736
1666906205.0403302,1519.45,1519.09,-1.26034067,0.08,42.97235736
1666906214.8759596,1517.95,1517.95,-1.38370853,-2.06,40.09184233
1666906224.902623,1517.95,1517.95,-1.38370853,-2.06,40.09184233
1666906234.9669404,1517.95,1517.95,-1.38370853,-2.06,40.09184233
1666906244.923744,1517.95,1516.58,-1.49299628,-3.43,36.89340966
1666906255.007914,1517.95,1516.58,-1.49299628,-3.43,36.89340966
1666906264.9437428,1517.95,1516.58,-1.49299628,-3.43,36.89340966
1666906274.996693,1516.26,1516.26,-1.63348959,-0.57,36.23704653
1666906284.941386,1516.26,1516.26,-1.63348959,-0.57,36.23704653
1666906294.9891388,1516.26,1516.26,-1.63348959,-0.57,36.23704653
1666906305.220765,1516.26,1516.94,-1.57924457,0.11,38.79621527
1666906316.185321,1516.26,1516.94,-1.57924457,0.11,38.79621527
1666906326.1344604,1516.26,1516.94,-1.57924457,0.11,38.79621527
1666906336.1156032,1517.6,1517.6,-1.51428095,0.42,41.09934343
1666906346.1728168,1517.6,1517.6,-1.51428095,0.42,41.09934343
1666906356.1470697,1517.6,1517.6,-1.51428095,0.42,41.09934343
1666906366.362152,1517.6,1516.92,-1.56852597,-0.26,39.45966157
1666906376.206188,1517.6,1516.92,-1.56852597,-0.26,39.45966157
1666906386.189931,1517.6,1516.92,-1.56852597,-0.26,39.45966157
1666906396.1447198,1520.01,1520.01,-1.14731783,0.99,48.6587338
1666906406.2210093,1520.01,1520.01,-1.14731783,0.99,48.6587338
1666906416.21866,1520.01,1520.01,-1.14731783,0.99,48.6587338
1666906426.1148272,1520.01,1520.31,-1.1233862,1.29,49.52819329
1666906436.1285608,1520.01,1520.31,-1.1233862,1.29,49.52819329
1666906446.111988,1520.01,1520.31,-1.1233862,1.29,49.52819329
1666906456.2096446,1520.32,1520.32,-0.95415357,0.46,49.55885746
1666906466.2223814,1520.32,1520.32,-0.95415357,0.46,49.55885746
1666906476.310383,1520.32,1520.32,-0.95415357,0.46,49.55885746
1666906486.2217653,1520.32,1518.94,-1.06423904,-0.92,45.72037224
1666906496.5922017,1520.32,1518.94,-1.06423904,-0.92,45.72037224
1666906506.6166785,1520.32,1518.94,-1.06423904,-0.92,45.72037224
1666906516.6672068,1520.77,1520.77,-0.74646133,-0.05,50.89782963
1666906526.6550224,1520.77,1520.77,-0.74646133,-0.05,50.89782963
1666906536.626608,1520.77,1520.77,-0.74646133,-0.05,50.89782963
1666906546.6860926,1520.77,1520.91,-0.73529324,0.09,51.33291954
1666906556.6738873,1520.77,1520.91,-0.73529324,0.09,51.33291954
1666906566.680557,1520.77,1520.91,-0.73529324,0.09,51.33291954
1666906576.6588488,1520.03,1520.03,-0.70797491,-1.45,48.60745978
1666906586.765929,1520.03,1520.03,-0.70797491,-1.45,48.60745978
1666906596.7811022,1520.03,1520.03,-0.70797491,-1.45,48.60745978
1666906606.7227998,1520.03,1518.8,-0.80609457,-2.68,44.98748975
1666906616.848876,1520.03,1518.8,-0.80609457,-2.68,44.98748975
1666906626.889864,1520.03,1518.8,-0.80609457,-2.68,44.98748975
1666906636.887511,1518.87,1518.87,-0.7887254,-1.19,45.18738965
1666906646.8723412,1518.87,1518.87,-0.7887254,-1.19,45.18738965
1666906656.8478072,1518.87,1518.87,-0.7887254,-1.19,45.18738965
1666906666.7387545,1518.87,1519.29,-0.75522113,-0.77,46.65273356
1666906677.3389056,1518.87,1519.29,-0.75522113,-0.77,46.65273356
1666906687.4795926,1518.87,1519.29,-0.75522113,-0.77,46.65273356
1666906697.7966137,1519.01,1519.01,-0.75070389,-0.45,45.68740849
1666906707.877535,1519.01,1519.01,-0.75070389,-0.45,45.68740849
1666906718.2252786,1519.01,1519.01,-0.75070389,-0.45,45.68740849
1666906727.860809,1519.01,1519.1,-0.7435244,-0.36,46.02641388
1666906737.8815043,1519.01,1519.1,-0.7435244,-0.36,46.02641388
1666906747.9211128,1519.01,1519.1,-0.7435244,-0.36,46.02641388
1666906757.7237191,1519.95,1519.95,-0.58698821,1.99,49.02982658
1666906767.8084302,1519.95,1519.95,-0.58698821,1.99,49.02982658
1666906777.7739165,1519.95,1519.95,-0.58698821,1.99,49.02982658
1666906787.7174969,1519.95,1519.04,-0.6595808,1.08,46.07655149
1666906797.7507362,1519.95,1519.04,-0.6595808,1.08,46.07655149
1666906807.715008,1519.95,1519.04,-0.6595808,1.08,46.07655149
1666906817.7614088,1517.89,1517.89,-0.80261286,1.64,42.81729025
1666906827.7621603,1517.89,1517.89,-0.80261286,1.64,42.81729025
1666906837.9525585,1517.89,1517.89,-0.80261286,1.64,42.81729025
1666906847.840835,1517.89,1516.18,-0.93902312,-0.07,38.46076643
1666906858.2135935,1517.89,1516.18,-0.93902312,-0.07,38.46076643
1666906868.1295598,1517.89,1516.18,-0.93902312,-0.07,38.46076643
1666906878.195614,1517.18,1517.18,-0.93402138,-0.43,40.89400355
1666906888.1440682,1517.18,1517.18,-0.93402138,-0.43,40.89400355
1666906898.3371978,1517.18,1517.18,-0.93402138,-0.43,40.89400355
1666906908.1353824,1517.18,1517.38,-0.91806697,-0.23,41.68857839
1666906918.3151803,1517.18,1517.38,-0.91806697,-0.23,41.68857839
1666906928.2193828,1517.18,1517.38,-0.91806697,-0.23,41.68857839
1666906938.255163,1518.04,1518.04,-0.86100218,-1.97,44.16830549
1666906948.2365818,1518.04,1518.04,-0.86100218,-1.97,44.16830549
1666906958.1937869,1518.04,1518.04,-0.86100218,-1.97,44.16830549
1666906968.2028842,1518.04,1515.47,-1.06601643,-4.54,37.47568935
1666906978.417272,1518.04,1515.47,-1.06601643,-4.54,37.47568935
1666906988.155021,1518.04,1515.47,-1.06601643,-4.54,37.47568935
1666906998.3565905,1515.89,1515.89,-1.15103533,-4.42,38.42625788
1666907008.1740885,1515.89,1515.89,-1.15103533,-4.42,38.42625788
1666907018.278927,1515.89,1515.89,-1.15103533,-4.42,38.42625788
1666907028.4417114,1515.89,1517.15,-1.05052251,-3.16,43.08993843
1666907038.8463004,1515.89,1517.15,-1.05052251,-3.16,43.08993843
1666907048.915583,1515.89,1517.15,-1.05052251,-3.16,43.08993843
1666907058.850675,1516.81,1516.81,-1.10134058,-3.97,41.90527595
1666907068.9484608,1516.81,1516.81,-1.10134058,-3.97,41.90527595
1666907078.8423586,1516.81,1516.81,-1.10134058,-3.97,41.90527595
1666907089.0124755,1516.81,1517.94,-1.01119813,-2.84,45.94203786
1666907098.9074695,1516.81,1517.94,-1.01119813,-2.84,45.94203786
1666907108.9797354,1516.81,1517.94,-1.01119813,-2.84,45.94203786
1666907118.9306252,1517.46,1517.46,-1.01484397,-2.58,44.29792897
1666907129.2503245,1517.46,1517.46,-1.01484397,-2.58,44.29792897
1666907138.956653,1517.46,1517.46,-1.01484397,-2.58,44.29792897
1666907149.02983,1517.46,1517.09,-1.04435964,-2.95,43.20706439
1666907158.9980738,1517.46,1517.09,-1.04435964,-2.95,43.20706439
1666907168.9088662,1517.46,1517.09,-1.04435964,-2.95,43.20706439
1666907178.9657009,1515.93,1515.93,-1.19303599,-2.93,40.12540459
1666907189.0172696,1515.93,1515.93,-1.19303599,-2.93,40.12540459
1666907198.9761014,1515.93,1515.93,-1.19303599,-2.93,40.12540459
1666907208.970117,1515.93,1515.43,-1.23292203,-3.43,38.8206698
1666907219.7101042,1515.93,1515.43,-1.23292203,-3.43,38.8206698
1666907229.7465825,1515.93,1515.43,-1.23292203,-3.43,38.8206698
1666907239.7363138,1515.0,1515.0,-1.35365125,-4.0,37.77281134
1666907249.7000778,1515.0,1515.0,-1.35365125,-4.0,37.77281134
1666907259.867382,1515.0,1515.0,-1.35365125,-4.0,37.77281134
1666907269.758037,1515.0,1514.83,-1.36721251,-4.17,37.34440677
1666907280.0318997,1515.0,1514.83,-1.36721251,-4.17,37.34440677
1666907289.742041,1515.0,1514.83,-1.36721251,-4.17,37.34440677
1666907299.9265742,1515.75,1515.75,-1.3011577,-4.21,40.76150923
1666907309.997626,1515.75,1515.75,-1.3011577,-4.21,40.76150923
1666907320.006131,1515.75,1515.75,-1.3011577,-4.21,40.76150923
1666907330.0626717,1515.75,1516.45,-1.24531725,-3.51,43.5005685
1666907340.2595756,1515.75,1516.45,-1.24531725,-3.51,43.5005685
1666907349.9362175,1515.75,1516.45,-1.24531725,-3.51,43.5005685
1666907359.9548326,1516.46,1516.46,-1.19170043,-1.43,43.54073087
1666907370.011634,1516.46,1516.46,-1.19170043,-1.43,43.54073087
1666907379.9356537,1516.46,1516.46,-1.19170043,-1.43,43.54073087
1666907390.038959,1516.46,1516.67,-1.1749483,-1.22,44.3711449
1666907400.4869523,1516.46,1516.67,-1.1749483,-1.22,44.3711449
1666907410.5648289,1516.69,1516.69,-1.10421486,-0.49,44.45194825
1666907420.4941394,1516.69,1516.69,-1.10421486,-0.49,44.45194825
1666907430.4629874,1516.69,1516.69,-1.10421486,-0.49,44.45194825
1666907440.7218742,1516.69,1516.69,-1.10421486,-0.49,44.45194825
1666907450.4632874,1516.69,1516.69,-1.10421486,-0.49,44.45194825
1666907460.508131,1516.69,1516.69,-1.10421486,-0.49,44.45194825
1666907470.5554502,1516.69,1516.69,-1.03683827,-1.34,44.45194825
1666907480.522859,1516.69,1516.69,-1.03683827,-1.34,44.45194825
1666907490.5195515,1516.69,1516.69,-1.03683827,-1.34,44.45194825
1666907500.5765872,1516.69,1516.69,-1.03683827,-1.34,44.45194825
1666907510.4861195,1516.69,1517.82,-0.94669582,-0.21,49.11574949
1666907520.5454106,1516.69,1517.82,-0.94669582,-0.21,49.11574949
1666907530.5998554,1518.62,1518.62,-0.69940492,2.73,51.97064055
1666907540.5989566,1518.62,1518.62,-0.69940492,2.73,51.97064055
1666907550.6027288,1518.62,1518.62,-0.69940492,2.73,51.97064055
1666907560.6178489,1518.62,1519.19,-0.65393484,3.3,53.95297657
1666907570.7934525,1518.62,1519.19,-0.65393484,3.3,53.95297657
1666907581.122052,1518.62,1519.19,-0.65393484,3.3,53.95297657
1666907591.0961003,1518.62,1519.19,-0.65393484,3.3,53.95297657
1666907601.1323562,1519.27,1519.27,-0.45580204,2.47,54.21817971
1666907611.1008716,1519.27,1519.27,-0.45580204,2.47,54.21817971
1666907621.006329,1519.27,1519.27,-0.45580204,2.47,54.21817971
1666907631.088235,1519.27,1519.97,-0.39996158,3.17,56.57491352
1666907641.135924,1519.27,1519.97,-0.39996158,3.17,56.57491352
1666907651.1436813,1521.04,1521.04,-0.04954792,3.58,59.72625173
1666907661.068877,1521.04,1521.04,-0.04954792,3.58,59.72625173
1666907671.121415,1521.04,1521.04,-0.04954792,3.58,59.72625173
1666907681.100546,1521.04,1521.68,0.00150621,4.22,61.5474447
1666907691.1507263,1521.04,1521.68,0.00150621,4.22,61.5474447
1666907701.0874302,1521.04,1521.68,0.00150621,4.22,61.5474447
1666907711.177061,1522.79,1522.79,0.40544226,6.87,64.3244831
1666907721.1320736,1522.79,1522.79,0.40544226,6.87,64.3244831
1666907731.159074,1522.79,1522.79,0.40544226,6.87,64.3244831
1666907741.0684476,1522.79,1520.07,0.1884622,4.15,54.02765611
1666907751.1453316,1522.79,1520.07,0.1884622,4.15,54.02765611
1666907761.882435,1522.79,1520.07,0.1884622,4.15,54.02765611
1666907771.868775,1520.27,1520.27,0.29107213,5.26,54.6676702
1666907781.8820825,1520.27,1520.27,0.29107213,5.26,54.6676702
1666907791.9819624,1520.27,1520.27,0.29107213,5.26,54.6676702
1666907801.9188297,1520.27,1521.25,0.36924876,6.24,57.34524548
1666907811.883319,1520.27,1521.25,0.36924876,6.24,57.34524548
1666907821.879279,1520.27,1521.25,0.36924876,6.24,57.34524548
1666907831.9438047,1520.27,1521.25,0.36924876,6.24,57.34524548
1666907841.9167912,1522.32,1522.32,0.64544975,6.58,59.93113797
1666907851.9281318,1522.32,1522.32,0.64544975,6.58,59.93113797
1666907861.9130013,1522.32,1522.47,0.65741556,6.73,60.2942797
1666907871.8897786,1522.32,1522.47,0.65741556,6.73,60.2942797
1666907881.9429977,1522.32,1522.47,0.65741556,6.73,60.2942797
1666907891.8975248,1522.49,1522.49,0.81227315,6.04,60.34220187
1666907901.944662,1522.49,1522.49,0.81227315,6.04,60.34220187
1666907911.9479573,1522.49,1522.49,0.81227315,6.04,60.34220187
1666907922.2786114,1522.49,1524.57,0.97819907,8.12,65.06464356
1666907931.9765034,1522.49,1524.57,0.97819907,8.12,65.06464356
1666907942.7949026,1522.49,1524.57,0.97819907,8.12,65.06464356
1666907952.830406,1523.66,1523.66,1.08787186,6.98,63.14628367
1666907963.019339,1523.66,1523.66,1.08787186,6.98,63.14628367
1666907972.8315015,1523.66,1523.66,1.08787186,6.98,63.14628367
1666907982.9468057,1523.66,1524.57,1.16046445,7.89,65.20561409
1666907992.8843057,1523.66,1524.57,1.16046445,7.89,65.20561409
1666908002.8423886,1523.66,1524.57,1.16046445,7.89,65.20561409
1666908012.8855164,1524.19,1524.19,1.29320617,7.5,64.37605186
1666908022.8701785,1524.19,1524.19,1.29320617,7.5,64.37605186
1666908032.8750844,1524.19,1524.19,1.29320617,7.5,64.37605186
1666908042.8220367,1524.19,1524.19,1.29320617,7.5,64.37605186
1666908052.8538816,1524.19,1523.93,1.27246543,7.24,63.28009551
1666908062.8618553,1524.19,1523.93,1.27246543,7.24,63.28009551
1666908072.8516524,1524.21,1524.21,1.40905486,5.59,64.42607525
1666908082.8097377,1524.21,1524.21,1.40905486,5.59,64.42607525
1666908092.804947,1524.21,1524.21,1.40905486,5.59,64.42607525
1666908102.7720313,1524.21,1525.44,1.50717451,6.82,67.35010771
1666908112.8146665,1524.21,1525.44,1.50717451,6.82,67.35010771
1666908123.2764273,1524.21,1525.44,1.50717451,6.82,67.35010771
1666908133.3341026,1525.13,1525.13,1.61319038,5.86,66.65942258
1666908143.315935,1525.13,1525.13,1.61319038,5.86,66.65942258
1666908153.3770802,1525.13,1525.13,1.61319038,5.86,66.65942258
1666908163.3137422,1525.13,1524.17,1.53660919,4.9,62.26656158
1666908173.3061092,1525.13,1524.17,1.53660919,4.9,62.26656158
1666908183.3681476,1525.13,1524.17,1.53660919,4.9,62.26656158
1666908193.360633,1525.98,1525.98,1.81740027,4.93,68.61961428
1666908203.6776738,1525.98,1525.98,1.81740027,4.93,68.61961428
1666908213.3783357,1525.98,1525.98,1.81740027,4.93,68.61961428
1666908223.3532856,1525.98,1525.61,1.7878846,4.56,66.77912359
1666908233.3577323,1525.98,1525.61,1.7878846,4.56,66.77912359
1666908243.3717444,1525.98,1525.61,1.7878846,4.56,66.77912359
1666908253.41478,1528.19,1528.19,2.21596919,5.4,73.05526533
1666908263.3793824,1528.19,1528.19,2.21596919,5.4,73.05526533
1666908273.3626895,1528.19,1528.19,2.21596919,5.4,73.05526533
1666908283.3865948,1528.19,1525.58,2.00776406,2.79,61.92299018
1666908293.3588402,1528.19,1525.58,2.00776406,2.79,61.92299018
1666908303.9572315,1528.19,1525.58,2.00776406,2.79,61.92299018
1666908314.067154,1525.25,1525.25,1.94925548,4.99,60.75249413
1666908323.933148,1525.25,1525.25,1.94925548,4.99,60.75249413
1666908334.0616314,1525.25,1525.25,1.94925548,4.99,60.75249413
1666908343.978679,1525.25,1523.58,1.81603611,3.32,55.0785181
1666908354.0766747,1525.25,1523.58,1.81603611,3.32,55.0785181
1666908364.0565803,1525.25,1523.58,1.81603611,3.32,55.0785181
1666908374.0489948,1523.51,1523.51,1.65523989,1.2,54.86025912
1666908384.0721035,1523.51,1523.51,1.65523989,1.2,54.86025912
1666908394.0158784,1523.51,1523.51,1.65523989,1.2,54.86025912
1666908404.0582411,1523.51,1523.07,1.62014017,0.76,53.45500196
1666908414.098403,1523.51,1523.07,1.62014017,0.76,53.45500196
1666908424.0986686,1523.51,1523.07,1.62014017,0.76,53.45500196
1666908433.996786,1524.48,1524.48,1.65190248,1.99,57.34174421
1666908444.0525658,1524.48,1524.48,1.65190248,1.99,57.34174421
1666908454.0754664,1524.48,1524.48,1.65190248,1.99,57.34174421
1666908464.047175,1524.48,1524.92,1.68700219,2.43,58.45649327
1666908474.0505004,1524.48,1524.92,1.68700219,2.43,58.45649327
1666908485.621637,1524.48,1524.92,1.68700219,2.43,58.45649327
1666908495.5414789,1525.96,1525.96,1.78029547,2.31,60.85846035
1666908505.5168552,1525.96,1525.96,1.78029547,2.31,60.85846035
1666908515.5926433,1525.96,1525.96,1.78029547,2.31,60.85846035
1666908525.7267604,1525.96,1526.3,1.80741798,2.65,61.65689041
1666908535.551007,1525.96,1526.3,1.80741798,2.65,61.65689041
1666908545.678222,1525.96,1526.3,1.80741798,2.65,61.65689041
1666908555.8868072,1526.66,1526.66,1.86704541,2.48,62.43763306
1666908565.6531315,1526.66,1526.66,1.86704541,2.48,62.43763306
1666908575.621768,1526.66,1526.66,1.86704541,2.48,62.43763306
1666908585.9349391,1526.66,1527.42,1.92767219,3.24,64.14930146
1666908595.5960066,1526.66,1527.42,1.92767219,3.24,64.14930146
1666908605.5377748,1526.66,1527.42,1.92767219,3.24,64.14930146
1666908615.557018,1527.66,1527.66,2.01010696,3.46,64.6551406
1666908625.5879724,1527.66,1527.66,2.01010696,3.46,64.6551406
1666908635.616141,1527.66,1527.66,2.01010696,3.46,64.6551406
1666908645.5494585,1527.66,1527.51,1.99814115,3.31,64.06641011
1666908655.5204024,1527.66,1527.51,1.99814115,3.31,64.06641011
1666908665.8791656,1527.66,1527.51,1.99814115,3.31,64.06641011
1666908675.9258578,1527.68,1527.68,2.04085367,2.55,64.67805746
1666908685.960713,1527.68,1527.68,2.04085367,2.55,64.67805746
1666908695.9471774,1527.68,1527.68,2.04085367,2.55,64.67805746
1666908705.9256654,1527.68,1527.69,2.04165139,2.56,64.72193261
1666908715.9669468,1527.68,1527.69,2.04165139,2.56,64.72193261
1666908725.98339,1527.68,1527.69,2.04165139,2.56,64.72193261
1666908735.925338,1527.72,1527.72,2.0454649,1.74,64.79358074
1666908745.8760843,1527.72,1527.72,2.0454649,1.74,64.79358074
1666908756.3352823,1527.72,1527.72,2.0454649,1.74,64.79358074
1666908765.9766462,1527.72,1526.53,1.95053613,0.55,59.62097362
1666908776.0039165,1527.72,1526.53,1.95053613,0.55,59.62097362
1666908786.0025043,1527.72,1526.53,1.95053613,0.55,59.62097362
1666908796.004772,1525.29,1525.29,1.67914081,-2.9,55.03811268
1666908806.0254955,1525.29,1525.29,1.67914081,-2.9,55.03811268
1666908815.9749594,1525.29,1525.29,1.67914081,-2.9,55.03811268
1666908825.9498425,1525.29,1526.75,1.79560805,-1.44,59.023257
1666908835.975935,1525.29,1526.75,1.79560805,-1.44,59.023257
1666908846.8286417,1525.29,1526.75,1.79560805,-1.44,59.023257
1666908856.8311725,1525.86,1525.86,1.60669054,0.61,56.67146009
1666908867.031171,1525.86,1525.86,1.60669054,0.61,56.67146009
1666908877.1737304,1525.86,1525.86,1.60669054,0.61,56.67146009
1666908886.8630416,1525.86,1525.65,1.5899384,0.4,55.86178697
1666908896.8159049,1525.86,1525.65,1.5899384,0.4,55.86178697
1666908906.9049954,1525.86,1525.65,1.5899384,0.4,55.86178697
1666908916.9317827,1525.18,1525.18,1.39862554,1.68,54.12778208
1666908926.880275,1525.18,1525.18,1.39862554,1.68,54.12778208
1666908936.8182044,1525.18,1525.18,1.39862554,1.68,54.12778208
1666908946.7904594,1525.18,1524.8,1.36831215,1.3,52.71147236
1666908956.853547,1525.18,1524.8,1.36831215,1.3,52.71147236
1666908966.886506,1525.18,1524.8,1.36831215,1.3,52.71147236
1666908976.8545945,1523.74,1523.74,1.05923556,-0.73,49.11234225
1666908986.8640416,1523.74,1523.74,1.05923556,-0.73,49.11234225
1666908996.8783052,1523.74,1523.74,1.05923556,-0.73,49.11234225
1666909006.8926492,1523.74,1524.46,1.11667146,-0.01,51.5330874
1666909016.874308,1523.74,1524.46,1.11667146,-0.01,51.5330874
1666909027.510373,1523.74,1524.46,1.11667146,-0.01,51.5330874
1666909037.5707357,1524.43,1524.43,0.96880006,-1.54,51.43683038
1666909047.5449767,1524.43,1524.43,0.96880006,-1.54,51.43683038
1666909057.584297,1524.43,1524.43,0.96880006,-1.54,51.43683038
1666909067.5327623,1524.43,1523.95,0.93050946,-2.02,49.73485772
1666909077.5429463,1524.43,1523.95,0.93050946,-2.02,49.73485772
1666909087.525837,1524.43,1523.95,0.93050946,-2.02,49.73485772
1666909097.5379198,1525.13,1525.13,0.94273467,-1.54,53.7451998
1666909107.567366,1525.13,1525.13,0.94273467,-1.54,53.7451998
1666909117.5656118,1525.13,1525.13,0.94273467,-1.54,53.7451998
1666909127.5909386,1525.13,1525.34,0.95948681,-1.33,54.44478772
1666909137.5840456,1525.13,1525.34,0.95948681,-1.33,54.44478772
1666909147.6236928,1525.13,1525.34,0.95948681,-1.33,54.44478772
1666909157.6466982,1525.9,1525.9,0.97666913,-1.75,56.21090756
1666909167.634382,1525.9,1525.9,0.97666913,-1.75,56.21090756
1666909177.6368103,1525.9,1525.9,0.97666913,-1.75,56.21090756
1666909187.5516126,1525.9,1525.35,0.93279448,-2.3,53.99674736
1666909197.652508,1525.9,1525.35,0.93279448,-2.3,53.99674736
1666909207.9284325,1525.9,1525.35,0.93279448,-2.3,53.99674736
1666909218.0054672,1523.33,1523.33,0.58069961,-4.36,47.1723455
1666909227.9940012,1523.33,1523.33,0.58069961,-4.36,47.1723455
1666909237.9785442,1523.33,1523.33,0.58069961,-4.36,47.1723455
1666909247.966909,1523.33,1522.32,0.50012981,-5.37,44.16664249
1666909258.0509875,1523.33,1522.32,0.50012981,-5.37,44.16664249
1666909268.0496602,1523.33,1522.32,0.50012981,-5.37,44.16664249
1666909278.0350778,1522.84,1522.84,0.35582141,-4.88,45.66238285
1666909288.0248032,1522.84,1522.84,0.35582141,-4.88,45.66238285
1666909298.0556512,1522.84,1522.84,0.35582141,-4.88,45.66238285
1666909308.060061,1522.84,1522.62,0.33827155,-5.1,44.96750643
1666909318.0881407,1522.84,1522.62,0.33827155,-5.1,44.96750643
1666909328.0544538,1522.84,1522.62,0.33827155,-5.1,44.96750643
1666909338.0622156,1519.7,1519.7,-0.23768272,-5.58,37.40952582
1666909348.1201885,1519.7,1519.7,-0.23768272,-5.58,37.40952582
1666909358.0677347,1519.7,1519.7,-0.23768272,-5.58,37.40952582
1666909368.0687609,1519.7,1520.46,-0.17705594,-4.82,40.2132672
1666909378.0272443,1519.7,1520.46,-0.17705594,-4.82,40.2132672
1666909388.474713,1519.7,1520.46,-0.17705594,-4.82,40.2132672
1666909398.365667,1522.0,1522.0,-0.17921306,-3.87,45.21271144
1666909408.8869398,1522.0,1522.0,-0.17921306,-3.87,45.21271144
1666909418.915297,1522.0,1522.0,-0.17921306,-3.87,45.21271144
1666909428.444253,1522.0,1522.69,-0.12417032,-3.18,47.3375739
1666909438.5352075,1522.0,1522.69,-0.12417032,-3.18,47.3375739
1666909448.531695,1522.0,1522.69,-0.12417032,-3.18,47.3375739
1666909458.461787,1523.01,1523.01,-0.1323339,-2.16,48.26806164
1666909468.4504848,1523.01,1523.01,-0.1323339,-2.16,48.26806164
1666909478.5942256,1523.01,1523.01,-0.1323339,-2.16,48.26806164
1666909488.480041,1523.01,1522.84,-0.14589516,-2.33,47.78501932
1666909498.5226026,1523.01,1522.84,-0.14589516,-2.33,47.78501932
1666909508.475042,1523.01,1522.84,-0.14589516,-2.33,47.78501932
1666909518.5018015,1522.89,1522.89,-0.17418512,-0.85,47.92608402
1666909528.9801383,1522.89,1522.89,-0.17418512,-0.85,47.92608402
1666909538.9132364,1522.89,1522.89,-0.17418512,-0.85,47.92608402
1666909548.5480428,1522.89,1522.86,-0.17657829,-0.88,47.83483949
1666909558.539656,1522.89,1522.86,-0.17657829,-0.88,47.83483949
1666909569.173904,1522.89,1522.86,-0.17657829,-0.88,47.83483949
1666909579.1905634,1523.31,1523.31,-0.13811734,-1.12,49.28054086
1666909589.1709204,1523.31,1523.31,-0.13811734,-1.12,49.28054086
1666909599.2046387,1523.31,1523.31,-0.13811734,-1.12,49.28054086
1666909609.201615,1523.31,1523.17,-0.14928543,-1.26,48.82466392
1666909619.214376,1523.31,1523.17,-0.14928543,-1.26,48.82466392
1666909629.2280252,1523.31,1523.17,-0.14928543,-1.26,48.82466392
1666909639.3028033,1523.12,1523.12,-0.16200969,-2.01,48.66824266
1666909649.149614,1523.12,1523.12,-0.16200969,-2.01,48.66824266
1666909659.1751652,1523.12,1523.12,-0.16200969,-2.01,48.66824266
1666909669.2111766,1523.12,1522.94,-0.17636866,-2.19,48.0528598
1666909679.1933343,1523.12,1522.94,-0.17636866,-2.19,48.0528598
1666909689.4132063,1523.12,1522.94,-0.17636866,-2.19,48.0528598
1666909699.3656993,1523.0,1523.0,-0.183962,-2.9,48.26087713
1666909709.1761737,1523.0,1523.0,-0.183962,-2.9,48.26087713
1666909719.251802,1523.0,1523.0,-0.183962,-2.9,48.26087713
1666909729.2159996,1523.0,1522.7,-0.20789362,-3.2,47.18603115
1666909739.2268324,1523.0,1522.7,-0.20789362,-3.2,47.18603115
1666909749.8190608,1523.0,1522.7,-0.20789362,-3.2,47.18603115
1666909759.907875,1523.23,1523.23,-0.15842637,-0.1,49.14547475
1666909769.8905609,1523.23,1523.23,-0.15842637,-0.1,49.14547475
1666909779.936742,1523.23,1523.23,-0.15842637,-0.1,49.14547475
1666909789.8963044,1523.23,1522.84,-0.18953748,-0.49,47.65755364
1666909799.8758533,1523.23,1522.84,-0.18953748,-0.49,47.65755364
1666909810.6431055,1522.56,1522.56,-0.24508623,-0.29,46.64095687
1666909819.9104023,1522.56,1522.56,-0.24508623,-0.29,46.64095687
1666909829.8572698,1522.56,1522.56,-0.24508623,-0.29,46.64095687
1666909839.9181745,1522.56,1522.56,-0.24508623,-0.29,46.64095687
1666909849.8998277,1522.56,1522.12,-0.28018595,-0.73,45.02022025
1666909859.908039,1522.56,1522.12,-0.28018595,-0.73,45.02022025
1666909869.8692164,1522.56,1522.12,-0.28018595,-0.73,45.02022025
1666909879.8692062,1523.03,1523.03,-0.2024991,3.32,48.61469899
1666909889.9606223,1523.03,1523.03,-0.2024991,3.32,48.61469899
1666909899.9377012,1523.03,1523.03,-0.2024991,3.32,48.61469899
1666909909.9361355,1523.03,1522.46,-0.24796919,2.75,46.36857979
1666909919.9428408,1523.03,1522.46,-0.24796919,2.75,46.36857979
1666909930.4303403,1522.67,1522.67,-0.24647479,0.67,47.16853989
1666909940.3624437,1522.67,1522.67,-0.24647479,0.67,47.16853989
1666909950.4450698,1522.67,1522.67,-0.24647479,0.67,47.16853989
1666909960.4135983,1522.67,1522.59,-0.25285655,0.59,46.83582532
1666909970.4934175,1522.67,1522.59,-0.25285655,0.59,46.83582532
1666909980.510064,1522.67,1522.59,-0.25285655,0.59,46.83582532
1666909990.6216846,1523.52,1523.52,-0.135471,0.51,50.87308507
1666910000.4645178,1523.52,1523.52,-0.135471,0.51,50.87308507
1666910010.5097785,1523.52,1523.52,-0.135471,0.51,50.87308507
1666910020.5616424,1523.52,1523.17,-0.16339123,0.16,49.33773871
1666910030.871224,1523.52,1523.17,-0.16339123,0.16,49.33773871
1666910040.461395,1523.52,1523.17,-0.16339123,0.16,49.33773871
1666910050.5274117,1522.24,1522.24,-0.28165194,-0.65,45.67495462
1666910060.4846077,1522.24,1522.24,-0.28165194,-0.65,45.67495462
1666910070.5245652,1522.24,1522.24,-0.28165194,-0.65,45.67495462
1666910080.4768703,1522.24,1521.22,-0.36301946,-1.67,41.99274702
1666910090.5014367,1522.24,1521.22,-0.36301946,-1.67,41.99274702
1666910100.4986186,1522.24,1521.22,-0.36301946,-1.67,41.99274702
1666910110.9203787,1521.26,1521.26,-0.45150735,-2.05,42.12592715
1666910120.9099865,1521.26,1521.26,-0.45150735,-2.05,42.12592715
1666910130.864986,1521.26,1521.26,-0.45150735,-2.05,42.12592715
1666910141.0467513,1521.26,1520.77,-0.49059566,-2.54,40.43418332
1666910150.950251,1521.26,1520.77,-0.49059566,-2.54,40.43418332
1666910160.9104297,1521.26,1520.77,-0.49059566,-2.54,40.43418332
1666910170.9278538,1519.27,1519.27,-0.79888551,-3.84,36.00552557
1666910180.9020922,1519.27,1519.27,-0.79888551,-3.84,36.00552557
1666910190.9137414,1519.27,1519.27,-0.79888551,-3.84,36.00552557
1666910200.9524083,1519.27,1518.53,-0.85791685,-4.58,34.0265353
1666910210.9412234,1519.27,1518.53,-0.85791685,-4.58,34.0265353
1666910220.8793578,1519.27,1518.53,-0.85791685,-4.58,34.0265353
1666910230.9483316,1519.92,1519.92,-0.84569326,-3.07,39.11364193
1666910240.9783664,1519.92,1519.92,-0.84569326,-3.07,39.11364193
1666910251.0519464,1519.92,1519.92,-0.84569326,-3.07,39.11364193
1666910260.9416533,1519.92,1520.53,-0.79703229,-2.46,41.95191657
1666910270.905796,1519.92,1520.53,-0.79703229,-2.46,41.95191657
1666910280.9288335,1519.92,1520.53,-0.79703229,-2.46,41.95191657
1666910291.7489457,1520.36,1520.36,-0.85116273,-2.87,41.19455252
1666910301.8369749,1520.36,1520.36,-0.85116273,-2.87,41.19455252
1666910311.747653,1520.36,1520.36,-0.85116273,-2.87,41.19455252
1666910321.8618684,1520.36,1519.2,-0.94369835,-4.03,37.54711383
1666910331.8911529,1520.36,1519.2,-0.94369835,-4.03,37.54711383
1666910341.7840333,1520.36,1519.2,-0.94369835,-4.03,37.54711383
1666910351.847593,1518.85,1518.85,-1.0867143,-3.72,36.56804449
1666910361.807792,1518.85,1518.85,-1.0867143,-3.72,36.56804449
1666910371.7996798,1518.85,1518.85,-1.0867143,-3.72,36.56804449
1666910381.770363,1518.85,1518.85,-1.0867143,-3.72,36.56804449
1666910391.8291783,1518.85,1517.92,-1.16090233,-4.65,34.03409888
1666910405.475866,1518.85,1517.92,-1.16090233,-4.65,34.03409888
1666910411.806526,1518.09,1518.09,-1.27194939,-4.94,34.46872635
1666910421.8138208,1518.09,1518.09,-1.27194939,-4.94,34.46872635
1666910431.8896255,1518.09,1518.09,-1.27194939,-4.94,34.46872635
1666910443.3103206,1518.09,1517.52,-1.31741947,-5.51,32.94276622
1666910451.820748,1518.09,1517.52,-1.31741947,-5.51,32.94276622
1666910462.145094,1518.09,1517.52,-1.31741947,-5.51,32.94276622
1666910472.397406,1515.93,1515.93,-1.6604339,-6.75,29.32019353
1666910482.389952,1515.93,1515.93,-1.6604339,-6.75,29.32019353
1666910492.3843513,1515.93,1515.93,-1.6604339,-6.75,29.32019353
1666910502.443659,1515.93,1510.04,-2.13029145,-12.64,20.38275991
1666910512.4060867,1515.93,1510.04,-2.13029145,-12.64,20.38275991
1666910522.44602,1515.93,1510.04,-2.13029145,-12.64,20.38275991
1666910532.3458116,1513.17,1513.17,-2.20105044,-10.36,24.32151435
1666910542.4214954,1513.17,1513.17,-2.20105044,-10.36,24.32151435
1666910552.4051049,1513.17,1513.17,-2.20105044,-10.36,24.32151435
1666910562.8001752,1513.17,1513.86,-2.1460077,-9.67,27.61336289
1666910572.3954053,1513.17,1513.86,-2.1460077,-9.67,27.61336289
1666910582.3761723,1513.17,1513.86,-2.1460077,-9.67,27.61336289
1666910592.4149902,1513.17,1513.86,-2.1460077,-9.67,27.61336289
1666910602.2967827,1514.46,1514.46,-2.24529599,-7.78,30.27678169
1666910612.400669,1514.46,1514.46,-2.24529599,-7.78,30.27678169
1666910622.4176257,1514.46,1517.32,-2.01714784,-4.92,41.35374701
1666910632.4127424,1514.46,1517.32,-2.01714784,-4.92,41.35374701
1666910642.3734531,1514.46,1517.32,-2.01714784,-4.92,41.35374701
1666910653.371865,1517.84,1517.84,-1.85780893,-3.42,43.00258436
1666910663.4532018,1517.84,1517.84,-1.85780893,-3.42,43.00258436
1666910673.4177444,1517.84,1517.84,-1.85780893,-3.42,43.00258436
1666910683.4213035,1517.84,1521.51,-1.56504539,0.25,53.02571058
1666910693.455007,1517.84,1521.51,-1.56504539,0.25,53.02571058
1666910703.4174917,1517.84,1521.51,-1.56504539,0.25,53.02571058
1666910713.458384,1520.85,1520.85,-1.31878869,1.57,51.49349664
1666910723.4407797,1520.85,1520.85,-1.31878869,1.57,51.49349664
1666910733.4041598,1520.85,1520.85,-1.31878869,1.57,51.49349664
1666910743.4117622,1520.85,1522.5,-1.18716476,3.22,55.41356049
1666910753.612106,1520.85,1522.5,-1.18716476,3.22,55.41356049
1666910763.4095278,1520.85,1522.5,-1.18716476,3.22,55.41356049
1666910773.377838,1521.9,1521.9,-0.92113422,1.97,54.06539463
1666910783.4413304,1521.9,1521.9,-0.92113422,1.97,54.06539463
1666910793.4585955,1521.9,1521.9,-0.92113422,1.97,54.06539463
1666910803.3868785,1521.9,1519.21,-1.13572112,-0.72,47.16745074
1666910813.87177,1521.9,1519.21,-1.13572112,-0.72,47.16745074
1666910823.4683127,1521.9,1519.21,-1.13572112,-0.72,47.16745074
1666910834.192688,1518.58,1518.58,-1.13340726,-1.79,45.79820967
1666910844.235233,1518.58,1518.58,-1.13340726,-1.79,45.79820967
1666910854.2002118,1518.58,1518.58,-1.13340726,-1.79,45.79820967
1666910864.306512,1518.58,1519.48,-1.06161239,-0.89,48.11540471
1666910874.1170237,1518.58,1519.48,-1.06161239,-0.89,48.11540471
1666910884.2071204,1518.58,1519.48,-1.06161239,-0.89,48.11540471
1666910894.2091224,1521.38,1521.38,-0.68287253,2.52,52.40663187
1666910904.199861,1521.38,1521.38,-0.68287253,2.52,52.40663187
1666910914.23591,1521.38,1521.38,-0.68287253,2.52,52.40663187
1666910924.154855,1521.38,1521.64,-0.66213179,2.78,52.98249344
1666910934.283509,1521.38,1521.64,-0.66213179,2.78,52.98249344
1666910944.212428,1521.38,1521.64,-0.66213179,2.78,52.98249344
1666910954.2243545,1520.95,1520.95,-0.55913281,2.85,51.37157004
1666910964.2176385,1520.95,1520.95,-0.55913281,2.85,51.37157004
1666910974.1799586,1520.95,1520.95,-0.55913281,2.85,51.37157004
1666910984.1991756,1520.95,1519.34,-0.68756586,1.24,47.58178179
1666910994.2413146,1520.95,1519.34,-0.68756586,1.24,47.58178179
1666911004.2283363,1520.95,1519.34,-0.68756586,1.24,47.58178179
1666911014.7408657,1520.95,1519.34,-0.68756586,1.24,47.58178179
1666911024.7309022,1519.35,1519.35,-0.65449405,3.41,47.60360156
1666911034.7540958,1519.35,1519.35,-0.65449405,3.41,47.60360156
1666911044.7810051,1519.35,1518.86,-0.69358237,2.92,46.47887797
1666911054.7790613,1519.35,1518.86,-0.69358237,2.92,46.47887797
1666911064.7639096,1519.35,1518.86,-0.69358237,2.92,46.47887797
1666911074.8360746,1518.41,1518.41,-0.75463021,5.23,45.49179091
1666911084.7246182,1518.41,1518.41,-0.75463021,5.23,45.49179091
1666911094.7924907,1518.41,1518.41,-0.75463021,5.23,45.49179091
1666911104.7959027,1518.41,1519.21,-0.69081254,6.03,47.62147528
1666911114.8016798,1518.41,1519.21,-0.69081254,6.03,47.62147528
1666911124.7447042,1518.41,1519.21,-0.69081254,6.03,47.62147528
1666911134.7058876,1518.79,1518.79,-0.71201742,4.33,46.52457569
1666911144.7912564,1518.79,1518.79,-0.71201742,4.33,46.52457569
1666911154.7745397,1518.79,1518.79,-0.71201742,4.33,46.52457569
1666911164.8143451,1518.79,1518.4,-0.74312853,3.94,45.57025343
1666911174.8389258,1518.79,1518.4,-0.74312853,3.94,45.57025343
1666911184.765314,1518.79,1518.4,-0.74312853,3.94,45.57025343
1666911195.8038645,1520.65,1520.65,-0.43133275,2.82,51.38050536
1666911205.4984648,1520.65,1520.65,-0.43133275,2.82,51.38050536
1666911215.4271004,1520.65,1520.65,-0.43133275,2.82,51.38050536
1666911225.499763,1520.65,1520.37,-0.45366893,2.54,50.63508802
1666911235.61791,1520.65,1520.37,-0.45366893,2.54,50.63508802
1666911245.595832,1520.65,1520.37,-0.45366893,2.54,50.63508802
1666911255.4965923,1520.67,1520.67,-0.32054534,-0.17,51.43353843
1666911265.537565,1520.67,1520.67,-0.32054534,-0.17,51.43353843
1666911275.4968262,1520.67,1520.67,-0.32054534,-0.17,51.43353843
1666911285.5412903,1520.67,1520.71,-0.31735446,-0.13,51.54316495
1666911295.485803,1520.67,1520.71,-0.31735446,-0.13,51.54316495
1666911305.5324154,1520.67,1520.71,-0.31735446,-0.13,51.54316495
1666911315.5332675,1520.68,1520.68,-0.22868862,-1.21,51.45710675
1666911325.5311208,1520.68,1520.68,-0.22868862,-1.21,51.45710675
1666911335.575831,1520.68,1520.68,-0.22868862,-1.21,51.45710675
1666911345.6226842,1520.68,1520.13,-0.27256327,-1.76,49.7919617
1666911355.5550056,1520.68,1520.13,-0.27256327,-1.76,49.7919617
1666911365.5341074,1520.68,1520.13,-0.27256327,-1.76,49.7919617
1666911376.4486358,1519.97,1519.97,-0.25573233,1.39,49.32760255
1666911386.434651,1519.97,1519.97,-0.25573233,1.39,49.32760255
1666911396.4462056,1519.97,1519.97,-0.25573233,1.39,49.32760255
1666911406.4894052,1519.97,1519.31,-0.3083819,0.73,47.36530985
1666911416.4087656,1519.97,1519.31,-0.3083819,0.73,47.36530985
1666911426.461938,1519.97,1519.31,-0.3083819,0.73,47.36530985
1666911436.4510648,1519.23,1519.23,-0.33362378,-2.16,47.13583926
1666911446.4487634,1519.23,1519.23,-0.33362378,-2.16,47.13583926
1666911456.5044515,1519.23,1519.23,-0.33362378,-2.16,47.13583926
1666911466.4439297,1519.23,1518.98,-0.3535668,-2.41,46.3867402
1666911476.4073792,1519.23,1518.98,-0.3535668,-2.41,46.3867402
1666911486.4746008,1519.23,1518.98,-0.3535668,-2.41,46.3867402
1666911496.443272,1519.91,1519.91,-0.24971265,-1.03,49.36182574
1666911506.5773387,1519.91,1519.91,-0.24971265,-1.03,49.36182574
1666911516.419402,1519.91,1519.91,-0.24971265,-1.03,49.36182574
1666911526.5146804,1519.91,1520.28,-0.22019698,-0.66,50.58173352
1666911536.46121,1519.91,1520.28,-0.22019698,-0.66,50.58173352
1666911546.48415,1519.91,1520.28,-0.22019698,-0.66,50.58173352
1666911556.829146,1519.37,1519.37,-0.29933499,0.02,47.64225849
1666911566.8572338,1519.37,1519.37,-0.29933499,0.02,47.64225849
1666911576.8757098,1519.37,1519.37,-0.29933499,0.02,47.64225849
1666911586.9099724,1519.37,1517.5,-0.44850878,-1.85,42.16676957
1666911597.1731548,1519.37,1517.5,-0.44850878,-1.85,42.16676957
1666911606.9048462,1519.37,1517.5,-0.44850878,-1.85,42.16676957
1666911616.85565,1517.4,1517.4,-0.57953604,-1.01,41.90919777
1666911626.880248,1517.4,1517.4,-0.57953604,-1.01,41.90919777
1666911636.841535,1517.4,1517.4,-0.57953604,-1.01,41.90919777
1666911646.93707,1517.4,1516.89,-0.6202198,-1.52,40.54881537
1666911656.8787613,1517.4,1516.89,-0.6202198,-1.52,40.54881537
1666911666.9481645,1517.4,1516.89,-0.6202198,-1.52,40.54881537
1666911676.970863,1517.81,1517.81,-0.61076386,-0.98,43.44107767
1666911686.941319,1517.81,1517.81,-0.61076386,-0.98,43.44107767
1666911696.9979343,1517.81,1517.81,-0.61076386,-0.98,43.44107767
1666911707.0260386,1517.81,1517.83,-0.60916842,-0.96,43.50996856
1666911716.885187,1517.81,1517.83,-0.60916842,-0.96,43.50996856
1666911726.9615128,1517.81,1517.83,-0.60916842,-0.96,43.50996856
1666911737.483185,1517.57,1517.57,-0.68906251,-3.08,42.74732818
1666911747.4118328,1517.57,1517.57,-0.68906251,-3.08,42.74732818
1666911757.4541247,1517.57,1517.57,-0.68906251,-3.08,42.74732818
1666911767.4726553,1517.57,1516.13,-0.80393431,-4.52,38.67222433
1666911777.444697,1517.57,1516.13,-0.80393431,-4.52,38.67222433
1666911787.469173,1517.57,1516.13,-0.80393431,-4.52,38.67222433
1666911797.4578977,1514.69,1514.69,-1.13405414,-5.97,35.31368414
1666911807.6657596,1514.69,1514.69,-1.13405414,-5.97,35.31368414
1666911817.4797592,1514.69,1514.69,-1.13405414,-5.97,35.31368414
1666911827.4504666,1514.69,1514.1,-1.18111967,-6.56,34.01040512
1666911837.421232,1514.69,1514.1,-1.18111967,-6.56,34.01040512
1666911847.4202003,1514.69,1514.1,-1.18111967,-6.56,34.01040512
1666911857.439233,1512.49,1512.49,-1.60138545,-8.2,30.92333662
1666911867.4606566,1512.49,1512.49,-1.60138545,-8.2,30.92333662
1666911877.4384062,1512.49,1512.49,-1.60138545,-8.2,30.92333662
1666911887.4965618,1512.49,1514.63,-1.4306732,-6.06,38.9142419
1666911897.4533129,1512.49,1514.63,-1.4306732,-6.06,38.9142419
1666911907.5689025,1512.49,1514.63,-1.4306732,-6.06,38.9142419
1666911918.2080436,1514.97,1514.97,-1.46057596,-5.0,40.01669511
1666911927.981038,1514.97,1514.97,-1.46057596,-5.0,40.01669511
1666911937.8874192,1514.97,1514.97,-1.46057596,-5.0,40.01669511
1666911947.8484197,1514.97,1514.03,-1.53556171,-5.94,37.97606728
1666911957.8298607,1514.97,1514.03,-1.53556171,-5.94,37.97606728
1666911967.857883,1514.97,1514.03,-1.53556171,-5.94,37.97606728
1666911977.8824072,1515.31,1515.31,-1.44116179,-3.93,41.16283616
1666911988.2014294,1515.31,1515.31,-1.44116179,-3.93,41.16283616
1666911997.8211665,1515.31,1515.31,-1.44116179,-3.93,41.16283616
1666912007.9081478,1515.31,1514.07,-1.54007917,-5.17,38.28219407
1666912017.9435134,1515.31,1514.07,-1.54007917,-5.17,38.28219407
1666912027.9633076,1515.31,1514.07,-1.54007917,-5.17,38.28219407
1666912037.9055254,1508.0,1508.0,-2.4641283,-11.9,28.55949779
1666912047.933124,1508.0,1508.0,-2.4641283,-11.9,28.55949779
1666912057.898848,1508.0,1508.0,-2.4641283,-11.9,28.55949779
1666912067.950928,1508.0,1511.21,-2.20805992,-8.69,37.59654604
1666912077.9737916,1508.0,1511.21,-2.20805992,-8.69,37.59654604
1666912087.9163144,1508.0,1511.21,-2.20805992,-8.69,37.59654604
1666912098.5497308,1509.88,1509.88,-2.51425878,-9.49,34.14496818
1666912108.5560002,1509.88,1509.88,-2.51425878,-9.49,34.14496818
1666912118.5026858,1509.88,1509.88,-2.51425878,-9.49,34.14496818
1666912128.584668,1509.88,1513.07,-2.25978585,-6.3,42.3773582
1666912138.511402,1509.88,1513.07,-2.25978585,-6.3,42.3773582
1666912148.6201804,1509.88,1513.07,-2.25978585,-6.3,42.3773582
1666912158.6000516,1514.81,1514.81,-1.94546425,-2.59,46.05561292
1666912168.632013,1514.81,1514.81,-1.94546425,-2.59,46.05561292
1666912178.5672956,1514.81,1514.81,-1.94546425,-2.59,46.05561292
1666912188.6365862,1514.81,1515.1,-1.92233035,-2.3,46.6666686
1666912198.5920928,1514.81,1515.1,-1.92233035,-2.3,46.6666686
1666912208.6251533,1514.81,1515.1,-1.92233035,-2.3,46.6666686
1666912218.5632842,1513.63,1513.63,-1.95258722,-4.19,44.00416786
1666912228.6037457,1513.63,1513.63,-1.95258722,-4.19,44.00416786
1666912238.654696,1513.63,1513.63,-1.95258722,-4.19,44.00416786
1666912248.5848916,1513.63,1514.35,-1.89515132,-3.47,45.59652022
1666912258.6883855,1513.63,1514.35,-1.89515132,-3.47,45.59652022
1666912268.6145742,1513.63,1514.35,-1.89515132,-3.47,45.59652022
1666912279.1204195,1513.37,1513.37,-1.89892103,-4.19,43.54393144
1666912289.157462,1513.37,1513.37,-1.89892103,-4.19,43.54393144
1666912299.1607716,1513.37,1513.37,-1.89892103,-4.19,43.54393144
1666912309.1422684,1513.37,1511.5,-2.04809482,-6.06,40.28077473
1666912319.1657157,1513.37,1511.5,-2.04809482,-6.06,40.28077473
1666912329.1589117,1513.37,1511.5,-2.04809482,-6.06,40.28077473
1666912339.135578,1512.44,1512.44,-1.9510679,-2.25,41.86618864
1666912349.1418772,1512.44,1512.44,-1.9510679,-2.25,41.86618864
1666912359.1773016,1512.44,1512.44,-1.9510679,-2.25,41.86618864
1666912369.177173,1512.44,1512.08,-1.97978585,-2.61,41.19380706
1666912379.1988647,1512.44,1512.08,-1.97978585,-2.61,41.19380706
1666912389.1690478,1512.44,1512.08,-1.97978585,-2.61,41.19380706
1666912399.1691792,1511.03,1511.03,-2.1108768,-1.45,39.38027031
1666912409.206004,1511.03,1511.03,-2.1108768,-1.45,39.38027031
1666912419.1536255,1511.03,1511.03,-2.1108768,-1.45,39.38027031
1666912429.1720486,1511.03,1510.96,-2.11646085,-1.52,39.24582493
1666912439.0980368,1511.03,1510.96,-2.11646085,-1.52,39.24582493
1666912449.1306698,1511.03,1510.96,-2.11646085,-1.52,39.24582493
1666912459.8996844,1509.36,1509.36,-2.35996961,-5.61,36.60783102
1666912469.9667132,1509.36,1509.36,-2.35996961,-5.61,36.60783102
1666912479.888343,1509.36,1509.36,-2.35996961,-5.61,36.60783102
1666912489.954389,1509.36,1509.92,-2.31529725,-5.05,38.18062644
1666912499.940031,1509.36,1509.92,-2.31529725,-5.05,38.18062644
1666912510.007642,1509.36,1509.92,-2.31529725,-5.05,38.18062644
1666912520.376135,1509.81,1509.81,-2.35962129,-5.49,37.87787404
1666912530.4103637,1509.81,1509.81,-2.35962129,-5.49,37.87787404
1666912539.9960728,1509.81,1509.81,-2.35962129,-5.49,37.87787404
1666912550.038884,1509.81,1509.52,-2.38275519,-5.78,37.35842665
1666912559.9855435,1509.81,1509.52,-2.38275519,-5.78,37.35842665
1666912569.968051,1509.81,1509.52,-2.38275519,-5.78,37.35842665
1666912580.2752435,1508.58,1508.58,-2.53445875,0.59,35.76846683
1666912589.9548206,1508.58,1508.58,-2.53445875,0.59,35.76846683
1666912599.9314885,1508.58,1508.58,-2.53445875,0.59,35.76846683
1666912609.9065156,1508.58,1509.81,-2.43633909,1.82,39.4027
1666912619.913471,1508.58,1509.81,-2.43633909,1.82,39.4027
1666912629.9544733,1508.58,1509.81,-2.43633909,1.82,39.4027
1666912641.387532,1510.9,1510.9,-2.23772159,1.02,42.29598946
1666912650.7474427,1510.9,1510.9,-2.23772159,1.02,42.29598946
1666912660.7594843,1510.9,1512.44,-2.11487259,2.56,46.20409879
1666912670.816548,1510.9,1512.44,-2.11487259,2.56,46.20409879
1666912680.7814746,1510.9,1512.44,-2.11487259,2.56,46.20409879
1666912690.8666406,1510.9,1512.44,-2.11487259,2.56,46.20409879
1666912701.5867672,1513.64,1513.64,-1.73801563,-1.17,48.90245672
1666912710.8164396,1513.64,1513.64,-1.73801563,-1.17,48.90245672
1666912720.7595546,1513.64,1512.26,-1.8481011,-2.55,46.04067066
1666912730.821515,1513.64,1512.26,-1.8481011,-2.55,46.04067066
1666912740.8124182,1513.64,1512.26,-1.8481011,-2.55,46.04067066
1666912750.7564847,1513.45,1513.45,-1.52356824,-0.18,48.48499986
1666912760.8878114,1513.45,1513.45,-1.52356824,-0.18,48.48499986
1666912770.9418263,1513.45,1513.45,-1.52356824,-0.18,48.48499986
1666912780.9239838,1513.45,1513.45,-1.52356824,-0.18,48.48499986
1666912790.8862317,1513.45,1513.44,-1.52436596,-0.19,48.46170097
1666912800.8548198,1513.45,1513.44,-1.52436596,-0.19,48.46170097
1666912810.794883,1513.45,1513.44,-1.52436596,-0.19,48.46170097
1666912821.1746137,1514.92,1514.92,-1.11852263,1.55,51.88361367
1666912831.166612,1514.92,1514.92,-1.11852263,1.55,51.88361367
1666912841.1902206,1514.92,1515.17,-1.09857961,1.8,52.46069483
1666912851.124802,1514.92,1515.17,-1.09857961,1.8,52.46069483
1666912861.2577777,1514.92,1515.17,-1.09857961,1.8,52.46069483
1666912871.2830236,1515.42,1515.42,-0.81086642,2.99,53.02406724
1666912881.2031667,1515.42,1515.42,-0.81086642,2.99,53.02406724
1666912891.2204044,1515.42,1515.42,-0.81086642,2.99,53.02406724
1666912901.1982653,1515.42,1513.87,-0.93451314,1.44,49.14637212
1666912911.1474752,1515.42,1513.87,-0.93451314,1.44,49.14637212
1666912921.2135186,1515.42,1513.87,-0.93451314,1.44,49.14637212
1666912931.2398376,1514.58,1514.58,-0.71056973,3.56,50.85208304
1666912941.2597623,1514.58,1514.58,-0.71056973,3.56,50.85208304
1666912951.2735946,1514.58,1514.58,-0.71056973,3.56,50.85208304
1666912961.2620883,1514.58,1516.1,-0.58931617,5.08,54.48797719
1666912971.244271,1514.58,1516.1,-0.58931617,5.08,54.48797719
1666912981.2822776,1514.58,1516.1,-0.58931617,5.08,54.48797719
1666912991.3553078,1515.66,1515.66,-0.41871189,6.31,53.49379452
1666913001.8896935,1515.66,1515.66,-0.41871189,6.31,53.49379452
1666913011.8950496,1515.66,1515.66,-0.41871189,6.31,53.49379452
1666913021.9077296,1515.66,1516.13,-0.38121901,6.78,54.63573563
1666913031.8467174,1515.66,1516.13,-0.38121901,6.78,54.63573563
1666913041.8342054,1515.66,1516.13,-0.38121901,6.78,54.63573563
1666913051.8015993,1515.14,1515.14,-0.32627555,5.33,52.04624837
1666913062.191793,1515.14,1515.14,-0.32627555,5.33,52.04624837
1666913071.9034684,1515.14,1515.14,-0.32627555,5.33,52.04624837
1666913081.8479743,1515.14,1514.58,-0.37094791,4.77,50.46109183
1666913091.8302147,1515.14,1514.58,-0.37094791,4.77,50.46109183
1666913101.9682322,1515.14,1514.58,-0.37094791,4.77,50.46109183
1666913111.8558075,1515.23,1515.23,-0.20428832,6.65,52.28720927
1666913121.898372,1515.23,1515.23,-0.20428832,6.65,52.28720927
1666913131.8606272,1515.23,1515.23,-0.20428832,6.65,52.28720927
1666913141.8399978,1515.23,1515.71,-0.16599772,7.13,53.62560831
1666913151.8471708,1515.23,1515.71,-0.16599772,7.13,53.62560831
1666913161.858009,1515.23,1515.71,-0.16599772,7.13,53.62560831
1666913171.880885,1515.56,1515.56,-0.06474564,4.66,53.20929865
1666913182.6392095,1515.56,1515.56,-0.06474564,4.66,53.20929865
1666913192.9570944,1515.56,1515.56,-0.06474564,4.66,53.20929865
1666913202.627757,1515.56,1516.01,-0.0288482,5.11,54.51305587
1666913212.63266,1515.56,1516.01,-0.0288482,5.11,54.51305587
1666913222.663018,1515.56,1516.01,-0.0288482,5.11,54.51305587
1666913232.6985135,1516.0,1516.0,0.08627018,2.37,54.48495901
1666913243.053179,1516.0,1516.0,0.08627018,2.37,54.48495901
1666913252.6250138,1516.0,1516.0,0.08627018,2.37,54.48495901
1666913262.600459,1516.0,1516.53,0.12854939,2.9,56.03498415
1666913272.6344604,1516.0,1516.53,0.12854939,2.9,56.03498415
1666913282.6213603,1516.0,1516.53,0.12854939,2.9,56.03498415
1666913292.6742733,1516.54,1516.54,0.25182435,3.08,56.06538596
1666913302.587656,1516.54,1516.54,0.25182435,3.08,56.06538596
1666913312.6268682,1516.54,1516.54,0.25182435,3.08,56.06538596
1666913322.6478488,1516.54,1517.03,0.29091267,3.57,57.50525665
1666913332.863731,1516.54,1517.03,0.29091267,3.57,57.50525665
1666913342.6972878,1516.54,1517.03,0.29091267,3.57,57.50525665
1666913352.6392305,1515.91,1515.91,0.25709504,0.98,53.72708882
1666913363.8035069,1515.91,1515.91,0.25709504,0.98,53.72708882
1666913373.6866837,1515.91,1515.91,0.25709504,0.98,53.72708882
1666913383.4920502,1515.91,1516.71,0.32091271,1.78,56.23751842
1666913393.6565971,1515.91,1516.71,0.32091271,1.78,56.23751842
1666913403.5088322,1515.91,1516.71,0.32091271,1.78,56.23751842
1666913413.574642,1516.75,1516.75,0.41517292,1.34,56.35793752
1666913423.444247,1516.75,1516.75,0.41517292,1.34,56.35793752
1666913433.4518778,1516.75,1516.75,0.41517292,1.34,56.35793752
1666913443.6134858,1516.75,1516.87,0.42474557,1.46,56.73530158
1666913453.5270967,1516.75,1516.87,0.42474557,1.46,56.73530158
1666913463.8392384,1516.75,1516.87,0.42474557,1.46,56.73530158
1666913473.557016,1516.75,1516.87,0.42474557,1.46,56.73530158
1666913483.4945962,1516.6,1516.6,0.46121284,2.03,55.7583876
1666913493.5265634,1516.6,1516.6,0.46121284,2.03,55.7583876
1666913503.541568,1516.6,1515.2,0.34953192,0.63,50.29798681
1666913513.582517,1516.6,1515.2,0.34953192,0.63,50.29798681
1666913523.459489,1516.6,1515.2,0.34953192,0.63,50.29798681
1666913533.5133874,1514.98,1514.98,0.2723957,-0.67,49.53568469
1666913543.946269,1514.98,1514.98,0.2723957,-0.67,49.53568469
1666913554.014721,1514.98,1514.98,0.2723957,-0.67,49.53568469
1666913564.0531332,1514.98,1513.92,0.1878373,-1.73,45.92419833
1666913573.99501,1514.98,1513.92,0.1878373,-1.73,45.92419833
1666913584.004443,1514.98,1513.92,0.1878373,-1.73,45.92419833
1666913594.0222225,1514.64,1514.64,0.17454376,-0.49,48.31692869
1666913604.0226667,1514.64,1514.64,0.17454376,-0.49,48.31692869
1666913613.9922712,1514.64,1514.64,0.17454376,-0.49,48.31692869
1666913623.9918144,1514.64,1515.52,0.24474319,0.39,51.63380272
1666913634.022325,1514.64,1515.52,0.24474319,0.39,51.63380272
1666913644.0153022,1514.64,1515.52,0.24474319,0.39,51.63380272
1666913654.074852,1516.26,1516.26,0.34553118,1.03,54.11278069
1666913664.044992,1516.26,1516.26,0.34553118,1.03,54.11278069
1666913674.0277076,1516.26,1516.26,0.34553118,1.03,54.11278069
1666913684.043297,1516.26,1516.16,0.33755397,0.93,53.71805185
1666913693.9567535,1516.26,1516.16,0.33755397,0.93,53.71805185
1666913704.009657,1516.26,1516.16,0.33755397,0.93,53.71805185
1666913714.0437655,1515.83,1515.83,0.31414796,0.26,52.4363192
1666913724.622677,1515.83,1515.83,0.31414796,0.26,52.4363192
1666913734.6132157,1515.83,1515.83,0.31414796,0.26,52.4363192
1666913744.5981631,1515.83,1515.68,0.30218215,0.11,51.83093891
1666913754.681508,1515.83,1515.68,0.30218215,0.11,51.83093891
1666913764.6454923,1515.83,1515.68,0.30218215,0.11,51.83093891
1666913774.645009,1515.95,1515.95,0.33043411,-0.05,52.86907213
1666913784.7025466,1515.95,1515.95,0.33043411,-0.05,52.86907213
1666913794.6980438,1515.95,1515.95,0.33043411,-0.05,52.86907213
1666913804.6192105,1515.95,1515.49,0.29373896,-0.51,50.92597141
1666913814.6791933,1515.95,1515.49,0.29373896,-0.51,50.92597141
1666913824.7098927,1515.95,1515.49,0.29373896,-0.51,50.92597141
1666913834.7020705,1515.63,1515.63,0.28545145,-0.9,51.5026449
1666913844.6545124,1515.63,1515.63,0.28545145,-0.9,51.5026449
1666913854.7110114,1515.63,1515.63,0.28545145,-0.9,51.5026449
1666913864.687497,1515.63,1514.39,0.18653408,-2.14,46.4887438
1666913874.6901023,1515.63,1514.39,0.18653408,-2.14,46.4887438
1666913884.649567,1515.63,1514.39,0.18653408,-2.14,46.4887438
1666913894.6222987,1513.21,1513.21,-0.07513267,-2.71,42.55928243
1666913905.9292629,1513.21,1513.21,-0.07513267,-2.71,42.55928243
1666913916.1568384,1513.21,1513.21,-0.07513267,-2.71,42.55928243
1666913925.8412204,1513.21,1512.21,-0.15490475,-3.71,39.49048303
1666913935.8320508,1513.21,1512.21,-0.15490475,-3.71,39.49048303
1666913945.9657693,1513.21,1512.21,-0.15490475,-3.71,39.49048303
1666913956.0536084,1512.19,1512.19,-0.34971727,-4.55,39.4522908
1666913966.1132169,1512.19,1512.19,-0.34971727,-4.55,39.4522908
1666913975.8777883,1512.19,1512.19,-0.34971727,-4.55,39.4522908
1666913985.8760154,1512.19,1511.94,-0.36966029,-4.8,38.68856709
1666913995.9215715,1512.19,1511.94,-0.36966029,-4.8,38.68856709
1666914006.0242066,1512.19,1511.94,-0.36966029,-4.8,38.68856709
1666914015.9389389,1512.31,1512.31,-0.47952429,-4.29,40.00774594
1666914025.8958588,1512.31,1512.31,-0.47952429,-4.29,40.00774594
1666914035.897394,1512.31,1512.31,-0.47952429,-4.29,40.00774594
1666914046.0103266,1512.31,1512.96,-0.42767243,-3.64,43.05509994
1666914056.6951904,1512.31,1512.96,-0.42767243,-3.64,43.05509994
1666914065.8819993,1512.31,1512.96,-0.42767243,-3.64,43.05509994
1666914075.9019248,1512.31,1512.31,-0.58326022,-2.67,40.00774594
1666914086.40584,1512.31,1512.31,-0.58326022,-2.67,40.00774594
1666914096.3200555,1512.31,1512.31,-0.58326022,-2.67,40.00774594
1666914106.4077826,1512.31,1511.47,-0.65026877,-3.51,37.23464367
1666914116.3925877,1512.31,1511.47,-0.65026877,-3.51,37.23464367
1666914126.3834913,1512.31,1511.47,-0.65026877,-3.51,37.23464367
1666914136.3763669,1512.66,1512.66,-0.609027,-1.98,41.81723211
1666914146.4554343,1512.66,1512.66,-0.609027,-1.98,41.81723211
1666914156.4328258,1512.66,1512.66,-0.609027,-1.98,41.81723211
1666914166.4341755,1512.66,1513.63,-0.53164809,-1.01,46.6127201
1666914176.423085,1512.66,1513.63,-0.53164809,-1.01,46.6127201
1666914187.5518718,1512.66,1513.63,-0.53164809,-1.01,46.6127201
1666914196.350397,1513.49,1513.49,-0.52619314,-2.76,45.9699883
1666914206.4682803,1513.49,1513.49,-0.52619314,-2.76,45.9699883
1666914216.5534494,1513.49,1513.49,-0.52619314,-2.76,45.9699883
1666914226.4306784,1513.49,1514.23,-0.4671618,-2.02,49.4351917
1666914236.3659096,1513.49,1514.23,-0.4671618,-2.02,49.4351917
1666914246.4095516,1513.49,1514.23,-0.4671618,-2.02,49.4351917
1666914256.4464016,1514.18,1514.18,-0.40963277,-1.65,49.21511888
1666914266.995176,1514.18,1514.18,-0.40963277,-1.65,49.21511888
1666914277.1636975,1514.18,1514.18,-0.40963277,-1.65,49.21511888
1666914286.946928,1514.18,1515.7,-0.28837921,-0.13,55.54884586
1666914296.907833,1514.18,1515.7,-0.28837921,-0.13,55.54884586
1666914307.0142107,1514.18,1515.7,-0.28837921,-0.13,55.54884586
1666914316.922723,1517.8,1517.8,0.1549652,1.84,62.08229672
1666914327.7173193,1517.8,1517.8,0.1549652,1.84,62.08229672
1666914337.068247,1517.8,1517.8,0.1549652,1.84,62.08229672
1666914346.8866208,1517.8,1518.19,0.18607631,2.23,63.16509883
1666914356.9347954,1517.8,1518.19,0.18607631,2.23,63.16509883
1666914366.8941598,1517.8,1518.19,0.18607631,2.23,63.16509883
1666914376.976062,1517.06,1517.06,0.26469164,1.44,58.80246023
1666914386.9715984,1517.06,1517.06,0.26469164,1.44,58.80246023
1666914396.8951778,1517.06,1517.06,0.26469164,1.44,58.80246023
1666914406.9612837,1517.06,1516.27,0.2016717,0.65,55.43539436
1666914416.9682364,1517.06,1516.27,0.2016717,0.65,55.43539436
1666914427.395505,1517.06,1516.27,0.2016717,0.65,55.43539436
1666914436.9700756,1516.32,1516.32,0.28928461,3.12,55.63702798
1666914447.7247195,1516.32,1516.32,0.28928461,3.12,55.63702798
1666914457.6940691,1516.32,1516.32,0.28928461,3.12,55.63702798
1666914467.725643,1516.32,1517.43,0.37783162,4.23,59.18615077
1666914478.1551049,1516.32,1517.43,0.37783162,4.23,59.18615077
1666914487.6574748,1516.32,1517.43,0.37783162,4.23,59.18615077
1666914497.7791574,1517.6,1517.6,0.53183361,5.42,59.68237952
1666914507.7733748,1517.6,1517.6,0.53183361,5.42,59.68237952
1666914517.7134578,1517.6,1517.6,0.53183361,5.42,59.68237952
1666914527.7726996,1517.6,1517.27,0.50550883,5.09,58.22182993
1666914537.6850622,1517.6,1517.27,0.50550883,5.09,58.22182993
1666914547.6837373,1517.6,1517.27,0.50550883,5.09,58.22182993
1666914557.7678928,1518.13,1518.13,0.71073597,5.82,61.25899594
1666914568.100706,1518.13,1518.13,0.71073597,5.82,61.25899594
1666914577.7793744,1518.13,1518.13,0.71073597,5.82,61.25899594
1666914587.7538126,1518.13,1518.0,0.7003656,5.69,60.65031132
1666914597.8725526,1518.13,1518.0,0.7003656,5.69,60.65031132
1666914607.711359,1518.13,1518.0,0.7003656,5.69,60.65031132
1666914617.744349,1517.79,1517.79,0.76162319,5.48,59.65223728
1666914628.2813892,1517.79,1517.79,0.76162319,5.48,59.65223728
1666914638.217733,1517.79,1517.79,0.76162319,5.48,59.65223728
1666914648.2325194,1517.79,1516.87,0.68823287,4.56,55.41937984
1666914658.2136488,1517.79,1516.87,0.68823287,4.56,55.41937984
1666914668.1854825,1517.79,1516.87,0.68823287,4.56,55.41937984
1666914678.299223,1515.93,1515.93,0.55175321,3.28,51.66068193
1666914688.2355475,1515.93,1515.93,0.55175321,3.28,51.66068193
1666914698.2368474,1515.93,1515.93,0.55175321,3.28,51.66068193
1666914708.260052,1515.93,1515.41,0.51027173,2.76,49.65439241
1666914718.2763636,1515.93,1515.41,0.51027173,2.76,49.65439241
1666914728.5953991,1515.93,1515.41,0.51027173,2.76,49.65439241
1666914738.2472029,1515.45,1515.45,0.42943245,1.96,49.80317329
1666914748.2350974,1515.45,1515.45,0.42943245,1.96,49.80317329
1666914758.221264,1515.45,1515.45,0.42943245,1.96,49.80317329
1666914768.2399182,1515.45,1516.1,0.4812843,2.61,52.30414156
1666914778.2265,1515.45,1516.1,0.4812843,2.61,52.30414156
1666914788.2737806,1515.45,1516.1,0.4812843,2.61,52.30414156
1666914798.6174183,1516.11,1516.11,0.45261818,1.93,52.33401424
1666914809.1103551,1516.11,1516.11,0.45261818,1.93,52.33401424
1666914819.1963391,1516.11,1516.11,0.45261818,1.93,52.33401424
1666914829.3475134,1516.11,1515.76,0.42469795,1.58,50.86782056
1666914845.5424542,1516.11,1515.76,0.42469795,1.58,50.86782056
1666914869.7545516,1516.09,1516.09,0.42153959,-1.71,52.24465439
1666914876.0223005,1516.09,1516.09,0.42153959,-1.71,52.24465439
1666914900.5428178,1516.09,1514.62,0.30427463,-3.18,46.22812211
1666914909.8515716,1516.09,1514.62,0.30427463,-3.18,46.22812211
1666914915.8480282,1514.31,1514.31,0.14261797,-2.75,45.1267532
1666914925.6766217,1514.31,1514.31,0.14261797,-2.75,45.1267532
1666914935.635096,1514.31,1514.31,0.14261797,-2.75,45.1267532
1666914945.7288084,1514.31,1513.94,0.1131023,-3.12,43.7923128
1666914955.710509,1514.31,1513.94,0.1131023,-3.12,43.7923128
1666914965.7270267,1514.31,1513.94,0.1131023,-3.12,43.7923128
1666914975.773105,1512.43,1512.43,-0.23452982,-3.89,39.1142385
1666914986.0082653,1512.43,1512.43,-0.23452982,-3.89,39.1142385
1666914995.6885612,1512.43,1512.43,-0.23452982,-3.89,39.1142385
1666915005.8082173,1512.43,1512.73,-0.21059819,-3.59,40.48150899
1666915024.706889,1512.43,1512.73,-0.21059819,-3.59,40.48150899
1666915026.8092504,1512.43,1512.73,-0.21059819,-3.59,40.48150899
1666915036.095288,1513.47,1513.47,-0.26096135,-4.12,43.61201942
1666915046.1139705,1513.47,1513.47,-0.26096135,-4.12,43.61201942
1666915056.113865,1513.47,1513.47,-0.26096135,-4.12,43.61201942
1666915066.0980186,1513.47,1512.77,-0.3168018,-4.82,41.40165112
1666915076.1997669,1513.47,1512.77,-0.3168018,-4.82,41.40165112
1666915086.0453775,1513.47,1512.77,-0.3168018,-4.82,41.40165112
1666915096.0603845,1513.43,1513.43,-0.34997486,-4.69,43.47937401
1666915106.0660436,1513.43,1513.43,-0.34997486,-4.69,43.47937401
1666915116.2879255,1513.43,1513.43,-0.34997486,-4.69,43.47937401
1666915126.134056,1513.43,1514.17,-0.29094352,-3.95,46.70860787
1666915136.0684006,1513.43,1514.17,-0.29094352,-3.95,46.70860787
1666915146.1081722,1513.43,1514.17,-0.29094352,-3.95,46.70860787
1666915156.0960286,1514.03,1514.03,-0.32779309,-3.75,46.12955466
1666915166.0525258,1514.03,1514.03,-0.32779309,-3.75,46.12955466
1666915177.2507124,1514.03,1514.03,-0.32779309,-3.75,46.12955466
1666915187.2398672,1514.03,1514.0,-0.33018625,-3.78,46.01371149
1666915197.262251,1514.03,1514.0,-0.33018625,-3.78,46.01371149
1666915207.4736416,1514.03,1514.0,-0.33018625,-3.78,46.01371149
1666915217.3258083,1514.04,1514.04,-0.34277384,-1.89,46.17174643
1666915227.6363049,1514.04,1514.04,-0.34277384,-1.89,46.17174643
1666915237.6339753,1514.04,1514.04,-0.34277384,-1.89,46.17174643
1666915247.6262968,1514.04,1513.97,-0.34835789,-1.96,45.88175022
1666915257.6317086,1514.04,1513.97,-0.34835789,-1.96,45.88175022
1666915267.655114,1514.04,1513.97,-0.34835789,-1.96,45.88175022
1666915277.718769,1512.68,1512.68,-0.54349172,-2.77,41.11947849
1666915287.7363625,1512.68,1512.68,-0.54349172,-2.77,41.11947849
1666915297.8237982,1512.68,1512.68,-0.54349172,-2.77,41.11947849
1666915307.5566905,1512.68,1510.64,-0.70622676,-4.81,34.94590365
1666915317.6595962,1512.68,1510.64,-0.70622676,-4.81,34.94590365
1666915327.6761308,1512.68,1510.64,-0.70622676,-4.81,34.94590365
1666915337.725519,1510.87,1510.87,-0.86604746,-5.25,35.54762776
1666915347.6291327,1510.87,1510.87,-0.86604746,-5.25,35.54762776
1666915358.0799737,1510.87,1510.87,-0.86604746,-5.25,35.54762776
1666915368.1264827,1510.87,1512.25,-0.75596199,-3.87,42.00061035
1666915378.0111046,1510.87,1512.25,-0.75596199,-3.87,42.00061035
1666915388.0153122,1510.87,1512.25,-0.75596199,-3.87,42.00061035
1666915398.0265915,1513.72,1513.72,-0.59226951,-2.38,47.59087055
1666915408.1203794,1513.72,1513.72,-0.59226951,-2.38,47.59087055
1666915418.020508,1513.72,1513.72,-0.59226951,-2.38,47.59087055
1666915428.0745108,1513.72,1514.7,-0.51409287,-1.4,50.97937467
1666915437.9956334,1513.72,1514.7,-0.51409287,-1.4,50.97937467
1666915448.1033082,1513.72,1514.7,-0.51409287,-1.4,50.97937467
1666915458.2414062,1514.26,1514.26,-0.4728185,-0.07,49.51048467
1666915468.1117818,1514.26,1514.26,-0.4728185,-0.07,49.51048467
1666915478.028328,1514.26,1514.26,-0.4728185,-0.07,49.51048467
1666915488.1186082,1514.26,1515.48,-0.37549657,1.15,53.65158131
1666915498.126433,1514.26,1515.48,-0.37549657,1.15,53.65158131
1666915508.2359288,1514.26,1515.48,-0.37549657,1.15,53.65158131
1666915518.0811222,1516.21,1516.21,-0.13132935,3.8,55.79976586
1666915528.140849,1516.21,1516.21,-0.13132935,3.8,55.79976586
1666915538.6873977,1516.21,1516.21,-0.13132935,3.8,55.79976586
1666915548.6800058,1516.21,1515.08,-0.2214718,2.67,51.77241337
1666915558.7111568,1516.21,1515.08,-0.2214718,2.67,51.77241337
1666915568.739668,1516.21,1515.08,-0.2214718,2.67,51.77241337
1666915578.6368618,1515.45,1515.45,-0.09222782,1.97,53.02287385
1666915588.704834,1515.45,1515.45,-0.09222782,1.97,53.02287385
1666915598.8633823,1515.45,1515.45,-0.09222782,1.97,53.02287385
1666915608.894374,1515.45,1514.8,-0.14407968,1.32,50.70125753
1666915618.8306231,1515.45,1514.8,-0.14407968,1.32,50.70125753
1666915629.3741302,1515.45,1514.8,-0.14407968,1.32,50.70125753
1666915638.8397143,1515.03,1515.03,-0.07242342,1.6,51.4964347
1666915648.74779,1515.03,1515.03,-0.07242342,1.6,51.4964347
1666915658.7538905,1515.03,1515.03,-0.07242342,1.6,51.4964347
1666915668.7033863,1515.03,1516.27,0.02649396,2.84,55.56447489
1666915678.705968,1515.03,1516.27,0.02649396,2.84,55.56447489
1666915688.7137814,1515.03,1516.27,0.02649396,2.84,55.56447489
1666915698.6989176,1516.62,1516.62,0.19369344,2.58,56.59378731
1666915708.651399,1516.62,1516.62,0.19369344,2.58,56.59378731
1666915719.3378842,1516.62,1516.62,0.19369344,2.58,56.59378731
1666915729.2853773,1516.62,1517.08,0.23038859,3.04,57.96880921
1666915739.605907,1516.62,1517.08,0.23038859,3.04,57.96880921
1666915749.3607326,1516.62,1517.08,0.23038859,3.04,57.96880921
1666915759.4551194,1516.87,1516.87,0.33657364,2.82,57.35204755
1666915769.473758,1516.87,1516.87,0.33657364,2.82,57.35204755
1666915779.445848,1516.87,1516.87,0.33657364,2.82,57.35204755
1666915789.4020948,1516.87,1516.99,0.34614629,2.94,57.7337161
1666915799.4183517,1516.87,1516.99,0.34614629,2.94,57.7337161
1666915809.4761016,1516.87,1516.99,0.34614629,2.94,57.7337161
1666915819.479947,1517.82,1517.82,0.56335071,5.13,60.1974614
1666915829.4344935,1517.82,1517.82,0.56335071,5.13,60.1974614
1666915839.5003135,1517.82,1517.82,0.56335071,5.13,60.1974614
1666915849.4295204,1517.82,1515.53,0.38067265,2.84,51.31055634
1666915860.4333377,1517.82,1515.53,0.38067265,2.84,51.31055634
1666915869.482901,1517.82,1515.53,0.38067265,2.84,51.31055634
1666915879.3241954,1513.89,1513.89,0.12029191,3.02,46.40233418
1666915889.52875,1513.89,1513.89,0.12029191,3.02,46.40233418
1666915900.1914964,1513.89,1513.89,0.12029191,3.02,46.40233418
1666915910.0314806,1513.89,1513.03,0.05168792,2.16,44.02519605
1666915920.058702,1513.89,1513.03,0.05168792,2.16,44.02519605
1666915930.0406785,1513.89,1513.03,0.05168792,2.16,44.02519605
1666915940.110113,1513.02,1513.02,-0.10619213,-0.71,43.99898655
1666915950.123499,1513.02,1513.02,-0.10619213,-0.71,43.99898655
1666915960.143609,1513.02,1513.02,-0.10619213,-0.71,43.99898655
1666915970.097655,1513.02,1512.57,-0.14208957,-1.16,42.76518567
1666915980.143061,1513.02,1512.57,-0.14208957,-1.16,42.76518567
1666915990.190019,1513.02,1512.57,-0.14208957,-1.16,42.76518567
1666916000.1572351,1512.03,1512.03,-0.36800103,-2.24,41.37298915
1666916010.1584277,1512.03,1512.03,-0.36800103,-2.24,41.37298915
1666916020.1068895,1512.03,1512.03,-0.36800103,-2.24,41.37298915
1666916030.1471465,1512.03,1511.86,-0.38156229,-2.41,40.92134136
1666916040.0436752,1512.03,1511.86,-0.38156229,-2.41,40.92134136
1666916050.1531668,1512.03,1511.86,-0.38156229,-2.41,40.92134136
1666916060.091791,1511.36,1511.36,-0.6023825,-4.87,39.66408841
1666916070.2339733,1511.36,1511.36,-0.6023825,-4.87,39.66408841
1666916080.7805705,1511.36,1511.05,-0.62711184,-5.18,38.84338581
1666916090.887968,1511.36,1511.05,-0.62711184,-5.18,38.84338581
1666916100.7537298,1511.36,1511.05,-0.62711184,-5.18,38.84338581
1666916110.778438,1511.61,1511.61,-0.70130966,-3.85,40.65684708
1666916120.835262,1511.61,1511.61,-0.70130966,-3.85,40.65684708
1666916131.060018,1511.61,1511.61,-0.70130966,-3.85,40.65684708
1666916141.0407836,1511.61,1512.6,-0.6223353,-2.86,44.54788775
1666916150.8898635,1511.61,1512.6,-0.6223353,-2.86,44.54788775
1666916160.9187307,1511.61,1512.6,-0.6223353,-2.86,44.54788775
1666916171.0658195,1511.61,1512.6,-0.6223353,-2.86,44.54788775
1666916181.1349325,1512.88,1512.88,-0.60691908,-2.16,45.55750328
1666916191.057686,1512.88,1512.88,-0.60691908,-2.16,45.55750328
1666916200.8961234,1512.88,1512.69,-0.62207578,-2.35,44.95931504
1666916210.793636,1512.88,1512.69,-0.62207578,-2.35,44.95931504
1666916220.9234834,1512.88,1512.69,-0.62207578,-2.35,44.95931504
1666916230.9822445,1512.54,1512.54,-0.65287159,-4.07,44.49570254
1666916240.8908184,1512.54,1512.54,-0.65287159,-4.07,44.49570254
1666916250.912881,1512.54,1512.54,-0.65287159,-4.07,44.49570254
1666916261.640023,1512.54,1510.09,-0.84831318,-6.52,37.69362725
1666916271.7750094,1512.54,1510.09,-0.84831318,-6.52,37.69362725
1666916281.7069588,1512.54,1510.09,-0.84831318,-6.52,37.69362725
1666916291.6724594,1509.0,1509.0,-1.16184841,-7.87,35.31333879
1666916301.636368,1509.0,1509.0,-1.16184841,-7.87,35.31333879
1666916311.6746109,1509.0,1509.0,-1.16184841,-7.87,35.31333879
1666916321.7233286,1509.0,1509.07,-1.15626437,-7.8,35.59663833
1666916331.777424,1509.0,1509.07,-1.15626437,-7.8,35.59663833
1666916341.737516,1509.0,1509.07,-1.15626437,-7.8,35.59663833
1666916356.908611,1510.5,1510.5,-1.11346206,-7.32,40.88551057
1666916366.6671395,1510.5,1510.5,-1.11346206,-7.32,40.88551057
1666916376.8811896,1510.5,1510.5,-1.11346206,-7.32,40.88551057
1666916386.7269826,1510.5,1508.97,-1.23551334,-8.85,37.35124114
1666916396.9166164,1510.5,1508.97,-1.23551334,-8.85,37.35124114
1666916406.9408116,1510.5,1508.97,-1.23551334,-8.85,37.35124114
1666916416.8074634,1507.49,1507.49,-1.58211383,-6.41,34.46900684
1666916426.8549786,1507.49,1507.49,-1.58211383,-6.41,34.46900684
1666916436.7656913,1507.49,1507.49,-1.58211383,-6.41,34.46900684
1666916446.7970006,1507.49,1505.25,-1.76080329,-8.65,30.61801764
1666916456.798247,1507.49,1505.25,-1.76080329,-8.65,30.61801764
1666916466.8014424,1507.49,1505.25,-1.76080329,-8.65,30.61801764
1666916476.7253835,1506.44,1506.44,-1.89095259,-6.58,32.5486266
1666916486.70818,1506.44,1506.44,-1.89095259,-6.58,32.5486266
1666916496.8202,1506.44,1506.44,-1.89095259,-6.58,32.5486266
1666916506.756212,1506.44,1506.54,-1.88297538,-6.48,32.91218348
1666916516.788785,1506.44,1506.54,-1.88297538,-6.48,32.91218348
1666916526.7671523,1506.44,1506.54,-1.88297538,-6.48,32.91218348
1666916536.7776003,1502.49,1502.49,-2.60475332,-9.54,26.55849514
1666916546.8174925,1502.49,1502.49,-2.60475332,-9.54,26.55849514
1666916556.7867167,1502.49,1502.49,-2.60475332,-9.54,26.55849514
1666916567.0410511,1502.49,1508.65,-2.11335731,-3.38,43.89841594
1666916576.950016,1502.49,1508.65,-2.11335731,-3.38,43.89841594
1666916586.8003664,1502.49,1508.65,-2.11335731,-3.38,43.89841594
1666916596.9714365,1510.61,1510.61,-1.7389628,-0.74,47.81876136
1666916606.8714054,1510.61,1510.61,-1.7389628,-0.74,47.81876136
1666916616.8439384,1510.61,1510.61,-1.7389628,-0.74,47.81876136
1666916627.0025475,1510.61,1511.35,-1.67993146,0.0,49.25872311
1666916636.8376524,1510.61,1511.35,-1.67993146,0.0,49.25872311
1666916646.9065273,1510.61,1511.35,-1.67993146,0.0,49.25872311
1666916656.8489358,1510.84,1510.84,-1.51704306,-0.77,48.27537389
1666916667.0554068,1510.84,1510.84,-1.51704306,-0.77,48.27537389
1666916676.9581084,1510.84,1510.84,-1.51704306,-0.77,48.27537389
1666916686.8883252,1510.84,1513.72,-1.28729947,2.11,53.73610862
1666916696.9431784,1510.84,1513.72,-1.28729947,2.11,53.73610862
1666916706.89224,1510.84,1513.72,-1.28729947,2.11,53.73610862
1666916717.819866,1514.71,1514.71,-0.79256314,1.83,55.35626505
1666916726.7976978,1514.71,1514.71,-0.79256314,1.83,55.35626505
1666916736.7487266,1514.71,1514.71,-0.79256314,1.83,55.35626505
1666916746.8123276,1514.71,1514.97,-0.7718224,2.09,55.79410742
1666916756.7972672,1514.71,1514.97,-0.7718224,2.09,55.79410742
1666916766.8817227,1514.71,1514.97,-0.7718224,2.09,55.79410742
1666916776.8783102,1515.66,1515.66,-0.32349727,3.11,56.91549092
1666916786.9678538,1515.66,1515.66,-0.32349727,3.11,56.91549092
1666916796.9141705,1515.66,1515.66,-0.32349727,3.11,56.91549092
1666916806.8440857,1515.66,1513.94,-0.46070525,1.39,53.28673978
1666916816.8246703,1515.66,1513.94,-0.46070525,1.39,53.28673978
1666916826.7979245,1515.66,1513.94,-0.46070525,1.39,53.28673978
1666916836.9760854,1514.32,1514.32,-0.2011092,5.33,54.04805039
1666916846.8677118,1514.32,1514.32,-0.2011092,5.33,54.04805039
1666916856.9006226,1514.32,1514.32,-0.2011092,5.33,54.04805039
1666916866.9729917,1514.32,1514.5,-0.18675023,5.51,54.38053117
1666916876.850277,1514.32,1514.5,-0.18675023,5.51,54.38053117
1666916886.8750708,1514.32,1514.5,-0.18675023,5.51,54.38053117
1666916896.9673011,1514.24,1514.24,-0.02987305,3.74,53.87187232
1666916906.878979,1514.24,1514.24,-0.02987305,3.74,53.87187232
1666916917.026265,1514.24,1514.24,-0.02987305,3.74,53.87187232
1666916926.8879716,1514.24,1512.72,-0.15112661,2.22,50.53350913
1666916936.9099815,1514.24,1512.72,-0.15112661,2.22,50.53350913
1666916946.941719,1514.24,1512.72,-0.15112661,2.22,50.53350913
1666916956.9454162,1512.82,1512.82,-0.09111709,5.33,50.73877382
1666916966.9145482,1512.82,1512.82,-0.09111709,5.33,50.73877382
1666916976.9255471,1512.82,1512.82,-0.09111709,5.33,50.73877382
1666916986.9102912,1512.82,1512.1,-0.14855299,4.61,49.17787283
1666916996.976714,1512.82,1512.1,-0.14855299,4.61,49.17787283
1666917007.0095437,1512.82,1512.1,-0.14855299,4.61,49.17787283
1666917016.9540985,1512.82,1512.82,-0.04932176,6.37,50.73705332
1666917027.309733,1512.82,1512.82,-0.04932176,6.37,50.73705332
1666917037.0645533,1512.82,1512.82,-0.04932176,6.37,50.73705332
1666917046.9778783,1512.82,1513.27,-0.01342433,6.82,51.76907445
1666917057.0487428,1512.82,1513.27,-0.01342433,6.82,51.76907445
1666917066.9202986,1512.82,1513.27,-0.01342433,6.82,51.76907445
1666917076.947644,1514.31,1514.31,0.19460695,11.82,53.98959051
1666917086.9931197,1514.31,1514.31,0.19460695,11.82,53.98959051
1666917096.974418,1514.31,1514.31,0.19460695,11.82,53.98959051
1666917106.944336,1514.31,1515.53,0.29192889,13.04,56.52803788
1666917116.933843,1514.31,1515.53,0.29192889,13.04,56.52803788
1666917127.975448,1514.31,1515.53,0.29192889,13.04,56.52803788
1666917137.0643492,1515.73,1515.73,0.49048695,5.11,56.91714555
1666917147.0007796,1515.73,1515.73,0.49048695,5.11,56.91714555
1666917157.220415,1515.73,1515.73,0.49048695,5.11,56.91714555
1666917166.924956,1515.73,1517.49,0.63088581,6.87,60.28592343
1666917177.0454056,1515.73,1517.49,0.63088581,6.87,60.28592343
1666917186.9749253,1515.73,1517.49,0.63088581,6.87,60.28592343
1666917196.9418545,1517.81,1517.81,0.92261277,6.98,60.83108148
1666917206.9511883,1517.81,1517.81,0.92261277,6.98,60.83108148
1666917216.977147,1517.81,1517.81,0.92261277,6.98,60.83108148
1666917227.1955645,1517.81,1519.2,1.03349596,8.37,63.25111048
1666917236.9947093,1517.81,1519.2,1.03349596,8.37,63.25111048
1666917246.9843886,1517.81,1519.2,1.03349596,8.37,63.25111048
1666917256.9768302,1519.7,1519.7,1.38720994,4.99,64.0469857
1666917267.048998,1519.7,1519.7,1.38720994,4.99,64.0469857
1666917277.0454743,1519.7,1519.7,1.38720994,4.99,64.0469857
1666917286.9975646,1519.7,1519.52,1.37285097,4.81,63.51370557
1666917296.9785254,1519.7,1519.52,1.37285097,4.81,63.51370557
1666917306.990668,1519.7,1519.52,1.37285097,4.81,63.51370557
1666917317.1062405,1519.49,1519.49,1.58759175,3.83,63.42568775
1666917326.9511514,1519.49,1519.49,1.58759175,3.83,63.42568775
1666917337.0660524,1519.49,1519.49,1.58759175,3.83,63.42568775
1666917347.0184617,1519.49,1519.8,1.6123211,4.14,63.98115454
1666917357.0327885,1519.49,1519.8,1.6123211,4.14,63.98115454
1666917367.041286,1519.49,1519.8,1.6123211,4.14,63.98115454
1666917377.0585785,1522.01,1522.01,2.0958522,7.69,67.4999684
1666917387.4828334,1522.01,1522.01,2.0958522,7.69,67.4999684
1666917397.1143196,1522.01,1522.01,2.0958522,7.69,67.4999684
1666917407.03097,1522.01,1520.67,1.98895761,6.35,63.45224606
1666917416.9771514,1522.01,1520.67,1.98895761,6.35,63.45224606
1666917426.9944098,1522.01,1520.67,1.98895761,6.35,63.45224606
1666917436.955627,1521.64,1521.64,2.25975885,7.39,66.31754139
1666917447.0998275,1521.64,1521.64,2.25975885,7.39,66.31754139
1666917457.1583817,1521.64,1521.64,2.25975885,7.39,66.31754139
1666917466.9687953,1521.64,1522.34,2.3155993,8.09,67.46385348
1666917477.0199518,1521.64,1522.34,2.3155993,8.09,67.46385348
1666917487.1579125,1521.64,1522.34,2.3155993,8.09,67.46385348
1666917497.0005286,1521.3,1521.3,2.33811006,8.47,65.21682542
1666917507.013693,1521.3,1521.3,2.33811006,8.47,65.21682542
1666917517.0350237,1521.3,1521.3,2.33811006,8.47,65.21682542
1666917527.0284293,1521.3,1521.49,2.35326676,8.66,65.56582718
1666917536.9944077,1521.3,1521.49,2.35326676,8.66,65.56582718
1666917546.9560015,1521.3,1521.49,2.35326676,8.66,65.56582718
1666917557.0523093,1521.22,1521.22,2.38279204,8.39,64.93969474
1666917567.0486147,1521.22,1521.22,2.38279204,8.39,64.93969474
1666917576.9804456,1521.22,1521.22,2.38279204,8.39,64.93969474
1666917587.3321934,1521.22,1522.44,2.48011398,9.61,67.22685989
1666917597.119175,1521.22,1522.44,2.48011398,9.61,67.22685989
1666917607.0774715,1521.22,1522.44,2.48011398,9.61,67.22685989
1666917617.127851,1522.13,1522.13,2.52428479,7.81,66.67445055
1666917627.01774,1522.13,1522.13,2.52428479,7.81,66.67445055
1666917637.1257987,1522.13,1522.13,2.52428479,7.81,66.67445055
1666917647.1170166,1522.13,1520.99,2.43334462,6.67,62.50223852
1666917657.1275816,1522.13,1520.99,2.43334462,6.67,62.50223852
1666917667.0590272,1522.13,1520.99,2.43334462,6.67,62.50223852
1666917677.0795083,1521.01,1521.01,2.39055772,5.28,62.55871055
1666917687.1343615,1521.01,1521.01,2.39055772,5.28,62.55871055
1666917697.0945945,1521.01,1521.01,2.39055772,5.28,62.55871055
1666917707.1499536,1521.01,1521.49,2.42884832,5.76,63.59173278
1666917717.2472022,1521.01,1521.49,2.42884832,5.76,63.59173278
1666917727.185466,1521.01,1521.49,2.42884832,5.76,63.59173278
1666917737.110719,1520.39,1520.39,2.24152266,2.57,60.3588749
1666917747.0299275,1520.39,1520.39,2.24152266,2.57,60.3588749
1666917757.0703683,1520.39,1520.39,2.24152266,2.57,60.3588749
1666917767.1124177,1520.39,1520.51,2.25109531,2.69,60.64917826
1666917777.3058383,1520.39,1520.51,2.25109531,2.69,60.64917826
1666917787.1816497,1520.39,1520.51,2.25109531,2.69,60.64917826
1666917797.1804345,1520.56,1520.56,2.16199419,0.86,60.76888689
1666917807.13003,1520.56,1520.56,2.16199419,0.86,60.76888689
1666917817.4608643,1520.56,1520.56,2.16199419,0.86,60.76888689
1666917827.0944052,1520.56,1519.88,2.10774918,0.18,58.17682552
1666917837.1917157,1520.56,1519.88,2.10774918,0.18,58.17682552
1666917847.2624197,1520.56,1519.88,2.10774918,0.18,58.17682552
1666917857.1884828,1519.14,1519.14,1.86368781,-0.35,55.59616067
1666917867.1779425,1519.14,1519.14,1.86368781,-0.35,55.59616067
1666917877.1701436,1519.14,1519.14,1.86368781,-0.35,55.59616067
1666917887.144431,1519.14,1519.73,1.91075333,0.24,57.22535531
1666917897.4501832,1519.14,1519.73,1.91075333,0.24,57.22535531
1666917907.3408606,1519.14,1519.73,1.91075333,0.24,57.22535531
1666917917.2772963,1520.19,1520.19,1.84591326,-1.82,58.41494063
1666917927.160382,1520.19,1520.19,1.84591326,-1.82,58.41494063
1666917937.378188,1520.19,1520.19,1.84591326,-1.82,58.41494063
1666917947.2807138,1520.19,1520.56,1.87542893,-1.45,59.39316153
1666917957.1475067,1520.19,1520.56,1.87542893,-1.45,59.39316153
1666917967.3293674,1520.19,1520.56,1.87542893,-1.45,59.39316153
1666917977.3078945,1520.2,1520.2,1.74612454,-1.43,58.44407822
1666917987.212953,1520.2,1520.2,1.74612454,-1.43,58.44407822
1666917997.1658573,1520.2,1520.2,1.74612454,-1.43,58.44407822
1666918007.2192185,1520.2,1521.5,1.84982825,-0.13,61.91330694
1666918017.2968078,1520.2,1521.5,1.84982825,-0.13,61.91330694
1666918027.1918032,1520.2,1521.5,1.84982825,-0.13,61.91330694
1666918037.331601,1520.84,1520.84,1.73913154,-0.46,60.21079797
1666918047.3333206,1520.84,1520.84,1.73913154,-0.46,60.21079797
1666918057.3069766,1520.84,1520.84,1.73913154,-0.46,60.21079797
1666918068.0333242,1520.84,1521.39,1.78300618,0.09,61.74512082
1666918077.8750522,1520.84,1521.39,1.78300618,0.09,61.74512082
1666918087.8623805,1520.84,1521.39,1.78300618,0.09,61.74512082
1666918097.8667724,1521.78,1521.78,1.8067055,0.56,62.73364827
1666918107.8746028,1521.78,1521.78,1.8067055,0.56,62.73364827
1666918117.844164,1521.78,1521.78,1.8067055,0.56,62.73364827
1666918127.93668,1521.78,1520.74,1.72374254,-0.48,58.32213141
1666918137.962744,1521.78,1520.74,1.72374254,-0.48,58.32213141
1666918147.8859596,1521.78,1520.74,1.72374254,-0.48,58.32213141
1666918157.919586,1521.32,1521.32,1.71465756,-0.81,60.70275341
1666918167.8765593,1521.32,1521.32,1.71465756,-0.81,60.70275341
1666918177.8320608,1521.32,1521.32,1.71465756,-0.81,60.70275341
1666918187.8776236,1521.32,1521.52,1.73061198,-0.61,61.28952921
1666918197.991842,1521.32,1521.52,1.73061198,-0.61,61.28952921
1666918208.0043356,1521.32,1521.52,1.73061198,-0.61,61.28952921
1666918218.01512,1521.93,1521.93,1.73736495,0.93,62.44135783
1666918227.8607948,1521.93,1521.93,1.73736495,0.93,62.44135783
1666918237.9481752,1521.93,1521.93,1.73736495,0.93,62.44135783
1666918248.418938,1521.93,1518.56,1.46853305,-2.44,49.44249096
1666918258.651401,1521.93,1518.56,1.46853305,-2.44,49.44249096
1666918268.4971633,1521.93,1518.56,1.46853305,-2.44,49.44249096
1666918278.58172,1519.23,1519.23,1.3161782,-1.16,51.57982177
1666918288.5426323,1519.23,1519.23,1.3161782,-1.16,51.57982177
1666918298.5166802,1519.23,1519.23,1.3161782,-1.16,51.57982177
1666918308.524273,1519.23,1518.04,1.22124943,-2.35,47.64064158
1666918318.5444684,1519.23,1518.04,1.22124943,-2.35,47.64064158
1666918328.523718,1519.23,1518.04,1.22124943,-2.35,47.64064158
1666918338.5349126,1519.04,1519.04,1.11307916,-1.52,50.90774522
1666918348.6173005,1519.04,1519.04,1.11307916,-1.52,50.90774522
1666918358.567415,1519.04,1519.04,1.11307916,-1.52,50.90774522
1666918369.2874346,1519.04,1519.93,1.18407631,-0.63,53.93553704
1666918378.6001227,1519.04,1519.93,1.18407631,-0.63,53.93553704
1666918388.606132,1519.04,1519.93,1.18407631,-0.63,53.93553704
1666918398.760659,1519.55,1519.55,1.02462518,0.41,52.69228681
1666918408.5787702,1519.55,1519.55,1.02462518,0.41,52.69228681
1666918418.7962325,1519.55,1519.55,1.02462518,0.41,52.69228681
1666918429.291546,1519.55,1517.75,0.88103543,-1.39,46.29927016
1666918439.2658002,1519.55,1517.75,0.88103543,-1.39,46.29927016
1666918449.661961,1519.55,1517.75,0.88103543,-1.39,46.29927016
1666918459.3166623,1518.91,1518.91,0.82130934,-1.28,50.23129315
1666918469.4105382,1518.91,1518.91,0.82130934,-1.28,50.23129315
1666918479.2953267,1518.91,1518.91,0.82130934,-1.28,50.23129315
1666918489.3146317,1518.91,1517.83,0.7351555,-2.36,46.29206544
1666918499.5411,1518.91,1517.83,0.7351555,-2.36,46.29206544
1666918509.5173066,1518.91,1517.83,0.7351555,-2.36,46.29206544
1666918519.3038015,1518.46,1518.46,0.62966821,-1.73,48.51146205
1666918529.3606637,1518.46,1518.46,0.62966821,-1.73,48.51146205
1666918539.3153727,1518.46,1518.46,0.62966821,-1.73,48.51146205
1666918549.319851,1518.46,1517.22,0.53075083,-2.97,44.03633521
1666918559.3404372,1518.46,1517.22,0.53075083,-2.97,44.03633521
1666918569.250432,1518.46,1517.22,0.53075083,-2.97,44.03633521
1666918579.315042,1517.38,1517.38,0.3471837,-3.47,44.57819152
1666918589.36618,1517.38,1517.38,0.3471837,-3.47,44.57819152
1666918599.3681865,1517.38,1517.38,0.3471837,-3.47,44.57819152
1666918610.217707,1517.38,1518.79,0.45966233,-2.06,50.25629253
1666918620.1424212,1517.38,1518.79,0.45966233,-2.06,50.25629253
1666918630.1560512,1517.38,1518.79,0.45966233,-2.06,50.25629253
1666918640.096372,1518.01,1518.01,0.27847433,-3.78,47.27076652
1666918650.2123325,1518.01,1518.01,0.27847433,-3.78,47.27076652
1666918660.6149645,1518.01,1518.06,0.28246293,-3.73,47.48855019
1666918674.889437,1518.01,1518.06,0.28246293,-3.73,47.48855019
1666918680.1726415,1518.01,1518.06,0.28246293,-3.73,47.48855019
1666918690.1999235,1518.01,1518.06,0.28246293,-3.73,47.48855019
1666918700.209545,1518.48,1518.48,0.24977529,-2.84,49.24746752
1666918710.2619789,1518.48,1518.48,0.24977529,-2.84,49.24746752
1666918720.2815228,1518.48,1518.48,0.24977529,-2.84,49.24746752
1666918730.2013638,1518.48,1519.58,0.33752458,-1.74,53.63165784
1666918740.1576588,1518.48,1519.58,0.33752458,-1.74,53.63165784
1666918750.1854932,1518.48,1519.58,0.33752458,-1.74,53.63165784
1666918760.225279,1519.3,1519.3,0.30974542,-2.62,52.59180279
1666918770.2317002,1519.3,1519.3,0.30974542,-2.62,52.59180279
1666918780.3546183,1519.3,1519.3,0.30974542,-2.62,52.59180279
1666918791.0700564,1519.3,1519.27,0.30735226,-2.65,52.45993813
1666918800.7204144,1519.3,1519.27,0.30735226,-2.65,52.45993813
1666918810.7973478,1519.26,1519.26,0.29692162,0.03,52.41464318
1666918820.8290846,1519.26,1519.26,0.29692162,0.03,52.41464318
1666918830.7518158,1519.26,1519.26,0.29692162,0.03,52.41464318
1666918840.8190196,1519.26,1519.7,0.33202134,0.47,54.28497377
1666918850.858849,1519.26,1519.7,0.33202134,0.47,54.28497377
1666918860.9097087,1519.26,1519.7,0.33202134,0.47,54.28497377
1666918870.7438607,1516.92,1516.92,-0.04479748,-2.12,43.04814902
1666918880.847731,1516.92,1516.92,-0.04479748,-2.12,43.04814902
1666918891.328929,1516.92,1516.92,-0.04479748,-2.12,43.04814902
1666918901.010454,1516.92,1516.68,-0.06394278,-2.36,42.21490856
1666918910.9099305,1516.92,1516.68,-0.06394278,-2.36,42.21490856
1666918920.8435571,1516.92,1516.68,-0.06394278,-2.36,42.21490856
1666918930.9345193,1513.99,1513.99,-0.57934299,-5.55,34.6873776
1666918940.8115485,1513.99,1513.99,-0.57934299,-5.55,34.6873776
1666918950.8053885,1513.99,1513.99,-0.57934299,-5.55,34.6873776
1666918960.922239,1513.99,1514.8,-0.5147276,-4.74,38.24070856
1666918971.5323646,1513.99,1514.8,-0.5147276,-4.74,38.24070856
1666918981.619129,1513.99,1514.8,-0.5147276,-4.74,38.24070856
1666918991.6832056,1514.8,1514.8,-0.69515802,-4.1,38.24391787
1666919001.49207,1514.8,1514.8,-0.69515802,-4.1,38.24391787
1666919011.559698,1514.8,1514.8,-0.69515802,-4.1,38.24391787
1666919022.167493,1514.8,1514.9,-0.68718081,-4.0,38.68995261
1666919031.5567112,1514.8,1514.9,-0.68718081,-4.0,38.68995261
1666919041.562848,1514.8,1514.9,-0.68718081,-4.0,38.68995261
1666919051.50835,1514.62,1514.62,-0.8534191,-3.84,37.73196306
1666919061.543541,1514.62,1514.62,-0.8534191,-3.84,37.73196306
1666919071.580193,1514.62,1514.62,-0.8534191,-3.84,37.73196306
1666919081.5982382,1514.62,1515.05,-0.81911711,-3.41,39.7387545
1666919091.5651977,1514.62,1515.05,-0.81911711,-3.41,39.7387545
1666919101.6416764,1514.62,1515.05,-0.81911711,-3.41,39.7387545
1666919111.6528478,1515.53,1515.53,-0.82779748,-1.84,41.83141299
1666919121.7805264,1515.53,1515.53,-0.82779748,-1.84,41.83141299
1666919131.4757428,1515.53,1515.53,-0.82779748,-1.84,41.83141299
1666919141.528816,1515.53,1517.17,-0.69697127,-0.2,48.42183786
1666919152.228107,1515.53,1517.17,-0.69697127,-0.2,48.42183786
1666919162.334525,1515.53,1517.17,-0.69697127,-0.2,48.42183786
1666919172.380236,1517.72,1517.72,-0.54496475,-0.28,50.30690474
1666919182.906664,1517.72,1517.72,-0.54496475,-0.28,50.30690474
1666919192.309868,1517.72,1517.72,-0.54496475,-0.28,50.30690474
1666919202.3799176,1517.72,1519.18,-0.42849752,1.18,55.01507851
1666919212.5589285,1517.72,1519.18,-0.42849752,1.18,55.01507851
1666919222.344144,1517.72,1519.18,-0.42849752,1.18,55.01507851
1666919232.4081247,1518.58,1518.58,-0.33370479,0.09,53.19516102
1666919242.365409,1518.58,1518.58,-0.33370479,0.09,53.19516102
1666919252.4792066,1518.58,1518.58,-0.33370479,0.09,53.19516102
1666919262.6216547,1518.58,1518.58,-0.33370479,0.09,53.19516102
1666919272.4345362,1518.58,1518.58,-0.33370479,0.09,53.19516102
1666919282.4190717,1518.58,1518.58,-0.33370479,0.09,53.19516102
1666919292.5147822,1517.75,1517.75,-0.33545615,-1.54,50.17033464
1666919302.4382558,1517.75,1517.75,-0.33545615,-1.54,50.17033464
1666919312.4224482,1517.75,1517.75,-0.33545615,-1.54,50.17033464
1666919322.4477396,1517.75,1516.37,-0.44554162,-2.92,45.52481047
1666919332.9613454,1517.75,1516.37,-0.44554162,-2.92,45.52481047
1666919343.47519,1517.75,1516.37,-0.44554162,-2.92,45.52481047
1666919353.080728,1516.55,1516.55,-0.45075676,-2.71,46.0895199
1666919362.8476772,1516.55,1516.55,-0.45075676,-2.71,46.0895199
1666919373.0346434,1516.55,1516.55,-0.45075676,-2.71,46.0895199
1666919383.047109,1516.55,1517.2,-0.39890491,-2.06,48.53307152
1666919393.023186,1516.55,1517.2,-0.39890491,-2.06,48.53307152
1666919403.2525492,1516.55,1517.2,-0.39890491,-2.06,48.53307152
1666919413.0249534,1517.71,1517.71,-0.29635029,0.79,50.30056016
1666919423.0307755,1517.71,1517.71,-0.29635029,0.79,50.30056016
1666919432.9913924,1517.71,1517.71,-0.29635029,0.79,50.30056016
1666919442.970311,1517.71,1518.81,-0.208601,1.89,53.97216646
1666919453.0413022,1517.71,1518.81,-0.208601,1.89,53.97216646
1666919462.9652758,1517.71,1518.81,-0.208601,1.89,53.97216646
1666919473.058616,1519.64,1519.64,0.02833084,5.64,56.40242434
1666919483.0134728,1519.64,1519.64,0.02833084,5.64,56.40242434
1666919492.9640374,1519.64,1519.64,0.02833084,5.64,56.40242434
1666919503.2680264,1519.64,1519.12,-0.01315064,5.12,54.46226474
1666919513.891219,1519.64,1519.12,-0.01315064,5.12,54.46226474
1666919524.0762043,1519.64,1519.12,-0.01315064,5.12,54.46226474
1666919534.0182228,1519.64,1519.12,-0.01315064,5.12,54.46226474
1666919543.978686,1519.7,1519.7,0.16962961,4.91,56.58317513
1666919553.825912,1519.7,1519.7,0.16962961,4.91,56.58317513
1666919563.953704,1519.7,1518.92,0.10740739,4.13,53.5211709
1666919574.0150158,1519.7,1518.92,0.10740739,4.13,53.5211709
1666919583.9819314,1519.7,1518.92,0.10740739,4.13,53.5211709
1666919594.0002766,1519.8,1519.8,0.28941195,5.18,56.89983842
1666919604.0423553,1519.8,1519.8,0.28941195,5.18,56.89983842
1666919614.024554,1519.8,1519.8,0.28941195,5.18,56.89983842
1666919623.9922056,1519.8,1520.74,0.3643977,6.12,59.86326542
1666919634.0508308,1519.8,1520.74,0.3643977,6.12,59.86326542
1666919644.1655943,1519.8,1520.74,0.3643977,6.12,59.86326542
1666919653.942468,1519.8,1520.74,0.3643977,6.12,59.86326542
1666919664.1425414,1521.05,1521.05,0.55041353,5.52,60.75319067
1666919674.149608,1521.05,1521.05,0.55041353,5.52,60.75319067
1666919684.1578226,1521.05,1520.98,0.54482948,5.45,60.42737926
1666919694.614066,1521.05,1520.98,0.54482948,5.45,60.42737926
1666919704.590531,1521.05,1520.98,0.54482948,5.45,60.42737926
1666919714.6156948,1520.35,1520.35,0.57216722,2.62,57.641851
1666919724.624614,1520.35,1520.35,0.57216722,2.62,57.641851
1666919734.6978276,1520.35,1520.35,0.57216722,2.62,57.641851
1666919744.61981,1520.35,1519.32,0.49000198,1.59,53.31958051
1666919754.58616,1520.35,1519.32,0.49000198,1.59,53.31958051
1666919764.9246774,1520.35,1519.32,0.49000198,1.59,53.31958051
1666919774.625728,1520.18,1520.18,0.60178332,1.61,56.88081928
1666919784.8039832,1520.18,1520.18,0.60178332,1.61,56.88081928
1666919794.689527,1520.18,1520.18,0.60178332,1.61,56.88081928
1666919804.6804886,1520.18,1520.21,0.60417648,1.64,56.9887398
1666919814.7106547,1520.18,1520.21,0.60417648,1.64,56.9887398
1666919824.6622274,1520.18,1520.21,0.60417648,1.64,56.9887398
1666919834.8068397,1520.36,1520.36,0.65358314,2.62,57.52303159
1666919844.7987988,1520.36,1520.36,0.65358314,2.62,57.52303159
1666919854.8074136,1520.36,1520.36,0.65358314,2.62,57.52303159
1666919864.7594664,1520.36,1520.64,0.67591933,2.9,58.55275826
1666919875.7027202,1520.36,1520.64,0.67591933,2.9,58.55275826
1666919885.7357385,1520.36,1520.64,0.67591933,2.9,58.55275826
1666919895.5475335,1521.73,1521.73,0.8691446,5.19,62.12917458
1666919905.895276,1521.73,1521.73,0.8691446,5.19,62.12917458
1666919915.477834,1521.73,1521.73,0.8691446,5.19,62.12917458
1666919925.510699,1521.73,1521.49,0.8499993,4.95,60.90251766
1666919935.5425012,1521.73,1521.49,0.8499993,4.95,60.90251766
1666919945.81155,1521.73,1521.49,0.8499993,4.95,60.90251766
1666919955.6361609,1520.87,1520.87,0.82094005,3.16,57.89052492
1666919965.5085156,1520.87,1520.87,0.82094005,3.16,57.89052492
1666919975.6476357,1520.87,1520.87,0.82094005,3.16,57.89052492
1666919985.5823529,1520.87,1520.15,0.76350415,2.44,54.54156882
1666919996.0928087,1520.87,1520.15,0.76350415,2.44,54.54156882
1666920005.708236,1520.87,1520.15,0.76350415,2.44,54.54156882
1666920015.6557186,1520.67,1520.67,0.80053547,1.03,56.92544528
1666920025.5253406,1520.67,1520.67,0.80053547,1.03,56.92544528
1666920035.5890882,1520.67,1520.67,0.80053547,1.03,56.92544528
1666920045.8755186,1520.67,1520.11,0.7558631,0.47,54.17521504
1666920057.8281963,1520.67,1520.11,0.7558631,0.47,54.17521504
1666920066.3935575,1520.67,1520.11,0.7558631,0.47,54.17521504
1666920077.2506726,1519.98,1519.98,0.68914495,0.29,53.57130607
1666920086.6805384,1519.98,1519.98,0.68914495,0.29,53.57130607
1666920097.1654396,1519.98,1519.98,0.68914495,0.29,53.57130607
1666920106.3927538,1519.98,1520.08,0.69712215,0.39,53.993263
1666920116.29564,1519.98,1520.08,0.69712215,0.39,53.993263
1666920126.2780776,1519.98,1520.08,0.69712215,0.39,53.993263
1666920136.4057584,1519.02,1519.02,0.50206132,-0.78,49.23488507
1666920146.8103518,1519.02,1519.02,0.50206132,-0.78,49.23488507
1666920157.2366543,1519.02,1519.02,0.50206132,-0.78,49.23488507
1666920166.3595774,1519.02,1519.32,0.52599294,-0.48,50.58296058
1666920176.3263552,1519.02,1519.32,0.52599294,-0.48,50.58296058
1666920186.660691,1519.02,1519.32,0.52599294,-0.48,50.58296058
1666920196.4435627,1519.72,1519.72,0.50933349,-1.33,52.26551978
1666920206.9385211,1519.72,1519.72,0.50933349,-1.33,52.26551978
1666920216.4819329,1519.72,1519.72,0.50933349,-1.33,52.26551978
1666920227.622818,1519.72,1518.58,0.41839332,-2.47,47.30897344
1666920237.2013917,1519.72,1518.58,0.41839332,-2.47,47.30897344
1666920247.1678717,1519.72,1518.58,0.41839332,-2.47,47.30897344
1666920257.0472782,1519.12,1519.12,0.38003456,-1.24,49.53411268
1666920267.081846,1519.12,1519.12,0.38003456,-1.24,49.53411268
1666920277.402797,1519.12,1519.12,0.38003456,-1.24,49.53411268
1666920287.7999551,1519.12,1519.59,0.41752744,-0.77,51.66501733
1666920297.4533205,1519.12,1519.59,0.41752744,-0.77,51.66501733
1666920308.0439763,1519.12,1519.59,0.41752744,-0.77,51.66501733
1666920317.324703,1519.12,1519.12,0.31128489,-1.06,49.53861923
1666920327.0754333,1519.12,1519.12,0.31128489,-1.06,49.53861923
1666920337.1083329,1519.12,1519.12,0.31128489,-1.06,49.53861923
1666920347.2140718,1519.12,1519.93,0.37590028,-0.25,53.34836432
1666920357.325223,1519.12,1519.93,0.37590028,-0.25,53.34836432
1666920367.7099152,1519.12,1519.93,0.37590028,-0.25,53.34836432
1666920377.521196,1518.92,1518.92,0.22561038,-1.43,48.5633823
1666920388.12066,1518.92,1518.92,0.22561038,-1.43,48.5633823
1666920397.2174528,1518.92,1518.92,0.22561038,-1.43,48.5633823
1666920407.5305955,1518.92,1518.92,0.22561038,-1.43,48.5633823
1666920418.6433897,1518.92,1518.92,0.22561038,-1.43,48.5633823
1666920428.3395224,1518.92,1518.92,0.22561038,-1.43,48.5633823
1666920438.35306,1517.19,1517.19,-0.07490089,-4.53,40.99361815
1666920449.1313426,1517.19,1517.19,-0.07490089,-4.53,40.99361815
1666920458.7588973,1517.19,1517.19,-0.07490089,-4.53,40.99361815
1666920468.43368,1517.19,1518.02,-0.00869007,-3.7,45.3800729
1666920479.0273502,1517.19,1518.02,-0.00869007,-3.7,45.3800729
1666920488.2938595,1517.19,1518.02,-0.00869007,-3.7,45.3800729
1666920498.3142867,1518.1,1518.1,-0.07396754,-2.76,45.77379697
1666920508.3980577,1518.1,1518.1,-0.07396754,-2.76,45.77379697
1666920518.3224783,1518.1,1518.1,-0.07396754,-2.76,45.77379697
1666920528.548772,1518.1,1518.1,-0.07396754,-2.76,45.77379697
1666920539.1630278,1518.1,1518.1,-0.07396754,-2.76,45.77379697
1666920548.3350835,1518.1,1518.1,-0.07396754,-2.76,45.77379697
1666920558.5362442,1519.25,1519.25,0.03453988,-1.43,51.1654254
1666920568.302632,1519.25,1519.25,0.03453988,-1.43,51.1654254
1666920578.4221673,1519.25,1519.25,0.03453988,-1.43,51.1654254
1666920588.8419368,1519.25,1519.6,0.06246011,-1.08,52.71035408
1666920598.7631798,1519.25,1519.6,0.06246011,-1.08,52.71035408
1666920608.8576045,1519.25,1519.6,0.06246011,-1.08,52.71035408
1666920619.4170003,1519.01,1519.01,0.01211688,-0.96,50.05131828
1666920628.8259676,1519.01,1519.01,0.01211688,-0.96,50.05131828
1666920639.0602846,1519.01,1519.01,0.01211688,-0.96,50.05131828
1666920648.8481536,1519.01,1519.31,0.03604851,-0.66,51.47532549
1666920658.914977,1519.01,1519.31,0.03604851,-0.66,51.47532549
1666920668.8064494,1519.01,1519.31,0.03604851,-0.66,51.47532549
1666920678.9254098,1518.62,1518.62,-0.04509557,-0.4,48.20866022
1666920689.3060043,1518.62,1518.62,-0.04509557,-0.4,48.20866022
1666920698.85871,1518.62,1518.62,-0.04509557,-0.4,48.20866022
1666920708.8121731,1518.62,1516.88,-0.18389899,-2.14,40.96250123
1666920719.0609589,1518.62,1516.88,-0.18389899,-2.14,40.96250123
1666920728.8646977,1518.62,1516.88,-0.18389899,-2.14,40.96250123
1666920738.950299,1516.96,1516.96,-0.30030907,-2.77,41.266675
1666920748.9346683,1516.96,1516.96,-0.30030907,-2.77,41.266675
1666920758.8571148,1516.96,1516.96,-0.30030907,-2.77,41.266675
1666920769.159685,1516.96,1517.05,-0.29312958,-2.68,41.75683014
1666920779.4191473,1516.96,1517.05,-0.29312958,-2.68,41.75683014
1666920789.3300252,1516.96,1517.05,-0.29312958,-2.68,41.75683014
1666920799.3117602,1516.18,1516.18,-0.50211302,-2.94,38.43873001
1666920809.3807943,1516.18,1516.18,-0.50211302,-2.94,38.43873001
1666920819.402207,1516.18,1516.18,-0.50211302,-2.94,38.43873001
1666920829.4019785,1516.18,1516.86,-0.44786801,-2.26,42.12385498
1666920839.4279437,1516.18,1516.86,-0.44786801,-2.26,42.12385498
1666920849.312924,1516.18,1516.86,-0.44786801,-2.26,42.12385498
1666920859.3829143,1516.63,1516.63,-0.54337762,-2.48,40.92513741
1666920869.3731723,1516.63,1516.63,-0.54337762,-2.48,40.92513741
1666920879.4312048,1516.63,1516.63,-0.54337762,-2.48,40.92513741
1666920889.3829274,1516.63,1516.25,-0.57369101,-2.86,39.44606544
1666920899.4876842,1516.63,1516.25,-0.57369101,-2.86,39.44606544
1666920909.3914132,1516.63,1516.25,-0.57369101,-2.86,39.44606544
1666920919.3508737,1516.79,1516.79,-0.57501278,-2.12,41.83503693
1666920929.6606407,1516.79,1516.79,-0.57501278,-2.12,41.83503693
1666920939.4690657,1516.79,1516.79,-0.57501278,-2.12,41.83503693
1666920949.4959762,1516.79,1517.57,-0.51279056,-1.34,46.16728532
1666920960.160819,1516.79,1517.57,-0.51279056,-1.34,46.16728532
1666920970.2305615,1516.79,1517.57,-0.51279056,-1.34,46.16728532
1666920980.20147,1517.55,1517.55,-0.49518474,0.35,46.06427902
1666920990.2774353,1517.55,1517.55,-0.49518474,0.35,46.06427902
1666921000.586544,1517.55,1517.55,-0.49518474,0.35,46.06427902
1666921010.2865417,1517.55,1517.84,-0.47205084,0.64,47.62908445
1666921020.1876318,1517.55,1517.84,-0.47205084,0.64,47.62908445
1666921030.249051,1517.55,1517.84,-0.47205084,0.64,47.62908445
1666921040.2009122,1517.84,1517.84,-0.43350277,-0.25,47.62908445
1666921050.276586,1517.84,1517.84,-0.43350277,-0.25,47.62908445
1666921060.4073064,1517.84,1518.78,-0.35851701,0.69,52.44515828
1666921070.2453127,1517.84,1518.78,-0.35851701,0.69,52.44515828
1666921080.3293183,1517.84,1518.78,-0.35851701,0.69,52.44515828
1666921090.28294,1517.84,1518.78,-0.35851701,0.69,52.44515828
1666921100.2211633,1518.56,1518.56,-0.2965801,-0.7,51.3991339
1666921110.3764186,1518.56,1518.56,-0.2965801,-0.7,51.3991339
1666921120.2422907,1518.56,1518.56,-0.2965801,-0.7,51.3991339
1666921130.6093335,1518.56,1517.6,-0.37316129,-1.66,46.58391249
1666921140.7823477,1518.56,1517.6,-0.37316129,-1.66,46.58391249
1666921150.7233193,1517.62,1517.62,-0.36318914,-1.38,46.67149908
1666921161.3131697,1517.62,1517.62,-0.36318914,-1.38,46.67149908
1666921170.8071842,1517.62,1517.62,-0.36318914,-1.38,46.67149908
1666921180.781499,1517.62,1517.89,-0.34165068,-1.11,48.14183436
1666921190.9081793,1517.62,1517.89,-0.34165068,-1.11,48.14183436
1666921200.8877175,1517.62,1517.89,-0.34165068,-1.11,48.14183436
1666921210.8874958,1517.62,1517.89,-0.34165068,-1.11,48.14183436
1666921220.8717127,1517.15,1517.15,-0.41955264,-1.47,44.47079112
1666921231.3701737,1517.15,1517.15,-0.41955264,-1.47,44.47079112
1666921240.843079,1517.15,1517.71,-0.37488028,-0.91,47.63885996
1666921250.8050704,1517.15,1517.71,-0.37488028,-0.91,47.63885996
1666921260.8195794,1517.15,1517.71,-0.37488028,-0.91,47.63885996
1666921270.779427,1518.19,1518.19,-0.28253911,1.24,50.08004403
1666921280.8563614,1518.19,1518.19,-0.28253911,1.24,50.08004403
1666921291.091925,1518.19,1518.19,-0.28253911,1.24,50.08004403
1666921300.8354576,1518.19,1520.05,-0.13416304,3.1,58.21050151
1666921311.1436758,1518.19,1520.05,-0.13416304,3.1,58.21050151
1666921321.293363,1518.19,1520.05,-0.13416304,3.1,58.21050151
1666921331.3880424,1521.1,1521.1,0.17377697,4.91,61.73158013
1666921341.220724,1521.1,1521.1,0.17377697,4.91,61.73158013
1666921351.16276,1521.1,1521.1,0.17377697,4.91,61.73158013
1666921361.5741367,1521.1,1521.13,0.17617013,4.94,61.83046368
1666921371.376382,1521.1,1521.13,0.17617013,4.94,61.83046368
1666921381.2963982,1521.1,1521.13,0.17617013,4.94,61.83046368
1666921391.73427,1520.64,1520.64,0.28303392,4.02,59.38868919
1666921401.3246202,1520.64,1520.64,0.28303392,4.02,59.38868919
1666921411.3060088,1520.64,1520.64,0.28303392,4.02,59.38868919
1666921421.425315,1520.64,1520.15,0.2439456,3.53,56.8911315
1666921431.3645103,1520.64,1520.15,0.2439456,3.53,56.8911315
1666921441.378644,1520.64,1520.15,0.2439456,3.53,56.8911315
1666921451.444275,1520.52,1520.52,0.37657901,3.74,58.74429341
1666921461.395367,1520.52,1520.52,0.37657901,3.74,58.74429341
1666921471.3369515,1520.52,1520.52,0.37657901,3.74,58.74429341
1666921481.2791803,1520.52,1520.45,0.37099496,3.67,58.37092165
1666921491.3774064,1520.52,1520.45,0.37099496,3.67,58.37092165
1666921501.7679205,1520.52,1520.45,0.37099496,3.67,58.37092165
1666921512.044539,1520.59,1520.59,0.46359812,3.04,59.01763865
1666921522.278164,1520.59,1520.59,0.46359812,3.04,59.01763865
1666921531.8996043,1520.59,1520.59,0.46359812,3.04,59.01763865
1666921541.8731935,1520.59,1521.14,0.50747277,3.59,61.19326322
1666921551.8750904,1520.59,1521.14,0.50747277,3.59,61.19326322
1666921561.9086351,1520.59,1521.14,0.50747277,3.59,61.19326322
1666921572.1353984,1521.22,1521.22,0.61117573,3.38,61.49062201
1666921581.807124,1521.22,1521.22,0.61117573,3.38,61.49062201
1666921591.828827,1521.22,1521.22,0.61117573,3.38,61.49062201
1666921602.071019,1521.22,1521.81,0.65824126,3.97,63.69979362
1666921611.8680878,1521.22,1521.81,0.65824126,3.97,63.69979362
1666921622.2816129,1521.22,1521.81,0.65824126,3.97,63.69979362
1666921631.9283226,1521.22,1521.81,0.65824126,3.97,63.69979362
1666921641.923245,1522.22,1522.22,0.82120615,3.66,65.09394401
1666921651.9014072,1522.22,1522.22,0.82120615,3.66,65.09394401
1666921662.2460625,1522.22,1522.61,0.85231726,4.05,66.41288282
1666921672.0490203,1522.22,1522.61,0.85231726,4.05,66.41288282
1666921682.576355,1522.22,1522.61,0.85231726,4.05,66.41288282
1666921692.4330745,1522.69,1522.69,0.98035139,5.06,66.67367384
1666921702.5171645,1522.69,1522.69,0.98035139,5.06,66.67367384
1666921712.5096471,1522.69,1522.69,0.98035139,5.06,66.67367384
1666921722.74284,1522.69,1522.86,0.99391264,5.23,67.25006592
1666921732.55469,1522.69,1522.86,0.99391264,5.23,67.25006592
1666921742.4785447,1522.69,1522.86,0.99391264,5.23,67.25006592
1666921752.6489534,1522.58,1522.58,1.050182,5.43,65.95039822
1666921762.5105722,1522.58,1522.58,1.050182,5.43,65.95039822
1666921772.469103,1522.58,1522.58,1.050182,5.43,65.95039822
1666921783.0959814,1522.58,1521.95,0.99992559,4.8,61.659744
1666921792.626413,1522.58,1521.95,0.99992559,4.8,61.659744
1666921802.5564198,1522.58,1521.95,0.99992559,4.8,61.659744
1666921812.535602,1522.28,1522.28,1.05615,4.09,63.80859551
1666921822.5897195,1522.28,1522.28,1.05615,4.09,63.80859551
1666921832.6971345,1522.28,1522.28,1.05615,4.09,63.80859551
1666921842.5908794,1522.28,1521.51,0.9947255,3.32,58.64118323
1666921852.5654044,1522.28,1521.51,0.9947255,3.32,58.64118323
1666921863.0685892,1522.28,1521.51,0.9947255,3.32,58.64118323
1666921873.02695,1522.28,1521.51,0.9947255,3.32,58.64118323
1666921883.064022,1522.06,1522.06,1.03768089,0.97,62.25777678
1666921893.0334606,1522.06,1522.06,1.03768089,0.97,62.25777678
1666921902.996097,1522.06,1522.32,1.05842163,1.23,63.43978158
1666921913.058791,1522.06,1522.32,1.05842163,1.23,63.43978158
1666921923.126101,1522.06,1522.32,1.05842163,1.23,63.43978158
1666921933.0313628,1522.33,1522.33,1.06267813,1.69,63.48269573
1666921943.0492983,1522.33,1522.33,1.06267813,1.69,63.48269573
1666921953.046301,1522.33,1522.33,1.06267813,1.69,63.48269573
1666921962.9977946,1522.33,1522.33,1.06267813,1.69,63.48269573
1666921973.1849685,1522.33,1521.58,1.00284907,0.94,57.98531591
1666921983.0108843,1522.33,1521.58,1.00284907,0.94,57.98531591
1666921993.0534835,1521.69,1521.69,0.96280572,1.18,58.73125104
1666922002.9837162,1521.69,1521.69,0.96280572,1.18,58.73125104
1666922013.0019014,1521.69,1521.69,0.96280572,1.18,58.73125104
1666922023.1561303,1521.69,1521.84,0.97477153,1.33,59.49642407
1666922033.04051,1521.69,1521.84,0.97477153,1.33,59.49642407
1666922043.528945,1521.69,1521.84,0.97477153,1.33,59.49642407
1666922053.568945,1521.82,1521.82,0.93196275,1.23,59.39604447
1666922063.5693774,1521.82,1521.82,0.93196275,1.23,59.39604447
1666922073.5436933,1521.82,1521.82,0.93196275,1.23,59.39604447
1666922083.5459294,1521.82,1522.16,0.95908526,1.57,61.15835829
1666922093.572161,1521.82,1522.16,0.95908526,1.57,61.15835829
1666922103.80692,1521.82,1522.16,0.95908526,1.57,61.15835829
1666922113.5606017,1522.06,1522.06,0.92236354,0.84,60.66002904
1666922123.4683592,1522.06,1522.06,0.92236354,0.84,60.66002904
1666922133.6706257,1522.06,1522.06,0.92236354,0.84,60.66002904
1666922143.515023,1522.06,1522.23,0.93592479,1.01,61.56969077
1666922153.478627,1522.06,1522.23,0.93592479,1.01,61.56969077
1666922163.7168615,1522.06,1522.23,0.93592479,1.01,61.56969077
1666922173.5365598,1522.58,1522.58,0.96408103,0.37,63.27528678
1666922183.710462,1522.58,1522.58,0.96408103,0.37,63.27528678
1666922193.6573243,1522.58,1522.58,0.96408103,0.37,63.27528678
1666922203.5378509,1522.58,1522.42,0.9513175,0.21,61.89431527
1666922213.5790896,1522.58,1522.42,0.9513175,0.21,61.89431527
1666922224.5024202,1522.58,1522.42,0.9513175,0.21,61.89431527
1666922234.4378076,1523.71,1523.71,1.11239389,1.03,68.31862779
1666922244.5394433,1523.71,1523.71,1.11239389,1.03,68.31862779
1666922254.479689,1523.71,1523.71,1.11239389,1.03,68.31862779
1666922264.5638757,1523.71,1524.49,1.17461611,1.81,71.2362957
1666922274.4587257,1523.71,1524.49,1.17461611,1.81,71.2362957
1666922284.4974077,1523.71,1524.49,1.17461611,1.81,71.2362957
1666922294.5273242,1525.06,1525.06,1.33551559,2.47,73.05231041
1666922304.5875194,1525.06,1525.06,1.33551559,2.47,73.05231041
1666922314.4814818,1525.06,1525.06,1.33551559,2.47,73.05231041
1666922324.70802,1525.06,1523.82,1.23659821,1.23,63.67869318
1666922334.5229654,1525.06,1523.82,1.23659821,1.23,63.67869318
1666922344.5766568,1525.06,1523.82,1.23659821,1.23,63.67869318
1666922354.516982,1524.16,1524.16,1.28351503,1.89,65.98145945
1666922364.7413688,1524.16,1524.16,1.28351503,1.89,65.98145945
1666922374.5064704,1524.16,1524.16,1.28351503,1.89,65.98145945
1666922384.5570722,1524.16,1524.61,1.31941246,2.34,67.66713339
1666922394.5104716,1524.16,1524.61,1.31941246,2.34,67.66713339
1666922404.8913455,1524.16,1524.61,1.31941246,2.34,67.66713339
1666922415.023985,1524.84,1524.84,1.38176383,2.77,68.42056341
1666922424.9409168,1524.84,1524.84,1.38176383,2.77,68.42056341
1666922434.9478004,1524.84,1524.84,1.38176383,2.77,68.42056341
1666922445.01942,1524.84,1524.7,1.37059573,2.63,67.33274928
1666922454.863248,1524.84,1524.7,1.37059573,2.63,67.33274928
1666922464.8479707,1524.84,1524.7,1.37059573,2.63,67.33274928
1666922474.926616,1524.74,1524.74,1.38634779,2.41,67.63407234
1666922485.0137434,1524.74,1524.74,1.38634779,2.41,67.63407234
1666922495.0381691,1524.74,1524.74,1.38634779,2.41,67.63407234
1666922504.8961782,1524.74,1524.05,1.33130506,1.72,62.34909496
1666922514.9215791,1524.74,1524.05,1.33130506,1.72,62.34909496
1666922524.9400747,1524.74,1524.05,1.33130506,1.72,62.34909496
1666922534.8667996,1524.06,1524.06,1.28302294,2.37,62.39495762
1666922545.1751895,1524.06,1524.06,1.28302294,2.37,62.39495762
1666922554.9247646,1524.06,1524.06,1.28302294,2.37,62.39495762
1666922565.0350714,1524.06,1523.22,1.21601439,1.53,56.61790174
1666922575.0286913,1524.06,1523.22,1.21601439,1.53,56.61790174
1666922585.8165183,1524.06,1523.22,1.21601439,1.53,56.61790174
1666922595.8189456,1523.04,1523.04,1.08699989,1.22,55.50666535
1666922605.749266,1523.04,1523.04,1.08699989,1.22,55.50666535
1666922615.840886,1523.04,1523.04,1.08699989,1.22,55.50666535
1666922625.862008,1523.04,1523.08,1.09019077,1.26,55.72712525
1666922635.8444357,1523.04,1523.08,1.09019077,1.26,55.72712525
1666922645.841064,1523.04,1523.08,1.09019077,1.26,55.72712525
1666922655.797745,1522.88,1522.88,0.96215551,0.83,54.48249367
1666922665.9066174,1522.88,1522.88,0.96215551,0.83,54.48249367
1666922675.776611,1522.88,1522.88,0.96215551,0.83,54.48249367
1666922685.807364,1522.88,1522.98,0.97013272,0.93,55.05054201
1666922695.738982,1522.88,1522.98,0.97013272,0.93,55.05054201
1666922705.895147,1522.88,1522.98,0.97013272,0.93,55.05054201
1666922715.9414566,1522.87,1522.87,0.86195543,0.28,54.41007119
1666922725.8075576,1522.87,1522.87,0.86195543,0.28,54.41007119
1666922735.8536837,1522.87,1522.87,0.86195543,0.28,54.41007119
1666922745.8027291,1522.87,1523.17,0.88588705,0.58,56.17418851
1666922755.7662392,1522.87,1523.17,0.88588705,0.58,56.17418851
1666922766.7009463,1522.87,1523.17,0.88588705,0.58,56.17418851
1666922776.758673,1522.63,1522.63,0.73970124,-1.08,52.72790787
1666922786.5653255,1522.63,1522.63,0.73970124,-1.08,52.72790787
1666922796.7240405,1522.63,1522.63,0.73970124,-1.08,52.72790787
1666922806.6880507,1522.63,1522.21,0.70619697,-1.5,49.82483797
1666922816.800287,1522.63,1522.21,0.70619697,-1.5,49.82483797
1666922826.8793356,1522.63,1522.21,0.70619697,-1.5,49.82483797
1666922836.634599,1521.64,1521.64,0.51115532,-3.41,46.35637039
1666922846.8213754,1521.64,1521.64,0.51115532,-3.41,46.35637039
1666922856.716473,1521.64,1521.64,0.51115532,-3.41,46.35637039
1666922866.8757114,1521.64,1521.97,0.53748011,-3.08,48.5813384
1666922876.8153338,1521.64,1521.97,0.53748011,-3.08,48.5813384
1666922886.7010138,1521.64,1521.97,0.53748011,-3.08,48.5813384
1666922897.02621,1521.07,1521.07,0.30694288,-3.08,43.12753871
1666922906.7188792,1521.07,1521.07,0.30694288,-3.08,43.12753871
1666922916.7395284,1521.07,1521.07,0.30694288,-3.08,43.12753871
1666922926.7973137,1521.07,1521.44,0.33645855,-2.71,45.76813537
1666922936.7561712,1521.07,1521.44,0.33645855,-2.71,45.76813537
1666922947.369848,1521.07,1521.44,0.33645855,-2.71,45.76813537
1666922957.254324,1521.72,1521.72,0.27157568,-3.13,47.61031806
1666922967.2017488,1521.72,1521.72,0.27157568,-3.13,47.61031806
1666922977.3156347,1521.72,1521.72,0.27157568,-3.13,47.61031806
1666922987.262133,1521.72,1521.06,0.21892611,-3.79,43.84215897
1666922997.2313695,1521.72,1521.06,0.21892611,-3.79,43.84215897
1666923007.469139,1521.72,1521.06,0.21892611,-3.79,43.84215897
1666923017.162209,1520.82,1520.82,0.07229556,-3.93,42.6156669
1666923027.255967,1520.82,1520.82,0.07229556,-3.93,42.6156669
1666923037.275761,1520.82,1520.82,0.07229556,-3.93,42.6156669
1666923047.240375,1520.82,1520.25,0.02682547,-4.5,39.77004503
1666923057.2936864,1520.82,1520.25,0.02682547,-4.5,39.77004503
1666923067.2629695,1520.82,1520.25,0.02682547,-4.5,39.77004503
1666923077.2677183,1520.13,1520.13,-0.12533415,-3.92,39.21523517
1666923087.331288,1520.13,1520.13,-0.12533415,-3.92,39.21523517
1666923097.2813046,1520.13,1520.13,-0.12533415,-3.92,39.21523517
1666923107.3179154,1520.13,1517.96,-0.29843956,-6.09,30.87946138
1666923117.2316115,1520.13,1517.96,-0.29843956,-6.09,30.87946138
1666923127.8745422,1520.13,1517.96,-0.29843956,-6.09,30.87946138
1666923137.8558438,1517.86,1517.86,-0.55652122,-5.19,30.57763087
1666923147.8141727,1517.86,1517.86,-0.55652122,-5.19,30.57763087
1666923157.922623,1517.86,1517.86,-0.55652122,-5.19,30.57763087
1666923167.8159077,1517.86,1513.34,-0.91709102,-9.71,20.77059849
1666923178.1180878,1517.86,1513.34,-0.91709102,-9.71,20.77059849
1666923187.8589926,1517.86,1513.34,-0.91709102,-9.71,20.77059849
1666923197.8105702,1512.02,1512.02,-1.5723118,-10.87,18.99176762
1666923207.9923384,1512.02,1512.02,-1.5723118,-10.87,18.99176762
1666923217.8892796,1512.02,1512.02,-1.5723118,-10.87,18.99176762
1666923227.9068608,1512.02,1508.21,-1.87624343,-14.68,14.99892995
1666923237.7972574,1512.02,1508.21,-1.87624343,-14.68,14.99892995
1666923247.8948095,1512.02,1508.21,-1.87624343,-14.68,14.99892995
1666923257.8999846,1509.28,1509.28,-2.37319313,-13.6,15.98378223
1666923267.834654,1509.28,1509.28,-2.37319313,-13.6,15.98378223
1666923277.8996286,1509.28,1509.28,-2.37319313,-13.6,15.98378223
1666923287.9305434,1509.28,1509.51,-2.35484555,-13.37,17.18525376
1666923297.8225458,1509.28,1509.51,-2.35484555,-13.37,17.18525376
1666923308.750238,1509.28,1509.51,-2.35484555,-13.37,17.18525376
1666923318.6446,1510.87,1510.87,-2.57759526,-11.76,23.64539804
1666923328.726777,1510.87,1510.87,-2.57759526,-11.76,23.64539804
1666923338.803689,1510.87,1510.87,-2.57759526,-11.76,23.64539804
1666923348.776513,1510.87,1511.76,-2.50659811,-10.87,27.62216672
1666923358.7531474,1510.87,1511.76,-2.50659811,-10.87,27.62216672
1666923368.663329,1510.87,1511.76,-2.50659811,-10.87,27.62216672
1666923378.825949,1511.64,1511.64,-2.69888106,-10.01,27.11360941
1666923388.6499157,1511.64,1511.64,-2.69888106,-10.01,27.11360941
1666923398.7826262,1511.64,1511.64,-2.69888106,-10.01,27.11360941
1666923408.7821896,1511.64,1513.03,-2.58799787,-8.62,33.02210542
1666923418.693818,1511.64,1513.03,-2.58799787,-8.62,33.02210542
1666923428.788118,1511.64,1513.03,-2.58799787,-8.62,33.02210542
1666923438.889176,1512.05,1512.05,-2.75269007,-9.02,28.96204766
1666923448.6218555,1512.05,1512.05,-2.75269007,-9.02,28.96204766
1666923458.812314,1512.05,1512.05,-2.75269007,-9.02,28.96204766
1666923468.682328,1512.05,1511.51,-2.79576699,-9.56,27.95642573
1666923478.6903205,1512.05,1511.51,-2.79576699,-9.56,27.95642573
1666923489.7503748,1512.05,1511.51,-2.79576699,-9.56,27.95642573
1666923499.7140677,1513.13,1513.13,-2.63704764,-8.6,33.73284149
1666923509.6418166,1513.13,1513.13,-2.63704764,-8.6,33.73284149
1666923519.7315457,1513.13,1513.13,-2.63704764,-8.6,33.73284149
1666923529.6167707,1513.13,1512.55,-2.68331544,-9.18,32.44986803
1666923539.7627697,1513.13,1512.55,-2.68331544,-9.18,32.44986803
1666923549.5954528,1513.13,1512.55,-2.68331544,-9.18,32.44986803
1666923559.808972,1513.15,1513.15,-2.58043998,-7.67,33.8214141
1666923569.731556,1513.15,1513.15,-2.58043998,-7.67,33.8214141
1666923579.7963314,1513.15,1513.15,-2.58043998,-7.67,33.8214141
1666923589.8807688,1513.15,1513.94,-2.51742004,-6.88,37.38169405
1666923599.653558,1513.15,1513.94,-2.51742004,-6.88,37.38169405
1666923609.7129655,1513.15,1513.94,-2.51742004,-6.88,37.38169405
1666923619.7508304,1513.7,1513.7,-2.43018315,-6.44,36.34127389
1666923629.8012252,1513.7,1513.7,-2.43018315,-6.44,36.34127389
1666923639.7824628,1513.7,1513.7,-2.43018315,-6.44,36.34127389
1666923649.6311538,1513.7,1514.13,-2.39588115,-6.01,38.31871146
1666923659.7417624,1513.7,1514.13,-2.39588115,-6.01,38.31871146
1666923670.2595236,1513.7,1514.13,-2.39588115,-6.01,38.31871146
1666923680.328865,1514.14,1514.14,-2.25755729,-3.73,38.36666015
1666923690.262987,1514.14,1514.14,-2.25755729,-3.73,38.36666015
1666923700.2261672,1514.14,1514.14,-2.25755729,-3.73,38.36666015
1666923710.2869058,1514.14,1513.37,-2.31898179,-4.5,36.17957673
1666923720.3590117,1514.14,1513.37,-2.31898179,-4.5,36.17957673
1666923730.3200572,1514.14,1513.37,-2.31898179,-4.5,36.17957673
1666923740.3344655,1512.48,1512.48,-2.35873438,0.46,33.98509913
1666923750.3042247,1512.48,1512.48,-2.35873438,0.46,33.98509913
1666923760.5870657,1512.48,1511.45,-2.44089962,-0.57,31.5484425
1666923770.301141,1512.48,1511.45,-2.44089962,-0.57,31.5484425
1666923780.3270023,1512.48,1511.45,-2.44089962,-0.57,31.5484425
1666923790.2274375,1512.48,1511.45,-2.44089962,-0.57,31.5484425
1666923800.4093232,1510.89,1510.89,-2.53151622,1.62,30.37511634
1666923810.4792552,1510.89,1510.89,-2.53151622,1.62,30.37511634
1666923820.2349148,1510.89,1510.89,-2.53151622,1.62,30.37511634
1666923830.2295122,1510.89,1510.55,-2.55863873,1.28,29.65400916
1666923840.2623408,1510.89,1510.55,-2.55863873,1.28,29.65400916
1666923850.7995267,1512.2,1512.2,-2.35347837,1.34,36.33966645
1666923860.7899003,1512.2,1512.2,-2.35347837,1.34,36.33966645
1666923870.6977408,1512.2,1512.2,-2.35347837,1.34,36.33966645
1666923880.6794202,1512.2,1512.92,-2.29604247,2.06,39.41184747
1666923890.715932,1512.2,1512.92,-2.29604247,2.06,39.41184747
1666923900.816664,1512.2,1512.92,-2.29604247,2.06,39.41184747
1666923910.945188,1513.5,1513.5,-2.08527286,1.87,41.67908851
1666923920.7608943,1513.5,1513.5,-2.08527286,1.87,41.67908851
1666923930.8124511,1513.5,1513.5,-2.08527286,1.87,41.67908851
1666923940.8158543,1513.5,1515.59,-1.91854921,3.96,49.07429059
1666923950.7866108,1513.5,1515.59,-1.91854921,3.96,49.07429059
1666923961.009666,1513.5,1515.59,-1.91854921,3.96,49.07429059
1666923970.855046,1515.3,1515.3,-1.67878931,3.25,48.16469231
1666923980.8216171,1515.3,1515.3,-1.67878931,3.25,48.16469231
1666923990.9087512,1515.3,1515.3,-1.67878931,3.25,48.16469231
1666924000.9145195,1515.3,1516.16,-1.61018532,4.11,50.96897724
1666924011.1670609,1515.3,1516.16,-1.61018532,4.11,50.96897724
1666924020.8511703,1515.3,1516.16,-1.61018532,4.11,50.96897724
1666924031.5287194,1516.16,1516.16,-1.33210604,3.04,50.97134973
1666924041.8103182,1516.16,1516.16,-1.33210604,3.04,50.97134973
1666924051.4784496,1516.16,1516.16,-1.33210604,3.04,50.97134973
1666924061.4879472,1516.16,1515.9,-1.35284678,2.78,50.08924534
1666924071.56557,1516.16,1515.9,-1.35284678,2.78,50.08924534
1666924081.4826794,1516.16,1515.9,-1.35284678,2.78,50.08924534
1666924091.5284507,1516.16,1515.9,-1.35284678,2.78,50.08924534
1666924101.6328533,1515.34,1515.34,-1.21434921,2.19,48.28675218
1666924111.5753295,1515.34,1515.34,-1.21434921,2.19,48.28675218
1666924121.5710514,1515.34,1515.34,-1.21434921,2.19,48.28675218
1666924131.9771516,1515.34,1515.35,-1.21355149,2.2,48.32251462
1666924141.929997,1515.34,1515.35,-1.21355149,2.2,48.32251462
1666924151.6978023,1515.73,1515.73,-1.00186989,2.03,49.64577368
1666924161.6084993,1515.73,1515.73,-1.00186989,2.03,49.64577368
1666924171.5988202,1515.73,1515.73,-1.00186989,2.03,49.64577368
1666924181.6463995,1515.73,1516.12,-0.97075878,2.42,51.0316506
1666924191.669987,1515.73,1516.12,-0.97075878,2.42,51.0316506
1666924201.547448,1515.73,1516.12,-0.97075878,2.42,51.0316506
1666924212.139992,1515.73,1516.12,-0.97075878,2.42,51.0316506
1666924222.1795917,1516.71,1516.71,-0.70920383,2.58,52.98222938
1666924232.099263,1516.71,1516.71,-0.70920383,2.58,52.98222938
1666924242.1216187,1516.71,1516.41,-0.73313546,2.28,51.8489344
1666924252.122324,1516.71,1516.41,-0.73313546,2.28,51.8489344
1666924262.121323,1516.71,1516.41,-0.73313546,2.28,51.8489344
1666924272.1086135,1515.85,1515.85,-0.6552712,3.38,49.85818774
1666924282.0754094,1515.85,1515.85,-0.6552712,3.38,49.85818774
1666924292.196397,1515.85,1515.85,-0.6552712,3.38,49.85818774
1666924302.116229,1515.85,1515.1,-0.71510026,2.63,47.24203738
1666924312.0873857,1515.85,1515.1,-0.71510026,2.63,47.24203738
1666924322.6837409,1515.85,1515.1,-0.71510026,2.63,47.24203738
1666924332.4008777,1515.01,1515.01,-0.67115965,4.12,46.95350663
1666924342.1200686,1515.01,1515.01,-0.67115965,4.12,46.95350663
1666924352.1817777,1515.01,1515.01,-0.67115965,4.12,46.95350663
1666924362.2691028,1515.01,1515.04,-0.66876649,4.15,47.07222062
1666924372.1302965,1515.01,1515.04,-0.66876649,4.15,47.07222062
1666924382.8539915,1515.01,1515.04,-0.66876649,4.15,47.07222062
1666924392.6450503,1514.82,1514.82,-0.64969362,2.62,46.29039056
1666924402.7512858,1514.82,1514.82,-0.64969362,2.62,46.29039056
1666924412.6352737,1514.82,1514.82,-0.64969362,2.62,46.29039056
1666924422.588524,1514.82,1516.33,-0.52923778,4.13,52.04726634
1666924432.6541576,1514.82,1516.33,-0.52923778,4.13,52.04726634
1666924442.863516,1514.82,1516.33,-0.52923778,4.13,52.04726634
1666924452.7286146,1514.95,1514.95,-0.59460366,1.45,46.84197282
1666924462.7871685,1514.95,1514.95,-0.59460366,1.45,46.84197282
1666924472.728156,1514.95,1514.95,-0.59460366,1.45,46.84197282
1666924482.689312,1514.95,1514.8,-0.60656948,1.3,46.25494894
1666924492.584903,1514.95,1514.8,-0.60656948,1.3,46.25494894
1666924502.8893428,1514.95,1514.8,-0.60656948,1.3,46.25494894
1666924512.619534,1514.12,1514.12,-0.67013079,-1.17,43.7657282
1666924522.7245538,1514.12,1514.12,-0.67013079,-1.17,43.7657282
1666924542.598823,1514.12,1514.14,-0.66853535,-1.15,43.85085964
1666924552.8138435,1514.12,1514.14,-0.66853535,-1.15,43.85085964
1666924562.86015,1514.12,1514.14,-0.66853535,-1.15,43.85085964
1666924573.4395957,1514.12,1514.14,-0.66853535,-1.15,43.85085964
1666924583.351374,1513.02,1513.02,-0.82591681,-3.13,40.01823711
1666924593.496715,1513.02,1513.02,-0.82591681,-3.13,40.01823711
1666924603.5479314,1513.02,1511.54,-0.94397949,-4.61,35.60125654
1666924613.3629706,1513.02,1511.54,-0.94397949,-4.61,35.60125654
1666924623.4142978,1513.02,1511.54,-0.94397949,-4.61,35.60125654
1666924633.469897,1511.33,1511.33,-1.10871239,-4.01,35.05229543
1666924643.4640377,1511.33,1511.33,-1.10871239,-4.01,35.05229543
1666924653.450217,1511.33,1511.33,-1.10871239,-4.01,35.05229543
1666924663.4174335,1511.33,1509.74,-1.23554999,-5.6,31.13739243
1666924673.5035968,1511.33,1509.74,-1.23554999,-5.6,31.13739243
1666924683.752475,1511.33,1509.74,-1.23554999,-5.6,31.13739243
1666924693.7851548,1509.47,1509.47,-1.47495106,-6.26,30.55783855
1666924703.3687248,1509.47,1509.47,-1.47495106,-6.26,30.55783855
1666924713.4237893,1509.47,1509.47,-1.47495106,-6.26,30.55783855
1666924723.4959717,1509.47,1509.77,-1.45101943,-5.96,32.07073998
1666924733.410322,1509.47,1509.77,-1.45101943,-5.96,32.07073998
1666924743.8531766,1509.47,1509.77,-1.45101943,-5.96,32.07073998
1666924754.167261,1510.17,1510.17,-1.53049474,-6.55,33.99187511
1666924764.196527,1510.17,1510.17,-1.53049474,-6.55,33.99187511
1666924774.1405368,1510.17,1510.17,-1.53049474,-6.55,33.99187511
1666924784.164886,1510.17,1510.72,-1.48662009,-6.0,36.6401799
1666924794.1245055,1510.17,1510.72,-1.48662009,-6.0,36.6401799
1666924804.304442,1510.17,1510.72,-1.48662009,-6.0,36.6401799
1666924814.100535,1510.36,1510.36,-1.5722202,-5.49,34.95194946
1666924824.2950175,1510.36,1510.36,-1.5722202,-5.49,34.95194946
1666924834.0542436,1510.36,1510.36,-1.5722202,-5.49,34.95194946
1666924844.2119648,1510.36,1510.33,-1.57461336,-5.52,34.8676899
1666924854.1481342,1510.36,1510.33,-1.57461336,-5.52,34.8676899
1666924864.3055265,1510.36,1510.33,-1.57461336,-5.52,34.8676899
1666924874.1928213,1511.63,1511.63,-1.41996359,-3.37,40.97564251
1666924884.27011,1511.63,1511.63,-1.41996359,-3.37,40.97564251
1666924894.228832,1511.63,1511.63,-1.41996359,-3.37,40.97564251
1666924904.2280636,1511.63,1511.17,-1.45665875,-3.83,39.54209501
1666924914.1628375,1511.63,1511.17,-1.45665875,-3.83,39.54209501
1666924924.095681,1511.63,1511.17,-1.45665875,-3.83,39.54209501
1666924934.7481189,1511.86,1511.86,-1.33135328,-2.96,42.02651928
1666924944.612966,1511.86,1511.86,-1.33135328,-2.96,42.02651928
1666924954.6157396,1511.86,1511.86,-1.33135328,-2.96,42.02651928
1666924964.709962,1511.86,1511.6,-1.35209403,-3.22,41.13493674
1666924974.6327524,1511.86,1511.6,-1.35209403,-3.22,41.13493674
1666924984.6612377,1511.86,1511.6,-1.35209403,-3.22,41.13493674
1666924994.920436,1511.86,1511.6,-1.35209403,-3.22,41.13493674
1666925004.5782807,1512.57,1512.57,-1.16138056,-2.39,45.26943684
1666925014.619923,1512.57,1512.57,-1.16138056,-2.39,45.26943684
1666925024.5493646,1512.57,1511.52,-1.24514124,-3.44,41.55688665
1666925034.6097734,1512.57,1511.52,-1.24514124,-3.44,41.55688665
1666925044.6023788,1512.57,1511.52,-1.24514124,-3.44,41.55688665
1666925054.8023674,1510.97,1510.97,-1.28552147,-3.16,39.86709433
1666925064.5990984,1510.97,1510.97,-1.28552147,-3.16,39.86709433
1666925074.678339,1510.97,1510.97,-1.28552147,-3.16,39.86709433
1666925084.7130756,1510.97,1510.97,-1.28552147,-3.16,39.86709433
1666925094.7003312,1510.97,1509.69,-1.38762973,-4.44,36.12816054
1666925104.72452,1510.97,1509.69,-1.38762973,-4.44,36.12816054
1666925115.1753144,1509.1,1509.1,-1.53124082,-3.92,34.63490622
1666925125.4035594,1509.1,1509.1,-1.53124082,-3.92,34.63490622
1666925135.1797276,1509.1,1509.1,-1.53124082,-3.92,34.63490622
1666925145.712758,1509.1,1509.92,-1.46582771,-3.1,38.42193345
1666925155.190099,1509.1,1509.92,-1.46582771,-3.1,38.42193345
1666925165.18541,1509.1,1509.92,-1.46582771,-3.1,38.42193345
1666925175.2424269,1510.44,1510.44,-1.40124705,-0.89,40.61941669
1666925185.3802805,1510.44,1510.44,-1.40124705,-0.89,40.61941669
1666925195.3238845,1510.44,1510.44,-1.40124705,-0.89,40.61941669
1666925205.352928,1510.44,1511.86,-1.2879707,0.53,46.25178776
1666925215.2794602,1510.44,1511.86,-1.2879707,0.53,46.25178776
1666925225.5056963,1510.44,1511.86,-1.2879707,0.53,46.25178776
1666925235.3451812,1511.32,1511.32,-1.24215679,1.85,44.24051502
1666925245.2441702,1511.32,1511.32,-1.24215679,1.85,44.24051502
1666925255.3829105,1511.32,1511.32,-1.24215679,1.85,44.24051502
1666925265.425939,1511.32,1509.29,-1.40409411,-0.18,38.42011809
1666925275.2051723,1511.32,1509.29,-1.40409411,-0.18,38.42011809
1666925285.290044,1511.32,1509.29,-1.40409411,-0.18,38.42011809
1666925296.2303562,1508.38,1508.38,-1.57334716,-1.78,36.27872333
1666925306.1917372,1508.38,1508.38,-1.57334716,-1.78,36.27872333
1666925316.1901524,1508.38,1508.38,-1.57334716,-1.78,36.27872333
1666925326.5178134,1508.38,1508.69,-1.54861781,-1.47,37.53841076
1666925336.1908145,1508.38,1508.69,-1.54861781,-1.47,37.53841076
1666925346.0919294,1508.38,1508.69,-1.54861781,-1.47,37.53841076
1666925356.1732025,1507.51,1507.51,-1.75475876,-2.86,34.31141575
1666925366.1536317,1507.51,1507.51,-1.75475876,-2.86,34.31141575
1666925376.19416,1507.51,1507.51,-1.75475876,-2.86,34.31141575
1666925386.208481,1507.51,1507.63,-1.74518611,-2.74,34.83631096
1666925396.060156,1507.51,1507.63,-1.74518611,-2.74,34.83631096
1666925406.2142038,1507.51,1507.63,-1.74518611,-2.74,34.83631096
1666925416.0894706,1506.02,1506.02,-2.03314865,-5.61,31.1917262
1666925426.0492797,1506.02,1506.02,-2.03314865,-5.61,31.1917262
1666925436.186713,1506.02,1506.02,-2.03314865,-5.61,31.1917262
1666925446.0754676,1506.02,1505.05,-2.11052757,-6.58,29.32257273
1666925456.612933,1506.02,1505.05,-2.11052757,-6.58,29.32257273
1666925466.368823,1506.02,1505.05,-2.11052757,-6.58,29.32257273
1666925476.8529837,1505.44,1505.44,-2.21634071,-6.42,30.04503249
1666925486.8898375,1505.44,1505.44,-2.21634071,-6.42,30.04503249
1666925496.8118412,1505.44,1505.44,-2.21634071,-6.42,30.04503249
1666925506.9264393,1505.44,1505.14,-2.24027233,-6.72,29.44290151
1666925516.9374092,1505.44,1505.14,-2.24027233,-6.72,29.44290151
1666925526.9822495,1505.44,1505.14,-2.24027233,-6.72,29.44290151
1666925536.898476,1503.84,1503.84,-2.52578097,-8.72,27.12184094
1666925546.8904068,1503.84,1503.84,-2.52578097,-8.72,27.12184094
1666925556.7927463,1503.84,1503.84,-2.52578097,-8.72,27.12184094
1666925566.8545415,1503.84,1505.17,-2.41968411,-7.39,33.01177597
1666925576.8275974,1503.84,1505.17,-2.41968411,-7.39,33.01177597
1666925587.0794284,1503.84,1505.17,-2.41968411,-7.39,33.01177597
1666925596.8646865,1504.16,1504.16,-2.59296002,-6.8,28.65783603
1666925606.8277617,1504.16,1504.16,-2.59296002,-6.8,28.65783603
1666925617.4429843,1504.16,1504.16,-2.59296002,-6.8,28.65783603
1666925626.9602537,1504.16,1505.04,-2.52276059,-5.92,32.75402622
1666925636.9197085,1504.16,1505.04,-2.52276059,-5.92,32.75402622
1666925647.0403051,1504.16,1505.04,-2.52276059,-5.92,32.75402622
1666925657.539835,1505.47,1505.47,-2.45148374,-3.64,34.6013839
1666925667.582834,1505.47,1505.47,-2.45148374,-3.64,34.6013839
1666925677.6045742,1505.47,1505.47,-2.45148374,-3.64,34.6013839
1666925687.5182655,1505.47,1501.63,-2.75780853,-7.48,27.37019052
1666925697.5168183,1505.47,1501.63,-2.75780853,-7.48,27.37019052
1666925707.4698374,1505.47,1501.63,-2.75780853,-7.48,27.37019052
1666925717.667472,1502.52,1502.52,-2.81159705,-7.91,28.76339693
1666925727.5456464,1502.52,1502.52,-2.81159705,-7.91,28.76339693
1666925737.6873388,1502.52,1502.52,-2.81159705,-7.91,28.76339693
1666925747.9927182,1502.52,1501.19,-2.91769391,-9.24,26.58553953
1666925757.646203,1502.52,1501.19,-2.91769391,-9.24,26.58553953
1666925767.5895698,1502.52,1501.19,-2.91769391,-9.24,26.58553953
1666925778.430267,1499.93,1499.93,-3.24283555,-11.39,24.80514981
1666925787.631513,1499.93,1499.93,-3.24283555,-11.39,24.80514981
1666925797.6664877,1499.93,1499.93,-3.24283555,-11.39,24.80514981
1666925807.6638231,1499.93,1502.84,-3.0106988,-8.48,35.52168938
1666925817.6296797,1499.93,1502.84,-3.0106988,-8.48,35.52168938
1666925827.7262895,1499.93,1502.84,-3.0106988,-8.48,35.52168938
1666925838.5629673,1503.82,1503.82,-2.8319804,-4.57,38.49052119
1666925848.576446,1503.82,1503.82,-2.8319804,-4.57,38.49052119
1666925858.567417,1503.82,1503.82,-2.8319804,-4.57,38.49052119
1666925868.523637,1503.82,1504.52,-2.77613995,-3.87,40.57699258
1666925878.4949772,1503.82,1504.52,-2.77613995,-3.87,40.57699258
1666925888.5306258,1503.82,1504.52,-2.77613995,-3.87,40.57699258
1666925898.499097,1504.85,1504.85,-2.57595672,-2.66,41.51724011
1666925908.4851613,1504.85,1504.85,-2.57595672,-2.66,41.51724011
1666925918.545279,1504.85,1504.85,-2.57595672,-2.66,41.51724011
1666925928.5089664,1504.85,1502.19,-2.78815045,-5.32,36.50337167
1666925938.7857566,1504.85,1502.19,-2.78815045,-5.32,36.50337167
1666925948.5737383,1504.85,1502.19,-2.78815045,-5.32,36.50337167
1666925958.620735,1501.05,1501.05,-2.94694877,-4.97,34.70589261
1666925968.5387352,1501.05,1501.05,-2.94694877,-4.97,34.70589261
1666925978.5277865,1501.05,1501.05,-2.94694877,-4.97,34.70589261
1666925988.7730982,1501.05,1501.74,-2.89190603,-4.28,36.7231546
1666925998.5791616,1501.05,1501.74,-2.89190603,-4.28,36.7231546
1666926008.8195417,1501.05,1501.74,-2.89190603,-4.28,36.7231546
1666926019.0588615,1501.41,1501.41,-2.91626502,-4.04,35.76757664
1666926029.0465024,1501.41,1501.41,-2.91626502,-4.04,35.76757664
1666926039.4002037,1501.41,1501.41,-2.91626502,-4.04,35.76757664
1666926049.1503785,1501.41,1500.58,-2.98247584,-4.87,34.36201852
1666926059.1106577,1501.41,1500.58,-2.98247584,-4.87,34.36201852
1666926069.1654124,1501.41,1500.58,-2.98247584,-4.87,34.36201852
1666926079.1199408,1500.76,1500.76,-2.97276078,-3.07,34.65610395
1666926089.0991404,1500.76,1500.76,-2.97276078,-3.07,34.65610395
1666926099.099228,1500.76,1500.76,-2.97276078,-3.07,34.65610395
1666926109.3418088,1500.76,1500.63,-2.98313115,-3.2,34.42596168
1666926119.0575783,1500.76,1500.63,-2.98313115,-3.2,34.42596168
1666926129.1134706,1500.76,1500.63,-2.98313115,-3.2,34.42596168
1666926139.0462482,1501.92,1501.92,-2.77855016,-2.25,38.33313864
1666926149.0185032,1501.92,1501.92,-2.77855016,-2.25,38.33313864
1666926159.4596913,1501.92,1501.92,-2.77855016,-2.25,38.33313864
1666926169.0897398,1501.92,1502.56,-2.72749603,-1.61,40.31914266
1666926179.1366713,1501.92,1502.56,-2.72749603,-1.61,40.31914266
1666926189.0520642,1501.92,1502.56,-2.72749603,-1.61,40.31914266
1666926199.5823138,1503.7,1503.7,-2.41560973,-1.77,43.57978632
1666926209.5814435,1503.7,1503.7,-2.41560973,-1.77,43.57978632
1666926219.6064434,1503.7,1503.7,-2.41560973,-1.77,43.57978632
1666926229.5792203,1503.7,1504.71,-2.33503993,-0.76,46.36524
1666926239.7227027,1503.7,1504.71,-2.33503993,-0.76,46.36524
1666926249.7103446,1503.7,1504.71,-2.33503993,-0.76,46.36524
1666926259.734215,1503.17,1503.17,-2.29113849,0.65,42.43193558
1666926269.9419584,1503.17,1503.17,-2.29113849,0.65,42.43193558
1666926279.6114976,1503.17,1503.17,-2.29113849,0.65,42.43193558
1666926289.6317048,1503.17,1502.62,-2.33501313,0.1,41.20059649
1666926299.6423428,1503.17,1502.62,-2.33501313,0.1,41.20059649
1666926309.665368,1503.17,1502.62,-2.33501313,0.1,41.20059649
1666926319.7223673,1502.02,1502.02,-2.29632558,2.08,39.94422027
1666926329.649551,1502.02,1502.02,-2.29632558,2.08,39.94422027
1666926339.6177266,1502.02,1502.02,-2.29632558,2.08,39.94422027
1666926349.6985734,1502.02,1501.55,-2.33381846,1.61,38.94244409
1666926359.6763637,1502.02,1501.55,-2.33381846,1.61,38.94244409
1666926369.9509523,1502.02,1501.55,-2.33381846,1.61,38.94244409
1666926380.4415455,1501.73,1501.73,-2.2439572,-2.1,39.33411591
1666926390.7355783,1501.73,1501.73,-2.2439572,-2.1,39.33411591
1666926400.6866567,1501.73,1501.73,-2.2439572,-2.1,39.33411591
1666926410.4742603,1501.73,1502.5,-2.1825327,-1.33,41.92580729
1666926420.4663,1501.73,1502.5,-2.1825327,-1.33,41.92580729
1666926430.3812702,1501.73,1502.5,-2.1825327,-1.33,41.92580729
1666926440.8851163,1502.79,1502.79,-2.00876159,-2.06,42.84540353
1666926450.4670165,1502.79,1502.79,-2.00876159,-2.06,42.84540353
1666926460.4762356,1502.79,1503.5,-1.95212342,-1.35,45.13598947
1666926470.4408062,1502.79,1503.5,-1.95212342,-1.35,45.13598947
1666926480.4504158,1502.79,1503.5,-1.95212342,-1.35,45.13598947
1666926490.5472145,1502.79,1503.5,-1.95212342,-1.35,45.13598947
1666926500.7427304,1504.37,1504.37,-1.64449639,3.31,47.70415785
1666926510.5492387,1504.37,1504.37,-1.64449639,3.31,47.70415785
1666926520.490833,1504.37,1504.48,-1.63572146,3.42,48.03536669
1666926530.451277,1504.37,1504.48,-1.63572146,3.42,48.03536669
1666926540.455387,1504.37,1504.48,-1.63572146,3.42,48.03536669
1666926550.5307405,1504.48,1504.48,-1.42294615,3.07,48.0355014
1666926561.1322017,1504.48,1504.48,-1.42294615,3.07,48.0355014
1666926571.42971,1504.48,1504.48,-1.42294615,3.07,48.0355014
1666926581.101607,1504.48,1504.48,-1.42294615,3.07,48.0355014
1666926591.190185,1504.48,1504.49,-1.42214843,3.08,48.06526867
1666926601.283075,1504.48,1504.49,-1.42214843,3.08,48.06526867
1666926611.4683404,1504.37,1504.37,-1.2562008,3.6,47.71047832
1666926621.0872412,1504.37,1504.37,-1.2562008,3.6,47.71047832
1666926631.4066577,1504.37,1504.37,-1.2562008,3.6,47.71047832
1666926641.113736,1504.37,1504.37,-1.2562008,3.6,47.71047832
1666926651.169317,1504.37,1504.51,-1.24503271,3.74,48.19096067
1666926661.5601668,1504.37,1504.51,-1.24503271,3.74,48.19096067
1666926671.2936633,1504.77,1504.77,-1.04844014,2.84,49.06277966
1666926681.1160655,1504.77,1504.77,-1.04844014,2.84,49.06277966
1666926691.1963708,1504.77,1504.77,-1.04844014,2.84,49.06277966
1666926701.0822904,1504.77,1506.02,-0.94872504,4.09,53.13393457
1666926711.080661,1504.77,1506.02,-0.94872504,4.09,53.13393457
1666926721.13359,1504.77,1506.02,-0.94872504,4.09,53.13393457
1666926731.097627,1505.52,1505.52,-0.7920696,1.81,51.58614453
1666926741.6500452,1505.52,1505.52,-0.7920696,1.81,51.58614453
1666926751.7422986,1505.52,1505.52,-0.7920696,1.81,51.58614453
1666926761.8903048,1505.52,1505.52,-0.7920696,1.81,51.58614453
1666926771.691796,1505.52,1505.13,-0.82318071,1.42,50.19368707
1666926781.724393,1505.52,1505.13,-0.82318071,1.42,50.19368707
1666926791.7553644,1505.85,1505.85,-0.58179214,2.69,52.68997745
1666926801.768232,1505.85,1505.85,-0.58179214,2.69,52.68997745
1666926811.6127286,1505.85,1505.85,-0.58179214,2.69,52.68997745
1666926821.660708,1505.85,1505.77,-0.58817391,2.61,52.37680843
1666926831.8548076,1505.85,1505.77,-0.58817391,2.61,52.37680843
1666926841.775381,1505.85,1505.77,-0.58817391,2.61,52.37680843
1666926851.677203,1505.63,1505.63,-0.46276432,3.61,51.83762822
1666926861.8073726,1505.63,1505.63,-0.46276432,3.61,51.83762822
1666926871.862096,1505.63,1505.63,-0.46276432,3.61,51.83762822
1666926881.734479,1505.63,1506.1,-0.42527144,4.08,53.56580183
1666926891.7454832,1505.63,1506.1,-0.42527144,4.08,53.56580183
1666926901.8808715,1505.63,1506.1,-0.42527144,4.08,53.56580183
1666926911.847397,1506.06,1506.06,-0.28908357,4.34,53.41518921
1666926923.2091663,1506.06,1506.06,-0.28908357,4.34,53.41518921
1666926932.689094,1506.06,1506.06,-0.28908357,4.34,53.41518921
1666926942.6795058,1506.06,1505.0,-0.37364197,3.28,49.12739421
1666926952.6374626,1506.06,1505.0,-0.37364197,3.28,49.12739421
1666926962.7694626,1506.06,1505.0,-0.37364197,3.28,49.12739421
1666926972.6762524,1504.77,1504.77,-0.3601878,1.98,48.29185959
1666926982.8252254,1504.77,1504.77,-0.3601878,1.98,48.29185959
1666926992.608772,1504.77,1504.77,-0.3601878,1.98,48.29185959
1666927002.6384754,1504.77,1504.85,-0.35380603,2.06,48.6208286
1666927013.0100017,1504.77,1504.85,-0.35380603,2.06,48.6208286
1666927022.7008736,1504.77,1504.85,-0.35380603,2.06,48.6208286
1666927032.6864052,1504.08,1504.08,-0.42869822,-0.29,45.76772652
1666927042.6199374,1504.08,1504.08,-0.42869822,-0.29,45.76772652
1666927053.0550382,1504.08,1504.08,-0.42869822,-0.29,45.76772652
1666927062.7395184,1504.08,1503.63,-0.46459565,-0.74,44.13597203
1666927072.9159946,1504.08,1503.63,-0.46459565,-0.74,44.13597203
1666927082.706638,1504.08,1503.63,-0.46459565,-0.74,44.13597203
1666927092.7315643,1502.51,1502.51,-0.65629439,-1.98,40.56923564
1666927103.5470424,1502.51,1502.51,-0.65629439,-1.98,40.56923564
1666927113.6249585,1502.51,1502.51,-0.65629439,-1.98,40.56923564
1666927123.630101,1502.51,1503.45,-0.58130863,-1.04,44.62695015
1666927133.7054377,1502.51,1503.45,-0.58130863,-1.04,44.62695015
1666927143.6940906,1502.51,1503.45,-0.58130863,-1.04,44.62695015
1666927153.744248,1503.8,1503.8,-0.54664043,-0.57,46.00268881
1666927163.7222674,1503.8,1503.8,-0.54664043,-0.57,46.00268881
1666927173.5620403,1503.8,1503.8,-0.54664043,-0.57,46.00268881
1666927183.664636,1503.8,1503.93,-0.53627006,-0.44,46.53287798
1666927193.6819427,1503.8,1503.93,-0.53627006,-0.44,46.53287798
1666927203.8445575,1503.8,1503.93,-0.53627006,-0.44,46.53287798
1666927213.5916083,1503.49,1503.49,-0.57893732,-1.27,44.94318134
1666927223.5632195,1503.49,1503.49,-0.57893732,-1.27,44.94318134
1666927233.729829,1503.49,1503.49,-0.57893732,-1.27,44.94318134
1666927243.9607613,1503.49,1504.41,-0.50554701,-0.35,48.72827261
1666927253.5743203,1503.49,1504.41,-0.50554701,-0.35,48.72827261
1666927263.6040678,1503.49,1504.41,-0.50554701,-0.35,48.72827261
1666927273.6541126,1504.85,1504.85,-0.38600666,-0.67,50.3631781
1666927284.225852,1504.85,1504.85,-0.38600666,-0.67,50.3631781
1666927294.0718975,1504.85,1504.85,-0.38600666,-0.67,50.3631781
1666927304.1587818,1504.85,1505.13,-0.36367047,-0.39,51.42286614
1666927314.1293888,1504.85,1505.13,-0.36367047,-0.39,51.42286614
1666927324.2685251,1504.85,1505.13,-0.36367047,-0.39,51.42286614
1666927334.1209023,1505.92,1505.92,-0.16356767,0.06,54.18263816
1666927344.4869418,1505.92,1505.92,-0.16356767,0.06,54.18263816
1666927354.1159115,1505.92,1505.92,-0.16356767,0.06,54.18263816
1666927364.1882591,1505.92,1506.22,-0.13963604,0.36,55.22297834
1666927374.348436,1505.92,1506.22,-0.13963604,0.36,55.22297834
1666927384.6026852,1505.92,1506.22,-0.13963604,0.36,55.22297834
1666927394.1116028,1507.01,1507.01,0.10039847,1.38,57.7350601
1666927404.1625829,1507.01,1507.01,0.10039847,1.38,57.7350601
1666927414.1533823,1507.01,1507.01,0.10039847,1.38,57.7350601
1666927424.3802705,1507.01,1506.75,0.07965773,1.12,56.60482007
1666927434.1737466,1507.01,1506.75,0.07965773,1.12,56.60482007
1666927444.210132,1507.01,1506.75,0.07965773,1.12,56.60482007
1666927454.2654686,1506.91,1506.91,0.22317972,0.84,57.29505163
1666927464.7540832,1506.91,1506.91,0.22317972,0.84,57.29505163
1666927474.7614949,1506.91,1506.91,0.22317972,0.84,57.29505163
1666927484.8469465,1506.91,1506.38,0.18090052,0.31,54.90665232
1666927494.7567043,1506.91,1506.38,0.18090052,0.31,54.90665232
1666927504.7933853,1506.91,1506.38,0.18090052,0.31,54.90665232
1666927515.5117393,1506.38,1506.38,0.24816032,1.62,54.90665232
1666927524.8491836,1506.38,1506.38,0.24816032,1.62,54.90665232
1666927534.8887625,1506.38,1506.38,0.24816032,1.62,54.90665232
1666927544.8877766,1506.38,1506.86,0.28645092,2.1,56.66840347
1666927554.8808832,1506.38,1506.86,0.28645092,2.1,56.66840347
1666927564.8945673,1506.38,1506.86,0.28645092,2.1,56.66840347
1666927574.8695948,1506.86,1506.86,0.36588271,2.79,56.66840347
1666927584.8166597,1506.86,1506.86,0.36588271,2.79,56.66840347
1666927595.0126934,1506.86,1506.86,0.36588271,2.79,56.66840347
1666927604.8254037,1506.86,1505.46,0.2542018,1.39,50.47435823
1666927614.899684,1506.86,1505.46,0.2542018,1.39,50.47435823
1666927624.82347,1506.86,1505.46,0.2542018,1.39,50.47435823
1666927634.883126,1505.45,1505.45,0.22400897,2.95,50.43727372
1666927645.5909169,1505.45,1505.45,0.22400897,2.95,50.43727372
1666927655.6337411,1505.45,1505.45,0.22400897,2.95,50.43727372
1666927665.6669674,1505.45,1504.48,0.14663006,1.98,46.63715645
1666927676.3513875,1505.45,1504.48,0.14663006,1.98,46.63715645
1666927685.7113936,1505.45,1504.48,0.14663006,1.98,46.63715645
1666927695.6242232,1505.41,1505.41,0.19401221,1.62,50.26582857
1666927705.7520187,1505.41,1505.41,0.19401221,1.62,50.26582857
1666927715.7119265,1505.41,1505.41,0.19401221,1.62,50.26582857
1666927725.6971776,1505.41,1505.6,0.20916891,1.81,51.1055255
1666927735.6986375,1505.41,1505.6,0.20916891,1.81,51.1055255
1666927745.666981,1505.41,1505.6,0.20916891,1.81,51.1055255
1666927755.6429486,1505.44,1505.44,0.17503128,1.96,50.39651979
1666927765.7565663,1505.44,1505.44,0.17503128,1.96,50.39651979
1666927775.6625412,1505.44,1505.44,0.17503128,1.96,50.39651979
1666927785.6239476,1505.44,1507.85,0.36728199,4.37,59.79807229
1666927795.6922705,1505.44,1507.85,0.36728199,4.37,59.79807229
1666927805.6419923,1505.44,1507.85,0.36728199,4.37,59.79807229
1666927815.5990472,1507.92,1507.92,0.50686041,3.08,59.99891361
1666927826.074368,1507.92,1507.92,0.50686041,3.08,59.99891361
1666927836.563851,1507.92,1507.92,0.50686041,3.08,59.99891361
1666927846.2161744,1507.92,1507.2,0.44942451,2.36,56.57372477
1666927856.1590998,1507.92,1507.2,0.44942451,2.36,56.57372477
1666927866.2597442,1507.92,1507.2,0.44942451,2.36,56.57372477
1666927876.4821672,1507.57,1507.57,0.55657961,1.65,58.27990683
1666927886.1667347,1507.57,1507.57,0.55657961,1.65,58.27990683
1666927896.1243248,1507.57,1507.57,0.55657961,1.65,58.27990683
1666927906.1935096,1507.57,1507.06,0.51589585,1.14,55.7776726
1666927916.2297325,1507.57,1507.06,0.51589585,1.14,55.7776726
1666927926.261,1507.57,1507.06,0.51589585,1.14,55.7776726
1666927936.164142,1507.03,1507.03,0.5347206,0.01,55.63356316
1666927946.1467826,1507.03,1507.03,0.5347206,0.01,55.63356316
1666927956.2407377,1507.03,1507.03,0.5347206,0.01,55.63356316
1666927966.4863403,1507.03,1507.28,0.55466362,0.26,56.62609429
1666927976.314222,1507.03,1507.28,0.55466362,0.26,56.62609429
1666927986.1826415,1507.03,1507.28,0.55466362,0.26,56.62609429
1666927996.4620953,1507.05,1507.05,0.54745289,0.14,55.72399057
1666928006.8042705,1507.05,1507.05,0.54745289,0.14,55.72399057
1666928016.8219094,1507.05,1507.05,0.54745289,0.14,55.72399057
1666928026.8377962,1507.05,1507.16,0.55622782,0.25,56.19325588
1666928036.8443346,1507.05,1507.16,0.55622782,0.25,56.19325588
1666928046.796836,1507.05,1507.16,0.55622782,0.25,56.19325588
1666928056.9308822,1507.27,1507.27,0.58165522,0.89,56.63587137
1666928066.9542854,1507.27,1507.27,0.58165522,0.89,56.63587137
1666928076.82949,1507.27,1507.27,0.58165522,0.89,56.63587137
1666928086.8319063,1507.27,1507.43,0.59441875,1.05,57.35019908
1666928096.8985462,1507.27,1507.43,0.59441875,1.05,57.35019908
1666928106.8459938,1507.27,1507.43,0.59441875,1.05,57.35019908
1666928116.8017476,1507.46,1507.46,0.61430735,0.6,57.47906618
1666928126.7492845,1507.46,1507.46,0.61430735,0.6,57.47906618
1666928136.9404943,1507.46,1507.46,0.61430735,0.6,57.47906618
1666928146.803094,1507.46,1506.55,0.54171476,-0.31,52.31538633
1666928156.847587,1507.46,1506.55,0.54171476,-0.31,52.31538633
1666928167.0519695,1507.46,1506.55,0.54171476,-0.31,52.31538633
1666928176.8267095,1506.87,1506.87,0.53761008,1.43,54.02197414
1666928187.5740876,1506.87,1506.87,0.53761008,1.43,54.02197414
1666928197.580711,1506.87,1506.87,0.53761008,1.43,54.02197414
1666928207.649683,1506.87,1506.02,0.46980381,0.58,49.4111574
1666928217.7184694,1506.87,1506.02,0.46980381,0.58,49.4111574
1666928227.6073592,1506.87,1506.02,0.46980381,0.58,49.4111574
1666928237.5285275,1505.59,1505.59,0.32793964,0.17,47.36250705
1666928247.5394683,1505.59,1505.59,0.32793964,0.17,47.36250705
1666928257.5412695,1505.59,1505.59,0.32793964,0.17,47.36250705
1666928267.560755,1505.59,1506.08,0.36702796,0.66,49.90656306
1666928277.54221,1505.59,1506.08,0.36702796,0.66,49.90656306
1666928287.5998485,1505.59,1506.08,0.36702796,0.66,49.90656306
1666928297.6216257,1506.44,1506.44,0.35946319,0.99,51.62773185
1666928307.7239206,1506.44,1506.44,0.35946319,0.99,51.62773185
1666928317.485774,1506.44,1506.44,0.35946319,0.99,51.62773185
1666928328.2217867,1506.44,1506.63,0.37461988,1.18,52.55429562
1666928337.6451616,1506.44,1506.63,0.37461988,1.18,52.55429562
1666928347.9587655,1506.44,1506.63,0.37461988,1.18,52.55429562
1666928357.520664,1506.44,1506.44,0.32694011,-1.49,51.62773185
1666928368.132352,1506.44,1506.44,0.32694011,-1.49,51.62773185
1666928378.006234,1506.44,1506.44,0.32694011,-1.49,51.62773185
1666928388.219594,1506.44,1506.93,0.36602843,-1.0,54.11637866
1666928398.1025054,1506.44,1506.93,0.36602843,-1.0,54.11637866
1666928408.1727538,1506.44,1506.93,0.36602843,-1.0,54.11637866
1666928418.0560598,1507.07,1507.07,0.38617572,-0.51,54.78466749
1666928428.043135,1507.07,1507.07,0.38617572,-0.51,54.78466749
1666928438.0597432,1507.07,1507.07,0.38617572,-0.51,54.78466749
1666928448.1326642,1507.07,1507.09,0.38777116,-0.49,54.88520599
1666928458.0951316,1507.07,1507.09,0.38777116,-0.49,54.88520599
1666928468.220338,1507.07,1507.09,0.38777116,-0.49,54.88520599
1666928478.40048,1506.95,1506.95,0.37185543,-0.09,54.06569088
1666928488.3623154,1506.95,1506.95,0.37185543,-0.09,54.06569088
1666928498.0891929,1506.95,1506.95,0.37185543,-0.09,54.06569088
1666928508.1224768,1506.95,1507.82,0.44125714,0.78,58.3555167
1666928518.0828116,1506.95,1507.82,0.44125714,0.78,58.3555167
1666928528.221615,1506.95,1507.82,0.44125714,0.78,58.3555167
1666928538.2132685,1508.05,1508.05,0.52063774,1.0,59.33458272
1666928548.6597648,1508.05,1508.05,0.52063774,1.0,59.33458272
1666928558.742351,1508.05,1508.05,0.52063774,1.0,59.33458272
1666928568.7682436,1508.05,1507.78,0.49909928,0.73,57.58433363
1666928578.7197216,1508.05,1507.78,0.49909928,0.73,57.58433363
1666928588.8846445,1508.05,1507.78,0.49909928,0.73,57.58433363
1666928598.7401955,1507.78,1507.78,0.52434548,0.5,57.57949466
1666928608.672432,1507.78,1507.78,0.52434548,0.5,57.57949466
1666928618.7444515,1507.78,1507.78,0.52434548,0.5,57.57949466
1666928628.768109,1507.78,1507.61,0.51078423,0.33,56.4504969
1666928638.7298574,1507.78,1507.61,0.51078423,0.33,56.4504969
1666928648.8561506,1507.78,1507.61,0.51078423,0.33,56.4504969
1666928658.86811,1507.12,1507.12,0.44484149,-0.34,53.42630876
1666928668.7527158,1507.12,1507.12,0.44484149,-0.34,53.42630876
1666928678.7282567,1507.12,1507.12,0.44484149,-0.34,53.42630876
1666928688.8478968,1507.12,1506.93,0.42968479,-0.53,52.25905956
1666928698.724475,1507.12,1506.93,0.42968479,-0.53,52.25905956
1666928708.817552,1507.12,1506.93,0.42968479,-0.53,52.25905956
1666928718.8015091,1507.03,1507.03,0.40476876,0.16,52.86452286
1666928729.559062,1507.03,1507.03,0.40476876,0.16,52.86452286
1666928739.5525153,1507.03,1507.03,0.40476876,0.16,52.86452286
1666928749.7808874,1507.03,1507.16,0.41513913,0.29,53.6180633
1666928759.6648278,1507.03,1507.16,0.41513913,0.29,53.6180633
1666928769.7872548,1507.03,1507.16,0.41513913,0.29,53.6180633
1666928779.629498,1507.15,1507.15,0.39197344,1.55,53.56095508
1666928789.5459146,1507.15,1507.15,0.39197344,1.55,53.56095508
1666928799.7070005,1507.15,1507.15,0.39197344,1.55,53.56095508
1666928809.6548688,1507.15,1506.41,0.3329421,0.81,48.77505253
1666928819.7518847,1507.15,1506.41,0.3329421,0.81,48.77505253
1666928829.6302073,1507.15,1506.41,0.3329421,0.81,48.77505253
1666928839.63376,1506.27,1506.27,0.24496685,-0.17,47.97378752
1666928849.803581,1506.27,1506.27,0.24496685,-0.17,47.97378752
1666928859.6141317,1506.27,1506.27,0.24496685,-0.17,47.97378752
1666928869.5382602,1506.27,1505.62,0.193115,-0.82,44.28715437
1666928879.7457,1506.27,1505.62,0.193115,-0.82,44.28715437
1666928889.750094,1506.27,1505.62,0.193115,-0.82,44.28715437
1666928899.7546732,1505.1,1505.1,0.01661364,-1.34,41.74865981
1666928910.2332163,1505.1,1505.1,0.01661364,-1.34,41.74865981
1666928920.3138871,1505.1,1505.1,0.01661364,-1.34,41.74865981
1666928930.1998656,1505.1,1505.58,0.05490424,-0.86,44.9092815
1666928940.245346,1505.1,1505.58,0.05490424,-0.86,44.9092815
1666928950.3280036,1505.1,1505.58,0.05490424,-0.86,44.9092815
1666928960.502627,1505.32,1505.32,-0.05763575,-1.74,43.24114205
1666928970.459377,1505.32,1505.32,-0.05763575,-1.74,43.24114205
1666928980.2694857,1505.32,1505.32,-0.05763575,-1.74,43.24114205
1666928990.3375804,1505.32,1505.58,-0.03689501,-1.48,45.03354771
1666929000.382063,1505.32,1505.58,-0.03689501,-1.48,45.03354771
1666929010.2396266,1505.32,1505.58,-0.03689501,-1.48,45.03354771
1666929020.2909665,1505.1,1505.1,-0.16000117,-1.84,42.08005643
1666929030.2545357,1505.1,1505.1,-0.16000117,-1.84,42.08005643
1666929040.5085812,1505.1,1505.19,-0.15282169,-1.75,42.75721805
1666929050.265974,1505.1,1505.19,-0.15282169,-1.75,42.75721805
1666929060.288735,1505.1,1505.19,-0.15282169,-1.75,42.75721805
1666929070.276358,1505.1,1505.19,-0.15282169,-1.75,42.75721805
1666929080.3281405,1504.97,1504.97,-0.24300586,-3.09,41.37310342
1666929090.8469002,1504.97,1504.97,-0.24300586,-3.09,41.37310342
1666929100.8732667,1504.97,1504.91,-0.24779219,-3.15,41.03048285
1666929110.8263347,1504.97,1504.91,-0.24779219,-3.15,41.03048285
1666929120.822666,1504.97,1504.91,-0.24779219,-3.15,41.03048285
1666929130.8891366,1504.97,1504.91,-0.24779219,-3.15,41.03048285
1666929140.947771,1505.83,1505.83,-0.17495615,-1.96,47.64132287
1666929150.8431957,1505.83,1505.83,-0.17495615,-1.96,47.64132287
1666929160.8417468,1505.83,1505.42,-0.2076627,-2.37,45.16877168
1666929170.808445,1505.83,1505.42,-0.2076627,-2.37,45.16877168
1666929180.8857615,1505.83,1505.42,-0.2076627,-2.37,45.16877168
1666929190.8582363,1506.18,1506.18,-0.12454473,-0.95,49.97873513
1666929200.8751078,1506.18,1506.18,-0.12454473,-0.95,49.97873513
1666929210.7775536,1506.18,1506.18,-0.12454473,-0.95,49.97873513
1666929220.9085238,1506.18,1506.18,-0.12454473,-0.95,49.97873513
1666929230.843938,1506.18,1506.22,-0.12135385,-0.91,50.25277361
1666929240.940935,1506.18,1506.22,-0.12135385,-0.91,50.25277361
1666929250.957488,1506.27,1506.27,-0.0933974,-0.75,50.59629753
1666929260.8533006,1506.27,1506.27,-0.0933974,-0.75,50.59629753
1666929271.5106528,1506.27,1506.27,-0.0933974,-0.75,50.59629753
1666929281.3564663,1506.27,1505.88,-0.12450851,-1.14,47.8561668
1666929291.406691,1506.27,1505.88,-0.12450851,-1.14,47.8561668
1666929301.389806,1506.27,1505.88,-0.12450851,-1.14,47.8561668
1666929311.3818965,1505.87,1505.87,-0.12947481,-1.28,47.78976416
1666929321.291828,1505.87,1505.87,-0.12947481,-1.28,47.78976416
1666929331.4297037,1505.87,1505.87,-0.12947481,-1.28,47.78976416
1666929341.3692622,1505.87,1506.52,-0.07762296,-0.63,52.41191139
1666929351.4088857,1505.87,1506.52,-0.07762296,-0.63,52.41191139
1666929361.4361467,1505.87,1506.52,-0.07762296,-0.63,52.41191139
1666929371.46045,1505.91,1505.91,-0.1262267,-0.35,48.10590645
1666929381.413594,1505.91,1505.91,-0.1262267,-0.35,48.10590645
1666929391.538068,1505.91,1505.91,-0.1262267,-0.35,48.10590645
1666929401.3993952,1505.91,1506.13,-0.10867684,-0.13,49.86991324
1666929411.513202,1505.91,1506.13,-0.10867684,-0.13,49.86991324
1666929421.434095,1505.91,1506.13,-0.10867684,-0.13,49.86991324
1666929431.4875505,1505.91,1506.13,-0.10867684,-0.13,49.86991324
1666929441.524959,1506.16,1506.16,-0.08877777,1.07,50.10121073
1666929452.099239,1506.16,1506.16,-0.08877777,1.07,50.10121073
1666929462.250383,1506.16,1506.52,-0.06005982,1.43,52.90907188
1666929472.232816,1506.16,1506.52,-0.06005982,1.43,52.90907188
1666929482.3450942,1506.16,1506.52,-0.06005982,1.43,52.90907188
1666929492.395043,1507.27,1507.27,0.08224586,1.95,57.85487608
1666929502.1353066,1507.27,1507.27,0.08224586,1.95,57.85487608
1666929512.1615343,1507.27,1507.27,0.08224586,1.95,57.85487608
1666929522.1041582,1507.27,1507.43,0.09500939,2.11,58.84685156
1666929532.2302818,1507.27,1507.43,0.09500939,2.11,58.84685156
1666929542.1120565,1507.27,1507.43,0.09500939,2.11,58.84685156
1666929552.1395822,1507.78,1507.78,0.21803098,2.68,60.86618173
1666929562.1430433,1507.78,1507.78,0.21803098,2.68,60.86618173
1666929572.3111894,1507.78,1507.78,0.21803098,2.68,60.86618173
1666929582.062114,1507.78,1507.78,0.21803098,2.68,60.86618173
1666929592.1566062,1507.78,1507.72,0.21324466,2.62,60.35185345
1666929602.345755,1507.78,1507.72,0.21324466,2.62,60.35185345
1666929612.1576254,1507.76,1507.76,0.28785366,2.79,60.71553231
1666929622.1682994,1507.76,1507.76,0.28785366,2.79,60.71553231
1666929632.7026243,1507.76,1507.76,0.28785366,2.79,60.71553231
1666929642.6570013,1507.76,1507.3,0.2511585,2.33,56.49904243
1666929652.6065624,1507.76,1507.3,0.2511585,2.33,56.49904243
1666929662.6452806,1507.76,1507.3,0.2511585,2.33,56.49904243
1666929672.7206843,1507.33,1507.33,0.28035767,1.49,56.74947773
1666929682.8553643,1507.33,1507.33,0.28035767,1.49,56.74947773
1666929692.6991708,1507.33,1507.33,0.28035767,1.49,56.74947773
1666929702.7138357,1507.33,1507.29,0.27716679,1.45,56.38118506
1666929712.6079006,1507.33,1507.29,0.27716679,1.45,56.38118506
1666929722.8992126,1507.33,1507.29,0.27716679,1.45,56.38118506
1666929732.6264818,1506.74,1506.74,0.21413571,0.56,51.76219924
1666929742.6782162,1506.74,1506.74,0.21413571,0.56,51.76219924
1666929752.5254252,1506.74,1506.74,0.21413571,0.56,51.76219924
1666929762.8293242,1506.74,1507.51,0.27556021,1.33,57.06534023
1666929772.584224,1506.74,1507.51,0.27556021,1.33,57.06534023
1666929782.6392453,1506.74,1507.51,0.27556021,1.33,57.06534023
1666929792.757341,1508.09,1508.09,0.38814207,1.83,60.31553174
1666929802.6944177,1508.09,1508.09,0.38814207,1.83,60.31553174
1666929813.113433,1508.09,1508.09,0.38814207,1.83,60.31553174
1666929823.179983,1508.09,1508.32,0.40648965,2.06,61.59912763
1666929833.153545,1508.09,1508.32,0.40648965,2.06,61.59912763
1666929843.8592925,1508.09,1508.32,0.40648965,2.06,61.59912763
1666929853.2730634,1508.49,1508.49,0.49159426,2.62,62.47638355
1666929863.3105645,1508.49,1508.49,0.49159426,2.62,62.47638355
1666929873.2594202,1508.49,1508.49,0.49159426,2.62,62.47638355
1666929883.256503,1508.49,1508.85,0.52031221,2.98,64.3344954
1666929893.2806497,1508.49,1508.85,0.52031221,2.98,64.3344954
1666929903.3689277,1508.49,1508.85,0.52031221,2.98,64.3344954
1666929913.1743567,1507.6,1507.6,0.41623192,1.7,55.34768216
1666929923.299697,1507.6,1507.6,0.41623192,1.7,55.34768216
1666929933.3589778,1507.6,1507.6,0.41623192,1.7,55.34768216
1666929943.224064,1507.6,1507.12,0.37794132,1.22,51.90765505
1666929953.2195537,1507.6,1507.12,0.37794132,1.22,51.90765505
1666929963.2728577,1507.6,1507.12,0.37794132,1.22,51.90765505
1666929973.234952,1507.06,1507.06,0.33111687,0.9,51.50840317
1666929983.322677,1507.06,1507.06,0.33111687,0.9,51.50840317
1666929994.2868593,1507.06,1507.06,0.33111687,0.9,51.50840317
1666930004.0442069,1507.06,1506.73,0.30479208,0.57,49.26289352
1666930014.0838976,1507.06,1506.73,0.30479208,0.57,49.26289352
1666930024.109717,1507.06,1506.73,0.30479208,0.57,49.26289352
1666930033.9576492,1506.22,1506.22,0.17690401,-1.04,46.14377265
1666930044.0895555,1506.22,1506.22,0.17690401,-1.04,46.14377265
1666930054.0184424,1506.22,1506.22,0.17690401,-1.04,46.14377265
1666930064.0327566,1506.22,1506.22,0.17690401,-1.04,46.14377265
1666930074.1439228,1506.22,1505.6,0.12744532,-1.66,42.61647987
1666930084.1920314,1506.22,1505.6,0.12744532,-1.66,42.61647987
1666930094.2302325,1506.11,1506.11,0.09100658,-1.66,45.47136999
1666930104.107859,1506.11,1506.11,0.09100658,-1.66,45.47136999
1666930114.0800738,1506.11,1506.11,0.09100658,-1.66,45.47136999
1666930124.2241478,1506.11,1506.23,0.10057923,-1.54,46.37278499
1666930134.4276445,1506.11,1506.23,0.10057923,-1.54,46.37278499
1666930144.1583974,1506.11,1506.23,0.10057923,-1.54,46.37278499
1666930154.119079,1506.11,1506.23,0.10057923,-1.54,46.37278499
1666930164.3955026,1506.62,1506.62,0.10039982,-1.14,49.14863086
1666930174.9275029,1506.62,1506.62,0.10039982,-1.14,49.14863086
1666930184.9746892,1506.62,1506.9,0.122736,-0.86,51.1017372
1666930194.8224523,1506.62,1506.9,0.122736,-0.86,51.1017372
1666930204.81064,1506.62,1506.9,0.122736,-0.86,51.1017372
1666930214.891657,1506.91,1506.91,0.11574451,-0.43,51.17386493
1666930224.7895424,1506.91,1506.91,0.11574451,-0.43,51.17386493
1666930234.8072035,1506.91,1506.91,0.11574451,-0.43,51.17386493
1666930244.829538,1506.91,1506.9,0.11494679,-0.44,51.1017372
1666930254.912816,1506.91,1506.9,0.11494679,-0.44,51.1017372
1666930264.832795,1506.91,1506.9,0.11494679,-0.44,51.1017372
1666930274.8007507,1507.06,1507.06,0.1307681,0.32,52.21859914
1666930285.0380228,1507.06,1507.06,0.1307681,0.32,52.21859914
1666930294.865505,1507.06,1507.06,0.1307681,0.32,52.21859914
1666930304.935688,1507.06,1505.85,0.03424389,-0.89,43.97398132
1666930314.912884,1507.06,1505.85,0.03424389,-0.89,43.97398132
1666930324.8788671,1507.06,1505.85,0.03424389,-0.89,43.97398132
1666930334.924848,1506.58,1506.58,0.06381048,-1.52,48.59827939
1666930344.8671603,1506.58,1506.58,0.06381048,-1.52,48.59827939
1666930355.4400337,1506.58,1506.58,0.06381048,-1.52,48.59827939
1666930365.47218,1506.58,1507.61,0.14597572,-0.49,55.70184905
1666930375.497547,1506.58,1507.61,0.14597572,-0.49,55.70184905
1666930385.364399,1506.58,1507.61,0.14597572,-0.49,55.70184905
1666930395.506818,1508.06,1508.06,0.24859896,-0.43,58.22949244
1666930405.6160653,1508.06,1508.06,0.24859896,-0.43,58.22949244
1666930415.4659674,1508.06,1508.06,0.24859896,-0.43,58.22949244
1666930425.521673,1508.06,1507.42,0.19754483,-1.07,53.56586039
1666930435.4014127,1508.06,1507.42,0.19754483,-1.07,53.56586039
1666930445.5447931,1508.06,1507.42,0.19754483,-1.07,53.56586039
1666930455.427384,1507.78,1507.78,0.25908747,0.18,56.10463937
1666930465.4534729,1507.78,1507.78,0.25908747,0.18,56.10463937
1666930475.4388795,1507.78,1507.78,0.25908747,0.18,56.10463937
1666930485.4686058,1507.78,1508.25,0.29658034,0.65,58.8469632
1666930495.5076118,1507.78,1508.25,0.29658034,0.65,58.8469632
1666930505.5154276,1507.78,1508.25,0.29658034,0.65,58.8469632
1666930515.5187433,1508.56,1508.56,0.39149909,1.51,60.479499
1666930525.533332,1508.56,1508.56,0.39149909,1.51,60.479499
1666930536.2580984,1508.56,1508.56,0.39149909,1.51,60.479499
1666930546.2369623,1508.56,1508.26,0.36756747,1.21,58.10545929
1666930556.3256502,1508.56,1508.26,0.36756747,1.21,58.10545929
1666930566.258514,1508.56,1508.26,0.36756747,1.21,58.10545929
1666930576.2554488,1508.32,1508.32,0.40872726,2.09,58.57065517
1666930586.2830298,1508.32,1508.32,0.40872726,2.09,58.57065517
1666930596.220814,1508.32,1508.32,0.40872726,2.09,58.57065517
1666930606.208265,1508.32,1508.71,0.43983837,2.48,60.76924217
1666930616.2529435,1508.32,1508.71,0.43983837,2.48,60.76924217
1666930626.194054,1508.32,1508.71,0.43983837,2.48,60.76924217
1666930636.3310933,1508.38,1508.38,0.44043297,2.26,58.92930296
1666930646.2905817,1508.38,1508.38,0.44043297,2.26,58.92930296
1666930656.3467312,1508.38,1508.38,0.44043297,2.26,58.92930296
1666930666.355275,1508.38,1507.47,0.36784038,1.35,51.71488399
1666930676.2434509,1508.38,1507.47,0.36784038,1.35,51.71488399
1666930686.4058204,1508.38,1507.47,0.36784038,1.35,51.71488399
1666930696.3254924,1507.82,1507.82,0.37796648,1.21,54.27924535
1666930706.2098308,1507.82,1507.82,0.37796648,1.21,54.27924535
1666930716.7997663,1507.82,1507.82,0.37796648,1.21,54.27924535
1666930726.7852323,1507.82,1508.28,0.41466164,1.67,57.27766957
1666930736.774016,1507.82,1508.28,0.41466164,1.67,57.27766957
1666930746.834331,1507.82,1508.28,0.41466164,1.67,57.27766957
1666930756.8070805,1509.7,1509.7,0.62609529,2.8,64.43039766
1666930766.9271495,1509.7,1509.7,0.62609529,2.8,64.43039766
1666930776.7612734,1509.7,1509.7,0.62609529,2.8,64.43039766
1666930786.7677937,1509.7,1509.4,0.60216367,2.5,62.05903002
1666930796.8797598,1509.7,1509.4,0.60216367,2.5,62.05903002
1666930806.7970228,1509.7,1509.4,0.60216367,2.5,62.05903002
1666930816.7697847,1509.59,1509.59,0.6790734,2.52,63.50973073
1666930826.8230596,1509.59,1509.59,0.6790734,2.52,63.50973073
1666930836.8118792,1509.59,1509.59,0.6790734,2.52,63.50973073
1666930846.8221688,1509.59,1510.0,0.71177995,2.93,65.42249184
1666930856.9967625,1509.59,1510.0,0.71177995,2.93,65.42249184
1666930866.9558718,1509.59,1510.0,0.71177995,2.93,65.42249184
1666930876.9019196,1509.7,1509.7,0.73527564,3.11,64.04705541
1666930886.9959724,1509.7,1509.7,0.73527564,3.11,64.04705541
1666930897.651379,1509.7,1509.7,0.73527564,3.11,64.04705541
1666930907.4199164,1509.7,1508.06,0.60444943,1.47,51.87336573
1666930917.4921415,1509.7,1508.06,0.60444943,1.47,51.87336573
1666930927.6027913,1509.7,1508.06,0.60444943,1.47,51.87336573
1666930937.459169,1507.73,1507.73,0.48619547,-0.32,49.95753427
1666930947.4316463,1507.73,1507.73,0.48619547,-0.32,49.95753427
1666930957.633579,1507.73,1507.73,0.48619547,-0.32,49.95753427
1666930967.449281,1507.73,1507.9,0.49975673,-0.15,50.96229505
1666930977.6414511,1507.73,1507.9,0.49975673,-0.15,50.96229505
1666930987.4760644,1507.73,1507.9,0.49975673,-0.15,50.96229505
1666930997.448579,1508.24,1508.24,0.48010947,0.46,52.85956452
1666931007.6526716,1508.24,1508.24,0.48010947,0.46,52.85956452
1666931017.442153,1508.24,1508.24,0.48010947,0.46,52.85956452
1666931027.4802678,1508.24,1508.02,0.46255961,0.24,51.47843055
1666931037.5408266,1508.24,1508.02,0.46255961,0.24,51.47843055
1666931047.631463,1508.24,1508.02,0.46255961,0.24,51.47843055
1666931057.5448084,1507.73,1507.73,0.36652529,-0.82,49.75625916
1666931067.5578835,1507.73,1507.73,0.36652529,-0.82,49.75625916
1666931078.0492997,1507.73,1507.73,0.36652529,-0.82,49.75625916
1666931088.1725717,1507.73,1507.81,0.37290705,-0.74,50.25070043
1666931098.0832973,1507.73,1507.81,0.37290705,-0.74,50.25070043
1666931108.2421153,1507.73,1507.81,0.37290705,-0.74,50.25070043
1666931118.2587645,1507.62,1507.62,0.28968277,-0.7,49.08547402
1666931128.0759006,1507.62,1507.62,0.28968277,-0.7,49.08547402
1666931138.1093893,1507.62,1507.62,0.28968277,-0.7,49.08547402
1666931148.254396,1507.62,1507.87,0.30962579,-0.45,50.71181115
1666931158.144168,1507.62,1507.87,0.30962579,-0.45,50.71181115
1666931168.150969,1507.62,1507.87,0.30962579,-0.45,50.71181115
1666931178.1615863,1507.83,1507.83,0.26273836,-0.54,50.45861506
1666931188.142233,1507.83,1507.83,0.26273836,-0.54,50.45861506
1666931198.1250684,1507.83,1507.83,0.26273836,-0.54,50.45861506
1666931208.1564806,1507.83,1508.36,0.30501756,-0.01,53.84207455
1666931218.1104856,1507.83,1508.36,0.30501756,-0.01,53.84207455
1666931228.208322,1507.83,1508.36,0.30501756,-0.01,53.84207455
1666931238.1017606,1508.35,1508.35,0.2990175,0.53,53.78251887
1666931248.18799,1508.35,1508.35,0.2990175,0.53,53.78251887
1666931258.7798166,1508.35,1508.35,0.2990175,0.53,53.78251887
1666931268.7084718,1508.35,1508.86,0.33970126,1.04,56.84098282
1666931278.7871437,1508.35,1508.86,0.33970126,1.04,56.84098282
1666931288.7244337,1508.35,1508.86,0.33970126,1.04,56.84098282
1666931298.8527324,1508.65,1508.65,0.33455863,-1.06,55.61133547
1666931308.734862,1508.65,1508.65,0.33455863,-1.06,55.61133547
1666931318.791771,1508.65,1508.65,0.33455863,-1.06,55.61133547
1666931328.7854168,1508.65,1508.81,0.34732216,-0.9,56.62451271
1666931338.799323,1508.65,1508.81,0.34732216,-0.9,56.62451271
1666931348.8600423,1508.65,1508.81,0.34732216,-0.9,56.62451271
1666931358.7578647,1508.76,1508.76,0.35538255,-0.82,56.29385338
1666931368.864329,1508.76,1508.76,0.35538255,-0.82,56.29385338
1666931378.866149,1508.76,1508.76,0.35538255,-0.82,56.29385338
1666931388.8215892,1508.76,1508.95,0.37053924,-0.63,57.54185637
1666931398.8101184,1508.76,1508.95,0.37053924,-0.63,57.54185637
1666931408.861195,1508.76,1508.95,0.37053924,-0.63,57.54185637
1666931418.7517517,1508.54,1508.54,0.32966386,-1.15,54.46771656
1666931428.7082863,1508.54,1508.54,0.32966386,-1.15,54.46771656
1666931439.3972206,1508.54,1508.54,0.32966386,-1.15,54.46771656
1666931449.2421706,1508.54,1507.44,0.24191457,-2.25,46.39242465
1666931459.2768984,1508.54,1507.44,0.24191457,-2.25,46.39242465
1666931469.3151453,1508.54,1507.44,0.24191457,-2.25,46.39242465
1666931479.194908,1507.86,1507.86,0.22337134,0.13,49.17077208
1666931489.1236603,1507.86,1507.86,0.22337134,0.13,49.17077208
1666931499.2229805,1507.86,1507.86,0.22337134,0.13,49.17077208
1666931509.1632147,1507.86,1508.0,0.23453943,0.27,50.24316733
1666931519.228753,1507.86,1508.0,0.23453943,0.27,50.24316733
1666931529.2556713,1507.86,1508.0,0.23453943,0.27,50.24316733
1666931539.2077422,1507.91,1507.91,0.18649097,-0.32,49.55741625
1666931549.3047736,1507.91,1507.91,0.18649097,-0.32,49.55741625
1666931559.266433,1507.91,1507.91,0.18649097,-0.32,49.55741625
1666931569.2763212,1507.91,1508.11,0.20244538,-0.12,51.16802564
1666931579.3736987,1507.91,1508.11,0.20244538,-0.12,51.16802564
1666931589.2814224,1507.91,1508.11,0.20244538,-0.12,51.16802564
1666931599.2947545,1508.24,1508.24,0.19837958,0.51,52.16664351
1666931609.2973976,1508.24,1508.24,0.19837958,0.51,52.16664351
1666931619.9769292,1508.24,1508.24,0.19837958,0.51,52.16664351
1666931630.0299842,1508.24,1508.36,0.20795223,0.63,53.1141821
1666931640.0452626,1508.24,1508.36,0.20795223,0.63,53.1141821
1666931649.9945655,1508.24,1508.36,0.20795223,0.63,53.1141821
1666931660.0405395,1508.63,1508.63,0.24056481,1.01,55.11474523
1666931670.0109613,1508.63,1508.63,0.24056481,1.01,55.11474523
1666931680.631215,1508.63,1509.26,0.29082122,1.64,59.46127194
1666931690.0085287,1508.63,1509.26,0.29082122,1.64,59.46127194
1666931700.0832355,1508.63,1509.26,0.29082122,1.64,59.46127194
1666931710.0616477,1508.63,1509.26,0.29082122,1.64,59.46127194
1666931720.1140678,1508.94,1508.94,0.29032201,1.11,57.36415341
1666931730.011554,1508.94,1508.94,0.29032201,1.11,57.36415341
1666931740.021308,1508.94,1508.94,0.29032201,1.11,57.36415341
1666931750.0250776,1508.94,1508.35,0.24325649,0.52,52.02076984
1666931760.039538,1508.94,1508.35,0.24325649,0.52,52.02076984
1666931770.1422894,1508.94,1508.35,0.24325649,0.52,52.02076984
1666931780.156845,1508.3,1508.3,0.21615023,-0.05,51.61333731
1666931790.018617,1508.3,1508.3,0.21615023,-0.05,51.61333731
1666931800.6455705,1508.3,1508.1,0.20019581,-0.25,49.92882218
1666931810.7005713,1508.3,1508.1,0.20019581,-0.25,49.92882218
1666931820.662305,1508.3,1508.1,0.20019581,-0.25,49.92882218
1666931830.7138357,1508.3,1508.1,0.20019581,-0.25,49.92882218
1666931841.0038338,1507.44,1507.44,0.07461902,-1.22,45.06909762
1666931850.8080242,1507.44,1507.44,0.07461902,-1.22,45.06909762
1666931860.8078065,1507.44,1507.45,0.07541674,-1.21,45.14070595
1666931870.6511004,1507.44,1507.45,0.07541674,-1.21,45.14070595
1666931880.7330246,1507.44,1507.45,0.07541674,-1.21,45.14070595
1666931890.834267,1507.44,1507.45,0.07541674,-1.21,45.14070595
1666931900.7353053,1507.82,1507.82,0.0697247,-0.95,48.18669084
1666931910.7798607,1507.82,1507.82,0.0697247,-0.95,48.18669084
1666931920.725886,1507.82,1507.71,0.06094977,-1.06,47.34504818
1666931930.7880628,1507.82,1507.71,0.06094977,-1.06,47.34504818
1666931941.0176709,1507.82,1507.71,0.06094977,-1.06,47.34504818
1666931950.8203275,1507.82,1507.71,0.06094977,-1.06,47.34504818
1666931960.8223798,1507.9,1507.9,0.05265472,-0.65,48.84801286
1666931971.0054116,1507.9,1507.9,0.05265472,-0.65,48.84801286
1666931981.0766556,1507.9,1507.9,0.05265472,-0.65,48.84801286
1666931991.114581,1507.9,1508.29,0.08376583,-0.26,52.06038257
1666932001.1163003,1507.9,1508.29,0.08376583,-0.26,52.06038257
1666932011.1257288,1507.9,1508.29,0.08376583,-0.26,52.06038257
1666932021.1986327,1508.81,1508.81,0.16170476,0.94,55.7694605
1666932031.1184824,1508.81,1508.81,0.16170476,0.94,55.7694605
1666932041.1913216,1508.81,1508.81,0.16170476,0.94,55.7694605
1666932051.1444995,1508.81,1508.81,0.16170476,0.94,55.7694605
1666932061.2458274,1508.81,1508.81,0.16170476,0.94,55.7694605
1666932071.6739254,1508.8,1508.8,0.18825277,0.89,55.67353276
1666932081.1519349,1508.8,1508.8,0.18825277,0.89,55.67353276
1666932091.11977,1508.8,1508.8,0.18825277,0.89,55.67353276
1666932101.313673,1508.8,1508.86,0.19303909,0.95,56.14726069
1666932111.220533,1508.8,1508.86,0.19303909,0.95,56.14726069
1666932121.1832204,1508.8,1508.86,0.19303909,0.95,56.14726069
1666932131.1740043,1508.8,1508.86,0.19303909,0.95,56.14726069
1666932141.3159578,1508.86,1508.86,0.21600482,0.63,56.11897974
1666932151.2942328,1508.86,1508.86,0.21600482,0.63,56.11897974
1666932161.5164402,1508.86,1508.7,0.20324128,0.47,54.5198236
1666932171.5866482,1508.86,1508.7,0.20324128,0.47,54.5198236
1666932181.5833864,1508.86,1508.7,0.20324128,0.47,54.5198236
1666932191.587217,1509.52,1509.52,0.32421056,0.89,60.89084591
1666932201.590407,1509.52,1509.52,0.32421056,0.89,60.89084591
1666932211.6065886,1509.52,1509.52,0.32421056,0.89,60.89084591
1666932221.5812447,1509.52,1509.52,0.32421056,0.89,60.89084591
1666932232.0518382,1509.52,1509.99,0.36170343,1.36,63.88966567
1666932241.5700982,1509.52,1509.99,0.36170343,1.36,63.88966567
1666932251.6527016,1509.99,1509.99,0.43048313,1.05,63.88966567
1666932261.528416,1509.99,1509.99,0.43048313,1.05,63.88966567
1666932271.6235287,1509.99,1509.99,0.43048313,1.05,63.88966567
1666932281.6255157,1509.99,1509.54,0.39458569,0.6,59.20848673
1666932291.629629,1509.99,1509.54,0.39458569,0.6,59.20848673
1666932301.6440036,1509.99,1509.54,0.39458569,0.6,59.20848673
1666932311.6780505,1509.4,1509.4,0.39544479,1.1,57.86901279
1666932321.6801045,1509.4,1509.4,0.39544479,1.1,57.86901279
1666932331.69245,1509.4,1509.4,0.39544479,1.1,57.86901279
1666932342.4457235,1509.4,1509.48,0.40182656,1.18,58.43717157
1666932352.576344,1509.4,1509.48,0.40182656,1.18,58.43717157
1666932362.3902843,1509.4,1509.48,0.40182656,1.18,58.43717157
1666932372.3878543,1509.72,1509.72,0.44622231,2.27,60.05327991
1666932382.410597,1509.72,1509.72,0.44622231,2.27,60.05327991
1666932392.558503,1509.72,1509.72,0.44622231,2.27,60.05327991
1666932402.466273,1509.72,1510.34,0.49568099,2.89,63.95272612
1666932412.4134114,1509.72,1510.34,0.49568099,2.89,63.95272612
1666932422.5493858,1509.72,1510.34,0.49568099,2.89,63.95272612
1666932432.3952963,1509.57,1509.57,0.43909999,1.75,58.49820423
1666932442.4460628,1509.57,1509.57,0.43909999,1.75,58.49820423
1666932452.4539278,1509.57,1509.57,0.43909999,1.75,58.49820423
1666932462.5945325,1509.57,1507.71,0.29072392,-0.11,43.65832449
1666932472.5134244,1509.57,1507.71,0.29072392,-0.11,43.65832449
1666932482.4672308,1509.57,1507.71,0.29072392,-0.11,43.65832449
1666932492.4086535,1507.69,1507.69,0.17213837,-0.21,43.56282676
1666932502.4764488,1507.69,1507.69,0.17213837,-0.21,43.56282676
1666932512.4438472,1507.69,1507.69,0.17213837,-0.21,43.56282676
1666932523.339996,1507.69,1507.07,0.12267968,-0.83,39.91310359
1666932533.1641088,1507.69,1507.07,0.12267968,-0.83,39.91310359
1666932543.4429045,1507.69,1507.07,0.12267968,-0.83,39.91310359
1666932553.048463,1507.68,1507.68,0.07834503,-1.12,43.49430262
1666932563.0981195,1507.68,1507.68,0.07834503,-1.12,43.49430262
1666932573.07242,1507.68,1507.68,0.07834503,-1.12,43.49430262
1666932583.731381,1507.68,1508.7,0.15971256,-0.1,51.31044869
1666932593.130576,1507.68,1508.7,0.15971256,-0.1,51.31044869
1666932603.1000576,1507.68,1508.7,0.15971256,-0.1,51.31044869
1666932613.1150908,1509.11,1509.11,0.20549986,0.3,53.88511431
1666932623.0947924,1509.11,1509.11,0.20549986,0.3,53.88511431
1666932633.1857607,1509.11,1509.11,0.20549986,0.3,53.88511431
1666932643.159448,1509.11,1509.4,0.22863377,0.59,55.66746202
1666932653.1306002,1509.11,1509.4,0.22863377,0.59,55.66746202
1666932663.1411705,1509.11,1509.4,0.22863377,0.59,55.66746202
1666932673.161462,1509.47,1509.47,0.26553784,0.6,56.05554709
1666932683.3108916,1509.47,1509.47,0.26553784,0.6,56.05554709
1666932693.3880892,1509.47,1509.47,0.26553784,0.6,56.05554709
1666932703.749196,1509.47,1509.57,0.27351504,0.7,56.68872767
1666932713.8654974,1509.47,1509.57,0.27351504,0.7,56.68872767
1666932723.8138163,1509.47,1509.57,0.27351504,0.7,56.68872767
1666932733.843653,1509.92,1509.92,0.35003837,0.4,58.71490593
1666932744.0262628,1509.92,1509.92,0.35003837,0.4,58.71490593
1666932753.830809,1509.92,1509.92,0.35003837,0.4,58.71490593
1666932763.8656335,1509.92,1510.2,0.37237455,0.68,60.314406
1666932774.2505262,1509.92,1510.2,0.37237455,0.68,60.314406
1666932783.869989,1509.92,1510.2,0.37237455,0.68,60.314406
1666932793.9999924,1510.02,1510.02,0.39764902,0.03,59.305189
1666932803.829825,1510.02,1510.02,0.39764902,0.03,59.305189
1666932813.9059296,1510.02,1510.02,0.39764902,0.03,59.305189
1666932823.8157456,1510.02,1509.73,0.37451512,-0.26,56.80868729
1666932833.8401375,1510.02,1509.73,0.37451512,-0.26,56.80868729
1666932843.8227384,1510.02,1509.73,0.37451512,-0.26,56.80868729
1666932853.8579626,1509.84,1509.84,0.399349,0.45,57.74074178
1666932863.9263284,1509.84,1509.84,0.399349,0.45,57.74074178
1666932873.802451,1509.84,1509.84,0.399349,0.45,57.74074178
1666932884.9842863,1509.84,1509.84,0.399349,0.45,57.74074178
1666932895.0881257,1509.84,1509.84,0.399349,0.45,57.74074178
1666932904.9668102,1509.84,1509.84,0.399349,0.45,57.74074178
1666932915.000195,1509.26,1509.26,0.32600547,-0.46,52.81388167
1666932925.051552,1509.26,1509.26,0.32600547,-0.46,52.81388167
1666932935.0435705,1509.26,1509.26,0.32600547,-0.46,52.81388167
1666932945.236458,1509.26,1509.61,0.3539257,-0.11,55.30574823
1666932955.018227,1509.26,1509.61,0.3539257,-0.11,55.30574823
1666932965.3306632,1509.26,1509.61,0.3539257,-0.11,55.30574823
1666932974.9784567,1509.79,1509.79,0.37475836,0.23,56.48850011
1666932984.93107,1509.79,1509.79,0.37475836,0.23,56.48850011
1666932995.012199,1509.79,1509.79,0.37475836,0.23,56.48850011
1666933004.9894867,1509.79,1509.63,0.36199483,0.07,55.11439445
1666933014.9988153,1509.79,1509.63,0.36199483,0.07,55.11439445
1666933025.079054,1509.79,1509.63,0.36199483,0.07,55.11439445
1666933035.064252,1509.44,1509.44,0.32609181,1.76,53.53988196
1666933045.0508971,1509.44,1509.44,0.32609181,1.76,53.53988196
1666933055.111305,1509.44,1509.44,0.32609181,1.76,53.53988196
1666933065.7719266,1509.44,1509.29,0.31412599,1.61,52.28545725
1666933075.8227165,1509.44,1509.29,0.31412599,1.61,52.28545725
1666933085.8845174,1509.44,1509.29,0.31412599,1.61,52.28545725
1666933095.8640718,1508.62,1508.62,0.19144507,0.93,47.28699612
1666933106.124631,1508.62,1508.62,0.19144507,0.93,47.28699612
1666933115.8495586,1508.62,1508.62,0.19144507,0.93,47.28699612
1666933126.1511838,1508.62,1508.31,0.16671573,0.62,45.13924977
1666933135.8533127,1508.62,1508.31,0.16671573,0.62,45.13924977
1666933145.9596124,1508.62,1508.31,0.16671573,0.62,45.13924977
1666933155.875383,1508.35,1508.35,0.09561172,-0.75,45.42502286
1666933165.84337,1508.35,1508.35,0.09561172,-0.75,45.42502286
1666933175.8485334,1508.35,1508.35,0.09561172,-0.75,45.42502286
1666933185.938938,1508.35,1508.0,0.06769149,-1.1,43.02043751
1666933196.0280478,1508.35,1508.0,0.06769149,-1.1,43.02043751
1666933206.0751302,1508.35,1508.0,0.06769149,-1.1,43.02043751
1666933216.0021412,1508.23,1508.23,0.02059128,-1.25,44.55635288
1666933226.0117712,1508.23,1508.23,0.02059128,-1.25,44.55635288
1666933236.0646818,1508.23,1508.23,0.02059128,-1.25,44.55635288
1666933246.6754644,1508.23,1507.78,-0.01530615,-1.7,41.42937285
1666933256.931418,1508.23,1507.78,-0.01530615,-1.7,41.42937285
1666933266.716156,1508.23,1507.78,-0.01530615,-1.7,41.42937285
1666933276.745162,1507.24,1507.24,-0.17087809,-2.68,38.20712262
1666933287.2673476,1507.24,1507.24,-0.17087809,-2.68,38.20712262
1666933296.6506908,1507.24,1507.24,-0.17087809,-2.68,38.20712262
1666933306.6102748,1507.24,1507.36,-0.16130544,-2.56,39.30216202
1666933316.666237,1507.24,1507.36,-0.16130544,-2.56,39.30216202
1666933326.691558,1507.24,1507.36,-0.16130544,-2.56,39.30216202
1666933336.6910486,1507.33,1507.33,-0.24497025,-2.68,39.02314244
1666933346.7321467,1507.33,1507.33,-0.24497025,-2.68,39.02314244
1666933356.7443,1507.33,1507.33,-0.24497025,-2.68,39.02314244
1666933366.7233472,1507.33,1507.6,-0.22343179,-2.41,41.6240368
1666933376.6973784,1507.33,1507.6,-0.22343179,-2.41,41.6240368
1666933386.7711222,1507.33,1507.6,-0.22343179,-2.41,41.6240368
1666933396.7615712,1506.66,1506.66,-0.4005658,-3.18,35.13824339
1666933406.851761,1506.66,1506.66,-0.4005658,-3.18,35.13824339
1666933416.690522,1506.66,1506.66,-0.4005658,-3.18,35.13824339
1666933427.3968804,1506.66,1506.65,-0.40136352,-3.19,35.0821059
1666933437.4469483,1506.66,1506.65,-0.40136352,-3.19,35.0821059
1666933448.074391,1506.66,1506.65,-0.40136352,-3.19,35.0821059
1666933457.4520755,1505.95,1505.95,-0.576399,-3.32,31.55338737
1666933467.4216375,1505.95,1505.95,-0.576399,-3.32,31.55338737
1666933477.3931944,1505.95,1505.95,-0.576399,-3.32,31.55338737
1666933487.4230702,1505.95,1507.19,-0.47748162,-2.08,42.5727763
1666933497.3796103,1505.95,1507.19,-0.47748162,-2.08,42.5727763
1666933507.3940728,1505.95,1507.19,-0.47748162,-2.08,42.5727763
1666933517.5239954,1507.22,1507.22,-0.48368641,-2.56,42.79558629
1666933527.485991,1507.22,1507.22,-0.48368641,-2.56,42.79558629
1666933537.5413246,1507.22,1507.22,-0.48368641,-2.56,42.79558629
1666933547.4889214,1507.22,1508.25,-0.40152116,-1.53,49.97233479
1666933557.6190145,1507.22,1508.25,-0.40152116,-1.53,49.97233479
1666933567.49508,1507.22,1508.25,-0.40152116,-1.53,49.97233479
1666933577.4764342,1507.61,1507.61,-0.43039513,-1.82,45.74825253
1666933587.5215514,1507.61,1507.61,-0.43039513,-1.82,45.74825253
1666933597.465678,1507.61,1507.61,-0.43039513,-1.82,45.74825253
1666933608.4305956,1507.61,1507.57,-0.43358601,-1.86,45.4766235
1666933618.0775146,1507.61,1507.57,-0.43358601,-1.86,45.4766235
1666933628.3636668,1507.61,1507.57,-0.43358601,-1.86,45.4766235
1666933638.0798988,1507.59,1507.59,-0.41093087,-1.04,45.62440195
1666933648.0854585,1507.59,1507.59,-0.41093087,-1.04,45.62440195
1666933658.1051078,1507.59,1507.59,-0.41093087,-1.04,45.62440195
1666933668.1460102,1507.59,1506.03,-0.53537532,-2.6,36.81261611
1666933678.128879,1507.59,1506.03,-0.53537532,-2.6,36.81261611
1666933688.0268414,1507.59,1506.03,-0.53537532,-2.6,36.81261611
1666933698.3583608,1504.84,1504.84,-0.77786999,-3.5,32.09054478
1666933708.0690138,1504.84,1504.84,-0.77786999,-3.5,32.09054478
1666933718.100999,1504.84,1504.84,-0.77786999,-3.5,32.09054478
1666933728.0668724,1504.84,1504.51,-0.80419477,-3.83,30.90658081
1666933738.0479276,1504.84,1504.51,-0.80419477,-3.83,30.90658081
1666933748.1444714,1504.84,1504.51,-0.80419477,-3.83,30.90658081
1666933758.1152363,1503.8,1503.8,-1.03163667,-4.44,28.63366794
1666933768.4089527,1503.8,1503.8,-1.03163667,-4.44,28.63366794
1666933778.1267335,1503.8,1503.8,-1.03163667,-4.44,28.63366794
1666933788.4695528,1503.8,1502.46,-1.13853125,-5.78,24.91025553
1666933798.857058,1503.8,1502.46,-1.13853125,-5.78,24.91025553
1666933808.508854,1503.8,1502.46,-1.13853125,-5.78,24.91025553
1666933818.4912283,1503.52,1503.52,-1.19266629,-3.73,27.76412377
1666933828.4671147,1503.52,1503.52,-1.19266629,-3.73,27.76412377
1666933838.5120912,1503.52,1503.52,-1.19266629,-3.73,27.76412377
1666933848.500336,1503.52,1504.24,-1.13523039,-3.01,33.31760035
1666933858.5998695,1503.52,1504.24,-1.13523039,-3.01,33.31760035
1666933868.545258,1503.52,1504.24,-1.13523039,-3.01,33.31760035
1666933878.5678203,1503.84,1503.84,-1.24312661,-3.49,30.31564489
1666933888.7319837,1503.84,1503.84,-1.24312661,-3.49,30.31564489
1666933898.5810702,1503.84,1503.84,-1.24312661,-3.49,30.31564489
1666933908.6960132,1503.84,1504.48,-1.19207247,-2.85,35.33198764
1666933918.5134587,1503.84,1504.48,-1.19207247,-2.85,35.33198764
1666933928.5006917,1503.84,1504.48,-1.19207247,-2.85,35.33198764
1666933938.5604138,1504.85,1504.85,-1.14510217,-1.81,37.93866201
1666933948.5528448,1504.85,1504.85,-1.14510217,-1.81,37.93866201
1666933958.902032,1504.85,1504.85,-1.14510217,-1.81,37.93866201
1666933968.9608169,1504.85,1504.0,-1.21290844,-2.66,34.53280577
1666933978.894857,1504.85,1504.0,-1.21290844,-2.66,34.53280577
1666933989.04575,1504.85,1504.0,-1.21290844,-2.66,34.53280577
1666933998.9606326,1503.49,1503.49,-1.31125528,-2.46,32.76781269
1666934008.8265996,1503.49,1503.49,-1.31125528,-2.46,32.76781269
1666934018.893583,1503.49,1503.49,-1.31125528,-2.46,32.76781269
1666934028.944175,1503.49,1502.91,-1.35752308,-3.04,30.83747852
1666934038.9075105,1503.49,1502.91,-1.35752308,-3.04,30.83747852
1666934048.987052,1503.49,1502.91,-1.35752308,-3.04,30.83747852
1666934059.2255342,1503.08,1503.08,-1.39883253,-4.14,31.3767966
1666934068.9193249,1503.08,1503.08,-1.39883253,-4.14,31.3767966
1666934079.0135362,1503.08,1503.08,-1.39883253,-4.14,31.3767966
1666934089.1283927,1503.08,1503.39,-1.37410319,-3.83,33.630192
1666934098.9547417,1503.08,1503.39,-1.37410319,-3.83,33.630192
1666934109.1109388,1503.08,1503.39,-1.37410319,-3.83,33.630192
1666934118.954248,1503.54,1503.54,-1.36147954,-4.06,34.68645122
1666934129.0073397,1503.54,1503.54,-1.36147954,-4.06,34.68645122
1666934138.9605448,1503.54,1503.54,-1.36147954,-4.06,34.68645122
1666934149.8801894,1503.54,1502.25,-1.46438552,-5.35,30.23060743
1666934159.602456,1503.54,1502.25,-1.46438552,-5.35,30.23060743
1666934169.5567234,1503.54,1502.25,-1.46438552,-5.35,30.23060743
1666934179.5777056,1503.28,1503.28,-1.38281886,-4.3,33.72750074
1666934189.6277776,1503.28,1503.28,-1.38281886,-4.3,33.72750074
1666934199.5545654,1503.28,1503.28,-1.38281886,-4.3,33.72750074
1666934209.5992937,1503.28,1504.93,-1.25119493,-2.65,44.62154654
1666934219.6245315,1503.28,1504.93,-1.25119493,-2.65,44.62154654
1666934229.604177,1503.28,1504.93,-1.25119493,-2.65,44.62154654
1666934239.7548952,1505.72,1505.72,-1.02197974,0.88,48.66206754
1666934249.6478555,1505.72,1505.72,-1.02197974,0.88,48.66206754
1666934259.6074295,1505.72,1505.72,-1.02197974,0.88,48.66206754
1666934269.761506,1505.72,1506.07,-0.99405951,1.23,50.38909534
1666934279.6011984,1505.72,1506.07,-0.99405951,1.23,50.38909534
1666934289.6542022,1505.72,1506.07,-0.99405951,1.23,50.38909534
1666934299.622518,1506.31,1506.31,-0.79671943,2.51,51.50770079
1666934309.93119,1506.31,1506.31,-0.79671943,2.51,51.50770079
1666934319.6517613,1506.31,1506.31,-0.79671943,2.51,51.50770079
1666934330.1192932,1506.31,1506.66,-0.7687992,2.86,53.16614613
1666934340.4556189,1506.31,1506.66,-0.7687992,2.86,53.16614613
1666934350.0794532,1506.31,1506.66,-0.7687992,2.86,53.16614613
1666934360.0670507,1507.29,1507.29,-0.50887757,3.76,55.86730348
1666934370.2034197,1507.29,1507.29,-0.50887757,3.76,55.86730348
1666934380.099454,1507.29,1507.29,-0.50887757,3.76,55.86730348
1666934390.229215,1507.29,1506.75,-0.55195449,3.22,53.03383948
1666934400.2851691,1507.29,1506.75,-0.55195449,3.22,53.03383948
1666934410.244511,1507.29,1506.75,-0.55195449,3.22,53.03383948
1666934420.3101244,1506.97,1506.97,-0.38467176,3.13,54.15278701
1666934430.299531,1506.97,1506.97,-0.38467176,3.13,54.15278701
1666934440.288174,1506.97,1507.28,-0.35994241,3.44,55.57513692
1666934450.2957482,1506.97,1507.28,-0.35994241,3.44,55.57513692
1666934460.2705114,1506.97,1507.28,-0.35994241,3.44,55.57513692
1666934470.341189,1506.97,1507.28,-0.35994241,3.44,55.57513692
1666934480.2874193,1507.78,1507.78,-0.14785643,2.92,57.67329177
1666934490.3536265,1507.78,1507.78,-0.14785643,2.92,57.67329177
1666934500.6877904,1507.78,1507.64,-0.15902452,2.78,56.85789057
1666934510.9303129,1507.78,1507.64,-0.15902452,2.78,56.85789057
1666934520.9904923,1507.78,1507.64,-0.15902452,2.78,56.85789057
1666934530.954838,1507.58,1507.58,-0.03953856,4.09,56.51108508
1666934540.9820962,1507.58,1507.58,-0.03953856,4.09,56.51108508
1666934551.043972,1507.58,1507.58,-0.03953856,4.09,56.51108508
1666934560.9680498,1507.58,1508.23,0.01231329,4.74,59.38499343
1666934570.9994068,1507.58,1508.23,0.01231329,4.74,59.38499343
1666934580.9786935,1507.58,1508.23,0.01231329,4.74,59.38499343
1666934590.9623048,1507.58,1508.23,0.01231329,4.74,59.38499343
1666934601.0085025,1508.25,1508.25,0.15298012,5.16,59.44333995
1666934610.9768918,1508.25,1508.25,0.15298012,5.16,59.44333995
1666934621.0281446,1508.25,1508.56,0.17770947,5.47,60.78617199
1666934631.0091918,1508.25,1508.56,0.17770947,5.47,60.78617199
1666934641.0419998,1508.25,1508.56,0.17770947,5.47,60.78617199
1666934650.9839225,1509.47,1509.47,0.43264897,5.93,64.18099895
1666934661.2037802,1509.47,1509.47,0.43264897,5.93,64.18099895
1666934670.9964254,1509.47,1509.47,0.43264897,5.93,64.18099895
1666934680.9790916,1509.47,1510.11,0.4837031,6.57,66.43224837
1666934691.769771,1509.47,1510.11,0.4837031,6.57,66.43224837
1666934701.4136467,1509.47,1510.11,0.4837031,6.57,66.43224837
1666934711.4351213,1509.57,1509.57,0.58471005,6.3,64.54184363
1666934721.4225774,1509.57,1509.57,0.58471005,6.3,64.54184363
1666934731.3713293,1509.57,1509.57,0.58471005,6.3,64.54184363
1666934741.4187467,1509.57,1509.57,0.58471005,6.3,64.54184363
1666934751.4496374,1509.57,1509.87,0.60864167,6.6,65.70810498
1666934761.4562469,1509.57,1509.87,0.60864167,6.6,65.70810498
1666934771.3715525,1510.1,1510.1,0.76461413,4.38,66.53233278
1666934781.4635851,1510.1,1510.1,0.76461413,4.38,66.53233278
1666934791.4239938,1510.1,1510.1,0.76461413,4.38,66.53233278
1666934801.4120016,1510.1,1509.61,0.72552581,3.89,63.09396727
1666934811.4472125,1510.1,1509.61,0.72552581,3.89,63.09396727
1666934821.4669824,1510.1,1509.61,0.72552581,3.89,63.09396727
1666934831.4932125,1510.1,1509.61,0.72552581,3.89,63.09396727
1666934841.5056388,1510.05,1510.05,0.8572832,3.74,66.19741279
1666934851.8234882,1510.05,1510.05,0.8572832,3.74,66.19741279
1666934861.4614034,1510.05,1510.29,0.8764285,3.98,67.14665944
1666934872.0760863,1510.05,1510.29,0.8764285,3.98,67.14665944
1666934882.1236382,1510.05,1510.29,0.8764285,3.98,67.14665944
1666934892.136883,1508.43,1508.43,0.69485122,1.13,55.38960217
1666934902.1304858,1508.43,1508.43,0.69485122,1.13,55.38960217
1666934912.1212208,1508.43,1508.43,0.69485122,1.13,55.38960217
1666934922.1025877,1508.43,1508.2,0.67650364,0.9,54.04121943
1666934932.211063,1508.43,1508.2,0.67650364,0.9,54.04121943
1666934942.3255265,1508.43,1508.2,0.67650364,0.9,54.04121943
1666934952.0363915,1508.41,1508.41,0.65746809,1.44,55.26968615
1666934962.0703957,1508.41,1508.41,0.65746809,1.44,55.26968615
1666934972.1138272,1508.41,1508.41,0.65746809,1.44,55.26968615
1666934982.1397629,1508.41,1508.1,0.63273875,1.13,53.34200725
1666934992.124249,1508.41,1508.1,0.63273875,1.13,53.34200725
1666935002.186948,1508.41,1508.1,0.63273875,1.13,53.34200725
1666935012.3840196,1507.44,1507.44,0.48543109,-0.35,49.65085037
1666935022.2990055,1507.44,1507.44,0.48543109,-0.35,49.65085037
1666935032.0981596,1507.44,1507.44,0.48543109,-0.35,49.65085037
1666935042.1095424,1507.44,1506.94,0.44554505,-0.85,47.00051609
1666935052.5626285,1507.44,1506.94,0.44554505,-0.85,47.00051609
1666935062.558182,1507.44,1506.94,0.44554505,-0.85,47.00051609
1666935072.6120417,1508.8,1508.8,0.59736478,1.21,56.3588457
1666935082.5274532,1508.8,1508.8,0.59736478,1.21,56.3588457
1666935092.7746365,1508.8,1508.8,0.59736478,1.21,56.3588457
1666935102.5566635,1508.8,1509.17,0.62688045,1.58,57.99851784
1666935113.1285045,1508.8,1509.17,0.62688045,1.58,57.99851784
1666935122.6599183,1508.8,1509.17,0.62688045,1.58,57.99851784
1666935132.7937462,1509.28,1509.28,0.66110922,1.02,58.46249031
1666935142.6891055,1509.28,1509.28,0.66110922,1.02,58.46249031
1666935152.6792607,1509.28,1509.28,0.66110922,1.02,58.46249031
1666935162.6272006,1509.28,1509.5,0.67865908,1.24,59.42780903
1666935172.738838,1509.28,1509.5,0.67865908,1.24,59.42780903
1666935182.6599703,1509.28,1509.5,0.67865908,1.24,59.42780903
1666935192.709229,1509.7,1509.7,0.73288993,0.22,60.26724253
1666935202.9509296,1509.7,1509.7,0.73288993,0.22,60.26724253
1666935212.672931,1509.7,1509.7,0.73288993,0.22,60.26724253
1666935222.5906074,1509.7,1509.79,0.74006942,0.31,60.66167341
1666935232.942265,1509.7,1509.79,0.74006942,0.31,60.66167341
1666935243.013628,1509.7,1509.79,0.74006942,0.31,60.66167341
1666935253.0541525,1508.86,1508.86,0.63516617,-0.72,55.10307032
1666935263.0279362,1508.86,1508.86,0.63516617,-0.72,55.10307032
1666935273.01406,1508.86,1508.86,0.63516617,-0.72,55.10307032
1666935282.9530027,1508.86,1508.42,0.60006646,-1.16,52.57609692
1666935293.0157628,1508.86,1508.42,0.60006646,-1.16,52.57609692
1666935303.0103588,1508.86,1508.42,0.60006646,-1.16,52.57609692
1666935312.9803543,1507.96,1507.96,0.47787785,-2.13,50.15718077
1666935322.9767938,1507.96,1507.96,0.47787785,-2.13,50.15718077
1666935333.0143175,1507.96,1507.96,0.47787785,-2.13,50.15718077
1666935342.982164,1507.96,1508.16,0.49383226,-1.93,51.20908817
1666935352.9803195,1507.96,1508.16,0.49383226,-1.93,51.20908817
1666935363.357315,1507.96,1508.16,0.49383226,-1.93,51.20908817
1666935373.036994,1507.71,1507.71,0.36886838,-2.34,48.85064383
1666935383.001824,1507.71,1507.71,0.36886838,-2.34,48.85064383
1666935393.2034583,1507.71,1507.71,0.36886838,-2.34,48.85064383
1666935403.0353763,1507.71,1506.61,0.28111909,-3.44,43.45687351
1666935413.7693148,1507.71,1506.61,0.28111909,-3.44,43.45687351
1666935423.7147095,1507.71,1506.61,0.28111909,-3.44,43.45687351
1666935433.7335672,1506.33,1506.33,0.0998122,-2.11,42.28877297
1666935443.7474835,1506.33,1506.33,0.0998122,-2.11,42.28877297
1666935453.6986914,1506.33,1506.33,0.0998122,-2.11,42.28877297
1666935463.8900568,1506.33,1506.71,0.13012559,-1.73,44.50078247
1666935473.9860942,1506.33,1506.71,0.13012559,-1.73,44.50078247
1666935483.74061,1506.33,1506.71,0.13012559,-1.73,44.50078247
1666935493.7579937,1506.33,1506.71,0.13012559,-1.73,44.50078247
1666935503.7422109,1506.12,1506.12,-0.05432019,-2.29,41.35638823
1666935513.7593513,1506.12,1506.12,-0.05432019,-2.29,41.35638823
1666935524.2919774,1506.12,1507.46,0.0525744,-0.95,48.93196314
1666935533.8016942,1506.12,1507.46,0.0525744,-0.95,48.93196314
1666935543.828636,1506.12,1507.46,0.0525744,-0.95,48.93196314
1666935553.768972,1507.47,1507.47,0.02949501,0.02,48.97958835
1666935563.8111749,1507.47,1507.47,0.02949501,0.02,48.97958835
1666935573.749183,1507.47,1507.47,0.02949501,0.02,48.97958835
1666935583.751437,1507.47,1508.66,0.12442379,1.21,54.59441379
1666935594.314412,1507.47,1508.66,0.12442379,1.21,54.59441379
1666935604.2041028,1507.47,1508.66,0.12442379,1.21,54.59441379
1666935614.2099695,1508.2,1508.2,0.11302138,-0.6,52.57630504
1666935624.18919,1508.2,1508.2,0.11302138,-0.6,52.57630504
1666935634.2531185,1508.2,1508.2,0.11302138,-0.6,52.57630504
1666935644.2463157,1508.2,1508.4,0.12897579,-0.4,53.54311739
1666935654.3401334,1508.2,1508.4,0.12897579,-0.4,53.54311739
1666935664.247953,1508.2,1508.4,0.12897579,-0.4,53.54311739
1666935674.3048768,1508.81,1508.81,0.21716485,-0.47,55.41014512
1666935684.6851108,1508.81,1508.81,0.21716485,-0.47,55.41014512
1666935694.1957123,1508.81,1508.81,0.21716485,-0.47,55.41014512
1666935704.2118835,1508.81,1509.04,0.23551243,-0.24,56.46514503
1666935714.2545636,1508.81,1509.04,0.23551243,-0.24,56.46514503
1666935724.2373865,1508.81,1509.04,0.23551243,-0.24,56.46514503
1666935734.264742,1508.7,1508.7,0.24323436,-1.0,54.78527239
1666935744.2184873,1508.7,1508.7,0.24323436,-1.0,54.78527239
1666935754.2399015,1508.7,1508.7,0.24323436,-1.0,54.78527239
1666935764.2498505,1508.7,1509.0,0.26716598,-0.7,56.26020213
1666935774.9495249,1508.7,1509.0,0.26716598,-0.7,56.26020213
1666935784.9344542,1508.7,1509.0,0.26716598,-0.7,56.26020213
1666935794.909637,1508.91,1508.91,0.29683245,0.06,55.83165766
1666935804.8917868,1508.91,1508.91,0.29683245,0.06,55.83165766
1666935814.927358,1508.91,1508.91,0.29683245,0.06,55.83165766
1666935824.984461,1508.91,1509.64,0.35506607,0.79,59.34131978
1666935834.9286685,1508.91,1509.64,0.35506607,0.79,59.34131978
1666935845.3467898,1508.91,1509.64,0.35506607,0.79,59.34131978
1666935855.0484583,1508.92,1508.92,0.32435627,0.95,55.8838236
1666935865.1217363,1508.92,1508.92,0.32435627,0.95,55.8838236
1666935875.0016575,1508.92,1508.92,0.32435627,0.95,55.8838236
1666935885.1925516,1508.92,1508.29,0.27409986,0.32,51.73800013
1666935895.0081897,1508.92,1508.29,0.27409986,0.32,51.73800013
1666935905.0234177,1508.92,1508.29,0.27409986,0.32,51.73800013
1666935915.0644422,1508.68,1508.68,0.30828807,0.98,54.22329074
1666935925.0074604,1508.68,1508.68,0.30828807,0.98,54.22329074
1666935935.0643103,1508.68,1508.68,0.30828807,0.98,54.22329074
1666935945.0305865,1508.68,1508.58,0.30031086,0.88,53.51208228
1666935955.6300714,1508.68,1508.58,0.30031086,0.88,53.51208228
1666935965.6648805,1508.68,1508.58,0.30031086,0.88,53.51208228
1666935975.6441064,1509.0,1509.0,0.35056484,2.68,56.11494802
1666935985.5828662,1509.0,1509.0,0.35056484,2.68,56.11494802
1666935995.5747693,1509.0,1509.0,0.35056484,2.68,56.11494802
1666936005.6178763,1509.0,1509.26,0.37130558,2.94,57.63090566
1666936015.6123962,1509.0,1509.26,0.37130558,2.94,57.63090566
1666936025.6746433,1509.0,1509.26,0.37130558,2.94,57.63090566
1666936035.9262648,1509.11,1509.11,0.37587674,2.98,56.77386408
1666936045.6693752,1509.11,1509.11,0.37587674,2.98,56.77386408
1666936055.6227248,1509.11,1509.11,0.37587674,2.98,56.77386408
1666936065.6430955,1509.11,1509.89,0.43809896,3.76,61.19250975
1666936075.6472116,1509.11,1509.89,0.43809896,3.76,61.19250975
1666936085.7602868,1509.11,1509.89,0.43809896,3.76,61.19250975
1666936095.639546,1511.27,1511.27,0.69051754,3.79,67.13607086
1666936105.6467133,1511.27,1511.27,0.69051754,3.79,67.13607086
1666936115.7804272,1511.27,1511.27,0.69051754,3.79,67.13607086
1666936125.7014391,1511.27,1511.26,0.68971982,3.78,67.05592632
1666936135.9648454,1511.27,1511.26,0.68971982,3.78,67.05592632
1666936146.0332174,1511.27,1511.26,0.68971982,3.78,67.05592632
1666936156.0940838,1510.92,1510.92,0.74530196,2.72,64.43473664
1666936166.3139472,1510.92,1510.92,0.74530196,2.72,64.43473664
1666936176.108796,1510.92,1510.92,0.74530196,2.72,64.43473664
1666936186.0371993,1510.92,1511.06,0.75647005,2.86,65.07598567
1666936196.0879314,1510.92,1511.06,0.75647005,2.86,65.07598567
1666936206.034078,1510.92,1511.06,0.75647005,2.86,65.07598567
1666936216.2221177,1511.26,1511.26,0.84904384,2.46,65.9060321
1666936226.6522715,1511.26,1511.26,0.84904384,2.46,65.9060321
1666936236.564637,1511.26,1511.26,0.84904384,2.46,65.9060321
1666936246.2946782,1511.26,1511.65,0.88015495,2.85,67.52680634
1666936256.074052,1511.26,1511.65,0.88015495,2.85,67.52680634
1666936266.1255708,1511.26,1511.65,0.88015495,2.85,67.52680634
1666936276.0947802,1512.91,1512.91,1.13264565,4.21,71.85021249
1666936286.079755,1512.91,1512.91,1.13264565,4.21,71.85021249
1666936296.0618398,1512.91,1512.91,1.13264565,4.21,71.85021249
1666936306.148209,1512.91,1512.48,1.09834366,3.78,68.49851523
1666936316.6254036,1512.91,1512.48,1.09834366,3.78,68.49851523
1666936326.642197,1512.91,1512.48,1.09834366,3.78,68.49851523
1666936336.7315226,1512.98,1512.98,1.24932028,4.08,72.01670281
1666936346.642312,1512.98,1512.98,1.24932028,4.08,72.01670281
1666936356.8951514,1512.98,1512.98,1.24932028,4.08,72.01670281
1666936366.6692696,1512.98,1514.6,1.37855105,5.7,76.66634468
1666936376.6585078,1512.98,1514.6,1.37855105,5.7,76.66634468
1666936387.043307,1512.98,1514.6,1.37855105,5.7,76.66634468
1666936396.680314,1515.21,1515.21,1.63734905,6.29,77.9685798
1666936406.6965709,1515.21,1515.21,1.63734905,6.29,77.9685798
1666936416.6906989,1515.21,1515.21,1.63734905,6.29,77.9685798
1666936426.724054,1515.21,1516.0,1.70036899,7.08,79.67994255
1666936436.663983,1515.21,1516.0,1.70036899,7.08,79.67994255
1666936446.6777875,1515.21,1516.0,1.70036899,7.08,79.67994255
1666936456.6692605,1516.05,1516.05,1.90144657,7.36,79.77627343
1666936466.7451627,1516.05,1516.05,1.90144657,7.36,79.77627343
1666936476.7032232,1516.05,1516.05,1.90144657,7.36,79.77627343
1666936486.7335503,1516.05,1516.06,1.90224429,7.37,79.7969022
1666936497.159225,1516.05,1516.06,1.90224429,7.37,79.7969022
1666936507.1801736,1516.05,1516.06,1.90224429,7.37,79.7969022
1666936517.2816768,1516.34,1516.34,2.07580313,7.36,80.29169022
1666936527.217576,1516.34,1516.34,2.07580313,7.36,80.29169022
1666936537.2072682,1516.34,1516.34,2.07580313,7.36,80.29169022
1666936547.2112992,1516.34,1516.3,2.07261225,7.32,79.95084575
1666936557.1598716,1516.34,1516.3,2.07261225,7.32,79.95084575
1666936567.224815,1516.34,1516.3,2.07261225,7.32,79.95084575
1666936577.6242287,1515.49,1515.49,2.04922753,6.39,73.57798605
1666936587.2146893,1515.49,1515.49,2.04922753,6.39,73.57798605
1666936597.2115934,1515.49,1515.49,2.04922753,6.39,73.57798605
1666936607.450286,1515.49,1515.6,2.05800246,6.5,73.87976198
1666936617.2293055,1515.49,1515.6,2.05800246,6.5,73.87976198
1666936627.2108817,1515.49,1515.6,2.05800246,6.5,73.87976198
1666936637.2309878,1515.18,1515.18,2.01559627,3.91,71.29561662
1666936647.200735,1515.18,1515.18,2.01559627,3.91,71.29561662
1666936657.3076258,1515.18,1515.18,2.01559627,3.91,71.29561662
1666936667.240947,1515.18,1515.79,2.06425723,4.52,73.14445888
1666936677.9045172,1515.18,1515.79,2.06425723,4.52,73.14445888
1666936687.811502,1515.18,1515.79,2.06425723,4.52,73.14445888
1666936697.7598248,1516.11,1516.11,2.11587829,5.18,74.00403229
1666936707.764331,1516.11,1516.11,2.11587829,5.18,74.00403229
1666936717.857793,1516.11,1516.11,2.11587829,5.18,74.00403229
1666936727.834906,1516.11,1515.53,2.06961048,4.6,69.70212315
1666936738.1706183,1516.11,1515.53,2.06961048,4.6,69.70212315
1666936747.8438497,1516.11,1515.53,2.06961048,4.6,69.70212315
1666936757.8601823,1515.99,1515.99,2.09525531,4.73,73.06409526
1666936767.8420427,1515.99,1515.99,2.09525531,4.73,73.06409526
1666936777.857868,1515.99,1515.99,2.09525531,4.73,73.06409526
1666936787.839721,1515.99,1516.03,2.09844619,4.77,73.18662383
1666936798.1095943,1515.99,1516.03,2.09844619,4.77,73.18662383
1666936807.8532667,1515.99,1516.03,2.09844619,4.77,73.18662383
1666936817.9299445,1516.04,1516.04,2.07041321,3.13,73.21708199
1666936827.9406724,1516.04,1516.04,2.07041321,3.13,73.21708199
1666936837.8540635,1516.04,1516.04,2.07041321,3.13,73.21708199
1666936847.9229994,1516.04,1516.86,2.13582632,3.95,75.65878564
1666936858.272587,1516.04,1516.86,2.13582632,3.95,75.65878564
1666936868.2460938,1516.04,1516.86,2.13582632,3.95,75.65878564
1666936878.2745273,1517.72,1517.72,2.26171959,4.73,77.78303006
1666936888.2075016,1517.72,1517.72,2.26171959,4.73,77.78303006
1666936898.240039,1517.72,1517.72,2.26171959,4.73,77.78303006
1666936908.462677,1517.72,1518.71,2.34069394,5.72,79.95200538
1666936918.3198812,1517.72,1518.71,2.34069394,5.72,79.95200538
1666936928.742757,1517.72,1518.71,2.34069394,5.72,79.95200538
1666936938.3415165,1518.58,1518.58,2.4017856,3.36,79.69321889
1666936948.3243518,1518.58,1518.58,2.4017856,3.36,79.69321889
1666936958.2662108,1518.58,1518.58,2.4017856,3.36,79.69321889
1666936968.3411376,1518.58,1518.17,2.36907905,2.95,76.38129136
1666936978.2400026,1518.58,1518.17,2.36907905,2.95,76.38129136
1666936988.5390773,1518.58,1518.17,2.36907905,2.95,76.38129136
1666936998.299948,1517.11,1517.11,2.22384164,1.06,68.84222656
1666937008.484032,1517.11,1517.11,2.22384164,1.06,68.84222656
1666937018.3000424,1517.11,1517.11,2.22384164,1.06,68.84222656
1666937028.3434112,1517.11,1516.62,2.18475332,0.57,65.62020875
1666937038.7952635,1517.11,1516.62,2.18475332,0.57,65.62020875
1666937048.8161235,1517.11,1516.62,2.18475332,0.57,65.62020875
1666937058.7634995,1517.23,1517.23,2.16791258,0.88,69.20716759
1666937068.774037,1517.23,1517.23,2.16791258,0.88,69.20716759
1666937078.8568835,1517.23,1517.23,2.16791258,0.88,69.20716759
1666937089.1517277,1517.23,1516.97,2.14717184,0.62,67.34034347
1666937098.8403847,1517.23,1516.97,2.14717184,0.62,67.34034347
1666937108.8229394,1517.23,1516.97,2.14717184,0.62,67.34034347
1666937118.7604034,1516.67,1516.67,2.01271595,1.19,65.30263027
1666937128.7796276,1516.67,1516.67,2.01271595,1.19,65.30263027
1666937138.784992,1516.67,1516.67,2.01271595,1.19,65.30263027
1666937148.827112,1516.67,1515.96,1.95607777,0.48,60.63795011
1666937158.7972212,1516.67,1515.96,1.95607777,0.48,60.63795011
1666937168.8365352,1516.67,1515.96,1.95607777,0.48,60.63795011
1666937178.7899,1515.61,1515.61,1.75333259,0.42,58.5709679
1666937188.857272,1515.61,1515.61,1.75333259,0.42,58.5709679
1666937198.9888632,1515.61,1515.61,1.75333259,0.42,58.5709679
1666937209.1325178,1515.61,1515.9,1.77646649,0.71,59.81121825
1666937219.684367,1515.61,1515.9,1.77646649,0.71,59.81121825
1666937229.7079377,1515.61,1515.9,1.77646649,0.71,59.81121825
1666937239.773116,1515.89,1515.89,1.63533698,-0.21,59.77027324
1666937249.8820088,1515.89,1515.89,1.63533698,-0.21,59.77027324
1666937259.7182765,1515.89,1515.89,1.63533698,-0.21,59.77027324
1666937269.6612673,1515.89,1515.62,1.61379852,-0.48,58.05057922
1666937280.0804632,1515.89,1515.62,1.61379852,-0.48,58.05057922
1666937289.7565572,1515.89,1515.62,1.61379852,-0.48,58.05057922
1666937299.7591734,1515.09,1515.09,1.39304821,-0.89,54.94080496
1666937309.7604244,1515.09,1515.09,1.39304821,-0.89,54.94080496
1666937319.677005,1515.09,1515.09,1.39304821,-0.89,54.94080496
1666937329.7668216,1515.09,1515.17,1.39942997,-0.81,55.32818851
1666937339.7404578,1515.09,1515.17,1.39942997,-0.81,55.32818851
1666937349.740831,1515.09,1515.17,1.39942997,-0.81,55.32818851
1666937359.720231,1514.95,1514.95,1.21817946,-1.09,54.12832552
1666937369.744461,1514.95,1514.95,1.21817946,-1.09,54.12832552
1666937379.8228018,1514.95,1514.95,1.21817946,-1.09,54.12832552
1666937389.801566,1514.95,1514.44,1.1774957,-1.6,51.12375437
1666937400.5201323,1514.95,1514.44,1.1774957,-1.6,51.12375437
1666937410.6157267,1515.11,1515.11,1.09804368,-2.61,54.96270726
1666937420.4966457,1515.11,1515.11,1.09804368,-2.61,54.96270726
1666937430.5190356,1515.11,1515.11,1.09804368,-2.61,54.96270726
1666937440.891799,1515.11,1515.25,1.10921177,-2.47,55.71807164
1666937450.454622,1515.11,1515.25,1.10921177,-2.47,55.71807164
1666937460.694726,1515.11,1515.25,1.10921177,-2.47,55.71807164
1666937470.624658,1515.26,1515.26,1.00385223,-3.31,55.75216055
1666937480.4637702,1515.26,1515.26,1.00385223,-3.31,55.75216055
1666937490.4991467,1515.26,1515.26,1.00385223,-3.31,55.75216055
1666937500.46592,1515.26,1515.26,1.00385223,-3.31,55.75216055
1666937510.492649,1515.26,1515.26,1.00385223,-3.31,55.75216055
1666937520.5994174,1515.26,1515.26,1.00385223,-3.31,55.75216055
1666937530.5194132,1515.26,1515.26,1.00385223,-3.31,55.75216055
1666937540.5464678,1515.99,1515.99,1.0118103,-1.13,59.57047714
1666937550.465071,1515.99,1515.99,1.0118103,-1.13,59.57047714
1666937560.643926,1515.99,1515.88,1.00303537,-1.24,58.7506859
1666937570.5902674,1515.99,1515.88,1.00303537,-1.24,58.7506859
1666937580.8419404,1515.99,1515.88,1.00303537,-1.24,58.7506859
1666937590.9068952,1515.6,1515.6,0.90514275,-1.64,56.75001744
1666937601.2563972,1515.6,1515.6,0.90514275,-1.64,56.75001744
1666937610.838268,1515.6,1515.6,0.90514275,-1.64,56.75001744
1666937620.8498423,1515.6,1515.05,0.86126811,-2.19,52.97459865
1666937630.8353963,1515.6,1515.05,0.86126811,-2.19,52.97459865
1666937640.9048083,1515.6,1515.05,0.86126811,-2.19,52.97459865
1666937650.8728805,1514.95,1514.95,0.74437047,-1.73,52.3387666
1666937660.879921,1514.95,1514.95,0.74437047,-1.73,52.3387666
1666937670.9349215,1514.95,1514.95,0.74437047,-1.73,52.3387666
1666937681.0695822,1514.95,1515.95,0.82414255,-0.73,57.79422559
1666937690.927482,1514.95,1515.95,0.82414255,-0.73,57.79422559
1666937701.0460658,1514.95,1515.95,0.82414255,-0.73,57.79422559
1666937710.804516,1516.07,1516.07,0.80887708,0.45,58.36609181
1666937720.8935654,1516.07,1516.07,0.80887708,0.45,58.36609181
1666937730.8460493,1516.07,1516.07,0.80887708,0.45,58.36609181
1666937740.8632314,1516.07,1516.07,0.80887708,0.45,58.36609181
1666937750.897019,1516.07,1515.21,0.7402731,-0.41,52.84035511
1666937762.3975291,1516.07,1515.21,0.7402731,-0.41,52.84035511
1666937771.7441912,1515.06,1515.06,0.63742294,-0.83,51.98198373
1666937781.7060888,1515.06,1515.06,0.63742294,-0.83,51.98198373
1666937791.7448146,1515.06,1515.06,0.63742294,-0.83,51.98198373
1666937802.0033915,1515.06,1516.04,0.71559958,0.15,56.90728559
1666937811.7005484,1515.06,1516.04,0.71559958,0.15,56.90728559
1666937821.7753088,1515.06,1516.04,0.71559958,0.15,56.90728559
1666937831.7428036,1515.06,1516.04,0.71559958,0.15,56.90728559
1666937841.7778058,1516.68,1516.68,0.78796041,1.6,59.6126624
1666937851.7777452,1516.68,1516.68,0.78796041,1.6,59.6126624
1666937861.729355,1516.68,1516.35,0.76163562,1.27,57.60449937
1666937871.7743416,1516.68,1516.35,0.76163562,1.27,57.60449937
1666937881.760294,1516.68,1516.35,0.76163562,1.27,57.60449937
1666937891.7514832,1516.68,1516.35,0.76163562,1.27,57.60449937
1666937901.948517,1513.74,1513.74,0.37945246,-1.21,45.4962892
1666937911.7579503,1513.74,1513.74,0.37945246,-1.21,45.4962892
1666937922.1484666,1513.74,1514.83,0.46640403,-0.12,50.20037568
1666937931.7888374,1513.74,1514.83,0.46640403,-0.12,50.20037568
1666937942.121511,1513.74,1514.83,0.46640403,-0.12,50.20037568
1666937952.1693883,1514.63,1514.63,0.36464235,-0.47,49.40217707
1666937962.1891465,1514.63,1514.63,0.36464235,-0.47,49.40217707
1666937972.4081256,1514.63,1514.63,0.36464235,-0.47,49.40217707
1666937982.2143,1514.63,1514.63,0.36464235,-0.47,49.40217707
1666937992.163385,1514.63,1514.75,0.374215,-0.35,49.92281325
1666938002.1487734,1514.63,1514.75,0.374215,-0.35,49.92281325
1666938012.1722603,1514.96,1514.96,0.33991768,-0.31,50.81178817
1666938022.395461,1514.96,1514.96,0.33991768,-0.31,50.81178817
1666938032.3626587,1514.96,1514.96,0.33991768,-0.31,50.81178817
1666938042.206354,1514.96,1514.96,0.33991768,-0.31,50.81178817
1666938052.2683144,1514.96,1514.97,0.3407154,-0.3,50.85636348
1666938062.2324278,1514.96,1514.97,0.3407154,-0.3,50.85636348
1666938072.2526617,1515.59,1515.59,0.38573133,-0.4,53.47064322
1666938082.6566308,1515.59,1515.59,0.38573133,-0.4,53.47064322
1666938092.2243598,1515.59,1515.59,0.38573133,-0.4,53.47064322
1666938102.2656107,1515.59,1515.38,0.36897919,-0.61,52.45283484
1666938112.2321858,1515.59,1515.38,0.36897919,-0.61,52.45283484
1666938123.0145154,1515.59,1515.38,0.36897919,-0.61,52.45283484
1666938133.0077314,1515.69,1515.69,0.39199098,0.1,53.89664391
1666938143.114025,1515.69,1515.69,0.39199098,0.1,53.89664391
1666938152.980657,1515.69,1515.69,0.39199098,0.1,53.89664391
1666938162.9630475,1515.69,1515.19,0.35210494,-0.4,51.36442987
1666938172.9886715,1515.69,1515.19,0.35210494,-0.4,51.36442987
1666938183.029757,1515.69,1515.19,0.35210494,-0.4,51.36442987
1666938193.137622,1515.24,1515.24,0.32318096,0.29,51.60314584
1666938202.9561417,1515.24,1515.24,0.32318096,0.29,51.60314584
1666938213.0435803,1515.24,1515.24,0.32318096,0.29,51.60314584
1666938223.0770528,1515.24,1515.14,0.31520376,0.19,51.08380757
1666938233.062085,1515.24,1515.14,0.31520376,0.19,51.08380757
1666938243.2517104,1515.24,1515.14,0.31520376,0.19,51.08380757
1666938253.0537925,1514.6,1514.6,0.2032307,-1.47,48.44714635
1666938263.0349977,1514.6,1514.6,0.2032307,-1.47,48.44714635
1666938273.018558,1514.6,1514.6,0.2032307,-1.47,48.44714635
1666938283.0129771,1514.6,1514.93,0.22955548,-1.14,50.13873304
1666938292.9497905,1514.6,1514.93,0.22955548,-1.14,50.13873304
1666938303.3698916,1514.6,1514.93,0.22955548,-1.14,50.13873304
1666938313.4124298,1514.91,1514.91,0.19074951,-0.15,50.03528484
1666938323.3860514,1514.91,1514.91,0.19074951,-0.15,50.03528484
1666938333.6873517,1514.91,1514.91,0.19074951,-0.15,50.03528484
1666938343.4147778,1514.91,1514.86,0.1867609,-0.2,49.76835578
1666938353.3323326,1514.91,1514.86,0.1867609,-0.2,49.76835578
1666938363.3623464,1514.91,1514.86,0.1867609,-0.2,49.76835578
1666938373.399081,1514.79,1514.79,0.14121777,-1.89,49.40478682
1666938383.3953407,1514.79,1514.79,0.14121777,-1.89,49.40478682
1666938393.440471,1514.79,1514.79,0.14121777,-1.89,49.40478682
1666938403.433814,1514.79,1515.85,0.22577618,-0.83,54.85108657
1666938413.6505373,1514.79,1515.85,0.22577618,-0.83,54.85108657
1666938423.4257832,1514.79,1515.85,0.22577618,-0.83,54.85108657
1666938434.0147336,1514.79,1514.79,0.10892647,1.06,49.40478682
1666938443.808813,1514.79,1514.79,0.10892647,1.06,49.40478682
1666938453.4648736,1514.79,1514.79,0.10892647,1.06,49.40478682
1666938463.3823202,1514.79,1513.84,0.033143,0.11,44.25255908
1666938473.8237388,1514.79,1513.84,0.033143,0.11,44.25255908
1666938484.1913576,1514.79,1513.84,0.033143,0.11,44.25255908
1666938494.2338796,1513.88,1513.88,-0.04687008,-0.74,44.46464524
1666938504.2975998,1513.88,1513.88,-0.04687008,-0.74,44.46464524
1666938514.2244334,1513.88,1513.88,-0.04687008,-0.74,44.46464524
1666938524.1786392,1513.88,1514.01,-0.03649971,-0.61,45.30697126
1666938534.237332,1513.88,1514.01,-0.03649971,-0.61,45.30697126
1666938544.2535164,1513.88,1514.01,-0.03649971,-0.61,45.30697126
1666938554.2654111,1514.37,1514.37,-0.04163161,-0.58,47.5115887
1666938564.2278488,1514.37,1514.37,-0.04163161,-0.58,47.5115887
1666938574.257321,1514.37,1514.37,-0.04163161,-0.58,47.5115887
1666938584.2828789,1514.37,1514.67,-0.01769999,-0.28,49.34405145
1666938594.2350533,1514.37,1514.67,-0.01769999,-0.28,49.34405145
1666938604.2839425,1514.37,1514.67,-0.01769999,-0.28,49.34405145
1666938614.2932572,1514.77,1514.77,-0.01113273,-0.82,49.92676633
1666938624.458686,1514.77,1514.77,-0.01113273,-0.82,49.92676633
1666938634.2790806,1514.77,1514.77,-0.01113273,-0.82,49.92676633
1666938644.197955,1514.77,1514.2,-0.05660281,-1.39,46.63380911
1666938654.2618165,1514.77,1514.2,-0.05660281,-1.39,46.63380911
1666938664.7916927,1514.77,1514.2,-0.05660281,-1.39,46.63380911
1666938674.695645,1514.41,1514.41,-0.06300101,-1.28,47.79520811
1666938684.8389225,1514.41,1514.41,-0.06300101,-1.28,47.79520811
1666938694.8235216,1514.41,1514.41,-0.06300101,-1.28,47.79520811
1666938704.829323,1514.41,1514.49,-0.05661925,-1.2,48.32320516
1666938714.7732174,1514.41,1514.49,-0.05661925,-1.2,48.32320516
1666938724.7893,1514.41,1514.49,-0.05661925,-1.2,48.32320516
1666938734.7484217,1514.29,1514.29,-0.09738428,-0.96,47.0737584
1666938744.757808,1514.29,1514.29,-0.09738428,-0.96,47.0737584
1666938754.784758,1514.29,1514.29,-0.09738428,-0.96,47.0737584
1666938764.7922218,1514.29,1513.39,-0.16917915,-1.86,41.95828971
1666938774.781239,1514.29,1513.39,-0.16917915,-1.86,41.95828971
1666938784.8095815,1514.29,1513.39,-0.16917915,-1.86,41.95828971
1666938794.7584927,1514.24,1514.24,-0.12216522,-0.37,46.75222359
1666938804.7900102,1514.24,1514.24,-0.12216522,-0.37,46.75222359
1666938815.3300498,1514.24,1514.24,-0.12216522,-0.37,46.75222359
1666938825.106988,1514.24,1514.4,-0.10940169,-0.21,47.95285477
1666938834.8190355,1514.24,1514.4,-0.10940169,-0.21,47.95285477
1666938845.1483333,1514.24,1514.4,-0.10940169,-0.21,47.95285477
1666938855.190649,1514.67,1514.67,-0.07628654,-0.25,49.86987057
1666938865.1819627,1514.67,1514.67,-0.07628654,-0.25,49.86987057
1666938875.2287688,1514.67,1514.67,-0.07628654,-0.25,49.86987057
1666938885.4134035,1514.67,1514.4,-0.09782501,-0.52,47.96775238
1666938895.1831188,1514.67,1514.4,-0.09782501,-0.52,47.96775238
1666938905.210779,1514.67,1514.4,-0.09782501,-0.52,47.96775238
1666938915.247072,1514.14,1514.14,-0.14251015,-0.64,46.28411955
1666938925.1638165,1514.14,1514.14,-0.14251015,-0.64,46.28411955
1666938945.1873288,1514.14,1514.57,-0.10820815,-0.21,49.4639045
1666938955.152294,1514.14,1514.57,-0.10820815,-0.21,49.4639045
1666938965.151733,1514.14,1514.57,-0.10820815,-0.21,49.4639045
1666938975.331529,1515.09,1515.09,-0.0247266,0.3,52.8399203
1666938985.3958752,1515.09,1515.09,-0.0247266,0.3,52.8399203
1666938995.264943,1515.09,1515.09,-0.0247266,0.3,52.8399203
1666939005.647562,1515.09,1514.57,-0.06620808,-0.22,49.29359964
1666939015.312872,1515.09,1514.57,-0.06620808,-0.22,49.29359964
1666939025.8999865,1515.09,1514.57,-0.06620808,-0.22,49.29359964
1666939036.1450863,1514.61,1514.61,-0.06000867,0.74,49.55559308
1666939045.940987,1514.61,1514.61,-0.06000867,0.74,49.55559308
1666939055.8326368,1514.61,1514.61,-0.06000867,0.74,49.55559308
1666939065.9010797,1514.61,1514.02,-0.1070742,0.15,45.78020917
1666939075.8347251,1514.61,1514.02,-0.1070742,0.15,45.78020917
1666939085.9270782,1514.61,1514.02,-0.1070742,0.15,45.78020917
1666939096.166928,1514.08,1514.08,-0.13126483,-0.29,46.13755628
1666939106.082019,1514.08,1514.08,-0.13126483,-0.29,46.13755628
1666939115.959098,1514.08,1514.08,-0.13126483,-0.29,46.13755628
1666939125.9509192,1514.08,1513.45,-0.18152124,-0.92,42.39553229
1666939136.1127458,1514.08,1513.45,-0.18152124,-0.92,42.39553229
1666939145.9690542,1514.08,1513.45,-0.18152124,-0.92,42.39553229
1666939155.9539037,1512.8,1512.8,-0.33341567,-1.97,39.12179685
1666939166.1538289,1512.8,1512.8,-0.33341567,-1.97,39.12179685
1666939175.9623055,1512.8,1512.8,-0.33341567,-1.97,39.12179685
1666939186.1068132,1512.8,1512.4,-0.3653245,-2.37,37.21721902
1666939196.2464404,1512.8,1512.4,-0.3653245,-2.37,37.21721902
1666939206.3259106,1512.8,1512.4,-0.3653245,-2.37,37.21721902
1666939216.3664825,1512.82,1512.82,-0.40578565,-1.59,39.28313036
1666939226.344204,1512.82,1512.82,-0.40578565,-1.59,39.28313036
1666939236.3586743,1512.82,1512.82,-0.40578565,-1.59,39.28313036
1666939246.3871956,1512.82,1512.78,-0.40897653,-1.63,39.03843004
1666939256.3750436,1512.82,1512.78,-0.40897653,-1.63,39.03843004
1666939266.346728,1512.82,1512.78,-0.40897653,-1.63,39.03843004
1666939276.5778542,1513.54,1513.54,-0.35670544,-0.75,44.74946287
1666939286.3803763,1513.54,1513.54,-0.35670544,-0.75,44.74946287
1666939296.348907,1513.54,1513.54,-0.35670544,-0.75,44.74946287
1666939306.3988605,1513.54,1514.08,-0.31362851,-0.21,48.49474197
1666939316.4335992,1513.54,1514.08,-0.31362851,-0.21,48.49474197
1666939326.4453497,1513.54,1514.08,-0.31362851,-0.21,48.49474197
1666939336.438713,1513.7,1513.7,-0.33595299,-0.55,45.9208603
1666939346.4176905,1513.7,1513.7,-0.33595299,-0.55,45.9208603
1666939356.76567,1513.7,1513.7,-0.33595299,-0.55,45.9208603
1666939366.5846655,1513.7,1513.87,-0.32239174,-0.38,47.18402478
1666939376.4024954,1513.7,1513.87,-0.32239174,-0.38,47.18402478
1666939386.7988973,1513.7,1513.87,-0.32239174,-0.38,47.18402478
1666939396.7511308,1514.12,1514.12,-0.2671181,-0.56,48.95316073
1666939406.7627983,1514.12,1514.12,-0.2671181,-0.56,48.95316073
1666939416.8013155,1514.12,1514.12,-0.2671181,-0.56,48.95316073
1666939426.9065382,1514.12,1514.43,-0.24238876,-0.25,51.13874179
1666939436.7907748,1514.12,1514.43,-0.24238876,-0.25,51.13874179
1666939446.7315807,1514.12,1514.43,-0.24238876,-0.25,51.13874179
1666939456.8192089,1514.99,1514.99,-0.11340797,0.86,54.64654163
1666939466.863304,1514.99,1514.99,-0.11340797,0.86,54.64654163
1666939476.798962,1514.99,1514.99,-0.11340797,0.86,54.64654163
1666939486.83046,1514.99,1515.0,-0.11261025,0.87,54.70907014
1666939496.8810017,1514.99,1515.0,-0.11261025,0.87,54.70907014
1666939506.9077084,1514.99,1515.0,-0.11261025,0.87,54.70907014
1666939517.445948,1514.65,1514.65,-0.09412521,-0.44,52.19642645
1666939526.9151514,1514.65,1514.65,-0.09412521,-0.44,52.19642645
1666939536.845646,1514.65,1514.65,-0.09412521,-0.44,52.19642645
1666939546.8744483,1514.65,1514.01,-0.14517934,-1.08,47.84762163
1666939556.9054987,1514.65,1514.01,-0.14517934,-1.08,47.84762163
1666939567.6117296,1514.65,1514.01,-0.14517934,-1.08,47.84762163
1666939577.6265695,1515.5,1515.5,0.06407886,0.9,57.32119181
1666939587.752108,1515.5,1515.5,0.06407886,0.9,57.32119181
1666939597.6677012,1515.5,1515.5,0.06407886,0.9,57.32119181
1666939607.4902372,1515.5,1515.44,0.05929254,0.84,56.85687627
1666939617.6387424,1515.5,1515.44,0.05929254,0.84,56.85687627
1666939627.6462295,1515.5,1515.44,0.05929254,0.84,56.85687627
1666939637.844693,1515.59,1515.59,0.14627074,1.51,57.85879686
1666939647.6182108,1515.59,1515.59,0.14627074,1.51,57.85879686
1666939657.5501933,1515.59,1515.59,0.14627074,1.51,57.85879686
1666939667.6124067,1515.59,1515.15,0.11117102,1.07,54.38445178
1666939678.1128871,1515.59,1515.15,0.11117102,1.07,54.38445178
1666939687.5943923,1515.59,1515.15,0.11117102,1.07,54.38445178
1666939697.5375128,1514.96,1514.96,0.11431586,2.16,53.00989889
1666939707.5568454,1514.96,1514.96,0.11431586,2.16,53.00989889
1666939717.625511,1514.96,1514.96,0.11431586,2.16,53.00989889
1666939727.5946405,1514.96,1513.67,0.01140987,0.87,44.74155445
1666939737.6077623,1514.96,1513.67,0.01140987,0.87,44.74155445
1666939748.5378604,1514.96,1513.67,0.01140987,0.87,44.74155445
1666939758.6790965,1513.85,1513.85,-0.03017635,1.04,45.75264471
1666939768.3520634,1513.85,1513.85,-0.03017635,1.04,45.75264471
1666939778.439099,1513.85,1513.85,-0.03017635,1.04,45.75264471
1666939788.4240768,1513.85,1514.32,0.00731653,1.51,48.93894857
1666939798.4032748,1513.85,1514.32,0.00731653,1.51,48.93894857
1666939808.3519676,1513.85,1514.32,0.00731653,1.51,48.93894857
1666939818.682004,1513.79,1513.79,-0.08213682,0.25,45.39658344
1666939828.539908,1513.79,1513.79,-0.08213682,0.25,45.39658344
1666939839.0865178,1513.79,1513.79,-0.08213682,0.25,45.39658344
1666939848.4359496,1513.79,1514.08,-0.05900292,0.54,47.55385999
1666939858.4321969,1513.79,1514.08,-0.05900292,0.54,47.55385999
1666939868.414301,1513.79,1514.08,-0.05900292,0.54,47.55385999
1666939878.507666,1513.41,1513.41,-0.17186925,-0.3,43.0807969
1666939888.487582,1513.41,1513.41,-0.17186925,-0.3,43.0807969
1666939898.606753,1513.41,1513.41,-0.17186925,-0.3,43.0807969
1666939908.510388,1513.41,1512.93,-0.21015985,-0.78,40.25247363
1666939918.4830198,1513.41,1512.93,-0.21015985,-0.78,40.25247363
1666939928.8243794,1513.41,1512.93,-0.21015985,-0.78,40.25247363
1666939938.8637624,1513.05,1513.05,-0.26672951,-1.07,40.91961865
1666939948.8207011,1513.05,1513.05,-0.26672951,-1.07,40.91961865
1666939958.983621,1513.05,1513.05,-0.26672951,-1.07,40.91961865
1666939968.855647,1513.05,1510.96,-0.43345315,-3.16,31.21564318
1666939978.8513155,1513.05,1510.96,-0.43345315,-3.16,31.21564318
1666939988.7839324,1513.05,1510.96,-0.43345315,-3.16,31.21564318
1666939999.2855787,1511.92,1511.92,-0.47586626,-3.07,35.07596341
1666940008.870756,1511.92,1511.92,-0.47586626,-3.07,35.07596341
1666940018.8639784,1511.92,1511.92,-0.47586626,-3.07,35.07596341
1666940028.9340792,1511.92,1511.84,-0.48224803,-3.15,34.65480313
1666940038.874677,1511.92,1511.84,-0.48224803,-3.15,34.65480313
1666940048.8249476,1511.92,1511.84,-0.48224803,-3.15,34.65480313
1666940058.8945322,1512.34,1512.34,-0.50429111,-2.31,38.60898169
1666940068.816156,1512.34,1512.34,-0.50429111,-2.31,38.60898169
1666940078.8546395,1512.34,1512.34,-0.50429111,-2.31,38.60898169
1666940088.8177817,1512.34,1513.02,-0.4500461,-1.63,43.92022564
1666940098.8594356,1512.34,1513.02,-0.4500461,-1.63,43.92022564
1666940109.3408988,1512.34,1513.02,-0.4500461,-1.63,43.92022564
1666940119.2905328,1512.87,1512.87,-0.47151705,-2.64,42.82916652
1666940129.267475,1512.87,1512.87,-0.47151705,-2.64,42.82916652
1666940139.3508832,1512.87,1512.87,-0.47151705,-2.64,42.82916652
1666940149.3300045,1512.87,1513.6,-0.41328344,-1.91,48.11927244
1666940159.590737,1512.87,1513.6,-0.41328344,-1.91,48.11927244
1666940169.5665035,1512.87,1513.6,-0.41328344,-1.91,48.11927244
1666940179.309274,1513.67,1513.67,-0.3611166,-1.92,48.58052532
1666940189.4598482,1513.67,1513.67,-0.3611166,-1.92,48.58052532
1666940199.3730028,1513.67,1513.67,-0.3611166,-1.92,48.58052532
1666940209.2587366,1513.67,1513.21,-0.39781176,-2.38,45.72338245
1666940219.243677,1513.67,1513.21,-0.39781176,-2.38,45.72338245
1666940229.2734814,1513.67,1513.21,-0.39781176,-2.38,45.72338245
1666940239.2643893,1513.01,1513.01,-0.41317908,-1.95,44.58476707
1666940249.307034,1513.01,1513.01,-0.41317908,-1.95,44.58476707
1666940259.286947,1513.01,1513.01,-0.41317908,-1.95,44.58476707
1666940269.3440747,1513.01,1511.61,-0.52485999,-3.35,37.53796407
1666940279.3117535,1513.01,1511.61,-0.52485999,-3.35,37.53796407
1666940290.073392,1513.01,1511.61,-0.52485999,-3.35,37.53796407
1666940299.8761854,1511.4,1511.4,-0.63498821,-2.44,36.66551007
1666940309.9221327,1511.4,1511.4,-0.63498821,-2.44,36.66551007
1666940319.9155486,1511.4,1511.4,-0.63498821,-2.44,36.66551007
1666940329.9097996,1511.4,1511.62,-0.61743835,-2.22,38.25085938
1666940339.8737347,1511.4,1511.62,-0.61743835,-2.22,38.25085938
1666940350.6292,1511.4,1511.62,-0.61743835,-2.22,38.25085938
1666940360.0843372,1511.62,1511.62,-0.67043503,-2.16,38.25085938
1666940369.9412796,1511.62,1511.62,-0.67043503,-2.16,38.25085938
1666940379.9497137,1511.62,1511.62,-0.67043503,-2.16,38.25085938
1666940389.9403198,1511.62,1511.47,-0.68240084,-2.31,37.54728583
1666940399.9671106,1511.62,1511.47,-0.68240084,-2.31,37.54728583
1666940409.986087,1511.62,1511.47,-0.68240084,-2.31,37.54728583
1666940419.956091,1511.25,1511.25,-0.75600457,-2.15,36.55760905
1666940430.1455078,1511.25,1511.25,-0.75600457,-2.15,36.55760905
1666940439.9548862,1511.25,1511.25,-0.75600457,-2.15,36.55760905
1666940450.02837,1511.25,1511.64,-0.72489346,-1.76,39.56144309
1666940459.9525266,1511.25,1511.64,-0.72489346,-1.76,39.56144309
1666940470.636001,1511.25,1511.64,-0.72489346,-1.76,39.56144309
1666940480.669605,1510.59,1510.59,-0.88461432,-2.46,33.69491373
1666940490.6296926,1510.59,1510.59,-0.88461432,-2.46,33.69491373
1666940500.666654,1510.59,1510.26,-0.9109391,-2.79,32.33317283
1666940510.6568768,1510.59,1510.26,-0.9109391,-2.79,32.33317283
1666940520.656631,1510.59,1510.26,-0.9109391,-2.79,32.33317283
1666940530.663808,1510.27,1510.27,-0.97990719,-1.64,32.37281859
1666940541.0490994,1510.27,1510.27,-0.97990719,-1.64,32.37281859
1666940550.742684,1510.27,1510.27,-0.97990719,-1.64,32.37281859
1666940560.6559231,1510.27,1510.27,-0.97990719,-1.64,32.37281859
1666940570.6204882,1510.27,1510.16,-0.98868212,-1.75,31.90932538
1666940580.645,1510.27,1510.16,-0.98868212,-1.75,31.90932538
1666940590.708825,1510.01,1510.01,-1.05953832,-2.32,31.29519504
1666940600.9448388,1510.01,1510.01,-1.05953832,-2.32,31.29519504
1666940610.6907067,1510.01,1510.01,-1.05953832,-2.32,31.29519504
1666940620.7042358,1510.01,1511.55,-0.93668932,-0.78,43.28392973
1666940630.7316947,1510.01,1511.55,-0.93668932,-0.78,43.28392973
1666940640.7301166,1510.01,1511.55,-0.93668932,-0.78,43.28392973
1666940651.34616,1511.79,1511.79,-0.84260277,-1.08,44.79063318
1666940661.2981155,1511.79,1511.79,-0.84260277,-1.08,44.79063318
1666940671.541894,1511.79,1511.79,-0.84260277,-1.08,44.79063318
1666940681.3194008,1511.79,1512.08,-0.81946887,-0.79,46.63541999
1666940691.48773,1511.79,1512.08,-0.81946887,-0.79,46.63541999
1666940701.5988815,1511.79,1512.08,-0.81946887,-0.79,46.63541999
1666940711.3259113,1511.92,1511.92,-0.75590868,-1.74,45.6331386
1666940721.3230803,1511.92,1511.92,-0.75590868,-1.74,45.6331386
1666940731.6667988,1511.92,1511.92,-0.75590868,-1.74,45.6331386
1666940741.2836757,1511.92,1511.84,-0.76229045,-1.82,45.17625926
1666940751.3244927,1511.92,1511.84,-0.76229045,-1.82,45.17625926
1666940761.4946232,1511.92,1511.84,-0.76229045,-1.82,45.17625926
1666940771.3442972,1512.2,1512.2,-0.64729915,-0.81,47.49340307
1666940781.3096237,1512.2,1512.2,-0.64729915,-0.81,47.49340307
1666940791.3192923,1512.2,1512.2,-0.64729915,-0.81,47.49340307
1666940801.3571243,1512.2,1511.81,-0.67841026,-1.2,45.18233527
1666940811.3964148,1512.2,1511.81,-0.67841026,-1.2,45.18233527
1666940821.2973864,1512.2,1511.81,-0.67841026,-1.2,45.18233527
1666940832.4192398,1511.47,1511.47,-0.67614906,0.06,43.34360211
1666940842.1761212,1511.47,1511.47,-0.67614906,0.06,43.34360211
1666940852.154739,1511.47,1511.47,-0.67614906,0.06,43.34360211
1666940862.202576,1511.47,1511.34,-0.68651943,-0.07,42.62925887
1666940872.1669688,1511.47,1511.34,-0.68651943,-0.07,42.62925887
1666940882.2033355,1511.47,1511.34,-0.68651943,-0.07,42.62925887
1666940892.4781234,1511.24,1511.24,-0.6785515,-0.38,42.12088733
1666940902.1995947,1511.24,1511.24,-0.6785515,-0.38,42.12088733
1666940912.2127714,1511.24,1511.24,-0.6785515,-0.38,42.12088733
1666940922.2072537,1511.24,1511.34,-0.6705743,-0.28,42.8888589
1666940932.2251885,1511.24,1511.34,-0.6705743,-0.28,42.8888589
1666940942.2193985,1511.24,1511.34,-0.6705743,-0.28,42.8888589
1666940952.1061077,1511.77,1511.77,-0.58216308,0.51,45.97710411
1666940962.286963,1511.77,1511.77,-0.58216308,0.51,45.97710411
1666940972.232576,1511.77,1511.77,-0.58216308,0.51,45.97710411
1666940982.227672,1511.77,1511.72,-0.58615168,0.46,45.66922982
1666940992.3499331,1511.77,1511.72,-0.58615168,0.46,45.66922982
1666941002.2106786,1511.77,1511.72,-0.58615168,0.46,45.66922982
1666941012.6252232,1512.31,1512.31,-0.45680883,1.71,49.63861994
1666941022.5799968,1512.31,1512.31,-0.45680883,1.71,49.63861994
1666941032.622677,1512.31,1512.31,-0.45680883,1.71,49.63861994
1666941042.602476,1512.31,1512.66,-0.4288886,2.06,51.92113457
1666941052.585573,1512.31,1512.66,-0.4288886,2.06,51.92113457
1666941062.6204023,1512.31,1512.66,-0.4288886,2.06,51.92113457
1666941072.5981116,1512.67,1512.67,-0.33749113,2.4,51.98811678
1666941082.9273129,1512.67,1512.67,-0.33749113,2.4,51.98811678
1666941092.5966527,1512.67,1512.67,-0.33749113,2.4,51.98811678
1666941102.6453507,1512.67,1512.67,-0.33749113,2.4,51.98811678
1666941112.6655707,1512.67,1512.67,-0.33749113,2.4,51.98811678
1666941122.6934102,1512.67,1512.67,-0.33749113,2.4,51.98811678
1666941132.6172805,1511.81,1511.81,-0.38360912,1.79,46.4168
1666941142.707874,1511.81,1511.81,-0.38360912,1.79,46.4168
1666941152.673788,1511.81,1511.81,-0.38360912,1.79,46.4168
1666941162.7511592,1511.81,1511.86,-0.37962052,1.84,46.77425237
1666941172.6884928,1511.81,1511.86,-0.37962052,1.84,46.77425237
1666941182.656214,1511.81,1511.86,-0.37962052,1.84,46.77425237
1666941193.1949675,1512.1,1512.1,-0.32062515,0.31,48.42569746
1666941203.1953127,1512.1,1512.1,-0.32062515,0.31,48.42569746
1666941213.2043717,1512.1,1512.1,-0.32062515,0.31,48.42569746
1666941223.1194017,1512.1,1511.64,-0.3573203,-0.15,45.51102185
1666941233.2293,1512.1,1511.64,-0.3573203,-0.15,45.51102185
1666941243.641722,1512.1,1511.64,-0.3573203,-0.15,45.51102185
1666941253.133196,1510.86,1510.86,-0.46042332,-1.06,41.29258747
1666941263.1610022,1510.86,1510.86,-0.46042332,-1.06,41.29258747
1666941273.161736,1510.86,1510.86,-0.46042332,-1.06,41.29258747
1666941283.1751072,1510.86,1510.86,-0.46042332,-1.06,41.29258747
1666941293.4365263,1510.86,1510.6,-0.48116406,-1.32,39.96415144
1666941303.214586,1510.86,1510.6,-0.48116406,-1.32,39.96415144
1666941313.118973,1510.98,1510.98,-0.47025103,-1.23,42.17557383
1666941323.224417,1510.98,1510.98,-0.47025103,-1.23,42.17557383
1666941333.191775,1510.98,1510.98,-0.47025103,-1.23,42.17557383
1666941343.1747124,1510.98,1510.98,-0.47025103,-1.23,42.17557383
1666941353.4434893,1510.98,1510.62,-0.49896898,-1.59,40.21269834
1666941363.2192426,1510.98,1510.62,-0.49896898,-1.59,40.21269834
1666941374.1595068,1511.12,1511.12,-0.46154191,-0.35,43.24060309
1666941384.362648,1511.12,1511.12,-0.46154191,-0.35,43.24060309
1666941394.133018,1511.12,1511.12,-0.46154191,-0.35,43.24060309
1666941404.1235392,1511.12,1511.17,-0.4575533,-0.3,43.64541841
1666941414.1960585,1511.12,1511.17,-0.4575533,-0.3,43.64541841
1666941424.2086463,1511.12,1511.17,-0.4575533,-0.3,43.64541841
1666941434.36156,1511.38,1511.38,-0.42082947,0.15,45.28442035
1666941444.2252295,1511.38,1511.38,-0.42082947,0.15,45.28442035
1666941454.1314328,1511.38,1511.38,-0.42082947,0.15,45.28442035
1666941464.2351573,1511.38,1510.87,-0.46151323,-0.36,42.08334392
1666941474.1742818,1511.38,1510.87,-0.46151323,-0.36,42.08334392
1666941484.184054,1511.38,1510.87,-0.46151323,-0.36,42.08334392
1666941494.1618783,1511.27,1511.27,-0.41655213,-0.51,44.57564227
1666941504.187525,1511.27,1511.27,-0.41655213,-0.51,44.57564227
1666941514.2224731,1511.27,1511.27,-0.41655213,-0.51,44.57564227
1666941524.2145762,1511.27,1511.7,-0.38225014,-0.08,48.09216018
1666941534.2543292,1511.27,1511.7,-0.38225014,-0.08,48.09216018
1666941544.1768122,1511.27,1511.7,-0.38225014,-0.08,48.09216018
1666941555.6815054,1507.79,1507.79,-0.89289543,-4.53,28.74745041
1666941565.153906,1507.79,1507.79,-0.89289543,-4.53,28.74745041
1666941575.1743631,1507.79,1507.79,-0.89289543,-4.53,28.74745041
1666941585.173529,1507.79,1507.68,-0.90167036,-4.64,28.40435639
1666941595.6394148,1507.79,1507.68,-0.90167036,-4.64,28.40435639
1666941605.3780105,1507.79,1507.68,-0.90167036,-4.64,28.40435639
1666941615.3791733,1507.19,1507.19,-1.12324268,-5.47,26.97049826
1666941625.164245,1507.19,1507.19,-1.12324268,-5.47,26.97049826
1666941635.1497805,1507.19,1507.19,-1.12324268,-5.47,26.97049826
1666941645.1627693,1507.19,1505.11,-1.28916861,-7.55,21.91357463
1666941655.1341894,1507.19,1505.11,-1.28916861,-7.55,21.91357463
1666941665.1226432,1507.19,1505.11,-1.28916861,-7.55,21.91357463
1666941675.1681004,1504.84,1504.84,-1.58499994,-6.97,21.39145065
1666941685.1819825,1504.84,1504.84,-1.58499994,-6.97,21.39145065
1666941695.1688092,1504.84,1504.84,-1.58499994,-6.97,21.39145065
1666941705.170234,1504.84,1503.79,-1.66876062,-8.02,19.45556813
1666941715.1617332,1504.84,1503.79,-1.66876062,-8.02,19.45556813
1666941725.5603538,1504.84,1503.79,-1.66876062,-8.02,19.45556813
1666941735.9160378,1504.57,1504.57,-1.82063195,-7.53,20.85777484
1666941746.143391,1504.57,1504.57,-1.82063195,-7.53,20.85777484
1666941756.4495704,1504.57,1504.57,-1.82063195,-7.53,20.85777484
1666941766.231962,1504.57,1503.17,-1.93231286,-8.93,18.30735415
1666941775.9856296,1504.57,1503.17,-1.93231286,-8.93,18.30735415
1666941786.0814784,1504.57,1503.17,-1.93231286,-8.93,18.30735415
1666941795.956858,1503.87,1503.87,-2.06657486,-7.0,19.4995232
1666941805.9668505,1503.87,1503.87,-2.06657486,-7.0,19.4995232
1666941815.9141178,1503.87,1503.87,-2.06657486,-7.0,19.4995232
1666941826.1692605,1503.87,1505.2,-1.96047799,-5.67,28.96462374
1666941835.9819796,1503.87,1505.2,-1.96047799,-5.67,28.96462374
1666941846.0082867,1503.87,1505.2,-1.96047799,-5.67,28.96462374
1666941856.219174,1504.37,1504.37,-2.12128357,-6.62,23.33960068
1666941865.9142098,1504.37,1504.37,-2.12128357,-6.62,23.33960068
1666941875.9838824,1504.37,1504.37,-2.12128357,-6.62,23.33960068
1666941885.9539466,1504.37,1504.73,-2.09256562,-6.26,26.07396348
1666941895.9408944,1504.37,1504.73,-2.09256562,-6.26,26.07396348
1666941905.9805026,1504.37,1504.73,-2.09256562,-6.26,26.07396348
1666941916.9736342,1505.54,1505.54,-2.00644389,-5.57,31.5708991
1666941926.3636155,1505.54,1505.54,-2.00644389,-5.57,31.5708991
1666941936.34102,1505.54,1505.54,-2.00644389,-5.57,31.5708991
1666941946.5487452,1505.54,1503.75,-2.14923591,-7.36,26.7889634
1666941956.381019,1505.54,1503.75,-2.14923591,-7.36,26.7889634
1666941966.389517,1505.54,1503.75,-2.14923591,-7.36,26.7889634
1666941976.4244993,1503.73,1503.73,-2.22196984,-7.65,26.74399611
1666941986.390509,1503.73,1503.73,-2.22196984,-7.65,26.74399611
1666941996.3757954,1503.73,1503.73,-2.22196984,-7.65,26.74399611
1666942006.3963506,1503.73,1503.92,-2.20681314,-7.46,27.98079025
1666942016.3389237,1503.73,1503.92,-2.20681314,-7.46,27.98079025
1666942026.3803658,1503.73,1503.92,-2.20681314,-7.46,27.98079025
1666942036.4541154,1504.63,1504.63,-2.12454138,-6.63,32.28236128
1666942046.3676786,1504.63,1504.63,-2.12454138,-6.63,32.28236128
1666942056.446766,1504.63,1504.63,-2.12454138,-6.63,32.28236128
1666942066.3513858,1504.63,1504.62,-2.1253391,-6.64,32.25337869
1666942076.85806,1504.63,1504.62,-2.1253391,-6.64,32.25337869
1666942086.439846,1504.63,1504.62,-2.1253391,-6.64,32.25337869
1666942097.2183778,1503.88,1503.88,-2.18689365,-3.91,30.24408184
1666942107.2162433,1503.88,1503.88,-2.18689365,-3.91,30.24408184
1666942117.2654583,1503.88,1503.88,-2.18689365,-3.91,30.24408184
1666942127.250688,1503.88,1503.09,-2.2499136,-4.7,28.22270373
1666942137.310071,1503.88,1503.09,-2.2499136,-4.7,28.22270373
1666942147.250692,1503.88,1503.09,-2.2499136,-4.7,28.22270373
1666942157.285859,1501.48,1501.48,-2.50260273,-5.71,24.83793587
1666942167.210132,1501.48,1501.48,-2.50260273,-5.71,24.83793587
1666942177.278669,1501.48,1501.48,-2.50260273,-5.71,24.83793587
1666942187.3483737,1501.48,1498.41,-2.74750302,-8.78,19.93155564
1666942197.33919,1501.48,1498.41,-2.74750302,-8.78,19.93155564
1666942207.3535447,1501.48,1498.41,-2.74750302,-8.78,19.93155564
1666942217.3978674,1500.13,1500.13,-2.76228313,-4.72,22.41066858
1666942227.5806503,1500.13,1500.13,-2.76228313,-4.72,22.41066858
1666942237.6728528,1500.13,1500.13,-2.76228313,-4.72,22.41066858
1666942247.3501422,1500.13,1501.49,-2.6537931,-3.36,29.81596185
1666942257.348987,1500.13,1501.49,-2.6537931,-3.36,29.81596185
1666942267.3237972,1500.13,1501.49,-2.6537931,-3.36,29.81596185
1666942277.8338444,1498.58,1498.58,-3.06900406,-5.99,19.99481708
1666942287.62626,1498.58,1498.58,-3.06900406,-5.99,19.99481708
1666942297.6831217,1498.58,1498.58,-3.06900406,-5.99,19.99481708
1666942307.6876593,1498.58,1497.34,-3.16792144,-7.23,18.29641462
1666942317.8441937,1498.58,1497.34,-3.16792144,-7.23,18.29641462
1666942327.6882885,1498.58,1497.34,-3.16792144,-7.23,18.29641462
1666942337.699105,1498.21,1498.21,-3.22977707,-5.66,19.45482917
1666942347.7920158,1498.21,1498.21,-3.22977707,-5.66,19.45482917
1666942357.715539,1498.21,1498.21,-3.22977707,-5.66,19.45482917
1666942367.7324257,1498.21,1495.69,-3.43080271,-8.18,16.24385232
1666942377.7186434,1498.21,1495.69,-3.43080271,-8.18,16.24385232
1666942387.7537882,1498.21,1495.69,-3.43080271,-8.18,16.24385232
1666942397.9156458,1495.36,1495.36,-3.69931553,-9.01,15.900195
1666942407.7002723,1495.36,1495.36,-3.69931553,-9.01,15.900195
1666942417.726669,1495.36,1495.36,-3.69931553,-9.01,15.900195
1666942428.0174215,1495.36,1497.17,-3.55492806,-7.2,25.24224407
1666942437.774681,1495.36,1497.17,-3.55492806,-7.2,25.24224407
1666942447.8503144,1495.36,1497.17,-3.55492806,-7.2,25.24224407
1666942458.153222,1499.83,1499.83,-3.21501622,-5.7,35.73365334
1666942468.1905048,1499.83,1499.83,-3.21501622,-5.7,35.73365334
1666942478.2163358,1499.83,1499.83,-3.21501622,-5.7,35.73365334
1666942488.2126403,1499.83,1501.64,-3.07062875,-3.89,41.72646412
1666942498.20708,1499.83,1501.64,-3.07062875,-3.89,41.72646412
1666942508.1909633,1499.83,1501.64,-3.07062875,-3.89,41.72646412
1666942518.1591225,1502.35,1502.35,-2.72146443,-1.38,43.7873101
1666942528.2919233,1502.35,1502.35,-2.72146443,-1.38,43.7873101
1666942538.3249228,1502.35,1502.35,-2.72146443,-1.38,43.7873101
1666942548.351585,1502.35,1502.89,-2.67838751,-0.84,45.35998603
1666942558.2282076,1502.35,1502.89,-2.67838751,-0.84,45.35998603
1666942568.3148165,1502.35,1502.89,-2.67838751,-0.84,45.35998603
1666942578.1342783,1503.49,1503.49,-2.3007352,-1.15,47.01387335
1666942588.5076332,1503.49,1503.49,-2.3007352,-1.15,47.01387335
1666942598.1213467,1503.49,1503.49,-2.3007352,-1.15,47.01387335
1666942608.252403,1503.49,1501.71,-2.4427295,-2.93,42.86829819
1666942618.4670742,1503.49,1501.71,-2.4427295,-2.93,42.86829819
1666942628.2054174,1503.49,1501.71,-2.4427295,-2.93,42.86829819
1666942639.0613427,1502.76,1502.76,-2.11932887,-1.12,45.22043623
1666942648.9540603,1502.76,1502.76,-2.11932887,-1.12,45.22043623
1666942658.9737732,1502.76,1502.76,-2.11932887,-1.12,45.22043623
1666942668.9523308,1502.76,1502.54,-2.13687873,-1.34,44.66742299
1666942679.0316715,1502.76,1502.54,-2.13687873,-1.34,44.66742299
1666942688.9536371,1502.76,1502.54,-2.13687873,-1.34,44.66742299
1666942699.058952,1502.36,1502.36,-1.96396987,0.87,44.22491854
1666942709.0532308,1502.36,1502.36,-1.96396987,0.87,44.22491854
1666942718.9845326,1502.36,1502.36,-1.96396987,0.87,44.22491854
1666942729.0149453,1502.36,1500.82,-2.08681888,-0.67,40.5258547
1666942739.1731358,1502.36,1500.82,-2.08681888,-0.67,40.5258547
1666942749.0173347,1502.36,1500.82,-2.08681888,-0.67,40.5258547
1666942759.0036457,1500.05,1500.05,-2.12141599,-0.09,38.89905588
1666942769.0406506,1500.05,1500.05,-2.12141599,-0.09,38.89905588
1666942779.282158,1500.05,1500.05,-2.12141599,-0.09,38.89905588
1666942789.0586426,1500.05,1500.93,-2.05121656,0.79,41.7756775
1666942799.0514722,1500.05,1500.93,-2.05121656,0.79,41.7756775
1666942809.0076015,1500.05,1500.93,-2.05121656,0.79,41.7756775
1666942819.6314502,1499.32,1499.32,-2.17941632,0.73,37.36756883
1666942829.4404569,1499.32,1499.32,-2.17941632,0.73,37.36756883
1666942839.4642563,1499.32,1499.32,-2.17941632,0.73,37.36756883
1666942849.5046272,1499.32,1500.15,-2.11320549,1.56,40.24805776
1666942859.4700365,1499.32,1500.15,-2.11320549,1.56,40.24805776
1666942869.452252,1499.32,1500.15,-2.11320549,1.56,40.24805776
1666942879.440439,1499.11,1499.11,-2.18408301,0.89,36.91728624
1666942889.4997036,1499.11,1499.11,-2.18408301,0.89,36.91728624
1666942899.4373791,1499.11,1499.11,-2.18408301,0.89,36.91728624
1666942909.4325123,1499.11,1499.54,-2.14978102,1.32,38.55013181
1666942919.4304247,1499.11,1499.54,-2.14978102,1.32,38.55013181
1666942929.4330492,1499.11,1499.54,-2.14978102,1.32,38.55013181
1666942939.7939065,1499.03,1499.03,-2.16103352,3.67,36.73567875
1666942949.4673288,1499.03,1499.03,-2.16103352,3.67,36.73567875
1666942959.470557,1499.03,1499.03,-2.16103352,3.67,36.73567875
1666942969.505789,1499.03,1498.76,-2.18257198,3.4,36.09039011
1666942979.478836,1499.03,1498.76,-2.18257198,3.4,36.09039011
1666942989.5127304,1499.03,1498.76,-2.18257198,3.4,36.09039011
1666943000.0060618,1499.62,1499.62,-2.02994381,-0.21,39.11451456
1666943009.998412,1499.62,1499.62,-2.02994381,-0.21,39.11451456
1666943020.0304377,1499.62,1499.62,-2.02994381,-0.21,39.11451456
1666943030.0296748,1499.62,1498.22,-2.14162473,-1.61,35.68558083
1666943040.059254,1499.62,1498.22,-2.14162473,-1.61,35.68558083
1666943049.972379,1499.62,1498.22,-2.14162473,-1.61,35.68558083
1666943060.0683055,1498.29,1498.29,-2.12837585,-4.07,35.84095249
1666943070.1088502,1498.29,1498.29,-2.12837585,-4.07,35.84095249
1666943080.0919054,1498.29,1498.29,-2.12837585,-4.07,35.84095249
1666943090.0666788,1498.29,1498.98,-2.07333311,-3.38,38.6907335
1666943100.044472,1498.29,1498.98,-2.07333311,-3.38,38.6907335
1666943110.023087,1498.29,1498.98,-2.07333311,-3.38,38.6907335
1666943120.4433205,1498.98,1498.98,-2.00120052,-4.51,38.6907335
1666943130.0405138,1498.98,1498.98,-2.00120052,-4.51,38.6907335
1666943140.0525663,1498.98,1498.98,-2.00120052,-4.51,38.6907335
1666943150.0575092,1498.98,1498.11,-2.07060223,-5.38,36.47657138
1666943160.063225,1498.98,1498.11,-2.07060223,-5.38,36.47657138
1666943170.0914617,1498.98,1498.11,-2.07060223,-5.38,36.47657138
1666943180.7877734,1497.08,1497.08,-2.1904694,-5.68,34.16203426
1666943190.836572,1497.08,1497.08,-2.1904694,-5.68,34.16203426
1666943200.830436,1497.08,1497.62,-2.14739248,-5.14,36.4391295
1666943210.8396711,1497.08,1497.62,-2.14739248,-5.14,36.4391295
1666943220.88315,1497.08,1497.62,-2.14739248,-5.14,36.4391295
1666943230.8218534,1497.4,1497.4,-2.14980934,-4.96,35.53070968
1666943240.8559866,1497.4,1497.4,-2.14980934,-4.96,35.53070968
1666943250.8224962,1497.4,1497.4,-2.14980934,-4.96,35.53070968
1666943260.922034,1497.4,1496.97,-2.18411134,-5.39,34.493041
1666943270.7987888,1497.4,1496.97,-2.18411134,-5.39,34.493041
1666943280.820442,1497.4,1496.97,-2.18411134,-5.39,34.493041
1666943290.8461137,1496.76,1496.76,-2.20392575,-3.29,34.00799085
1666943301.099443,1496.76,1496.76,-2.20392575,-3.29,34.00799085
1666943310.928799,1496.76,1496.76,-2.20392575,-3.29,34.00799085
1666943320.8690667,1496.76,1496.72,-2.20711663,-3.33,33.9101747
1666943331.0880792,1496.76,1496.72,-2.20711663,-3.33,33.9101747
1666943340.903231,1496.76,1496.72,-2.20711663,-3.33,33.9101747
1666943350.8828082,1496.76,1496.72,-2.20711663,-3.33,33.9101747
1666943361.2974353,1496.23,1496.23,-2.25551522,-3.09,32.75428846
1666943371.26455,1496.23,1496.23,-2.25551522,-3.09,32.75428846
1666943381.251691,1496.23,1495.97,-2.27625596,-3.35,32.12944816
1666943391.2896917,1496.23,1495.97,-2.27625596,-3.35,32.12944816
1666943401.2768831,1496.23,1495.97,-2.27625596,-3.35,32.12944816
1666943411.6800013,1492.77,1492.77,-2.72746083,-6.34,26.05203579
1666943421.3089592,1492.77,1492.77,-2.72746083,-6.34,26.05203579
1666943431.369438,1492.77,1492.77,-2.72746083,-6.34,26.05203579
1666943441.6876726,1492.77,1493.0,-2.70911325,-6.11,27.12330924
1666943451.302248,1492.77,1493.0,-2.70911325,-6.11,27.12330924
1666943461.376702,1492.77,1493.0,-2.70911325,-6.11,27.12330924
1666943471.3925216,1492.77,1493.0,-2.70911325,-6.11,27.12330924
1666943481.273535,1492.71,1492.71,-2.85836102,-6.32,25.95614116
1666943491.2788022,1492.71,1492.71,-2.85836102,-6.32,25.95614116
1666943501.327224,1492.71,1493.01,-2.83442939,-6.02,27.44843079
1666943511.320042,1492.71,1493.01,-2.83442939,-6.02,27.44843079
1666943521.6341658,1492.71,1493.01,-2.83442939,-6.02,27.44843079
1666943531.370264,1493.33,1493.33,-2.83694043,-6.29,28.97889421
1666943541.7836633,1493.33,1493.33,-2.83694043,-6.29,28.97889421
1666943551.7421017,1493.33,1493.33,-2.83694043,-6.29,28.97889421
1666943561.799899,1493.33,1495.27,-2.68218259,-4.35,37.55808052
1666943571.8054993,1493.33,1495.27,-2.68218259,-4.35,37.55808052
1666943581.8004234,1493.33,1495.27,-2.68218259,-4.35,37.55808052
1666943591.8141584,1493.33,1495.27,-2.68218259,-4.35,37.55808052
1666943601.808834,1494.92,1494.92,-2.60180235,-3.38,36.17006657
1666943611.7865083,1494.92,1494.92,-2.60180235,-3.38,36.17006657
1666943621.749576,1494.92,1493.78,-2.69274252,-4.52,33.52751567
1666943631.764737,1494.92,1493.78,-2.69274252,-4.52,33.52751567
1666943641.75774,1494.92,1493.78,-2.69274252,-4.52,33.52751567
1666943651.756015,1491.45,1491.45,-2.97658832,-7.53,29.19557957
1666943661.7320886,1491.45,1491.45,-2.97658832,-7.53,29.19557957
1666943671.7742395,1491.45,1491.45,-2.97658832,-7.53,29.19557957
1666943681.7822416,1491.45,1490.86,-3.02365384,-8.12,28.20223127
1666943691.7798526,1491.45,1490.86,-3.02365384,-8.12,28.20223127
1666943701.7406137,1491.45,1490.86,-3.02365384,-8.12,28.20223127
1666943711.768324,1489.81,1489.81,-3.25188905,-7.27,26.59205423
1666943722.2325623,1489.81,1489.81,-3.25188905,-7.27,26.59205423
1666943732.1703703,1489.81,1489.81,-3.25188905,-7.27,26.59205423
1666943742.2187426,1489.81,1490.26,-3.21599162,-6.82,28.47676709
1666943752.2321455,1489.81,1490.26,-3.21599162,-6.82,28.47676709
1666943762.4164982,1489.81,1490.26,-3.21599162,-6.82,28.47676709
1666943772.2804425,1489.81,1490.26,-3.21599162,-6.82,28.47676709
1666943782.239152,1491.15,1491.15,-3.13859704,-6.25,31.93310017
1666943792.2682204,1491.15,1491.15,-3.13859704,-6.25,31.93310017
1666943802.424674,1491.15,1491.15,-3.13859704,-6.25,31.93310017
1666943812.2651618,1491.15,1491.2,-3.13460844,-6.2,32.13152737
1666943822.2938826,1491.15,1491.2,-3.13460844,-6.2,32.13152737
1666943832.2735412,1492.13,1492.13,-2.95989799,-4.63,35.62497823
1666943842.52497,1492.13,1492.13,-2.95989799,-4.63,35.62497823
1666943852.2824357,1492.13,1492.13,-2.95989799,-4.63,35.62497823
1666943862.3406308,1492.13,1491.37,-3.02052477,-5.39,34.06415265
1666943872.3403826,1492.13,1491.37,-3.02052477,-5.39,34.06415265
1666943882.2835746,1492.13,1491.37,-3.02052477,-5.39,34.06415265
1666943892.3302352,1490.31,1490.31,-3.10406482,-5.93,32.12189905
1666943902.9381385,1490.31,1490.31,-3.10406482,-5.93,32.12189905
1666943913.1594958,1490.31,1490.31,-3.10406482,-5.93,32.12189905
1666943922.9295757,1490.31,1490.31,-3.10406482,-5.93,32.12189905
1666943932.8996592,1490.31,1491.7,-2.99318163,-4.54,37.18013368
1666943943.0349407,1490.31,1491.7,-2.99318163,-4.54,37.18013368
1666943953.0434003,1492.99,1492.99,-2.68842563,0.23,41.25080687
1666943962.9753425,1492.99,1492.99,-2.68842563,0.23,41.25080687
1666943972.946406,1492.99,1492.99,-2.68842563,0.23,41.25080687
1666943982.9254916,1492.99,1493.94,-2.61264216,1.18,44.10871339
1666943992.9632416,1492.99,1493.94,-2.61264216,1.18,44.10871339
1666944002.9129634,1492.99,1493.94,-2.61264216,1.18,44.10871339
1666944012.973281,1493.68,1493.68,-2.40334449,0.98,43.35442256
1666944022.9752834,1493.68,1493.68,-2.40334449,0.98,43.35442256
1666944033.0414507,1493.68,1493.68,-2.40334449,0.98,43.35442256
1666944043.2391474,1493.68,1493.09,-2.45041001,0.39,41.95751583
1666944052.9832854,1493.68,1493.09,-2.45041001,0.39,41.95751583
1666944063.3003387,1493.68,1493.09,-2.45041001,0.39,41.95751583
1666944073.0427296,1493.68,1493.09,-2.45041001,0.39,41.95751583
1666944083.86369,1495.37,1495.37,-1.95558292,2.05,48.25695337
1666944093.7168944,1495.37,1495.37,-1.95558292,2.05,48.25695337
1666944103.7086072,1495.37,1497.02,-1.82395898,3.7,52.57126619
1666944113.639669,1495.37,1497.02,-1.82395898,3.7,52.57126619
1666944123.760507,1495.37,1497.02,-1.82395898,3.7,52.57126619
1666944133.6083367,1495.88,1495.88,-1.61664099,0.97,49.6707282
1666944143.7360682,1495.88,1495.88,-1.61664099,0.97,49.6707282
1666944153.7407446,1495.88,1495.88,-1.61664099,0.97,49.6707282
1666944163.7223754,1495.88,1496.92,-1.53367803,2.01,52.52326368
1666944173.788238,1495.88,1496.92,-1.53367803,2.01,52.52326368
1666944183.7294638,1495.88,1496.92,-1.53367803,2.01,52.52326368
1666944193.6937048,1495.62,1495.62,-1.40190983,4.16,48.93912318
1666944203.7920923,1495.62,1495.62,-1.40190983,4.16,48.93912318
1666944213.723338,1495.62,1495.62,-1.40190983,4.16,48.93912318
1666944223.731164,1495.62,1493.9,-1.53911781,2.44,44.27029863
1666944233.743865,1495.62,1493.9,-1.53911781,2.44,44.27029863
1666944243.7333672,1495.62,1493.9,-1.53911781,2.44,44.27029863
1666944253.7804055,1493.56,1493.56,-1.49141295,3.75,43.44927367
1666944264.584515,1493.56,1493.56,-1.49141295,3.75,43.44927367
1666944274.5842383,1493.56,1493.56,-1.49141295,3.75,43.44927367
1666944284.6142693,1493.56,1492.11,-1.60708247,2.3,40.0460109
1666944294.5516522,1493.56,1492.11,-1.60708247,2.3,40.0460109
1666944304.6384706,1493.56,1492.11,-1.60708247,2.3,40.0460109
1666944314.560233,1492.12,1492.12,-1.61936244,0.97,40.06598921
1666944324.5388231,1492.12,1492.12,-1.61936244,0.97,40.06598921
1666944334.6201534,1492.12,1492.12,-1.61936244,0.97,40.06598921
1666944344.5390537,1492.12,1491.16,-1.69594364,0.01,37.94576958
1666944354.6101985,1492.12,1491.16,-1.69594364,0.01,37.94576958
1666944364.856999,1492.12,1491.16,-1.69594364,0.01,37.94576958
1666944374.5627117,1492.34,1492.34,-1.58067947,0.22,40.813164
1666944384.6011915,1492.34,1492.34,-1.58067947,0.22,40.813164
1666944394.864477,1492.34,1492.34,-1.58067947,0.22,40.813164
1666944404.585417,1492.34,1494.62,-1.39879913,2.5,48.13934315
1666944414.607472,1492.34,1494.62,-1.39879913,2.5,48.13934315
1666944424.632979,1492.34,1494.62,-1.39879913,2.5,48.13934315
1666944434.633351,1496.21,1496.21,-0.99965182,5.9,52.26210292
1666944445.2678802,1496.21,1496.21,-0.99965182,5.9,52.26210292
1666944455.2621188,1496.21,1496.21,-0.99965182,5.9,52.26210292
1666944465.3057418,1496.21,1498.08,-0.85047803,7.77,56.62713313
1666944475.461208,1496.21,1498.08,-0.85047803,7.77,56.62713313
1666944485.2791598,1496.21,1498.08,-0.85047803,7.77,56.62713313
1666944495.2785928,1497.67,1497.67,-0.56789749,4.67,55.73981481
1666944505.2529635,1497.67,1497.67,-0.56789749,4.67,55.73981481
1666944515.2538128,1497.67,1497.67,-0.56789749,4.67,55.73981481
1666944525.2847311,1497.67,1498.05,-0.5375841,5.05,56.62550168
1666944535.2567773,1497.67,1498.05,-0.5375841,5.05,56.62550168
1666944545.2488368,1497.67,1498.05,-0.5375841,5.05,56.62550168
1666944555.248692,1498.5,1498.5,-0.19769096,4.83,57.63123638
1666944565.3010504,1498.5,1498.5,-0.19769096,4.83,57.63123638
1666944575.2657635,1498.5,1498.5,-0.19769096,4.83,57.63123638
1666944585.23165,1498.5,1498.31,-0.21284765,4.64,57.03868747
1666944595.312237,1498.5,1498.31,-0.21284765,4.64,57.03868747
1666944605.3355596,1498.5,1498.31,-0.21284765,4.64,57.03868747
1666944615.3186965,1498.15,1498.15,-0.00550077,2.77,56.53984186
1666944625.624415,1498.15,1498.15,-0.00550077,2.77,56.53984186
1666944635.6574326,1498.15,1498.15,-0.00550077,2.77,56.53984186
1666944645.673816,1498.15,1498.15,-0.00550077,2.77,56.53984186
1666944655.8915918,1498.15,1498.15,-0.00550077,2.77,56.53984186
1666944665.6649125,1498.15,1498.15,-0.00550077,2.77,56.53984186
1666944675.8563888,1499.09,1499.09,0.29926885,3.21,58.81801924
1666944685.6732144,1499.09,1499.09,0.29926885,3.21,58.81801924
1666944695.9493878,1499.09,1499.09,0.29926885,3.21,58.81801924
1666944705.8986795,1499.09,1497.56,0.17721756,1.68,53.88280054
1666944715.7136142,1499.09,1497.56,0.17721756,1.68,53.88280054
1666944725.7332006,1499.09,1497.56,0.17721756,1.68,53.88280054
1666944735.7249904,1498.07,1498.07,0.33169872,2.46,55.43320402
1666944745.7400348,1498.07,1498.07,0.33169872,2.46,55.43320402
1666944755.6838691,1498.07,1498.07,0.33169872,2.46,55.43320402
1666944765.8702006,1498.07,1498.64,0.37716881,3.03,56.92499931
1666944775.7491398,1498.07,1498.64,0.37716881,3.03,56.92499931
1666944785.7199442,1498.07,1498.64,0.37716881,3.03,56.92499931
1666944795.7151966,1499.9,1499.9,0.67576954,6.33,59.89267987
1666944806.4918458,1499.9,1499.9,0.67576954,6.33,59.89267987
1666944816.545003,1499.9,1499.9,0.67576954,6.33,59.89267987
1666944826.473726,1499.9,1498.71,0.58084077,5.14,55.97062964
1666944836.6003642,1499.9,1498.71,0.58084077,5.14,55.97062964
1666944846.5904655,1499.9,1498.71,0.58084077,5.14,55.97062964
1666944856.576511,1498.8,1498.8,0.66776681,6.67,56.24921057
1666944866.5907576,1498.8,1498.8,0.66776681,6.67,56.24921057
1666944876.5114827,1498.8,1498.8,0.66776681,6.67,56.24921057
1666944886.5499258,1498.8,1498.56,0.64862151,6.43,55.45653165
1666944896.7832558,1498.8,1498.56,0.64862151,6.43,55.45653165
1666944906.5081646,1498.8,1498.56,0.64862151,6.43,55.45653165
1666944916.8094554,1499.49,1499.49,0.81956064,7.15,57.97800371
1666944926.5321872,1499.49,1499.49,0.81956064,7.15,57.97800371
1666944936.511065,1499.49,1499.49,0.81956064,7.15,57.97800371
1666944946.5110884,1499.49,1499.36,0.80919027,7.02,57.52657441
1666944956.5809677,1499.49,1499.36,0.80919027,7.02,57.52657441
1666944966.5644538,1499.49,1499.36,0.80919027,7.02,57.52657441
1666944976.559777,1498.37,1498.37,0.72893797,2.17,54.23839766
1666944987.336413,1498.37,1498.37,0.72893797,2.17,54.23839766
1666944997.363211,1498.37,1498.37,0.72893797,2.17,54.23839766
1666945007.3722425,1498.37,1498.36,0.72814025,2.16,54.20472047
1666945017.3274052,1498.37,1498.36,0.72814025,2.16,54.20472047
1666945027.322822,1498.37,1498.36,0.72814025,2.16,54.20472047
1666945037.743662,1498.34,1498.34,0.71537978,0.67,54.13490898
1666945047.41856,1498.34,1498.34,0.71537978,0.67,54.13490898
1666945057.398898,1498.34,1498.34,0.71537978,0.67,54.13490898
1666945067.428047,1498.34,1498.7,0.74409773,1.03,55.21848138
1666945077.4252183,1498.34,1498.7,0.74409773,1.03,55.21848138
1666945087.3958104,1498.34,1498.7,0.74409773,1.03,55.21848138
1666945097.39128,1498.5,1498.5,0.72047278,0.01,54.62590907
1666945107.2951214,1498.5,1498.5,0.72047278,0.01,54.62590907
1666945117.3741517,1498.5,1498.5,0.72047278,0.01,54.62590907
1666945127.338937,1498.5,1497.59,0.64788019,-0.9,51.29967195
1666945137.340942,1498.5,1497.59,0.64788019,-0.9,51.29967195
1666945147.5920148,1498.5,1497.59,0.64788019,-0.9,51.29967195
1666945157.4376817,1497.9,1497.9,0.622051,-0.26,52.38357635
1666945167.883124,1497.9,1497.9,0.622051,-0.26,52.38357635
1666945177.9225297,1497.9,1497.9,0.622051,-0.26,52.38357635
1666945187.9570796,1497.9,1497.0,0.55025613,-1.16,49.12995329
1666945198.099324,1497.9,1497.0,0.55025613,-1.16,49.12995329
1666945207.9418354,1497.9,1497.0,0.55025613,-1.16,49.12995329
1666945218.1837254,1497.09,1497.09,0.46083801,-2.0,49.43437334
1666945227.9703991,1497.09,1497.09,0.46083801,-2.0,49.43437334
1666945237.919317,1497.09,1497.09,0.46083801,-2.0,49.43437334
1666945247.9394794,1497.09,1496.98,0.45206308,-2.11,49.03104312
1666945257.9145613,1497.09,1496.98,0.45206308,-2.11,49.03104312
1666945267.976114,1497.09,1496.98,0.45206308,-2.11,49.03104312
1666945277.9442377,1495.8,1495.8,0.1963059,-2.27,45.09464434
1666945287.9527922,1495.8,1495.8,0.1963059,-2.27,45.09464434
1666945298.043497,1495.8,1495.8,0.1963059,-2.27,45.09464434
1666945308.0495222,1495.8,1494.64,0.10377028,-3.43,41.54738452
1666945318.1315024,1495.8,1494.64,0.10377028,-3.43,41.54738452
1666945327.84747,1495.8,1494.64,0.10377028,-3.43,41.54738452
1666945337.9110298,1495.68,1495.68,0.05110013,-4.22,44.6934948
1666945348.7300646,1495.68,1495.68,0.05110013,-4.22,44.6934948
1666945358.7262394,1495.68,1495.68,0.05110013,-4.22,44.6934948
1666945368.6983588,1495.68,1494.55,-0.03904232,-5.35,41.05573613
1666945379.1447563,1495.68,1494.55,-0.03904232,-5.35,41.05573613
1666945388.79293,1495.68,1494.55,-0.03904232,-5.35,41.05573613
1666945398.820795,1494.29,1494.29,-0.25224133,-4.51,40.30099121
1666945408.8120668,1494.29,1494.29,-0.25224133,-4.51,40.30099121
1666945418.9744968,1494.29,1494.29,-0.25224133,-4.51,40.30099121
1666945428.774125,1494.29,1491.43,-0.48038948,-7.37,33.09401367
1666945438.8443062,1494.29,1491.43,-0.48038948,-7.37,33.09401367
1666945448.8004832,1494.29,1491.43,-0.48038948,-7.37,33.09401367
1666945458.7871356,1491.17,1491.17,-0.84182005,-8.31,32.5892208
1666945468.8489122,1491.17,1491.17,-0.84182005,-8.31,32.5892208
1666945478.8328545,1491.17,1491.17,-0.84182005,-8.31,32.5892208
1666945488.938394,1491.17,1494.0,-0.61606506,-5.48,43.22236257
1666945498.7960722,1491.17,1494.0,-0.61606506,-5.48,43.22236257
1666945508.7630036,1491.17,1494.0,-0.61606506,-5.48,43.22236257
1666945518.7581763,1496.14,1496.14,-0.39533642,-2.24,49.27180853
1666945529.4351523,1496.14,1496.14,-0.39533642,-2.24,49.27180853
1666945539.5005338,1496.14,1496.14,-0.39533642,-2.24,49.27180853
1666945549.476649,1496.14,1497.46,-0.29003727,-0.92,52.6248046
1666945559.460076,1496.14,1497.46,-0.29003727,-0.92,52.6248046
1666945569.442858,1496.14,1497.46,-0.29003727,-0.92,52.6248046
1666945579.4502316,1496.35,1496.35,-0.3219675,-2.0,49.83413444
1666945589.4975142,1496.35,1496.35,-0.3219675,-2.0,49.83413444
1666945599.5052328,1496.35,1496.35,-0.3219675,-2.0,49.83413444
1666945609.4262018,1496.35,1496.64,-0.29883359,-1.71,50.65131999
1666945619.5645766,1496.35,1496.64,-0.29883359,-1.71,50.65131999
1666945629.5113058,1496.35,1496.64,-0.29883359,-1.71,50.65131999
1666945639.469662,1496.09,1496.09,-0.31070381,-2.41,49.1036315
1666945649.5211084,1496.09,1496.09,-0.31070381,-2.41,49.1036315
1666945659.3961244,1496.09,1496.09,-0.31070381,-2.41,49.1036315
1666945669.455181,1496.09,1494.22,-0.4598776,-4.28,44.11014912
1666945679.624379,1496.09,1494.22,-0.4598776,-4.28,44.11014912
1666945689.4491072,1496.09,1494.22,-0.4598776,-4.28,44.11014912
1666945699.4573352,1495.34,1495.34,-0.38811929,-2.57,46.96891417
1666945710.106842,1495.34,1495.34,-0.38811929,-2.57,46.96891417
1666945720.1928022,1495.34,1495.34,-0.38811929,-2.57,46.96891417
1666945730.092618,1495.34,1496.0,-0.33546971,-1.91,49.06413931
1666945740.2157404,1495.34,1496.0,-0.33546971,-1.91,49.06413931
1666945750.2206907,1495.34,1496.0,-0.33546971,-1.91,49.06413931
1666945760.1953,1496.75,1496.75,-0.19816279,-0.35,51.25267942
1666945770.1636572,1496.75,1496.75,-0.19816279,-0.35,51.25267942
1666945780.1386068,1496.75,1496.75,-0.19816279,-0.35,51.25267942
1666945790.1743448,1496.75,1495.7,-0.28192347,-1.4,48.13304807
1666945800.1732652,1496.75,1495.7,-0.28192347,-1.4,48.13304807
1666945810.4612665,1496.61,1496.61,-0.15561824,0.82,50.81356438
1666945820.144834,1496.61,1496.61,-0.15561824,0.82,50.81356438
1666945830.288459,1496.61,1496.61,-0.15561824,0.82,50.81356438
1666945840.667487,1496.61,1496.61,-0.15561824,0.82,50.81356438
1666945850.178203,1496.61,1495.87,-0.21464958,0.08,48.45064107
1666945860.179806,1496.61,1495.87,-0.21464958,0.08,48.45064107
1666945870.2158835,1496.61,1495.87,-0.21464958,0.08,48.45064107
1666945880.243501,1496.92,1496.92,-0.06793988,1.24,51.79835063
1666945890.947804,1496.92,1496.92,-0.06793988,1.24,51.79835063
1666945900.6325438,1496.92,1498.55,0.06208861,2.87,56.70662324
1666945910.6163478,1496.92,1498.55,0.06208861,2.87,56.70662324
1666945920.6682608,1496.92,1498.55,0.06208861,2.87,56.70662324
1666945930.6083405,1496.92,1498.55,0.06208861,2.87,56.70662324
1666945940.6283016,1499.06,1499.06,0.28405321,4.77,58.04532628
1666945950.6643174,1499.06,1499.06,0.28405321,4.77,58.04532628
1666945960.55248,1499.06,1499.03,0.28166005,4.74,57.94235376
1666945970.6141968,1499.06,1499.03,0.28166005,4.74,57.94235376
1666945980.610432,1499.06,1499.03,0.28166005,4.74,57.94235376
1666945990.5865955,1499.54,1499.54,0.49194018,8.38,59.30377682
1666946000.6801052,1499.54,1499.54,0.49194018,8.38,59.30377682
1666946010.6233094,1499.54,1499.54,0.49194018,8.38,59.30377682
1666946020.6419227,1499.54,1499.89,0.51986041,8.73,60.26334816
1666946030.7803514,1499.54,1499.89,0.51986041,8.73,60.26334816
1666946040.618398,1499.54,1499.89,0.51986041,8.73,60.26334816
1666946050.685988,1498.67,1498.67,0.49559831,2.52,55.99171798
1666946060.678264,1498.67,1498.67,0.49559831,2.52,55.99171798
1666946071.321741,1498.67,1498.67,0.49559831,2.52,55.99171798
1666946081.4691627,1498.67,1498.67,0.49559831,2.52,55.99171798
1666946091.153092,1498.67,1499.73,0.58015671,3.58,58.99646741
1666946101.1587677,1498.67,1499.73,0.58015671,3.58,58.99646741
1666946111.182173,1498.67,1499.73,0.58015671,3.58,58.99646741
1666946121.0983655,1499.41,1499.41,0.65118342,3.05,58.13563778
1666946131.1261222,1499.41,1499.41,0.65118342,3.05,58.13563778
1666946141.1225815,1499.41,1498.42,0.57220906,2.06,54.33226633
1666946151.1416605,1499.41,1498.42,0.57220906,2.06,54.33226633
1666946161.094556,1499.41,1498.42,0.57220906,2.06,54.33226633
1666946171.3390288,1498.25,1498.25,0.55543867,2.15,53.72442976
1666946181.1629777,1498.25,1498.25,0.55543867,2.15,53.72442976
1666946191.2447612,1498.25,1498.25,0.55543867,2.15,53.72442976
1666946201.1971822,1498.25,1498.24,0.55464095,2.14,53.69179299
1666946211.413604,1498.25,1498.24,0.55464095,2.14,53.69179299
1666946221.1947763,1498.25,1498.24,0.55464095,2.14,53.69179299
1666946231.399541,1498.18,1498.18,0.53670832,2.83,53.46319677
1666946241.1224551,1498.18,1498.18,0.53670832,2.83,53.46319677
1666946251.8810718,1498.18,1498.18,0.53670832,2.83,53.46319677
1666946262.0069094,1498.18,1498.04,0.52554023,2.69,52.90818727
1666946271.9176302,1498.18,1498.04,0.52554023,2.69,52.90818727
1666946282.0205371,1498.18,1498.04,0.52554023,2.69,52.90818727
1666946291.9680066,1497.91,1497.91,0.4821334,1.15,52.39752802
1666946301.875624,1497.91,1497.91,0.4821334,1.15,52.39752802
1666946312.2267811,1497.91,1497.91,0.4821334,1.15,52.39752802
1666946322.0077896,1497.91,1499.07,0.57466901,2.31,56.42609884
1666946331.9493992,1497.91,1499.07,0.57466901,2.31,56.42609884
1666946341.9941566,1497.91,1499.07,0.57466901,2.31,56.42609884
1666946352.0316095,1499.7,1499.7,0.70380368,3.09,58.34309401
1666946362.0248718,1499.7,1499.7,0.70380368,3.09,58.34309401
1666946371.9825103,1499.7,1499.7,0.70380368,3.09,58.34309401
1666946382.080309,1499.7,1498.28,0.59052732,1.67,52.72373058
1666946392.0065522,1499.7,1498.28,0.59052732,1.67,52.72373058
1666946401.9641814,1499.7,1498.28,0.59052732,1.67,52.72373058
1666946412.0080607,1498.13,1498.13,0.53565231,1.21,52.1911761
1666946422.001645,1498.13,1498.13,0.53565231,1.21,52.1911761
1666946432.417778,1498.13,1498.13,0.53565231,1.21,52.1911761
1666946442.6502256,1498.13,1498.94,0.60026769,2.02,54.83794933
1666946452.422532,1498.13,1498.94,0.60026769,2.02,54.83794933
1666946462.443904,1498.13,1498.94,0.60026769,2.02,54.83794933
1666946472.4541025,1500.24,1500.24,0.79544544,1.19,58.50973233
1666946482.6234524,1500.24,1500.24,0.79544544,1.19,58.50973233
1666946492.4746957,1500.24,1500.24,0.79544544,1.19,58.50973233
1666946502.4074855,1500.24,1499.69,0.75157079,0.64,56.4149887
1666946512.6328294,1500.24,1499.69,0.75157079,0.64,56.4149887
1666946522.430514,1500.24,1499.69,0.75157079,0.64,56.4149887
1666946532.4519038,1499.45,1499.45,0.74574687,-0.1,55.54720098
1666946542.4895074,1499.45,1499.45,0.74574687,-0.1,55.54720098
1666946552.5890982,1499.45,1499.45,0.74574687,-0.1,55.54720098
1666946562.539741,1499.45,1501.76,0.93002037,2.21,61.66019917
1666946572.494033,1499.45,1501.76,0.93002037,2.21,61.66019917
1666946582.513761,1499.45,1501.76,0.93002037,2.21,61.66019917
1666946592.4167883,1501.86,1501.86,1.087753,3.19,61.88882404
1666946602.7450185,1501.86,1501.86,1.087753,3.19,61.88882404
1666946612.9578388,1501.86,1501.86,1.087753,3.19,61.88882404
1666946623.1233928,1501.86,1501.28,1.04148519,2.61,59.69472931
1666946632.9343712,1501.86,1501.28,1.04148519,2.61,59.69472931
1666946642.9896238,1501.86,1501.28,1.04148519,2.61,59.69472931
1666946652.9216669,1501.99,1501.99,1.21230471,2.59,62.18354283
1666946662.9779916,1501.99,1501.99,1.21230471,2.59,62.18354283
1666946673.0020597,1501.99,1501.99,1.21230471,2.59,62.18354283
1666946682.973915,1501.99,1501.86,1.20193434,2.46,61.63883958
1666946693.1621342,1501.99,1501.86,1.20193434,2.46,61.63883958
1666946703.000274,1501.99,1501.86,1.20193434,2.46,61.63883958
1666946712.954858,1501.61,1501.61,1.23360486,3.37,60.61771039
1666946723.1489143,1501.61,1501.61,1.23360486,3.37,60.61771039
1666946732.9957647,1501.61,1501.61,1.23360486,3.37,60.61771039
1666946742.9599805,1501.61,1501.61,1.23360486,3.37,60.61771039
1666946753.0305502,1501.61,1500.65,1.15702366,2.41,56.73116415
1666946762.9419158,1501.61,1500.65,1.15702366,2.41,56.73116415
1666946772.9095168,1502.29,1502.29,1.35672703,4.12,62.42017797
1666946782.973552,1502.29,1502.29,1.35672703,4.12,62.42017797
1666946793.6444232,1502.29,1502.29,1.35672703,4.12,62.42017797
1666946803.7178447,1502.29,1502.0,1.33359313,3.83,61.12280761
1666946813.746398,1502.29,1502.0,1.33359313,3.83,61.12280761
1666946823.7148004,1502.29,1502.0,1.33359313,3.83,61.12280761
1666946833.675727,1503.02,1503.02,1.49841487,5.12,64.32279136
1666946843.6749015,1503.02,1503.02,1.49841487,5.12,64.32279136
1666946853.832441,1503.02,1503.02,1.49841487,5.12,64.32279136
1666946863.6761594,1503.02,1502.87,1.48644905,4.97,63.60890736
1666946873.7136154,1503.02,1502.87,1.48644905,4.97,63.60890736
1666946883.7719128,1503.02,1502.87,1.48644905,4.97,63.60890736
1666946893.7333093,1502.77,1502.77,1.51014175,3.08,63.12452779
1666946903.7572837,1502.77,1502.77,1.51014175,3.08,63.12452779
1666946913.6957583,1502.77,1502.77,1.51014175,3.08,63.12452779
1666946923.7068045,1502.77,1502.77,1.51014175,3.08,63.12452779
1666946933.7410536,1502.77,1502.77,1.51014175,3.08,63.12452779
1666946943.6753774,1502.77,1502.77,1.51014175,3.08,63.12452779
1666946953.7479002,1503.98,1503.98,1.68880246,5.86,66.34286282
1666946963.683997,1503.98,1503.98,1.68880246,5.86,66.34286282
1666946974.1683867,1503.98,1503.98,1.68880246,5.86,66.34286282
1666946984.083209,1503.98,1503.51,1.65130959,5.39,64.02855841
1666946994.1586893,1503.98,1503.51,1.65130959,5.39,64.02855841
1666947004.1264763,1503.98,1503.51,1.65130959,5.39,64.02855841
1666947014.1511946,1503.78,1503.78,1.7062613,3.53,65.35207098
1666947024.173243,1503.78,1503.78,1.7062613,3.53,65.35207098
1666947034.091782,1503.78,1503.78,1.7062613,3.53,65.35207098
1666947044.2265787,1503.78,1501.49,1.52358324,1.24,54.97296575
1666947054.1317134,1503.78,1501.49,1.52358324,1.24,54.97296575
1666947064.140987,1503.78,1501.49,1.52358324,1.24,54.97296575
1666947074.1806474,1501.01,1501.01,1.32142112,1.56,53.20190484
1666947084.4023342,1501.01,1501.01,1.32142112,1.56,53.20190484
1666947094.1918583,1501.01,1501.01,1.32142112,1.56,53.20190484
1666947104.2238915,1501.01,1501.05,1.324612,1.6,53.33682042
1666947114.2087538,1501.01,1501.05,1.324612,1.6,53.33682042
1666947124.2222931,1501.01,1501.05,1.324612,1.6,53.33682042
1666947134.3910923,1501.29,1501.29,1.21817021,-0.56,54.12146621
1666947144.2642884,1501.29,1501.29,1.21817021,-0.56,54.12146621
1666947154.786019,1501.29,1501.29,1.21817021,-0.56,54.12146621
1666947164.66499,1501.29,1500.38,1.14557762,-1.47,50.61256026
1666947174.693324,1501.29,1500.38,1.14557762,-1.47,50.61256026
1666947184.6887057,1501.29,1500.38,1.14557762,-1.47,50.61256026
1666947194.640132,1501.5,1501.5,1.13557052,-0.5,54.84075259
1666947204.6298978,1501.5,1501.5,1.13557052,-0.5,54.84075259
1666947214.7085657,1501.5,1501.5,1.13557052,-0.5,54.84075259
1666947224.7368715,1501.5,1501.33,1.12200927,-0.67,54.0981276
1666947234.6521266,1501.5,1501.33,1.12200927,-0.67,54.0981276
1666947244.6564422,1501.5,1501.33,1.12200927,-0.67,54.0981276
1666947254.6414068,1502.57,1502.57,1.19480676,0.96,58.44720685
1666947264.673793,1502.57,1502.57,1.19480676,0.96,58.44720685
1666947274.6559453,1502.57,1502.57,1.19480676,0.96,58.44720685
1666947284.674503,1502.57,1502.88,1.2195361,1.27,59.45473165
1666947294.7330232,1502.57,1502.88,1.2195361,1.27,59.45473165
1666947304.776017,1502.57,1502.88,1.2195361,1.27,59.45473165
1666947314.6747527,1503.89,1503.89,1.34794991,1.59,62.4232163
1666947324.722589,1503.89,1503.89,1.34794991,1.59,62.4232163
1666947335.216503,1503.89,1503.89,1.34794991,1.59,62.4232163
1666947345.3258517,1503.89,1503.81,1.34156814,1.51,62.03578898
1666947355.621876,1503.89,1503.81,1.34156814,1.51,62.03578898
1666947365.274818,1503.89,1503.81,1.34156814,1.51,62.03578898
1666947375.3075702,1503.48,1503.48,1.31273056,0.45,60.48369671
1666947385.2865026,1503.48,1503.48,1.31273056,0.45,60.48369671
1666947395.3275506,1503.48,1503.48,1.31273056,0.45,60.48369671
1666947405.3617144,1503.48,1503.18,1.28879894,0.15,59.04088739
1666947415.373531,1503.48,1503.18,1.28879894,0.15,59.04088739
1666947425.3198717,1503.48,1503.18,1.28879894,0.15,59.04088739
1666947435.2922947,1504.6,1504.6,1.45288704,1.84,63.81017624
1666947445.3421507,1504.6,1504.6,1.45288704,1.84,63.81017624
1666947455.4122307,1504.6,1504.6,1.45288704,1.84,63.81017624
1666947465.3425093,1504.6,1504.11,1.41379872,1.35,61.4062067
1666947475.2659814,1504.6,1504.11,1.41379872,1.35,61.4062067
1666947485.330636,1504.6,1504.11,1.41379872,1.35,61.4062067
1666947495.4775777,1504.41,1504.41,1.44928992,0.44,62.85110289
1666947505.2632978,1504.41,1504.41,1.44928992,0.44,62.85110289
1666947516.0869572,1504.41,1504.41,1.44928992,0.44,62.85110289
1666947525.9359925,1504.41,1503.76,1.39743807,-0.21,59.56167006
1666947536.1280725,1504.41,1503.76,1.39743807,-0.21,59.56167006
1666947545.9638753,1504.41,1503.76,1.39743807,-0.21,59.56167006
1666947555.9480407,1503.11,1503.11,1.2593001,-0.67,56.57826428
1666947565.9333315,1503.11,1503.11,1.2593001,-0.67,56.57826428
1666947575.9332397,1503.11,1503.11,1.2593001,-0.67,56.57826428
1666947585.9400537,1503.11,1502.55,1.21462774,-1.23,54.06848594
1666947595.9522038,1503.11,1502.55,1.21462774,-1.23,54.06848594
1666947606.066797,1503.11,1502.55,1.21462774,-1.23,54.06848594
1666947615.9483323,1502.59,1502.59,1.10321254,1.58,54.24034807
1666947625.9487815,1502.59,1502.59,1.10321254,1.58,54.24034807
1666947635.9792392,1502.59,1502.59,1.10321254,1.58,54.24034807
1666947645.9445195,1502.59,1503.53,1.17819829,2.52,57.64732623
1666947655.936459,1502.59,1503.53,1.17819829,2.52,57.64732623
1666947665.9817605,1502.59,1503.53,1.17819829,2.52,57.64732623
1666947676.31515,1502.89,1502.89,1.04264206,1.59,55.38860705
1666947685.976011,1502.89,1502.89,1.04264206,1.59,55.38860705
1666947696.3310866,1502.89,1502.89,1.04264206,1.59,55.38860705
1666947706.7462025,1502.89,1503.31,1.07614634,2.01,57.01085242
1666947716.266699,1502.89,1503.31,1.07614634,2.01,57.01085242
1666947726.487317,1502.89,1503.31,1.07614634,2.01,57.01085242
1666947736.3318467,1503.88,1503.88,1.10512862,2.37,59.03263457
1666947746.299559,1503.88,1503.88,1.10512862,2.37,59.03263457
1666947756.2599514,1503.88,1503.88,1.10512862,2.37,59.03263457
1666947766.345712,1503.88,1504.12,1.12427391,2.61,59.88803706
1666947776.2784755,1503.88,1504.12,1.12427391,2.61,59.88803706
1666947786.2821832,1503.88,1504.12,1.12427391,2.61,59.88803706
1666947796.5801687,1503.6,1503.6,1.04065117,1.04,57.59573896
1666947806.3670182,1503.6,1503.6,1.04065117,1.04,57.59573896
1666947816.3999765,1503.6,1503.6,1.04065117,1.04,57.59573896
1666947826.3917675,1503.6,1503.75,1.05261698,1.19,58.19647025
1666947836.3766682,1503.6,1503.75,1.05261698,1.19,58.19647025
1666947846.5555704,1503.6,1503.75,1.05261698,1.19,58.19647025
1666947856.540488,1502.41,1502.41,0.82631297,-1.48,51.83669642
1666947866.48766,1502.41,1502.41,0.82631297,-1.48,51.83669642
1666947876.898523,1502.41,1502.41,0.82631297,-1.48,51.83669642
1666947886.7345402,1502.41,1503.0,0.8733785,-0.89,54.27372291
1666947897.076779,1502.41,1503.0,0.8733785,-0.89,54.27372291
1666947906.772828,1502.41,1503.0,0.8733785,-0.89,54.27372291
1666947916.9733026,1503.46,1503.46,0.87178162,-0.03,56.011964
1666947926.818228,1503.46,1503.46,0.87178162,-0.03,56.011964
1666947936.743863,1503.46,1503.46,0.87178162,-0.03,56.011964
1666947946.8278434,1503.46,1503.01,0.83588418,-0.48,53.86522569
1666947956.8422885,1503.46,1503.01,0.83588418,-0.48,53.86522569
1666947966.8056848,1503.46,1503.01,0.83588418,-0.48,53.86522569
1666947976.9645262,1502.67,1502.67,0.72141043,-1.92,52.33889914
1666947986.7348611,1502.67,1502.67,0.72141043,-1.92,52.33889914
1666947996.7496307,1502.67,1502.67,0.72141043,-1.92,52.33889914
1666948006.7602746,1502.67,1502.8,0.7317808,-1.79,52.89247884
1666948016.7393818,1502.67,1502.8,0.7317808,-1.79,52.89247884
1666948027.1563842,1502.67,1502.8,0.7317808,-1.79,52.89247884
1666948036.8057282,1502.48,1502.48,0.61726777,-1.92,51.46328178
1666948046.841962,1502.48,1502.48,0.61726777,-1.92,51.46328178
1666948057.75835,1502.48,1502.48,0.61726777,-1.92,51.46328178
1666948067.4193797,1502.48,1501.98,0.57738173,-2.42,49.13373906
1666948077.401101,1502.48,1501.98,0.57738173,-2.42,49.13373906
1666948087.3667457,1502.48,1501.98,0.57738173,-2.42,49.13373906
1666948097.3926742,1501.47,1501.47,0.39773893,-1.65,46.96528447
1666948107.377107,1501.47,1501.47,0.39773893,-1.65,46.96528447
1666948117.3499472,1501.47,1501.47,0.39773893,-1.65,46.96528447
1666948127.352211,1501.47,1501.73,0.41847967,-1.39,48.21992989
1666948137.4128456,1501.47,1501.73,0.41847967,-1.39,48.21992989
1666948147.3813107,1501.47,1501.73,0.41847967,-1.39,48.21992989
1666948157.5940342,1501.7,1501.7,0.31623271,-0.89,48.08184476
1666948167.3480437,1501.7,1501.7,0.31623271,-0.89,48.08184476
1666948177.3923151,1501.7,1501.7,0.31623271,-0.89,48.08184476
1666948187.3835225,1501.7,1502.32,0.3656914,-0.27,51.06282632
1666948197.4129164,1501.7,1502.32,0.3656914,-0.27,51.06282632
1666948207.3876183,1501.7,1502.32,0.3656914,-0.27,51.06282632
1666948217.69901,1500.81,1500.81,0.10920827,-2.07,44.2050886
1666948227.420036,1500.81,1500.81,0.10920827,-2.07,44.2050886
1666948237.992585,1500.81,1500.81,0.10920827,-2.07,44.2050886
1666948247.8444214,1500.81,1500.24,0.06373818,-2.64,41.87830077
1666948257.806936,1500.81,1500.24,0.06373818,-2.64,41.87830077
1666948267.8704374,1500.81,1500.24,0.06373818,-2.64,41.87830077
1666948277.8512082,1499.7,1499.7,-0.15552272,-4.18,39.88919143
1666948287.8164544,1499.7,1499.7,-0.15552272,-4.18,39.88919143
1666948297.8305252,1499.7,1499.7,-0.15552272,-4.18,39.88919143
1666948307.8615065,1499.7,1500.54,-0.08851418,-3.34,44.31958471
1666948317.9544191,1499.7,1500.54,-0.08851418,-3.34,44.31958471
1666948327.8857236,1499.7,1500.54,-0.08851418,-3.34,44.31958471
1666948338.0996974,1499.52,1499.52,-0.31784742,-4.09,39.24485565
1666948347.8509436,1499.52,1499.52,-0.31784742,-4.09,39.24485565
1666948357.85702,1499.52,1499.52,-0.31784742,-4.09,39.24485565
1666948367.8277364,1499.52,1500.0,-0.27955682,-3.61,42.03036912
1666948378.132722,1499.52,1500.0,-0.27955682,-3.61,42.03036912
1666948387.8536415,1499.52,1500.0,-0.27955682,-3.61,42.03036912
1666948397.867865,1499.66,1499.66,-0.40973704,-2.74,40.08456739
1666948407.8813944,1499.66,1499.66,-0.40973704,-2.74,40.08456739
1666948418.3144815,1499.66,1499.66,-0.40973704,-2.74,40.08456739
1666948428.2496734,1499.66,1498.84,-0.47515015,-3.56,36.87021602
1666948438.269186,1499.66,1498.84,-0.47515015,-3.56,36.87021602
1666948448.203955,1499.66,1498.84,-0.47515015,-3.56,36.87021602
1666948458.2576542,1499.58,1499.58,-0.496504,-3.87,39.74328528
1666948468.3159213,1499.58,1499.58,-0.496504,-3.87,39.74328528
1666948478.2284288,1499.58,1499.58,-0.496504,-3.87,39.74328528
1666948488.2047937,1499.58,1499.38,-0.51245841,-4.07,38.86098014
1666948498.2185774,1499.58,1499.38,-0.51245841,-4.07,38.86098014
1666948508.2180915,1499.58,1499.38,-0.51245841,-4.07,38.86098014
1666948518.218879,1499.32,1499.32,-0.59182082,-3.36,38.63414753
1666948528.230652,1499.32,1499.32,-0.59182082,-3.36,38.63414753
1666948538.9524443,1499.32,1499.32,-0.59182082,-3.36,38.63414753
1666948548.2662408,1499.32,1499.59,-0.57028236,-3.09,40.53631619
1666948558.4920263,1499.32,1499.59,-0.57028236,-3.09,40.53631619
1666948568.2698438,1499.32,1499.59,-0.57028236,-3.09,40.53631619
1666948578.2864993,1499.46,1499.46,-0.62247333,-3.02,39.65595603
1666948588.4423196,1499.46,1499.46,-0.62247333,-3.02,39.65595603
1666948598.9032865,1499.46,1499.46,-0.62247333,-3.02,39.65595603
1666948608.9733927,1499.46,1498.62,-0.68948188,-3.86,35.88213506
1666948618.927508,1499.46,1498.62,-0.68948188,-3.86,35.88213506
1666948628.958964,1499.46,1498.62,-0.68948188,-3.86,35.88213506
1666948638.9654307,1498.52,1498.52,-0.78226669,-2.95,35.51818016
1666948648.9727235,1498.52,1498.52,-0.78226669,-2.95,35.51818016
1666948658.9356582,1498.52,1498.52,-0.78226669,-2.95,35.51818016
1666948668.8853292,1498.52,1500.09,-0.65702453,-1.38,45.7663242
1666948678.962518,1498.52,1500.09,-0.65702453,-1.38,45.7663242
1666948689.1492624,1498.52,1500.09,-0.65702453,-1.38,45.7663242
1666948699.4584298,1500.48,1500.48,-0.56148529,-1.21,47.82677848
1666948709.0054874,1500.48,1500.48,-0.56148529,-1.21,47.82677848
1666948718.9384038,1500.48,1500.48,-0.56148529,-1.21,47.82677848
1666948729.0883648,1500.48,1501.59,-0.47293829,-0.1,53.26336079
1666948739.0071726,1500.48,1501.59,-0.47293829,-0.1,53.26336079
1666948748.923301,1500.48,1501.59,-0.47293829,-0.1,53.26336079
1666948759.1944776,1502.02,1502.02,-0.28753549,1.21,55.07807491
1666948768.9222162,1502.02,1502.02,-0.28753549,1.21,55.07807491
1666948779.3655002,1502.02,1502.02,-0.28753549,1.21,55.07807491
1666948789.328293,1502.02,1503.2,-0.19340444,2.39,59.70220706
1666948799.3841174,1502.02,1503.2,-0.19340444,2.39,59.70220706
1666948809.4335158,1502.02,1503.2,-0.19340444,2.39,59.70220706
1666948819.427326,1503.45,1503.45,0.03627344,3.75,60.56229239
1666948829.3869205,1503.45,1503.45,0.03627344,3.75,60.56229239
1666948839.5282712,1503.45,1503.45,0.03627344,3.75,60.56229239
1666948849.37709,1503.45,1503.46,0.03707116,3.76,60.59851815
1666948859.978955,1503.45,1503.46,0.03707116,3.76,60.59851815
1666948869.4104078,1503.45,1503.46,0.03707116,3.76,60.59851815
1666948879.3682113,1503.75,1503.75,0.2419751,4.24,61.62350801
1666948889.4270904,1503.75,1503.75,0.2419751,4.24,61.62350801
1666948899.415827,1503.75,1503.75,0.2419751,4.24,61.62350801
1666948909.456093,1503.75,1503.44,0.21724575,3.93,59.85476071
1666948919.4671068,1503.75,1503.44,0.21724575,3.93,59.85476071
1666948929.4191637,1503.75,1503.44,0.21724575,3.93,59.85476071
1666948939.40909,1503.7,1503.7,0.37457093,4.04,61.33091799
1666948949.3478792,1503.7,1503.7,0.37457093,4.04,61.33091799
1666948959.8805566,1503.7,1503.7,0.37457093,4.04,61.33091799
1666948969.889749,1503.7,1504.24,0.41764785,4.58,63.37313665
1666948979.9006207,1503.7,1504.24,0.41764785,4.58,63.37313665
1666948989.8184607,1503.7,1504.24,0.41764785,4.58,63.37313665
1666948999.860483,1504.77,1504.77,0.62981167,5.18,65.14529387
1666949009.8680503,1504.77,1504.77,0.62981167,5.18,65.14529387
1666949020.3550942,1504.77,1504.77,0.62981167,5.18,65.14529387
1666949029.8579192,1504.77,1506.18,0.74229031,6.59,69.48440269
1666949039.8059788,1504.77,1506.18,0.74229031,6.59,69.48440269
1666949049.864717,1504.77,1506.18,0.74229031,6.59,69.48440269
1666949060.053495,1506.4,1506.4,0.98614658,7.09,70.02324201
1666949069.892262,1506.4,1506.4,0.98614658,7.09,70.02324201
1666949079.9739828,1506.4,1506.4,0.98614658,7.09,70.02324201
1666949089.8895037,1506.4,1506.0,0.95423775,6.69,67.52363423
1666949099.8720057,1506.4,1506.0,0.95423775,6.69,67.52363423
1666949109.8753624,1506.4,1506.0,0.95423775,6.69,67.52363423
1666949119.8884964,1506.52,1506.52,1.16855255,7.05,70.38981707
1666949130.0076196,1506.52,1506.52,1.16855255,7.05,70.38981707
1666949140.3859584,1506.52,1509.39,1.39749842,9.92,76.92858774
1666949150.7479851,1506.52,1509.39,1.39749842,9.92,76.92858774
1666949160.5209453,1506.52,1509.39,1.39749842,9.92,76.92858774
1666949170.67319,1506.52,1509.39,1.39749842,9.92,76.92858774
1666949181.0459456,1509.01,1509.01,1.64202312,10.5,76.23514294
1666949190.5027914,1509.01,1509.01,1.64202312,10.5,76.23514294
1666949200.681238,1509.01,1508.19,1.57661002,9.68,71.28245257
1666949210.714529,1509.01,1508.19,1.57661002,9.68,71.28245257
1666949220.4424374,1509.01,1508.19,1.57661002,9.68,71.28245257
1666949230.547763,1508.01,1508.01,1.69790211,7.52,70.27183567
1666949240.4680104,1508.01,1508.01,1.69790211,7.52,70.27183567
1666949250.529344,1508.01,1508.01,1.69790211,7.52,70.27183567
1666949260.5026357,1508.01,1507.1,1.62530952,6.61,65.23628776
1666949270.6437793,1508.01,1507.1,1.62530952,6.61,65.23628776
1666949280.497503,1508.01,1507.1,1.62530952,6.61,65.23628776
1666949290.6205628,1508.01,1507.1,1.62530952,6.61,65.23628776
1666949300.468083,1507.76,1507.76,1.74887559,5.74,68.78339527
1666949310.5189457,1507.76,1507.76,1.74887559,5.74,68.78339527
1666949320.8572145,1507.76,1507.76,1.74887559,5.74,68.78339527
1666949330.9080906,1507.76,1507.79,1.75126876,5.77,68.86679871
1666949341.1634407,1507.76,1507.79,1.75126876,5.77,68.86679871
1666949350.8233314,1507.76,1507.76,1.78451584,4.31,68.7855394
1666949360.819252,1507.76,1507.76,1.78451584,4.31,68.7855394
1666949371.0646255,1507.76,1507.76,1.78451584,4.31,68.7855394
1666949381.020261,1507.76,1508.2,1.81961556,4.75,70.05262289
1666949390.956561,1507.76,1508.2,1.81961556,4.75,70.05262289
1666949400.8558145,1507.76,1508.2,1.81961556,4.75,70.05262289
1666949410.9129786,1507.76,1508.2,1.81961556,4.75,70.05262289
1666949420.8617952,1508.3,1508.3,1.86906349,4.56,70.32638115
1666949430.8682282,1508.3,1508.3,1.86906349,4.56,70.32638115
1666949440.9416394,1508.3,1508.34,1.87225437,4.6,70.44277146
1666949450.8451824,1508.3,1508.34,1.87225437,4.6,70.44277146
1666949460.9323432,1508.3,1508.34,1.87225437,4.6,70.44277146
1666949470.874061,1508.89,1508.89,1.96304289,5.2,71.95729456
1666949480.966513,1508.89,1508.89,1.96304289,5.2,71.95729456
1666949490.8937972,1508.89,1508.89,1.96304289,5.2,71.95729456
1666949501.4597828,1508.89,1509.08,1.97819959,5.39,72.48114956
1666949511.427796,1508.89,1509.08,1.97819959,5.39,72.48114956
1666949521.411993,1508.89,1509.08,1.97819959,5.39,72.48114956
1666949531.8525553,1508.89,1508.89,1.97866882,4.11,71.90785339
1666949541.4943578,1508.89,1508.89,1.97866882,4.11,71.90785339
1666949551.4408922,1508.89,1508.89,1.97866882,4.11,71.90785339
1666949561.7163098,1508.89,1507.8,1.89171725,3.02,64.3548934
1666949571.544173,1508.89,1507.8,1.89171725,3.02,64.3548934
1666949581.436516,1508.89,1507.8,1.89171725,3.02,64.3548934
1666949591.5105512,1507.73,1507.73,1.80375694,1.32,63.92369782
1666949601.7205882,1507.73,1507.73,1.80375694,1.32,63.92369782
1666949611.5258946,1507.73,1507.73,1.80375694,1.32,63.92369782
1666949621.4171567,1507.73,1508.26,1.84603614,1.85,65.792554
1666949631.4556432,1507.73,1508.26,1.84603614,1.85,65.792554
1666949641.4074326,1507.73,1508.26,1.84603614,1.85,65.792554
1666949651.4240606,1507.89,1507.89,1.74066359,1.37,64.51181796
1666949661.5757034,1507.89,1507.89,1.74066359,1.37,64.51181796
1666949671.647181,1507.89,1507.89,1.74066359,1.37,64.51181796
1666949681.8934376,1507.89,1507.9,1.74146131,1.38,64.55052906
1666949692.3044195,1507.89,1507.9,1.74146131,1.38,64.55052906
1666949701.816159,1507.89,1507.9,1.74146131,1.38,64.55052906
1666949711.8203266,1507.82,1507.82,1.65212456,-1.18,64.05288588
1666949721.9983823,1507.82,1507.82,1.65212456,-1.18,64.05288588
1666949731.8780923,1507.82,1507.82,1.65212456,-1.18,64.05288588
1666949742.062121,1507.82,1507.82,1.65212456,-1.18,64.05288588
1666949751.8496633,1507.82,1507.12,1.5962841,-1.88,59.2055191
1666949761.8887618,1507.82,1507.12,1.5962841,-1.88,59.2055191
1666949772.002486,1507.57,1507.57,1.53234718,-0.44,62.20870946
1666949781.7922783,1507.57,1507.57,1.53234718,-0.44,62.20870946
1666949791.8397138,1507.57,1507.57,1.53234718,-0.44,62.20870946
1666949801.9401257,1507.57,1507.31,1.51160644,-0.7,60.31913094
1666949811.8544178,1507.57,1507.31,1.51160644,-0.7,60.31913094
1666949821.9343495,1507.57,1507.31,1.51160644,-0.7,60.31913094
1666949831.847177,1506.75,1506.75,1.32137448,-1.0,56.56197437
1666949842.1004117,1506.75,1506.75,1.32137448,-1.0,56.56197437
1666949852.1552348,1506.75,1506.75,1.32137448,-1.0,56.56197437
1666949862.60935,1506.75,1506.25,1.28148844,-1.5,53.36577612
1666949872.6607082,1506.75,1506.25,1.28148844,-1.5,53.36577612
1666949883.2214077,1506.75,1506.25,1.28148844,-1.5,53.36577612
1666949892.6146777,1506.48,1506.48,1.1547217,-1.27,54.78507653
1666949902.625867,1506.48,1506.48,1.1547217,-1.27,54.78507653
1666949912.5898073,1506.48,1506.48,1.1547217,-1.27,54.78507653
1666949922.6168609,1506.48,1507.16,1.20896672,-0.59,58.34507661
1666949932.6520984,1506.48,1507.16,1.20896672,-0.59,58.34507661
1666949942.613494,1506.48,1507.16,1.20896672,-0.59,58.34507661
1666949952.670426,1507.15,1507.15,1.1219568,-1.15,58.29693978
1666949962.612917,1507.15,1507.15,1.1219568,-1.15,58.29693978
1666949972.7245293,1507.15,1507.15,1.1219568,-1.15,58.29693978
1666949982.6616757,1507.15,1506.9,1.10201378,-1.4,56.53790046
1666949992.7136545,1507.15,1506.9,1.10201378,-1.4,56.53790046
1666950002.6873324,1507.15,1506.9,1.10201378,-1.4,56.53790046
1666950012.707659,1506.73,1506.73,0.98286946,-2.15,55.39612993
1666950022.6436756,1506.73,1506.73,0.98286946,-2.15,55.39612993
1666950032.796419,1506.73,1506.73,0.98286946,-2.15,55.39612993
1666950043.2110665,1506.73,1507.68,1.05865293,-1.2,60.23342423
1666950053.0531583,1506.73,1507.68,1.05865293,-1.2,60.23342423
1666950063.0269144,1506.73,1507.68,1.05865293,-1.2,60.23342423
1666950073.0515358,1508.3,1508.3,1.110261,-0.6,62.85574037
1666950083.0707335,1508.3,1508.3,1.110261,-0.6,62.85574037
1666950093.0412788,1508.3,1508.3,1.110261,-0.6,62.85574037
1666950103.153155,1508.3,1508.07,1.09191342,-0.83,61.24234975
1666950113.0873382,1508.3,1508.07,1.09191342,-0.83,61.24234975
1666950123.0670395,1508.3,1508.07,1.09191342,-0.83,61.24234975
1666950133.1167526,1506.46,1506.46,0.83856955,-1.27,51.91438159
1666950143.123038,1506.46,1506.46,0.83856955,-1.27,51.91438159
1666950153.0688937,1506.46,1506.46,0.83856955,-1.27,51.91438159
1666950163.2061772,1506.46,1506.35,0.82979463,-1.38,51.3428525
1666950173.0749018,1506.46,1506.35,0.82979463,-1.38,51.3428525
1666950183.1597202,1506.46,1506.35,0.82979463,-1.38,51.3428525
1666950193.044319,1506.01,1506.01,0.66816048,-1.87,49.64222298
1666950203.3438785,1506.01,1506.01,0.66816048,-1.87,49.64222298
1666950213.2214842,1506.01,1506.01,0.66816048,-1.87,49.64222298
1666950223.826347,1506.01,1506.85,0.73516903,-1.03,53.72073051
1666950234.0555146,1506.01,1506.85,0.73516903,-1.03,53.72073051
1666950243.8518171,1506.01,1506.85,0.73516903,-1.03,53.72073051
1666950253.830204,1507.32,1507.32,0.73972846,-0.5,55.73015418
1666950263.9905791,1507.32,1507.32,0.73972846,-0.5,55.73015418
1666950273.8360956,1507.32,1507.32,0.73972846,-0.5,55.73015418
1666950283.8180194,1507.32,1507.33,0.74052618,-0.49,55.77408188
1666950293.906353,1507.32,1507.33,0.74052618,-0.49,55.77408188
1666950303.8362176,1507.32,1507.33,0.74052618,-0.49,55.77408188
1666950313.8704884,1507.17,1507.17,0.68491657,-0.39,54.92166127
1666950323.8552456,1507.17,1507.17,0.68491657,-0.39,54.92166127
1666950333.901844,1507.17,1507.17,0.68491657,-0.39,54.92166127
1666950344.056212,1507.17,1507.85,0.73916159,0.29,57.94184641
1666950353.8351674,1507.17,1507.85,0.73916159,0.29,57.94184641
1666950364.1495526,1507.17,1507.85,0.73916159,0.29,57.94184641
1666950373.8901954,1506.79,1506.79,0.58982465,0.04,52.80274146
1666950383.9231305,1506.79,1506.79,0.58982465,0.04,52.80274146
1666950394.1941397,1506.79,1506.79,0.58982465,0.04,52.80274146
1666950404.6577103,1506.79,1506.57,0.57227479,-0.18,51.5624377
1666950414.5185103,1506.79,1506.57,0.57227479,-0.18,51.5624377
1666950424.9507115,1506.79,1506.57,0.57227479,-0.18,51.5624377
1666950434.532195,1506.39,1506.39,0.47518968,-0.1,50.59290538
1666950444.795539,1506.39,1506.39,0.47518968,-0.1,50.59290538
1666950454.5538087,1506.39,1506.39,0.47518968,-0.1,50.59290538
1666950464.4913042,1506.39,1506.29,0.46721248,-0.2,50.02978749
1666950474.4685495,1506.39,1506.29,0.46721248,-0.2,50.02978749
1666950484.4610212,1506.39,1506.29,0.46721248,-0.2,50.02978749
1666950494.5112174,1506.78,1506.78,0.46133277,-0.37,52.66065974
1666950504.460547,1506.78,1506.78,0.46133277,-0.37,52.66065974
1666950514.5085638,1506.78,1506.78,0.46133277,-0.37,52.66065974
1666950524.5129497,1506.78,1507.16,0.49164616,0.01,54.6675142
1666950534.7692192,1506.78,1507.16,0.49164616,0.01,54.6675142
1666950544.5310977,1506.78,1507.16,0.49164616,0.01,54.6675142
1666950554.4829805,1507.36,1507.36,0.5022093,0.62,55.65404643
1666950564.7074609,1507.36,1507.36,0.5022093,0.62,55.65404643
1666950574.4600506,1507.36,1507.36,0.5022093,0.62,55.65404643
1666950585.3187845,1507.36,1507.17,0.48705261,0.43,54.44193216
1666950595.125166,1507.36,1507.17,0.48705261,0.43,54.44193216
1666950605.0100582,1507.36,1507.17,0.48705261,0.43,54.44193216
1666950615.0834162,1506.76,1506.76,0.40744469,-1.54,51.99813669
1666950624.9737897,1506.76,1506.76,0.40744469,-1.54,51.99813669
1666950635.0504825,1506.76,1506.76,0.40744469,-1.54,51.99813669
1666950644.914899,1506.76,1506.62,0.3962766,-1.68,51.1537571
1666950654.9487984,1506.76,1506.62,0.3962766,-1.68,51.1537571
1666950665.1085644,1506.76,1506.62,0.3962766,-1.68,51.1537571
1666950674.964936,1506.3,1506.3,0.30164453,-0.15,49.31879513
1666950685.0349212,1506.3,1506.3,0.30164453,-0.15,49.31879513
1666950694.9101698,1506.3,1506.3,0.30164453,-0.15,49.31879513
1666950705.0414891,1506.3,1506.52,0.31919439,0.07,50.62840983
1666950714.9590535,1506.3,1506.52,0.31919439,0.07,50.62840983
1666950724.921748,1506.3,1506.52,0.31919439,0.07,50.62840983
1666950735.2110431,1506.26,1506.26,0.23716949,0.25,49.08922886
1666950745.3747694,1506.26,1506.26,0.23716949,0.25,49.08922886
1666950754.9883676,1506.26,1506.26,0.23716949,0.25,49.08922886
1666950765.4592068,1506.26,1506.28,0.23876493,0.27,49.21999104
1666950775.612089,1506.26,1506.28,0.23876493,0.27,49.21999104
1666950785.4940434,1506.26,1506.28,0.23876493,0.27,49.21999104
1666950795.6441543,1505.71,1505.71,0.10994357,-1.6,45.82861867
1666950805.5280783,1505.71,1505.71,0.10994357,-1.6,45.82861867
1666950815.7065594,1505.71,1505.71,0.10994357,-1.6,45.82861867
1666950825.55083,1505.71,1505.31,0.07803474,-2.0,43.56683437
1666950835.5474403,1505.71,1505.31,0.07803474,-2.0,43.56683437
1666950845.5530176,1505.71,1505.31,0.07803474,-2.0,43.56683437
1666950855.6597853,1506.16,1506.16,0.10637508,-1.01,48.81498731
1666950865.6796808,1506.16,1506.16,0.10637508,-1.01,48.81498731
1666950875.5986202,1506.16,1506.16,0.10637508,-1.01,48.81498731
1666950885.5998394,1506.16,1507.0,0.17338363,-0.17,53.93726959
1666950895.533178,1506.16,1507.0,0.17338363,-0.17,53.93726959
1666950905.678236,1506.16,1507.0,0.17338363,-0.17,53.93726959
1666950915.585464,1506.99,1506.99,0.1915731,0.2,53.88232704
1666950925.5224092,1506.99,1506.99,0.1915731,0.2,53.88232704
1666950935.948716,1506.99,1506.99,0.1915731,0.2,53.88232704
1666950946.224038,1506.99,1507.0,0.19237082,0.21,53.94149051
1666950956.1307795,1506.99,1507.0,0.19237082,0.21,53.94149051
1666950966.156295,1506.99,1507.0,0.19237082,0.21,53.94149051
1666950976.4679008,1506.53,1506.53,0.13923919,0.15,50.87614141
1666950986.1715617,1506.53,1506.53,0.13923919,0.15,50.87614141
1666950996.4350998,1506.53,1506.53,0.13923919,0.15,50.87614141
1666951006.46059,1506.53,1506.84,0.16396853,0.46,52.78780804
1666951016.1860726,1506.53,1506.84,0.16396853,0.46,52.78780804
1666951026.2085822,1506.53,1506.84,0.16396853,0.46,52.78780804
1666951036.2187462,1506.95,1506.95,0.18415617,0.16,53.43529936
1666951046.2078953,1506.95,1506.95,0.18415617,0.16,53.43529936
1666951056.1680398,1506.95,1506.95,0.18415617,0.16,53.43529936
1666951066.1753316,1506.95,1506.68,0.16261771,-0.11,51.58252055
1666951076.3243296,1506.95,1506.68,0.16261771,-0.11,51.58252055
1666951086.2301788,1506.95,1506.68,0.16261771,-0.11,51.58252055
1666951096.6493504,1506.32,1506.32,0.10256573,-1.04,49.29275877
1666951106.206295,1506.32,1506.32,0.10256573,-1.04,49.29275877
1666951116.22421,1506.32,1506.32,0.10256573,-1.04,49.29275877
1666951126.845469,1506.32,1505.63,0.047523,-1.73,45.15535176
1666951136.9021657,1506.32,1505.63,0.047523,-1.73,45.15535176
1666951146.8977635,1506.32,1505.63,0.047523,-1.73,45.15535176
1666951156.9802115,1505.8,1505.8,0.00333895,-0.96,46.10887095
1666951167.0697062,1505.8,1505.8,0.00333895,-0.96,46.10887095
1666951177.0086496,1505.8,1505.8,0.00333895,-0.96,46.10887095
1666951186.8440027,1505.8,1507.0,0.09906544,0.24,53.56306605
1666951197.033533,1505.8,1507.0,0.09906544,0.24,53.56306605
1666951206.874252,1505.8,1507.0,0.09906544,0.24,53.56306605
1666951217.0003223,1507.06,1507.06,0.13617559,0.75,53.88201691
1666951227.0528214,1507.06,1507.06,0.13617559,0.75,53.88201691
1666951237.2418768,1507.06,1507.06,0.13617559,0.75,53.88201691
1666951247.1109269,1507.06,1506.61,0.10027815,0.3,51.04996234
1666951257.474686,1507.06,1506.61,0.10027815,0.3,51.04996234
1666951266.875666,1507.06,1506.61,0.10027815,0.3,51.04996234
1666951276.857799,1506.58,1506.58,0.09147876,0.33,50.87407056
1666951286.9212463,1506.58,1506.58,0.09147876,0.33,50.87407056
1666951296.840886,1506.58,1506.58,0.09147876,0.33,50.87407056
1666951308.033078,1506.58,1506.26,0.06595169,0.01,48.91410477
1666951318.277064,1506.58,1506.26,0.06595169,0.01,48.91410477
1666951327.8862286,1506.58,1506.26,0.06595169,0.01,48.91410477
1666951337.9141474,1506.6,1506.6,0.08825348,0.88,51.00132326
1666951348.072339,1506.6,1506.6,0.08825348,0.88,51.00132326
1666951358.0145628,1506.6,1506.6,0.08825348,0.88,51.00132326
1666951368.080939,1506.6,1506.39,0.07150134,0.67,49.6012059
1666951377.9062583,1506.6,1506.39,0.07150134,0.67,49.6012059
1666951387.8876667,1506.6,1506.39,0.07150134,0.67,49.6012059
1666951398.1493926,1506.17,1506.17,0.02392585,0.01,48.20731742
1666951408.0807557,1506.17,1506.17,0.02392585,0.01,48.20731742
1666951418.4472084,1506.17,1506.17,0.02392585,0.01,48.20731742
1666951427.844237,1506.17,1505.61,-0.02074651,-0.55,44.77045999
1666951437.933689,1506.17,1505.61,-0.02074651,-0.55,44.77045999
1666951447.9066775,1506.17,1505.61,-0.02074651,-0.55,44.77045999
1666951457.951064,1505.52,1505.52,-0.09299768,-1.47,44.28308389
1666951468.0593374,1505.52,1505.52,-0.09299768,-1.47,44.28308389
1666951477.978059,1505.52,1505.52,-0.09299768,-1.47,44.28308389
1666951488.5752876,1505.52,1505.6,-0.08661591,-1.39,44.87925191
1666951498.585637,1505.52,1505.6,-0.08661591,-1.39,44.87925191
1666951508.6178107,1505.52,1505.6,-0.08661591,-1.39,44.87925191
1666951518.62911,1505.52,1505.52,-0.14229497,-1.01,44.28308389
1666951528.7522254,1505.52,1505.52,-0.14229497,-1.01,44.28308389
1666951538.561113,1505.52,1505.52,-0.14229497,-1.01,44.28308389
1666951548.5412624,1505.52,1505.02,-0.18218101,-1.51,41.27812695
1666951558.5442514,1505.52,1505.02,-0.18218101,-1.51,41.27812695
1666951568.5625987,1505.52,1505.02,-0.18218101,-1.51,41.27812695
1666951578.6916149,1505.02,1505.02,-0.24997785,-1.92,41.27812695
1666951588.8131528,1505.02,1505.02,-0.24997785,-1.92,41.27812695
1666951598.612024,1505.02,1505.02,-0.24997785,-1.92,41.27812695
1666951609.0167046,1505.02,1504.68,-0.27710036,-2.26,39.32400469
1666951618.6410692,1505.02,1504.68,-0.27710036,-2.26,39.32400469
1666951628.6306636,1505.02,1504.68,-0.27710036,-2.26,39.32400469
1666951638.6606424,1503.99,1503.99,-0.44584965,-2.33,35.87717257
1666951648.7567043,1503.99,1503.99,-0.44584965,-2.33,35.87717257
1666951658.904307,1503.99,1503.99,-0.44584965,-2.33,35.87717257
1666951669.4869456,1503.99,1503.45,-0.48892657,-2.87,33.40910743
1666951679.4248853,1503.99,1503.45,-0.48892657,-2.87,33.40910743
1666951689.4143522,1503.99,1503.45,-0.48892657,-2.87,33.40910743
1666951699.3804636,1503.68,1503.68,-0.57367744,-2.12,34.41755303
1666951709.571718,1503.68,1503.68,-0.57367744,-2.12,34.41755303
1666951719.4014463,1503.68,1503.68,-0.57367744,-2.12,34.41755303
1666951729.719606,1503.68,1503.99,-0.5489481,-1.81,37.17032936
1666951739.3803408,1503.68,1503.99,-0.5489481,-1.81,37.17032936
1666951749.4482186,1503.68,1503.99,-0.5489481,-1.81,37.17032936
1666951759.4524364,1504.22,1504.22,-0.5709633,-2.84,39.09258672
1666951769.5228767,1504.22,1504.22,-0.5709633,-2.84,39.09258672
1666951779.5896032,1504.22,1504.22,-0.5709633,-2.84,39.09258672
1666951789.6429574,1504.22,1504.94,-0.5135274,-2.12,44.69344973
1666951799.4333897,1504.22,1504.94,-0.5135274,-2.12,44.69344973
1666951809.416187,1504.22,1504.94,-0.5135274,-2.12,44.69344973
1666951819.380127,1505.04,1505.04,-0.4801717,-1.53,45.40157831
1666951829.4182825,1505.04,1505.04,-0.4801717,-1.53,45.40157831
1666951839.4835248,1505.04,1505.04,-0.4801717,-1.53,45.40157831
1666951849.813125,1505.04,1504.96,-0.48655347,-1.61,44.91249888
1666951859.8751843,1505.04,1504.96,-0.48655347,-1.61,44.91249888
1666951869.8080409,1505.04,1504.96,-0.48655347,-1.61,44.91249888
1666951880.042372,1504.1,1504.1,-0.58770606,-2.49,40.24757163
1666951889.8409824,1504.1,1504.1,-0.58770606,-2.49,40.24757163
1666951900.0116498,1504.1,1504.1,-0.58770606,-2.49,40.24757163
1666951909.8472223,1504.1,1503.86,-0.60685136,-2.73,39.03029664
1666951919.8126388,1504.1,1503.86,-0.60685136,-2.73,39.03029664
1666951929.8699644,1504.1,1503.86,-0.60685136,-2.73,39.03029664
1666951939.7532125,1503.86,1503.86,-0.64044569,-2.32,39.02651349
1666951949.9006388,1503.86,1503.86,-0.64044569,-2.32,39.02651349
1666951960.0360816,1503.86,1503.86,-0.64044569,-2.32,39.02651349
1666951969.833123,1503.86,1505.15,-0.5375397,-1.03,48.10564539
1666951979.860742,1503.86,1505.15,-0.5375397,-1.03,48.10564539
1666951989.8944185,1503.86,1505.15,-0.5375397,-1.03,48.10564539
1666952000.0557106,1505.91,1505.91,-0.36968349,0.4,52.29256377
1666952009.862468,1505.91,1505.91,-0.36968349,0.4,52.29256377
1666952019.919663,1505.91,1505.91,-0.36968349,0.4,52.29256377
1666952030.300567,1505.91,1506.52,-0.32102252,1.01,55.41423725
1666952040.5227184,1505.91,1506.52,-0.32102252,1.01,55.41423725
1666952050.3401873,1505.91,1506.52,-0.32102252,1.01,55.41423725
1666952060.411615,1505.92,1505.92,-0.28005437,0.4,52.34244453
1666952070.3875337,1505.92,1505.92,-0.28005437,0.4,52.34244453
1666952080.267244,1505.92,1505.77,-0.29202018,0.25,51.39447632
1666952090.325307,1505.92,1505.77,-0.29202018,0.25,51.39447632
1666952100.3059554,1505.92,1505.77,-0.29202018,0.25,51.39447632
1666952110.294409,1505.92,1505.77,-0.29202018,0.25,51.39447632
1666952120.6284423,1505.7,1505.7,-0.23899037,0.68,50.96374359
1666952130.4116004,1505.7,1505.7,-0.23899037,0.68,50.96374359
1666952140.5556324,1505.7,1505.57,-0.24936074,0.55,50.12358066
1666952150.8072722,1505.7,1505.57,-0.24936074,0.55,50.12358066
1666952160.3463025,1505.7,1505.57,-0.24936074,0.55,50.12358066
1666952170.336293,1505.7,1505.57,-0.24936074,0.55,50.12358066
1666952180.3110735,1505.43,1505.43,-0.22851216,1.44,49.24922866
1666952190.3108397,1505.43,1505.43,-0.22851216,1.44,49.24922866
1666952200.5864377,1505.43,1505.28,-0.24047797,1.29,48.2775178
1666952211.11426,1505.43,1505.28,-0.24047797,1.29,48.2775178
1666952221.2198496,1505.43,1505.28,-0.24047797,1.29,48.2775178
1666952231.1592145,1504.1,1504.1,-0.38821995,0.42,41.78734612
1666952241.1798694,1504.1,1504.1,-0.38821995,0.42,41.78734612
1666952251.2169695,1504.1,1504.1,-0.38821995,0.42,41.78734612
1666952261.2569792,1504.1,1503.8,-0.41215157,0.12,40.30479763
1666952271.418435,1504.1,1503.8,-0.41215157,0.12,40.30479763
1666952281.129147,1504.1,1503.8,-0.41215157,0.12,40.30479763
1666952291.1478994,1503.49,1503.49,-0.51265477,-0.74,38.87943774
1666952301.187994,1503.49,1503.49,-0.51265477,-0.74,38.87943774
1666952311.3109896,1503.49,1503.49,-0.51265477,-0.74,38.87943774
1666952321.1525686,1503.49,1503.99,-0.47276873,-0.24,42.41662381
1666952331.4221878,1503.49,1503.99,-0.47276873,-0.24,42.41662381
1666952341.4398215,1503.49,1503.99,-0.47276873,-0.24,42.41662381
1666952351.286538,1504.01,1504.01,-0.49205513,-1.04,42.56301044
1666952361.2751884,1504.01,1504.01,-0.49205513,-1.04,42.56301044
1666952371.2254744,1504.01,1504.01,-0.49205513,-1.04,42.56301044
1666952381.3325562,1504.01,1504.38,-0.46253946,-0.67,45.07214445
1666952392.1671815,1504.01,1504.38,-0.46253946,-0.67,45.07214445
1666952401.9878526,1504.01,1504.38,-0.46253946,-0.67,45.07214445
1666952411.9992633,1505.24,1505.24,-0.33017311,1.13,50.17181974
1666952422.041822,1505.24,1505.24,-0.33017311,1.13,50.17181974
1666952432.0936103,1505.24,1505.24,-0.33017311,1.13,50.17181974
1666952441.9383843,1505.24,1505.48,-0.31102781,1.37,51.52324676
1666952452.043719,1505.24,1505.48,-0.31102781,1.37,51.52324676
1666952461.9687696,1505.24,1505.48,-0.31102781,1.37,51.52324676
1666952471.9751642,1505.24,1505.48,-0.31102781,1.37,51.52324676
1666952482.2574074,1505.48,1505.48,-0.2412863,1.61,51.5153437
1666952492.2320976,1505.48,1505.48,-0.2412863,1.61,51.5153437
1666952502.5348804,1505.48,1505.65,-0.22772504,1.78,52.50180886
1666952511.9833646,1505.48,1505.65,-0.22772504,1.78,52.50180886
1666952522.041931,1505.48,1505.65,-0.22772504,1.78,52.50180886
1666952532.0369315,1506.95,1506.95,0.02266615,1.03,58.8798778
1666952542.3216052,1506.95,1506.95,0.02266615,1.03,58.8798778
1666952552.006434,1506.95,1506.95,0.02266615,1.03,58.8798778
1666952562.3419783,1506.95,1507.11,0.03542968,1.19,59.5985218
1666952572.495072,1506.95,1507.11,0.03542968,1.19,59.5985218
1666952582.5912137,1506.95,1507.11,0.03542968,1.19,59.5985218
1666952592.3520927,1506.95,1507.11,0.03542968,1.19,59.5985218
1666952602.398003,1508.33,1508.33,0.33365508,2.4,64.31695729
1666952612.4052188,1508.33,1508.33,0.33365508,2.4,64.31695729
1666952622.4263723,1508.33,1507.42,0.26106249,1.49,58.7762016
1666952632.504217,1508.33,1507.42,0.26106249,1.49,58.7762016
1666952642.4684975,1508.33,1507.42,0.26106249,1.49,58.7762016
1666952652.4307358,1508.33,1507.42,0.26106249,1.49,58.7762016
1666952662.5328553,1508.99,1508.99,0.57931408,3.29,66.6352527
1666952672.5789664,1508.99,1508.99,0.57931408,3.29,66.6352527
1666952682.5558684,1508.99,1509.7,0.63595225,4.0,68.94215422
1666952692.721717,1508.99,1509.7,0.63595225,4.0,68.94215422
1666952702.6218786,1508.99,1509.7,0.63595225,4.0,68.94215422
1666952712.427349,1508.29,1508.29,0.62621758,2.86,62.1073763
1666952722.7094157,1508.29,1508.29,0.62621758,2.86,62.1073763
1666952732.365968,1508.29,1508.29,0.62621758,2.86,62.1073763
1666952742.463204,1508.29,1508.62,0.65254236,3.19,63.40566147
1666952753.0409384,1508.29,1508.62,0.65254236,3.19,63.40566147
1666952763.0729043,1508.29,1508.62,0.65254236,3.19,63.40566147
1666952773.0480769,1509.16,1509.16,0.82255487,5.05,65.27908593
1666952783.3122818,1509.16,1509.16,0.82255487,5.05,65.27908593
1666952793.0538542,1509.16,1509.16,0.82255487,5.05,65.27908593
1666952803.130347,1509.16,1508.09,0.73719875,3.98,58.75577143
1666952813.0472958,1509.16,1508.09,0.73719875,3.98,58.75577143
1666952823.08691,1509.16,1508.09,0.73719875,3.98,58.75577143
1666952833.0463865,1508.44,1508.44,0.81022599,4.95,60.74123601
1666952843.106155,1508.44,1508.44,0.81022599,4.95,60.74123601
1666952853.840725,1508.44,1508.44,0.81022599,4.95,60.74123601
1666952863.2414155,1508.44,1508.33,0.80145107,4.84,60.05438012
1666952873.2603164,1508.44,1508.33,0.80145107,4.84,60.05438012
1666952883.1540518,1508.44,1508.33,0.80145107,4.84,60.05438012
1666952893.1252427,1508.44,1508.44,0.83694881,4.42,60.71410012
1666952903.0847814,1508.44,1508.44,0.83694881,4.42,60.71410012
1666952913.1564786,1508.44,1508.44,0.83694881,4.42,60.71410012
1666952923.0875692,1508.44,1508.05,0.8058377,4.03,58.17893377
1666952933.488642,1508.44,1508.05,0.8058377,4.03,58.17893377
1666952943.507187,1508.44,1508.05,0.8058377,4.03,58.17893377
1666952953.5333726,1508.44,1508.05,0.8058377,4.03,58.17893377
1666952963.4973278,1508.31,1508.31,0.8293455,3.08,59.8448471
1666952973.6862128,1508.31,1508.31,0.8293455,3.08,59.8448471
1666952983.504117,1508.31,1508.31,0.8293455,3.08,59.8448471
1666952993.5535312,1508.31,1508.31,0.8293455,3.08,59.8448471
1666953003.6033669,1508.31,1508.31,0.8293455,3.08,59.8448471
1666953014.0534923,1507.24,1507.24,0.67080432,1.75,53.10545271
1666953023.7091527,1507.24,1507.24,0.67080432,1.75,53.10545271
1666953033.5270777,1507.24,1507.24,0.67080432,1.75,53.10545271
1666953043.5540423,1507.24,1507.1,0.65963623,1.61,52.2759365
1666953053.7111874,1507.24,1507.1,0.65963623,1.61,52.2759365
1666953063.5599496,1507.24,1507.1,0.65963623,1.61,52.2759365
1666953073.5508971,1506.82,1506.82,0.54644887,-0.12,50.69229206
1666953083.558359,1506.82,1506.82,0.54644887,-0.12,50.69229206
1666953093.5777242,1506.82,1506.82,0.54644887,-0.12,50.69229206
1666953103.5736375,1506.82,1506.62,0.53049446,-0.32,49.53790839
1666953114.06761,1506.82,1506.62,0.53049446,-0.32,49.53790839
1666953124.3622684,1506.82,1506.62,0.53049446,-0.32,49.53790839
1666953134.0774567,1506.79,1506.79,0.46480096,-1.55,50.51571662
1666953144.1253686,1506.79,1506.79,0.46480096,-1.55,50.51571662
1666953154.41599,1506.79,1506.79,0.46480096,-1.55,50.51571662
1666953164.159512,1506.79,1506.46,0.43847618,-1.88,48.51386625
1666953174.5493815,1506.79,1506.46,0.43847618,-1.88,48.51386625
1666953184.1562886,1506.79,1506.46,0.43847618,-1.88,48.51386625
1666953194.1421812,1506.99,1506.99,0.42568241,-1.99,51.72303481
1666953204.1024432,1506.99,1506.99,0.42568241,-1.99,51.72303481
1666953214.1881003,1506.99,1506.99,0.42568241,-1.99,51.72303481
1666953224.08682,1506.99,1507.81,0.49109551,-1.17,56.41797831
1666953234.168172,1506.99,1507.81,0.49109551,-1.17,56.41797831
1666953244.1742222,1506.99,1507.81,0.49109551,-1.17,56.41797831
1666953254.117443,1506.99,1507.81,0.49109551,-1.17,56.41797831
1666953264.1385107,1507.91,1507.91,0.50773648,-0.39,56.92879325
1666953274.3221068,1507.91,1507.91,0.50773648,-0.39,56.92879325
1666953284.1818128,1507.91,1508.93,0.589104,0.63,61.84161558
1666953294.5566387,1507.91,1508.93,0.589104,0.63,61.84161558
1666953304.5453942,1507.91,1508.93,0.589104,0.63,61.84161558
1666953314.6964622,1508.41,1508.41,0.57941939,-0.76,59.48572416
1666953324.5045462,1508.41,1508.41,0.57941939,-0.76,59.48572416
1666953334.9991908,1508.41,1508.41,0.57941939,-0.76,59.48572416
1666953344.768071,1508.41,1508.69,0.60175557,-0.48,60.88607252
1666953354.7037752,1508.41,1508.69,0.60175557,-0.48,60.88607252
1666953364.5669005,1508.41,1508.69,0.60175557,-0.48,60.88607252
1666953374.563349,1507.87,1507.87,0.52077676,-0.57,55.63433452
1666953384.7061048,1507.87,1507.87,0.52077676,-0.57,55.63433452
1666953394.944144,1507.87,1507.87,0.52077676,-0.57,55.63433452
1666953404.5947804,1507.87,1507.54,0.49445197,-0.9,53.37969238
1666953414.5896237,1507.87,1507.54,0.49445197,-0.9,53.37969238
1666953424.5614662,1507.87,1507.54,0.49445197,-0.9,53.37969238
1666953434.7758207,1507.19,1507.19,0.40776103,-1.26,51.16218437
1666953444.6112585,1507.19,1507.19,0.40776103,-1.26,51.16218437
1666953454.5905242,1507.19,1507.19,0.40776103,-1.26,51.16218437
1666953464.5404172,1507.19,1505.57,0.27853026,-2.88,42.40132404
1666953475.5709915,1507.19,1505.57,0.27853026,-2.88,42.40132404
1666953485.4053884,1507.19,1505.57,0.27853026,-2.88,42.40132404
1666953495.4054463,1505.1,1505.1,0.06038024,-3.21,40.41844112
1666953505.537228,1505.1,1505.1,0.06038024,-3.21,40.41844112
1666953515.494544,1505.1,1505.1,0.06038024,-3.21,40.41844112
1666953525.8832183,1505.1,1505.67,0.10585033,-2.64,43.88017955
1666953535.32945,1505.1,1505.67,0.10585033,-2.64,43.88017955
1666953545.4063864,1505.1,1505.67,0.10585033,-2.64,43.88017955
1666953555.445284,1505.91,1505.91,0.03328027,-1.33,45.2202837
1666953565.3728244,1505.91,1505.91,0.03328027,-1.33,45.2202837
1666953575.3663104,1505.91,1505.91,0.03328027,-1.33,45.2202837
1666953585.447977,1505.91,1503.79,-0.13583654,-3.45,36.84954615
1666953595.6765933,1505.91,1503.79,-0.13583654,-3.45,36.84954615
1666953605.5768228,1505.91,1503.79,-0.13583654,-3.45,36.84954615
1666953615.5109415,1503.59,1503.59,-0.36753263,-3.23,36.24489623
1666953625.3378153,1503.59,1503.59,-0.36753263,-3.23,36.24489623
1666953635.574999,1503.59,1503.59,-0.36753263,-3.23,36.24489623
1666953645.4195487,1503.59,1503.46,-0.377903,-3.36,35.78945098
1666953655.769969,1503.59,1503.46,-0.377903,-3.36,35.78945098
1666953665.7619808,1503.59,1503.46,-0.377903,-3.36,35.78945098
1666953675.717353,1502.89,1502.89,-0.63131726,-3.9,34.05065034
1666953686.274528,1502.89,1502.89,-0.63131726,-3.9,34.05065034
1666953695.773353,1502.89,1502.89,-0.63131726,-3.9,34.05065034
1666953705.7996416,1502.89,1503.62,-0.57308364,-3.17,38.2567333
1666953716.1039991,1502.89,1503.62,-0.57308364,-3.17,38.2567333
1666953725.8282306,1502.89,1503.62,-0.57308364,-3.17,38.2567333
1666953735.955582,1502.89,1503.62,-0.57308364,-3.17,38.2567333
1666953745.8723898,1503.28,1503.28,-0.73190152,-3.71,36.37093502
1666953755.8208704,1503.28,1503.28,-0.73190152,-3.71,36.37093502
1666953765.812335,1503.28,1502.21,-0.81725765,-4.78,32.92221094
1666953775.8092437,1503.28,1502.21,-0.81725765,-4.78,32.92221094
1666953786.0598166,1503.28,1502.21,-0.81725765,-4.78,32.92221094
1666953796.8604543,1502.39,1502.39,-0.95192852,-5.52,33.45209984
1666953805.8410194,1502.39,1502.39,-0.95192852,-5.52,33.45209984
1666953815.863959,1502.39,1502.39,-0.95192852,-5.52,33.45209984
1666953825.8123648,1502.39,1501.83,-0.99660088,-6.08,31.74047174
1666953836.3156345,1502.39,1501.83,-0.99660088,-6.08,31.74047174
1666953846.3479173,1502.39,1501.83,-0.99660088,-6.08,31.74047174
1666953856.2592742,1500.45,1500.45,-1.33146893,-7.96,28.1847099
1666953866.5074346,1500.45,1500.45,-1.33146893,-7.96,28.1847099
1666953876.5037968,1500.45,1500.45,-1.33146893,-7.96,28.1847099
1666953886.281736,1500.45,1501.29,-1.26446038,-7.12,33.06757712
1666953896.403085,1500.45,1501.29,-1.26446038,-7.12,33.06757712
1666953906.342492,1500.45,1501.29,-1.26446038,-7.12,33.06757712
1666953916.5436628,1500.0,1500.0,-1.55602941,-7.86,27.11670309
1666953926.3738043,1500.0,1500.0,-1.55602941,-7.86,27.11670309
1666953936.3206058,1500.0,1500.0,-1.55602941,-7.86,27.11670309
1666953946.346422,1500.0,1500.75,-1.49620035,-7.11,31.71965213
1666953956.525529,1500.0,1500.75,-1.49620035,-7.11,31.71965213
1666953966.3740108,1500.0,1500.75,-1.49620035,-7.11,31.71965213
1666953976.3276155,1501.07,1501.07,-1.53609284,-6.13,33.53022204
1666953986.3359604,1501.07,1501.07,-1.53609284,-6.13,33.53022204
1666953996.3444734,1501.07,1501.07,-1.53609284,-6.13,33.53022204
1666954006.394333,1501.07,1499.03,-1.69882789,-8.17,28.34407329
1666954017.1146894,1501.07,1499.03,-1.69882789,-8.17,28.34407329
1666954027.2257264,1501.07,1499.03,-1.69882789,-8.17,28.34407329
1666954037.1954978,1498.4,1498.4,-1.9460391,-6.69,27.05632408
1666954047.2818427,1498.4,1498.4,-1.9460391,-6.69,27.05632408
1666954057.238125,1498.4,1498.4,-1.9460391,-6.69,27.05632408
1666954067.2768383,1498.4,1497.67,-2.00427272,-7.42,25.60637051
1666954077.3375227,1498.4,1497.67,-2.00427272,-7.42,25.60637051
1666954087.178434,1498.4,1497.67,-2.00427272,-7.42,25.60637051
1666954097.174031,1497.84,1497.84,-2.15857523,-8.07,25.96993491
1666954107.228896,1497.84,1497.84,-2.15857523,-8.07,25.96993491
1666954117.2131774,1497.84,1497.84,-2.15857523,-8.07,25.96993491
1666954127.2068467,1497.84,1496.72,-2.24791996,-9.19,23.79754641
1666954137.160722,1497.84,1496.72,-2.24791996,-9.19,23.79754641
1666954147.2372503,1497.84,1496.72,-2.24791996,-9.19,23.79754641
1666954157.6815429,1495.71,1495.71,-2.56535448,-7.87,22.15240166
1666954167.2448084,1495.71,1495.71,-2.56535448,-7.87,22.15240166
1666954177.289227,1495.71,1495.71,-2.56535448,-7.87,22.15240166
1666954187.2120895,1495.71,1497.49,-2.42336017,-6.09,31.15117211
1666954197.8018937,1495.71,1497.49,-2.42336017,-6.09,31.15117211
1666954207.7950232,1495.71,1497.49,-2.42336017,-6.09,31.15117211
1666954217.769835,1495.08,1495.08,-2.8107649,-7.8,21.16890368
1666954227.9428356,1495.08,1495.08,-2.8107649,-7.8,21.16890368
1666954237.7786973,1495.08,1495.08,-2.8107649,-7.8,21.16890368
1666954247.8147025,1495.08,1494.48,-2.85862814,-8.4,20.24802837
1666954257.971032,1495.08,1494.48,-2.85862814,-8.4,20.24802837
1666954268.12559,1495.08,1494.48,-2.85862814,-8.4,20.24802837
1666954277.7982414,1493.58,1493.58,-3.14430056,-9.69,19.00773589
1666954287.828133,1493.58,1493.58,-3.14430056,-9.69,19.00773589
1666954297.8455691,1493.58,1493.58,-3.14430056,-9.69,19.00773589
1666954307.7812283,1493.58,1494.61,-3.06213531,-8.66,24.69306658
1666954317.7855124,1493.58,1494.61,-3.06213531,-8.66,24.69306658
1666954327.8528872,1493.58,1494.61,-3.06213531,-8.66,24.69306658
1666954337.8354015,1496.02,1496.02,-2.93049557,-6.37,31.31689171
1666954347.7890153,1496.02,1496.02,-2.93049557,-6.37,31.31689171
1666954357.7989182,1496.02,1496.02,-2.93049557,-6.37,31.31689171
1666954367.8221235,1496.02,1496.81,-2.86747562,-5.58,34.74394903
1666954378.5451748,1496.02,1496.81,-2.86747562,-5.58,34.74394903
1666954388.5225155,1496.02,1496.81,-2.86747562,-5.58,34.74394903
1666954398.4898603,1497.11,1497.11,-2.72801132,-3.35,35.98146085
1666954408.5482776,1497.11,1497.11,-2.72801132,-3.35,35.98146085
1666954418.7194717,1497.11,1497.11,-2.72801132,-3.35,35.98146085
1666954428.5415535,1497.11,1497.14,-2.72561815,-3.32,36.09147817
1666954438.5250204,1497.11,1497.14,-2.72561815,-3.32,36.09147817
1666954448.5127263,1497.11,1497.14,-2.72561815,-3.32,36.09147817
1666954458.6228194,1497.59,1497.59,-2.53979271,-2.42,37.9670967
1666954468.549046,1497.59,1497.59,-2.53979271,-2.42,37.9670967
1666954478.832476,1497.59,1497.59,-2.53979271,-2.42,37.9670967
1666954488.702749,1497.59,1498.1,-2.49910895,-1.91,40.10875261
1666954498.6434946,1497.59,1498.1,-2.49910895,-1.91,40.10875261
1666954508.5654814,1497.59,1498.1,-2.49910895,-1.91,40.10875261
1666954518.9598231,1497.79,1497.79,-2.36448675,-3.27,38.82496454
1666954528.5630412,1497.79,1497.79,-2.36448675,-3.27,38.82496454
1666954538.8787284,1497.79,1497.79,-2.36448675,-3.27,38.82496454
1666954548.5801225,1497.79,1498.49,-2.30864629,-2.57,41.85576714
1666954559.4313843,1497.79,1498.49,-2.30864629,-2.57,41.85576714
1666954569.4219456,1497.79,1498.49,-2.30864629,-2.57,41.85576714
1666954579.3283882,1499.17,1499.17,-2.01822863,0.76,44.52849798
1666954589.3407362,1499.17,1499.17,-2.01822863,0.76,44.52849798
1666954599.5565383,1499.17,1499.17,-2.01822863,0.76,44.52849798
1666954609.5316749,1499.17,1500.1,-1.94404059,1.69,48.04221607
1666954619.3891711,1499.17,1500.1,-1.94404059,1.69,48.04221607
1666954629.3632684,1499.17,1500.1,-1.94404059,1.69,48.04221607
1666954639.4191806,1500.95,1500.95,-1.55794309,3.12,50.88563901
1666954649.3778744,1500.95,1500.95,-1.55794309,3.12,50.88563901
1666954659.3679936,1500.95,1500.95,-1.55794309,3.12,50.88563901
1666954669.3984387,1500.95,1501.91,-1.48136189,4.08,53.95077773
1666954679.306093,1500.95,1501.91,-1.48136189,4.08,53.95077773
1666954689.6659849,1500.95,1501.91,-1.48136189,4.08,53.95077773
1666954699.7571893,1502.43,1502.43,-1.08159879,6.71,55.4565443
1666954709.7259471,1502.43,1502.43,-1.08159879,6.71,55.4565443
1666954719.5557563,1502.43,1502.43,-1.08159879,6.71,55.4565443
1666954729.3941088,1502.43,1501.34,-1.16855036,5.62,51.64442374
1666954740.1495926,1502.43,1501.34,-1.16855036,5.62,51.64442374
1666954750.0977087,1502.43,1501.34,-1.16855036,5.62,51.64442374
1666954760.163857,1500.58,1500.58,-1.05008851,5.49,49.28235584
1666954770.47674,1500.58,1500.58,-1.05008851,5.49,49.28235584
1666954780.476998,1500.58,1500.88,-1.02615689,5.79,50.24964752
1666954790.5352156,1500.58,1500.88,-1.02615689,5.79,50.24964752
1666954800.690166,1500.58,1500.88,-1.02615689,5.79,50.24964752
1666954810.391509,1500.88,1500.88,-0.85478544,7.3,50.24687641
1666954820.2602637,1500.88,1500.88,-0.85478544,7.3,50.24687641
1666954830.4658656,1500.88,1500.88,-0.85478544,7.3,50.24687641
1666954840.4964736,1500.88,1501.19,-0.83005609,7.61,51.28126262
1666954850.1538105,1500.88,1501.19,-0.83005609,7.61,51.28126262
1666954860.08522,1500.88,1501.19,-0.83005609,7.61,51.28126262
1666954870.120636,1500.88,1501.19,-0.83005609,7.61,51.28126262
1666954880.331452,1501.42,1501.42,-0.63506816,5.39,52.02110591
1666954890.1274683,1501.42,1501.42,-0.63506816,5.39,52.02110591
1666954900.350024,1501.42,1501.42,-0.63506816,5.39,52.02110591
1666954910.5997086,1501.42,1501.19,-0.65341574,5.16,51.18403373
1666954920.737445,1501.42,1501.19,-0.65341574,5.16,51.18403373
1666954930.5648804,1499.02,1499.02,-0.82870746,1.9,44.43771383
1666954940.527072,1499.02,1499.02,-0.82870746,1.9,44.43771383
1666954950.5738432,1499.02,1499.02,-0.82870746,1.9,44.43771383
1666954960.5746362,1499.02,1499.66,-0.77765332,2.54,46.67029139
1666954970.5445712,1499.02,1499.66,-0.77765332,2.54,46.67029139
1666954980.508232,1499.02,1499.66,-0.77765332,2.54,46.67029139
1666954990.5804782,1499.02,1499.66,-0.77765332,2.54,46.67029139
1666955000.56874,1499.13,1499.13,-0.80604244,1.55,44.83740193
1666955010.5512607,1499.13,1499.13,-0.80604244,1.55,44.83740193
1666955020.616472,1499.13,1498.79,-0.83316495,1.21,43.78750832
1666955030.610986,1499.13,1498.79,-0.83316495,1.21,43.78750832
1666955040.632705,1499.13,1498.79,-0.83316495,1.21,43.78750832
1666955050.5525343,1498.75,1498.75,-0.83968288,0.96,43.67960104
1666955060.550061,1498.75,1498.75,-0.83968288,0.96,43.67960104
1666955071.1650896,1498.75,1498.75,-0.83968288,0.96,43.67960104
1666955080.6175642,1498.75,1498.75,-0.83968288,0.96,43.67960104
1666955090.8019638,1498.75,1498.0,-0.89951194,0.21,41.38961559
1666955101.5600042,1498.75,1498.0,-0.89951194,0.21,41.38961559
1666955111.2705896,1498.0,1498.0,-0.93750147,-1.16,41.3873987
1666955121.2562752,1498.0,1498.0,-0.93750147,-1.16,41.3873987
1666955131.3305175,1498.0,1498.0,-0.93750147,-1.16,41.3873987
1666955141.2808704,1498.0,1498.27,-0.91596301,-0.89,42.53957053
1666955151.429977,1498.0,1498.27,-0.91596301,-0.89,42.53957053
1666955161.378249,1498.0,1498.27,-0.91596301,-0.89,42.53957053
1666955171.3486154,1498.0,1498.0,-0.95720657,-2.95,41.3873987
1666955181.508167,1498.0,1498.0,-0.95720657,-2.95,41.3873987
1666955191.4291294,1498.0,1498.0,-0.95720657,-2.95,41.3873987
1666955201.331499,1498.0,1498.0,-0.95720657,-2.95,41.3873987
1666955211.40265,1498.0,1495.81,-1.13190743,-5.14,35.16788164
1666955221.327224,1498.0,1495.81,-1.13190743,-5.14,35.16788164
1666955231.3374355,1494.98,1494.98,-1.38865142,-7.45,33.27286633
1666955241.4503477,1494.98,1494.98,-1.38865142,-7.45,33.27286633
1666955251.3294463,1494.98,1494.98,-1.38865142,-7.45,33.27286633
1666955261.8189402,1494.98,1495.19,-1.37189928,-7.24,34.23839419
1666955271.4070077,1494.98,1495.19,-1.37189928,-7.24,34.23839419
1666955282.2645712,1494.98,1495.19,-1.37189928,-7.24,34.23839419
1666955292.2368786,1494.95,1494.95,-1.52634533,-5.63,33.20322378
1666955302.3617237,1494.95,1494.95,-1.52634533,-5.63,33.20322378
1666955312.2675636,1494.95,1494.95,-1.52634533,-5.63,33.20322378
1666955322.5107565,1494.95,1496.02,-1.4409892,-4.56,38.17377269
1666955332.286626,1494.95,1496.02,-1.4409892,-4.56,38.17377269
1666955342.2570982,1494.95,1496.02,-1.4409892,-4.56,38.17377269
1666955352.181376,1495.76,1495.76,-1.50045232,-5.13,37.03526546
1666955362.2248356,1495.76,1495.76,-1.50045232,-5.13,37.03526546
1666955372.279595,1495.76,1495.76,-1.50045232,-5.13,37.03526546
1666955382.407805,1495.76,1496.27,-1.45976856,-4.62,39.39285599
1666955392.298581,1495.76,1496.27,-1.45976856,-4.62,39.39285599
1666955402.3020313,1495.76,1496.27,-1.45976856,-4.62,39.39285599
1666955412.27571,1497.16,1497.16,-1.3151678,-4.26,43.11734027
1666955422.6380668,1497.16,1497.16,-1.3151678,-4.26,43.11734027
1666955432.3993115,1497.16,1497.16,-1.3151678,-4.26,43.11734027
1666955442.3257318,1497.16,1497.36,-1.29921339,-4.06,43.93928629
1666955452.251319,1497.16,1497.36,-1.29921339,-4.06,43.93928629
1666955462.7403193,1497.16,1497.36,-1.29921339,-4.06,43.93928629
1666955472.6744106,1496.82,1496.82,-1.29058583,-2.2,42.05526298
1666955482.667022,1496.82,1496.82,-1.29058583,-2.2,42.05526298
1666955492.7646585,1496.82,1496.82,-1.29058583,-2.2,42.05526298
1666955502.756333,1496.82,1497.59,-1.22916133,-1.43,45.32521026
1666955512.9346297,1496.82,1497.59,-1.22916133,-1.43,45.32521026
1666955522.69673,1496.82,1497.59,-1.22916133,-1.43,45.32521026
1666955532.7648292,1496.07,1496.07,-1.34201596,-3.05,39.73537483
1666955542.7388766,1496.07,1496.07,-1.34201596,-3.05,39.73537483
1666955552.746632,1496.07,1496.07,-1.34201596,-3.05,39.73537483
1666955562.839919,1496.07,1495.86,-1.35876809,-3.26,39.08524183
1666955572.7366192,1496.07,1495.86,-1.35876809,-3.26,39.08524183
1666955582.999555,1496.07,1495.86,-1.35876809,-3.26,39.08524183
1666955592.7697115,1495.24,1495.24,-1.43808874,-3.5,37.30665877
1666955602.7503245,1495.24,1495.24,-1.43808874,-3.5,37.30665877
1666955612.834846,1495.24,1495.24,-1.43808874,-3.5,37.30665877
1666955622.961169,1495.24,1496.68,-1.32321694,-2.06,43.77675745
1666955632.765698,1495.24,1496.68,-1.32321694,-2.06,43.77675745
1666955643.3847413,1495.24,1496.68,-1.32321694,-2.06,43.77675745
1666955653.53833,1496.85,1496.85,-1.21626187,-1.16,44.45893933
1666955663.4395776,1496.85,1496.85,-1.21626187,-1.16,44.45893933
1666955673.401762,1496.85,1496.85,-1.21626187,-1.16,44.45893933
1666955683.749128,1496.85,1497.86,-1.13569207,-0.15,48.42290084
1666955693.475052,1496.85,1497.86,-1.13569207,-0.15,48.42290084
1666955703.7179034,1496.85,1497.86,-1.13569207,-0.15,48.42290084
1666955713.3882787,1497.79,1497.79,-0.9969738,-0.21,48.16600004
1666955723.3529997,1497.79,1497.79,-0.9969738,-0.21,48.16600004
1666955733.417934,1497.79,1497.79,-0.9969738,-0.21,48.16600004
1666955743.8262382,1497.79,1498.88,-0.91002223,0.88,52.16173876
1666955753.4407876,1497.79,1498.88,-0.91002223,0.88,52.16173876
1666955763.651989,1497.79,1498.88,-0.91002223,0.88,52.16173876
1666955773.433273,1498.46,1498.46,-0.77784203,3.48,50.69728387
1666955783.430947,1498.46,1498.46,-0.77784203,3.48,50.69728387
1666955793.4270804,1498.46,1498.46,-0.77784203,3.48,50.69728387
1666955803.4487011,1498.46,1497.88,-0.82410984,2.9,48.48971808
1666955813.4390435,1498.46,1497.88,-0.82410984,2.9,48.48971808
1666955824.0468128,1498.46,1497.88,-0.82410984,2.9,48.48971808
1666955834.0178497,1498.26,1498.26,-0.66805637,3.31,49.91680538
1666955844.095533,1498.26,1498.26,-0.66805637,3.31,49.91680538
1666955854.091483,1498.26,1498.26,-0.66805637,3.31,49.91680538
1666955864.3920846,1498.26,1498.95,-0.61301363,4.0,52.63254653
1666955874.0714128,1498.26,1498.95,-0.61301363,4.0,52.63254653
1666955884.0552409,1498.26,1498.95,-0.61301363,4.0,52.63254653
1666955894.2949226,1498.67,1498.67,-0.50272936,2.91,51.56111782
1666955904.495153,1498.67,1498.67,-0.50272936,2.91,51.56111782
1666955914.0933464,1498.67,1498.67,-0.50272936,2.91,51.56111782
1666955924.2995927,1498.67,1498.55,-0.51230201,2.79,51.03206969
1666955934.278525,1498.67,1498.55,-0.51230201,2.79,51.03206969
1666955944.389497,1498.67,1498.55,-0.51230201,2.79,51.03206969
1666955954.0655994,1499.48,1499.48,-0.27983262,2.31,54.7395112
1666955964.2269297,1499.48,1499.48,-0.27983262,2.31,54.7395112
1666955974.070137,1499.48,1499.48,-0.27983262,2.31,54.7395112
1666955984.0941012,1499.48,1498.98,-0.31971866,1.81,52.4595112
1666955994.056846,1499.48,1498.98,-0.31971866,1.81,52.4595112
1666956004.8268652,1499.48,1498.98,-0.31971866,1.81,52.4595112
1666956014.8357532,1499.49,1499.49,-0.15059542,2.66,54.77889313
1666956024.809701,1499.49,1499.49,-0.15059542,2.66,54.77889313
1666956035.006854,1499.49,1499.49,-0.15059542,2.66,54.77889313
1666956044.805524,1499.49,1498.55,-0.22558117,1.72,50.3444235
1666956054.8020556,1499.49,1498.55,-0.22558117,1.72,50.3444235
1666956065.478231,1499.49,1498.55,-0.22558117,1.72,50.3444235
1666956074.800844,1498.24,1498.24,-0.22556902,2.17,49.04022612
1666956084.8518045,1498.24,1498.24,-0.22556902,2.17,49.04022612
1666956094.8043313,1498.24,1498.24,-0.22556902,2.17,49.04022612
1666956104.7836337,1498.24,1496.47,-0.3667656,0.4,42.27826315
1666956114.7711947,1498.24,1496.47,-0.3667656,0.4,42.27826315
1666956124.8181398,1498.24,1496.47,-0.3667656,0.4,42.27826315
1666956135.0502234,1496.09,1496.09,-0.50691843,0.86,41.06295931
1666956144.839012,1496.09,1496.09,-0.50691843,0.86,41.06295931
1666956155.1140423,1496.09,1496.09,-0.50691843,0.86,41.06295931
1666956164.8679707,1496.09,1495.43,-0.559568,0.2,38.96779272
1666956174.865491,1496.09,1495.43,-0.559568,0.2,38.96779272
1666956185.475005,1496.09,1495.43,-0.559568,0.2,38.96779272
1666956195.4729838,1496.42,1496.42,-0.53993259,-0.44,42.61501941
1666956205.482436,1496.42,1496.42,-0.53993259,-0.44,42.61501941
1666956215.5190012,1496.42,1496.42,-0.53993259,-0.44,42.61501941
1666956226.1498568,1496.42,1497.59,-0.44659926,0.73,47.81866841
1666956235.5098825,1496.42,1497.59,-0.44659926,0.73,47.81866841
1666956245.4355457,1496.42,1497.59,-0.44659926,0.73,47.81866841
1666956255.57558,1497.44,1497.44,-0.4367054,-0.35,47.20352479
1666956265.4089935,1497.44,1497.44,-0.4367054,-0.35,47.20352479
1666956275.4976645,1497.44,1497.44,-0.4367054,-0.35,47.20352479
1666956285.6828852,1497.44,1498.53,-0.34975383,0.74,51.6627859
1666956295.502376,1497.44,1498.53,-0.34975383,0.74,51.6627859
1666956305.630397,1497.44,1498.53,-0.34975383,0.74,51.6627859
1666956315.4835012,1499.67,1499.67,-0.09997973,1.21,55.58855023
1666956325.576929,1499.67,1499.67,-0.09997973,1.21,55.58855023
1666956335.7878478,1499.67,1499.67,-0.09997973,1.21,55.58855023
1666956345.543332,1499.67,1500.22,-0.05610509,1.76,57.38555416
1666956355.5240784,1499.67,1500.22,-0.05610509,1.76,57.38555416
1666956366.2378938,1499.67,1500.22,-0.05610509,1.76,57.38555416
1666956376.2365663,1499.98,1499.98,0.07066545,1.73,56.60645561
1666956386.6521068,1499.98,1499.98,0.07066545,1.73,56.60645561
1666956396.3822875,1499.98,1499.98,0.07066545,1.73,56.60645561
1666956406.1975396,1499.98,1500.6,0.12012414,2.35,58.68323337
1666956416.585704,1499.98,1500.6,0.12012414,2.35,58.68323337
1666956426.2819908,1499.98,1500.6,0.12012414,2.35,58.68323337
1666956436.171815,1501.0,1501.0,0.32713051,2.32,59.91718501
1666956446.1887038,1501.0,1501.0,0.32713051,2.32,59.91718501
1666956456.219562,1501.0,1501.0,0.32713051,2.32,59.91718501
1666956466.1973033,1501.0,1500.81,0.31197381,2.13,59.03156209
1666956476.2467875,1501.0,1500.81,0.31197381,2.13,59.03156209
1666956486.1922996,1501.0,1500.81,0.31197381,2.13,59.03156209
1666956496.2144058,1501.33,1501.33,0.50724592,1.86,60.9536803
1666956506.203653,1501.33,1501.33,0.50724592,1.86,60.9536803
1666956516.2844155,1501.33,1501.33,0.50724592,1.86,60.9536803
1666956526.2187157,1501.33,1502.01,0.56149093,2.54,63.06804504
1666956536.4023366,1501.33,1502.01,0.56149093,2.54,63.06804504
1666956546.649537,1501.33,1502.01,0.56149093,2.54,63.06804504
1666956556.6894398,1501.64,1501.64,0.66640393,2.15,61.94684452
1666956566.6693792,1501.64,1501.64,0.66640393,2.15,61.94684452
1666956576.8935976,1501.64,1501.64,0.66640393,2.15,61.94684452
1666956586.847545,1501.64,1502.42,0.72862615,2.93,64.40044118
1666956596.6695662,1501.64,1502.42,0.72862615,2.93,64.40044118
1666956606.660892,1501.64,1502.42,0.72862615,2.93,64.40044118
1666956616.7287636,1501.79,1501.79,0.78533557,3.56,62.44461307
1666956626.9421868,1501.79,1501.79,0.78533557,3.56,62.44461307
1666956636.8623486,1501.79,1501.79,0.78533557,3.56,62.44461307
1666956646.7262185,1501.79,1501.12,0.73188827,2.89,58.74804729
1666956656.683745,1501.79,1501.12,0.73188827,2.89,58.74804729
1666956666.6949356,1501.79,1501.12,0.73188827,2.89,58.74804729
1666956676.8049102,1500.92,1500.92,0.73720564,4.83,57.72794263
1666956686.6965685,1500.92,1500.92,0.73720564,4.83,57.72794263
1666956696.7112153,1500.92,1500.92,0.73720564,4.83,57.72794263
1666956706.707228,1500.92,1500.78,0.72603755,4.69,56.98205716
1666956716.7655442,1500.92,1500.78,0.72603755,4.69,56.98205716
1666956727.2274458,1500.92,1500.78,0.72603755,4.69,56.98205716
1666956737.243616,1501.85,1501.85,0.87693748,5.42,61.10961247
1666956747.2421637,1501.85,1501.85,0.87693748,5.42,61.10961247
1666956757.2299676,1501.85,1501.85,0.87693748,5.42,61.10961247
1666956767.5758429,1501.85,1502.32,0.91443035,5.89,62.73221086
1666956777.2434657,1501.85,1502.32,0.91443035,5.89,62.73221086
1666956787.4579766,1501.85,1502.32,0.91443035,5.89,62.73221086
1666956797.2804213,1501.42,1501.42,0.85751,3.98,58.76865377
1666956807.247303,1501.42,1501.42,0.85751,3.98,58.76865377
1666956817.270077,1501.42,1501.42,0.85751,3.98,58.76865377
1666956827.2190664,1501.42,1502.45,0.93967524,5.01,62.47664996
1666956837.229201,1501.42,1502.45,0.93967524,5.01,62.47664996
1666956847.46569,1501.42,1502.45,0.93967524,5.01,62.47664996
1666956857.4583194,1502.53,1502.53,1.01630399,2.87,62.73693136
1666956867.3587885,1502.53,1502.53,1.01630399,2.87,62.73693136
1666956877.2541533,1502.53,1502.53,1.01630399,2.87,62.73693136
1666956887.2637968,1502.53,1502.39,1.0051359,2.73,61.92737527
1666956897.4871414,1502.53,1502.39,1.0051359,2.73,61.92737527
1666956907.6641097,1502.53,1502.39,1.0051359,2.73,61.92737527
1666956917.9189513,1502.56,1502.56,1.06399986,2.57,62.84102429
1666956928.1270337,1502.56,1502.56,1.06399986,2.57,62.84102429
1666956937.643547,1502.56,1502.56,1.06399986,2.57,62.84102429
1666956947.6641865,1502.56,1502.1,1.02730471,2.11,60.07011487
1666956957.8541706,1502.56,1502.1,1.02730471,2.11,60.07011487
1666956967.6568513,1502.56,1502.1,1.02730471,2.11,60.07011487
1666956977.7308147,1501.9,1501.9,0.99406884,0.91,58.9401563
1666956987.7052224,1501.9,1501.9,0.99406884,0.91,58.9401563
1666956997.6644793,1501.9,1501.9,0.99406884,0.91,58.9401563
1666957007.65286,1501.9,1502.75,1.06187511,1.76,62.19497775
1666957017.704586,1501.9,1502.75,1.06187511,1.76,62.19497775
1666957027.627633,1501.9,1502.75,1.06187511,1.76,62.19497775
1666957037.8336554,1503.68,1503.68,1.22082606,2.36,65.21215886
1666957047.7823496,1503.68,1503.68,1.22082606,2.36,65.21215886
1666957057.6823394,1503.68,1503.68,1.22082606,2.36,65.21215886
1666957067.8358552,1503.68,1503.3,1.19051267,1.98,62.99969758
1666957077.642778,1503.68,1503.3,1.19051267,1.98,62.99969758
1666957088.5826173,1503.68,1503.3,1.19051267,1.98,62.99969758
1666957098.5541325,1503.21,1503.21,1.20626693,1.57,62.47795974
1666957108.558056,1503.21,1503.21,1.20626693,1.57,62.47795974
1666957118.7453637,1503.21,1503.21,1.20626693,1.57,62.47795974
1666957128.6057315,1503.21,1502.23,1.12809029,0.59,57.15847549
1666957138.7337449,1503.21,1502.23,1.12809029,0.59,57.15847549
1666957148.5165005,1503.21,1502.23,1.12809029,0.59,57.15847549
1666957158.494665,1501.77,1501.77,1.00693544,-0.02,54.94791277
1666957168.801575,1501.77,1501.77,1.00693544,-0.02,54.94791277
1666957178.5506597,1501.77,1501.77,1.00693544,-0.02,54.94791277
1666957188.5229812,1501.77,1502.1,1.03326022,0.31,56.24966319
1666957198.824212,1501.77,1502.1,1.03326022,0.31,56.24966319
1666957208.8389864,1501.77,1502.1,1.03326022,0.31,56.24966319
1666957218.5752,1500.6,1500.6,0.76451915,-0.32,49.70401816
1666957228.5628934,1500.6,1500.6,0.76451915,-0.32,49.70401816
1666957238.5854447,1500.6,1500.6,0.76451915,-0.32,49.70401816
1666957248.5839932,1500.6,1500.25,0.73659892,-0.67,48.21924855
1666957258.7738922,1500.6,1500.25,0.73659892,-0.67,48.21924855
1666957269.0586314,1500.6,1500.25,0.73659892,-0.67,48.21924855
1666957279.2647169,1499.35,1499.35,0.46168477,-2.5,44.79116308
1666957288.9924264,1499.35,1499.35,0.46168477,-2.5,44.79116308
1666957299.2579436,1499.35,1499.35,0.46168477,-2.5,44.79116308
1666957309.633316,1499.35,1501.18,0.60766768,-0.67,52.23934715
1666957319.1078708,1499.35,1501.18,0.60766768,-0.67,52.23934715
1666957329.0075388,1499.35,1501.18,0.60766768,-0.67,52.23934715
1666957339.248123,1501.37,1501.37,0.5834616,-0.05,52.89908838
1666957349.0412395,1501.37,1501.37,0.5834616,-0.05,52.89908838
1666957359.073071,1501.37,1501.37,0.5834616,-0.05,52.89908838
1666957369.045368,1501.37,1500.98,0.55235049,-0.44,51.33167168
1666957379.3018243,1501.37,1500.98,0.55235049,-0.44,51.33167168
1666957389.3043942,1501.37,1500.98,0.55235049,-0.44,51.33167168
1666957399.1155472,1500.76,1500.76,0.45974157,-1.77,50.48779161
1666957409.121532,1500.76,1500.76,0.45974157,-1.77,50.48779161
1666957419.0904627,1500.76,1500.76,0.45974157,-1.77,50.48779161
1666957429.0473442,1500.76,1500.3,0.42304641,-2.23,48.6855411
1666957439.4444013,1500.76,1500.3,0.42304641,-2.23,48.6855411
1666957449.6140194,1500.76,1500.3,0.42304641,-2.23,48.6855411
1666957459.5057082,1500.51,1500.51,0.35973886,-2.05,49.49594118
1666957470.0528553,1500.51,1500.51,0.35973886,-2.05,49.49594118
1666957479.6344502,1500.51,1500.51,0.35973886,-2.05,49.49594118
1666957489.719627,1500.51,1500.52,0.36053658,-2.04,49.53874066
1666957499.6029105,1500.51,1500.52,0.36053658,-2.04,49.53874066
1666957509.60751,1500.51,1500.52,0.36053658,-2.04,49.53874066
1666957519.7258103,1500.93,1500.93,0.35291169,-0.97,51.23315905
1666957529.516395,1500.93,1500.93,0.35291169,-0.97,51.23315905
1666957539.6002688,1500.93,1500.93,0.35291169,-0.97,51.23315905
1666957549.5829434,1500.93,1501.36,0.38721368,-0.54,53.01508755
1666957559.5601408,1500.93,1501.36,0.38721368,-0.54,53.01508755
1666957569.6232395,1500.93,1501.36,0.38721368,-0.54,53.01508755
1666957579.6227014,1501.26,1501.26,0.36394081,-2.42,52.61240589
1666957589.627896,1501.26,1501.26,0.36394081,-2.42,52.61240589
1666957599.5504668,1501.26,1501.26,0.36394081,-2.42,52.61240589
1666957609.5854793,1501.26,1501.42,0.37670435,-2.26,53.30202008
1666957619.656177,1501.26,1501.42,0.37670435,-2.26,53.30202008
1666957630.34101,1501.26,1501.42,0.37670435,-2.26,53.30202008
1666957640.595533,1501.46,1501.46,0.37546615,-1.74,53.47454218
1666957650.3490148,1501.46,1501.46,0.37546615,-1.74,53.47454218
1666957660.960771,1501.46,1501.46,0.37546615,-1.74,53.47454218
1666957670.4086993,1501.46,1500.98,0.33717555,-2.22,51.08376629
1666957680.378812,1501.46,1500.98,0.33717555,-2.22,51.08376629
1666957690.3227146,1501.46,1500.98,0.33717555,-2.22,51.08376629
1666957700.351777,1500.9,1500.9,0.28917926,-0.86,50.7049157
1666957710.3570223,1500.9,1500.9,0.28917926,-0.86,50.7049157
1666957720.6315536,1500.9,1502.09,0.38410804,0.33,55.93943477
1666957730.4281702,1500.9,1502.09,0.38410804,0.33,55.93943477
1666957740.6380694,1500.9,1502.09,0.38410804,0.33,55.93943477
1666957750.4084437,1500.9,1502.09,0.38410804,0.33,55.93943477
1666957760.3629096,1502.18,1502.18,0.43360788,1.58,56.29344147
1666957770.6041272,1502.18,1502.18,0.43360788,1.58,56.29344147
1666957780.4326682,1502.18,1501.36,0.36819478,0.76,52.21611002
1666957790.4584565,1502.18,1501.36,0.36819478,0.76,52.21611002
1666957800.4303093,1502.18,1501.36,0.36819478,0.76,52.21611002
1666957810.9876893,1501.92,1501.92,0.42631011,2.58,54.93723213
1666957821.5069246,1501.92,1501.92,0.42631011,2.58,54.93723213
1666957831.227845,1501.92,1501.92,0.42631011,2.58,54.93723213
1666957841.046201,1501.92,1500.96,0.34972891,1.62,50.10964927
1666957851.2495182,1501.92,1500.96,0.34972891,1.62,50.10964927
1666957861.0234976,1501.92,1500.96,0.34972891,1.62,50.10964927
1666957871.1619248,1501.92,1500.96,0.34972891,1.62,50.10964927
1666957881.03728,1500.51,1500.51,0.23203801,-0.86,48.12723176
1666957891.2321277,1500.51,1500.51,0.23203801,-0.86,48.12723176
1666957900.9991326,1500.51,1499.6,0.15944541,-1.77,44.30967187
1666957911.009379,1500.51,1499.6,0.15944541,-1.77,44.30967187
1666957921.0218236,1500.51,1499.6,0.15944541,-1.77,44.30967187
1666957930.968145,1500.51,1499.6,0.15944541,-1.77,44.30967187
1666957941.1521652,1499.04,1499.04,-0.04310827,-1.72,42.26396958
1666957951.074823,1499.04,1499.04,-0.04310827,-1.72,42.26396958
1666957961.0289657,1499.04,1499.04,-0.04310827,-1.72,42.26396958
1666957971.0279794,1499.04,1499.43,-0.01199715,-1.33,44.20810552
1666957981.5205736,1499.04,1499.43,-0.01199715,-1.33,44.20810552
1666957992.0354586,1499.65,1499.65,-0.07945708,-0.85,45.24811397
1666958001.828582,1499.65,1499.65,-0.07945708,-0.85,45.24811397
1666958011.718192,1499.65,1499.65,-0.07945708,-0.85,45.24811397
1666958021.729509,1499.65,1499.63,-0.08105252,-0.87,45.16568756
1666958031.7084885,1499.65,1499.63,-0.08105252,-0.87,45.16568756
1666958041.7439437,1499.65,1499.63,-0.08105252,-0.87,45.16568756
1666958051.7830625,1499.66,1499.66,-0.14374106,-1.27,45.29802893
1666958061.7443955,1499.66,1499.66,-0.14374106,-1.27,45.29802893
1666958071.8991148,1499.66,1499.66,-0.14374106,-1.27,45.29802893
1666958081.9277582,1499.66,1499.65,-0.14453878,-1.28,45.25359963
1666958091.8229034,1499.66,1499.65,-0.14453878,-1.28,45.25359963
1666958101.972995,1499.66,1499.65,-0.14453878,-1.28,45.25359963
1666958111.7554462,1499.94,1499.94,-0.15289553,-1.32,46.7642989
1666958121.7645516,1499.94,1499.94,-0.15289553,-1.32,46.7642989
1666958131.7439754,1499.94,1499.94,-0.15289553,-1.32,46.7642989
1666958142.185492,1499.94,1499.96,-0.15130008,-1.3,46.866997
1666958151.722516,1499.94,1499.96,-0.15130008,-1.3,46.866997
1666958161.8385837,1499.94,1499.96,-0.15130008,-1.3,46.866997
1666958172.3974328,1499.03,1499.03,-0.30570605,-2.42,42.78514092
1666958182.4567204,1499.03,1499.03,-0.30570605,-2.42,42.78514092
1666958192.419481,1499.03,1499.03,-0.30570605,-2.42,42.78514092
1666958202.968387,1499.03,1499.21,-0.29134708,-2.24,43.80622255
1666958212.4258533,1499.03,1499.21,-0.29134708,-2.24,43.80622255
1666958222.7098594,1499.03,1499.21,-0.29134708,-2.24,43.80622255
1666958232.483376,1499.44,1499.44,-0.30648741,-1.46,45.05908347
1666958242.4868755,1499.44,1499.44,-0.30648741,-1.46,45.05908347
1666958252.4562418,1499.44,1499.44,-0.30648741,-1.46,45.05908347
1666958262.3832247,1499.44,1499.76,-0.28096035,-1.14,46.83509785
1666958272.4304864,1499.44,1499.76,-0.28096035,-1.14,46.83509785
1666958282.4537332,1499.44,1499.76,-0.28096035,-1.14,46.83509785
1666958292.4926322,1499.18,1499.18,-0.3659859,-2.99,43.8683992
1666958302.853101,1499.18,1499.18,-0.3659859,-2.99,43.8683992
1666958312.53255,1499.18,1499.18,-0.3659859,-2.99,43.8683992
1666958322.5175118,1499.18,1499.18,-0.3659859,-2.99,43.8683992
1666958332.6283708,1499.18,1499.0,-0.38034487,-3.17,43.0208267
1666958342.5154214,1499.18,1499.0,-0.38034487,-3.17,43.0208267
1666958353.0189445,1498.99,1498.99,-0.41965565,-2.94,42.99442351
1666958362.999082,1498.99,1498.99,-0.41965565,-2.94,42.99442351
1666958372.9805214,1498.99,1498.99,-0.41965565,-2.94,42.99442351
1666958383.2716858,1498.99,1498.48,-0.46033941,-3.45,40.58782924
1666958392.998494,1498.99,1498.48,-0.46033941,-3.45,40.58782924
1666958403.149428,1498.99,1498.48,-0.46033941,-3.45,40.58782924
1666958413.0661795,1498.19,1498.19,-0.55751229,-2.32,39.34352776
1666958423.0071385,1498.19,1498.19,-0.55751229,-2.32,39.34352776
1666958433.068912,1498.19,1498.19,-0.55751229,-2.32,39.34352776
1666958443.190276,1498.19,1497.85,-0.58463479,-2.66,37.87738785
1666958453.0873935,1498.19,1497.85,-0.58463479,-2.66,37.87738785
1666958463.8314538,1498.19,1497.85,-0.58463479,-2.66,37.87738785
1666958473.029012,1497.09,1497.09,-0.76404945,-1.94,34.96214829
1666958483.1997375,1497.09,1497.09,-0.76404945,-1.94,34.96214829
1666958493.0781095,1497.09,1497.09,-0.76404945,-1.94,34.96214829
1666958503.2893598,1497.09,1496.94,-0.77601526,-2.09,34.39996844
1666958513.1124134,1497.09,1496.94,-0.77601526,-2.09,34.39996844
1666958523.158003,1497.09,1496.94,-0.77601526,-2.09,34.39996844
1666958538.3751965,1498.04,1498.04,-0.71474039,-1.61,41.04464366
1666958548.3620732,1498.04,1498.04,-0.71474039,-1.61,41.04464366
1666958558.3455632,1498.04,1498.04,-0.71474039,-1.61,41.04464366
1666958568.355698,1498.04,1497.21,-0.78095122,-2.44,37.71013362
1666958578.3832955,1498.04,1497.21,-0.78095122,-2.44,37.71013362
1666958589.0170584,1498.04,1497.21,-0.78095122,-2.44,37.71013362
1666958598.5275755,1496.94,1496.94,-0.882836,-2.72,36.73919702
1666958608.380467,1496.94,1496.94,-0.882836,-2.72,36.73919702
1666958618.440214,1496.94,1496.94,-0.882836,-2.72,36.73919702
1666958628.4067793,1496.94,1497.83,-0.81183885,-1.83,42.03698634
1666958638.8661635,1496.94,1497.83,-0.81183885,-1.83,42.03698634
1666958648.4142275,1496.94,1497.83,-0.81183885,-1.83,42.03698634
1666958658.3693082,1498.75,1498.75,-0.67985848,-1.2,46.6549639
1666958668.416781,1498.75,1498.75,-0.67985848,-1.2,46.6549639
1666958678.462255,1498.75,1498.75,-0.67985848,-1.2,46.6549639
1666958688.4739037,1498.75,1498.86,-0.67108355,-1.09,47.19665516
1666958698.4621727,1498.75,1498.86,-0.67108355,-1.09,47.19665516
1666958708.412292,1498.75,1498.86,-0.67108355,-1.09,47.19665516
1666958718.8475676,1498.86,1498.86,-0.61127295,-0.16,47.20040448
1666958728.8228812,1498.86,1498.86,-0.61127295,-0.16,47.20040448
1666958738.958873,1498.86,1498.86,-0.61127295,-0.16,47.20040448
1666958749.0805724,1498.86,1499.04,-0.59691398,0.02,48.12855799
1666958758.8339193,1498.86,1499.04,-0.59691398,0.02,48.12855799
1666958768.8620586,1498.86,1499.04,-0.59691398,0.02,48.12855799
1666958779.1359425,1496.4,1496.4,-0.90518935,-3.04,37.92972628
1666958789.120043,1496.4,1496.4,-0.90518935,-3.04,37.92972628
1666958798.82127,1496.4,1496.4,-0.90518935,-3.04,37.92972628
1666958808.8705523,1496.4,1495.5,-0.97698422,-3.94,35.18080704
1666958818.896422,1496.4,1495.5,-0.97698422,-3.94,35.18080704
1666958828.893429,1496.4,1495.5,-0.97698422,-3.94,35.18080704
1666958838.8191545,1494.25,1494.25,-1.27470579,-4.93,31.98396166
1666958848.816296,1494.25,1494.25,-1.27470579,-4.93,31.98396166
1666958858.8579948,1494.25,1494.25,-1.27470579,-4.93,31.98396166
1666958868.8336828,1494.25,1494.69,-1.23960607,-4.49,34.24884868
1666958878.8801744,1494.25,1494.69,-1.23960607,-4.49,34.24884868
1666958888.8153806,1494.25,1494.69,-1.23960607,-4.49,34.24884868
1666958899.890652,1494.99,1494.99,-1.31132016,-3.99,35.71218649
1666958910.0753665,1494.99,1494.99,-1.31132016,-3.99,35.71218649
1666958919.7797258,1494.99,1494.99,-1.31132016,-3.99,35.71218649
1666958929.8092842,1494.99,1496.11,-1.22197543,-2.87,40.97977001
1666958940.3161209,1494.99,1496.11,-1.22197543,-2.87,40.97977001
1666958949.8267288,1494.99,1496.11,-1.22197543,-2.87,40.97977001
1666958960.000422,1495.36,1495.36,-1.31899923,-2.83,37.55711341
1666958969.845935,1495.36,1495.36,-1.31899923,-2.83,37.55711341
1666958979.8158336,1495.36,1495.36,-1.31899923,-2.83,37.55711341
1666958989.842635,1495.36,1496.01,-1.26714738,-2.18,40.76643149
1666958999.8879657,1495.36,1496.01,-1.26714738,-2.18,40.76643149
1666959009.7832654,1495.36,1496.01,-1.26714738,-2.18,40.76643149
1666959020.0364778,1495.86,1495.86,-1.26180283,-1.24,40.05545149
1666959029.7987492,1495.86,1495.86,-1.26180283,-1.24,40.05545149
1666959039.75168,1495.86,1495.86,-1.26180283,-1.24,40.05545149
1666959049.8249252,1495.86,1497.1,-1.16288546,0.0,45.84257327
1666959059.8401604,1495.86,1497.1,-1.16288546,0.0,45.84257327
1666959069.8659625,1495.86,1497.1,-1.16288546,0.0,45.84257327
1666959080.3056192,1495.89,1495.89,-1.2302361,-2.15,40.21397702
1666959090.2637384,1495.89,1495.89,-1.2302361,-2.15,40.21397702
1666959100.5182316,1495.89,1495.31,-1.27650391,-2.73,38.14428874
1666959110.194272,1495.89,1495.31,-1.27650391,-2.73,38.14428874
1666959120.2421286,1495.89,1495.31,-1.27650391,-2.73,38.14428874
1666959130.230979,1495.89,1495.31,-1.27650391,-2.73,38.14428874
1666959140.2472432,1494.96,1494.96,-1.32420165,-1.98,37.00457883
1666959150.2633088,1494.96,1494.96,-1.32420165,-1.98,37.00457883
1666959160.2858884,1494.96,1494.96,-1.32420165,-1.98,37.00457883
1666959170.253306,1494.96,1494.65,-1.34893099,-2.29,35.97917637
1666959180.2740602,1494.96,1494.65,-1.34893099,-2.29,35.97917637
1666959190.326051,1494.96,1494.65,-1.34893099,-2.29,35.97917637
1666959200.1963904,1494.36,1494.36,-1.40942373,-4.39,35.07007587
1666959210.1789737,1494.36,1494.36,-1.40942373,-4.39,35.07007587
1666959220.2616231,1494.36,1494.36,-1.40942373,-4.39,35.07007587
1666959230.2305157,1494.36,1495.94,-1.28338384,-2.81,43.45331077
1666959240.3508582,1494.36,1495.94,-1.28338384,-2.81,43.45331077
1666959250.3283377,1494.36,1495.94,-1.28338384,-2.81,43.45331077
1666959261.632216,1497.14,1497.14,-1.02902804,-1.71,48.50253883
1666959271.1148207,1497.14,1497.14,-1.02902804,-1.71,48.50253883
1666959281.093814,1497.14,1497.77,-0.97877163,-1.08,50.97554502
1666959291.124458,1497.14,1497.77,-0.97877163,-1.08,50.97554502
1666959301.0676343,1497.14,1497.77,-0.97877163,-1.08,50.97554502
1666959311.1493316,1497.14,1497.77,-0.97877163,-1.08,50.97554502
1666959321.132714,1496.0,1496.0,-1.05479723,-0.39,44.44788684
1666959331.144688,1496.0,1496.0,-1.05479723,-0.39,44.44788684
1666959341.2030978,1496.0,1496.11,-1.0460223,-0.28,44.92630302
1666959351.1131325,1496.0,1496.11,-1.0460223,-0.28,44.92630302
1666959361.1520574,1496.0,1496.11,-1.0460223,-0.28,44.92630302
1666959371.134961,1496.0,1496.11,-1.0460223,-0.28,44.92630302
1666959381.109409,1496.52,1496.52,-0.91820837,2.27,46.63915237
1666959391.110265,1496.52,1496.52,-0.91820837,2.27,46.63915237
1666959401.4504282,1496.52,1496.3,-0.93575823,2.05,45.81574789
1666959411.3364742,1496.52,1496.3,-0.93575823,2.05,45.81574789
1666959421.6750772,1496.52,1496.3,-0.93575823,2.05,45.81574789
1666959431.1937132,1495.66,1495.66,-0.95480187,0.68,43.57762747
1666959441.9196618,1495.66,1495.66,-0.95480187,0.68,43.57762747
1666959451.7855363,1495.66,1495.66,-0.95480187,0.68,43.57762747
1666959461.7614405,1495.66,1496.23,-0.90933179,1.25,46.10292988
1666959471.9859664,1495.66,1496.23,-0.90933179,1.25,46.10292988
1666959481.7208345,1495.66,1496.23,-0.90933179,1.25,46.10292988
1666959491.8276794,1496.66,1496.66,-0.77809492,1.31,47.86632725
1666959501.756285,1496.66,1496.66,-0.77809492,1.31,47.86632725
1666959511.8245673,1496.66,1496.66,-0.77809492,1.31,47.86632725
1666959521.8272374,1496.66,1496.66,-0.77809492,1.31,47.86632725
1666959532.167124,1496.66,1498.27,-0.64966187,2.92,53.93288001
1666959541.8233984,1496.66,1498.27,-0.64966187,2.92,53.93288001
1666959552.119067,1498.46,1498.46,-0.43882003,2.6,54.55942168
1666959562.2573893,1498.46,1498.46,-0.43882003,2.6,54.55942168
1666959572.635199,1498.46,1498.46,-0.43882003,2.6,54.55942168
1666959582.0887375,1498.46,1500.1,-0.30799382,4.24,59.64121694
1666959592.0094206,1498.46,1500.1,-0.30799382,4.24,59.64121694
1666959602.0530958,1498.46,1500.1,-0.30799382,4.24,59.64121694
1666959612.1445353,1499.9,1499.9,-0.0769336,4.02,59.08535795
1666959622.9263618,1499.9,1499.9,-0.0769336,4.02,59.08535795
1666959632.5322611,1499.9,1499.9,-0.0769336,4.02,59.08535795
1666959642.466682,1499.9,1500.36,-0.04023844,4.48,60.44013392
1666959652.2602043,1499.9,1500.36,-0.04023844,4.48,60.44013392
1666959662.1864908,1499.9,1500.36,-0.04023844,4.48,60.44013392
1666959672.2028885,1501.0,1501.0,0.27298096,6.04,62.18436471
1666959682.1802187,1501.0,1501.0,0.27298096,6.04,62.18436471
1666959692.2397723,1501.0,1501.0,0.27298096,6.04,62.18436471
1666959702.2481687,1501.0,1500.67,0.24665617,5.71,60.71552125
1666959712.32009,1501.0,1500.67,0.24665617,5.71,60.71552125
1666959722.2457547,1501.0,1500.67,0.24665617,5.71,60.71552125
1666959732.2245808,1501.0,1500.67,0.24665617,5.71,60.71552125
1666959742.2798362,1499.89,1499.89,0.31959874,5.53,57.46541349
1666959752.3081615,1499.89,1499.89,0.31959874,5.53,57.46541349
1666959762.2458832,1499.89,1500.0,0.32837367,5.64,57.81954213
1666959772.5564628,1499.89,1500.0,0.32837367,5.64,57.81954213
1666959782.2666228,1499.89,1500.0,0.32837367,5.64,57.81954213
1666959792.3320153,1500.04,1500.04,0.44305021,2.89,57.92807805
1666959804.492133,1500.04,1500.04,0.44305021,2.89,57.92807805
1666959813.0341885,1500.04,1500.04,0.44305021,2.89,57.92807805
1666959823.0111208,1500.04,1500.04,0.44305021,2.89,57.92807805
1666959833.04194,1500.04,1499.32,0.38561432,2.17,54.82394966
1666959842.9274426,1500.04,1499.32,0.38561432,2.17,54.82394966
1666959852.9700854,1498.2,1498.2,0.26523145,2.2,50.60299685
1666959862.9687376,1498.2,1498.2,0.26523145,2.2,50.60299685
1666959873.1434166,1498.2,1498.2,0.26523145,2.2,50.60299685
1666959882.973263,1498.2,1498.2,0.26523145,2.2,50.60299685
1666959893.0260537,1498.2,1497.61,0.21816593,1.61,48.48666865
1666959902.9669895,1498.2,1497.61,0.21816593,1.61,48.48666865
1666959913.4084015,1494.99,1494.99,-0.21650734,-1.53,40.89221263
1666959923.1870408,1494.99,1494.99,-0.21650734,-1.53,40.89221263
1666959933.038421,1494.99,1494.99,-0.21650734,-1.53,40.89221263
1666959943.0419862,1494.99,1495.59,-0.16864409,-0.93,43.09054519
1666959953.0115707,1494.99,1495.59,-0.16864409,-0.93,43.09054519
1666959963.1949563,1494.99,1495.59,-0.16864409,-0.93,43.09054519
1666959973.3364072,1495.1,1495.1,-0.37529745,-0.56,41.30786505
1666959983.8624449,1495.1,1495.1,-0.37529745,-0.56,41.30786505
1666959993.6628633,1495.1,1495.1,-0.37529745,-0.56,41.30786505
1666960003.898776,1495.1,1493.3,-0.5188872,-2.36,36.75330428
1666960013.636913,1495.1,1493.3,-0.5188872,-2.36,36.75330428
1666960023.7996445,1495.1,1493.3,-0.5188872,-2.36,36.75330428
1666960033.8825126,1495.1,1493.3,-0.5188872,-2.36,36.75330428
1666960043.6483097,1493.73,1493.73,-0.69597032,-2.92,37.74756115
1666960053.7043924,1493.73,1493.73,-0.69597032,-2.92,37.74756115
1666960063.9387906,1493.73,1494.45,-0.63853442,-2.2,40.6430539
1666960073.6345396,1493.73,1494.45,-0.63853442,-2.2,40.6430539
1666960083.851601,1494.45,1494.45,-0.75187316,-4.0,40.6430539
1666960093.6583586,1493.73,1494.45,-0.63853442,-2.2,40.6430539
1666960103.6337922,1494.45,1494.45,-0.75187316,-4.0,40.6430539
1666960113.8444874,1494.45,1494.45,-0.75187316,-4.0,40.6430539
1666960123.6339085,1494.45,1493.67,-0.81409538,-4.78,38.55111112
1666960133.704794,1494.45,1493.67,-0.81409538,-4.78,38.55111112
1666960143.6174116,1494.45,1493.67,-0.81409538,-4.78,38.55111112
1666960153.694726,1493.89,1493.89,-0.91065006,-6.0,39.11700628
1666960164.364933,1493.89,1493.89,-0.91065006,-6.0,39.11700628
1666960174.3355598,1493.89,1493.89,-0.91065006,-6.0,39.11700628
1666960184.3599548,1493.89,1493.35,-0.95372698,-6.54,37.65094573
1666960194.597973,1493.89,1493.35,-0.95372698,-6.54,37.65094573
1666960204.6351802,1493.89,1493.35,-0.95372698,-6.54,37.65094573
1666960214.3838978,1493.72,1493.72,-1.01494293,-7.27,38.66281706
1666960224.3614342,1493.72,1493.72,-1.01494293,-7.27,38.66281706
1666960234.3732066,1493.72,1493.72,-1.01494293,-7.27,38.66281706
1666960244.5179296,1493.72,1495.83,-0.84662385,-5.16,47.19721366
1666960254.4230735,1493.72,1495.83,-0.84662385,-5.16,47.19721366
1666960264.4275746,1493.72,1495.83,-0.84662385,-5.16,47.19721366
1666960274.4277978,1505.0,1505.0,0.49486323,5.1,67.13842867
1666960284.3926127,1505.0,1505.0,0.49486323,5.1,67.13842867
1666960294.4470265,1505.0,1505.0,0.49486323,5.1,67.13842867
1666960304.5799189,1505.0,1508.65,0.78603133,8.75,71.70314454
1666960314.4175825,1505.0,1508.65,0.78603133,8.75,71.70314454
1666960324.4004152,1505.0,1508.65,0.78603133,8.75,71.70314454
1666960334.4630997,1511.61,1511.61,1.9277819,11.56,74.56801227
1666960344.838236,1511.61,1511.61,1.9277819,11.56,74.56801227
1666960355.00786,1511.61,1511.61,1.9277819,11.56,74.56801227
1666960364.7792485,1511.61,1509.67,1.77302406,9.62,69.59479042
1666960374.806692,1511.61,1509.67,1.77302406,9.62,69.59479042
1666960384.7407532,1511.61,1509.67,1.77302406,9.62,69.59479042
1666960394.8596551,1505.57,1505.57,1.76151887,7.36,60.99719062
1666960404.752592,1505.57,1505.57,1.76151887,7.36,60.99719062
1666960414.824052,1505.57,1505.57,1.76151887,7.36,60.99719062
1666960424.7609231,1505.57,1507.58,1.92186075,9.37,63.385293
1666960434.8744774,1505.57,1507.58,1.92186075,9.37,63.385293
1666960444.7500648,1505.57,1507.58,1.92186075,9.37,63.385293
1666960454.8327007,1508.32,1508.32,2.3774253,13.33,64.19246691
1666960466.6792054,1508.32,1508.32,2.3774253,13.33,64.19246691
1666960474.96825,1508.32,1508.32,2.3774253,13.33,64.19246691
1666960485.9306414,1508.32,1508.48,2.39018883,13.49,64.37533389
1666960494.820815,1508.32,1508.48,2.39018883,13.49,64.37533389
1666960504.8850057,1508.32,1508.48,2.39018883,13.49,64.37533389
1666960514.8812945,1506.96,1506.96,2.46813742,11.86,61.5025669
1666960526.1254904,1506.96,1506.96,2.46813742,11.86,61.5025669
1666960535.962448,1506.96,1506.96,2.46813742,11.86,61.5025669
1666960545.834378,1506.96,1509.35,2.65879269,14.25,64.32357251
1666960555.7894468,1506.96,1509.35,2.65879269,14.25,64.32357251
1666960565.7949104,1506.96,1509.35,2.65879269,14.25,64.32357251
1666960575.8320043,1505.85,1505.85,2.43979318,12.12,59.32992002
1666960585.8552818,1505.85,1505.85,2.43979318,12.12,59.32992002
1666960595.8082905,1505.85,1505.85,2.43979318,12.12,59.32992002
1666960605.8281405,1505.85,1501.26,2.07363934,7.53,51.24159001
1666960615.813221,1505.85,1501.26,2.07363934,7.53,51.24159001
1666960625.7966917,1505.85,1501.26,2.07363934,7.53,51.24159001
1666960635.93364,1501.34,1501.34,1.82161186,6.89,51.36363449
1666960645.8013885,1501.34,1501.34,1.82161186,6.89,51.36363449
1666960655.8426445,1501.34,1501.34,1.82161186,6.89,51.36363449
1666960666.047649,1501.34,1505.36,2.14229562,10.91,56.91661465
1666960675.8154905,1501.34,1505.36,2.14229562,10.91,56.91661465
1666960685.8555603,1501.34,1505.36,2.14229562,10.91,56.91661465
1666960695.8805175,1506.49,1506.49,2.32641219,12.59,58.25631653
1666960706.6726851,1506.49,1506.49,2.32641219,12.59,58.25631653
1666960716.9411433,1506.49,1506.49,2.32641219,12.59,58.25631653
1666960726.7512765,1506.49,1507.94,2.4420817,14.04,59.97616919
1666960736.688233,1506.49,1507.94,2.4420817,14.04,59.97616919
1666960746.7138014,1506.49,1507.94,2.4420817,14.04,59.97616919
1666960756.71513,1507.62,1507.62,2.53265052,13.91,59.60980487
1666960766.764662,1507.62,1507.62,2.53265052,13.91,59.60980487
1666960776.7400153,1507.62,1507.62,2.53265052,13.91,59.60980487
1666960786.7510655,1507.62,1509.52,2.68421747,15.81,61.84823083
1666960796.7578523,1507.62,1509.52,2.68421747,15.81,61.84823083
1666960806.7871902,1507.62,1509.52,2.68421747,15.81,61.84823083
1666960816.71569,1508.41,1508.41,2.70704808,3.83,60.5716608
1666960826.7402472,1508.41,1508.41,2.70704808,3.83,60.5716608
1666960836.7469857,1508.41,1508.41,2.70704808,3.83,60.5716608
1666960846.8874233,1508.41,1506.73,2.57303099,2.15,57.43903798
1666960856.766816,1508.41,1506.73,2.57303099,2.15,57.43903798
1666960866.6695402,1508.41,1506.73,2.57303099,2.15,57.43903798
1666960876.685846,1506.93,1506.93,2.55362781,-4.68,57.79105212
1666960887.4404085,1506.93,1506.93,2.55362781,-4.68,57.79105212
1666960897.1573305,1506.93,1506.93,2.55362781,-4.68,57.79105212
1666960907.1284704,1506.93,1509.74,2.77778735,-1.87,61.40631169
1666960917.1775262,1506.93,1509.74,2.77778735,-1.87,61.40631169
1666960927.1786325,1506.93,1509.74,2.77778735,-1.87,61.40631169
1666960937.31676,1510.51,1510.51,3.00352752,4.94,62.29134657
1666960947.3069994,1510.51,1510.51,3.00352752,4.94,62.29134657
1666960957.1748252,1510.51,1510.51,3.00352752,4.94,62.29134657
1666960967.178971,1510.51,1512.55,3.16626256,6.98,64.60706027
1666960977.1667953,1510.51,1512.55,3.16626256,6.98,64.60706027
1666960987.281316,1510.51,1512.55,3.16626256,6.98,64.60706027
1666960997.157956,1511.04,1511.04,3.17234285,2.72,62.92252758
1666961007.1944065,1511.04,1511.04,3.17234285,2.72,62.92252758
1666961017.1886013,1511.04,1511.04,3.17234285,2.72,62.92252758
1666961027.179907,1511.04,1511.81,3.23376735,3.49,63.86741824
1666961037.1746154,1511.04,1511.81,3.23376735,3.49,63.86741824
1666961047.4909348,1511.04,1511.81,3.23376735,3.49,63.86741824
1666961057.2167535,1510.14,1510.14,3.10872754,3.19,61.06359097
1666961067.9699683,1510.14,1510.14,3.10872754,3.19,61.06359097
1666961077.8967986,1510.14,1510.14,3.10872754,3.19,61.06359097
1666961087.8429744,1510.14,1510.33,3.12388423,3.38,61.32455228
1666961098.9968083,1510.14,1510.33,3.12388423,3.38,61.32455228
1666961107.7968853,1510.14,1510.33,3.12388423,3.38,61.32455228
1666961117.8621974,1512.06,1512.06,3.35112491,6.21,63.54899988
1666961127.9175825,1512.06,1512.06,3.35112491,6.21,63.54899988
1666961137.860111,1512.06,1512.06,3.35112491,6.21,63.54899988
1666961147.842643,1512.06,1511.57,3.31203659,5.72,62.45333653
1666961157.775381,1512.06,1511.57,3.31203659,5.72,62.45333653
1666961167.8907108,1512.06,1511.57,3.31203659,5.72,62.45333653
1666961177.8852615,1511.19,1511.19,3.26047944,9.85,61.62766015
1666961187.8953087,1511.19,1511.19,3.26047944,9.85,61.62766015
1666961197.8841205,1511.19,1511.19,3.26047944,9.85,61.62766015
1666961207.934654,1511.19,1507.62,2.97569311,6.28,54.36988244
1666961218.0406058,1511.19,1507.62,2.97569311,6.28,54.36988244
1666961227.9081552,1511.19,1507.62,2.97569311,6.28,54.36988244
1666961237.9072852,1509.69,1509.69,2.99401028,3.2,58.35467549
1666961248.87854,1509.69,1509.69,2.99401028,3.2,58.35467549
1666961258.80699,1509.69,1509.69,2.99401028,3.2,58.35467549
1666961268.9531186,1509.69,1508.03,2.86158862,1.54,54.88098063
1666961278.9861512,1509.69,1508.03,2.86158862,1.54,54.88098063
1666961288.9603,1509.69,1508.03,2.86158862,1.54,54.88098063
1666961298.8436034,1507.05,1507.05,2.47105473,-0.56,53.01695865
1666961308.8415847,1507.05,1507.05,2.47105473,-0.56,53.01695865
1666961318.8492837,1507.05,1507.05,2.47105473,-0.56,53.01695865
1666961328.8290503,1507.05,1508.98,2.62501484,1.37,56.17053626
1666961338.8565514,1507.05,1508.98,2.62501484,1.37,56.17053626
1666961348.8052535,1507.05,1508.98,2.62501484,1.37,56.17053626
1666961358.8387594,1506.79,1506.79,2.16265686,-1.62,52.50836517
1666961368.7982864,1506.79,1506.79,2.16265686,-1.62,52.50836517
1666961378.868416,1506.79,1506.79,2.16265686,-1.62,52.50836517
1666961388.8071747,1506.79,1506.75,2.15946598,-1.66,52.42492374
1666961398.9315991,1506.79,1506.75,2.15946598,-1.66,52.42492374
1666961408.8936882,1506.79,1506.75,2.15946598,-1.66,52.42492374
1666961418.8046577,1506.66,1506.66,1.8936367,-0.26,52.23814669
1666961429.7887895,1506.66,1506.66,1.8936367,-0.26,52.23814669
1666961439.5924487,1506.66,1506.66,1.8936367,-0.26,52.23814669
1666961449.614086,1506.66,1507.63,1.97101561,0.71,54.13477878
1666961459.587507,1506.66,1507.63,1.97101561,0.71,54.13477878
1666961469.627211,1506.66,1507.63,1.97101561,0.71,54.13477878
1666961479.6397223,1508.39,1508.39,1.91335214,-2.12,55.52008901
1666961489.614164,1508.39,1508.39,1.91335214,-2.12,55.52008901
1666961499.865002,1508.39,1508.39,1.91335214,-2.12,55.52008901
1666961509.620228,1508.39,1507.68,1.85671396,-2.83,53.88756806
1666961519.7342176,1508.39,1507.68,1.85671396,-2.83,53.88756806
1666961529.6682508,1508.39,1507.68,1.85671396,-2.83,53.88756806
1666961539.643473,1507.93,1507.93,1.73508416,-3.1,54.45117615
1666961549.649368,1507.93,1507.93,1.73508416,-3.1,54.45117615
1666961559.6186028,1507.93,1507.93,1.73508416,-3.1,54.45117615
1666961569.6830184,1507.93,1508.59,1.78773373,-2.44,55.77549889
1666961579.6561265,1507.93,1508.59,1.78773373,-2.44,55.77549889
1666961589.6397762,1507.93,1508.59,1.78773373,-2.44,55.77549889
1666961599.6147602,1508.45,1508.45,1.67789164,-1.69,55.49512861
1666961610.203286,1508.45,1508.45,1.67789164,-1.69,55.49512861
1666961620.188768,1508.45,1508.45,1.67789164,-1.69,55.49512861
1666961630.1132193,1508.45,1508.19,1.6571509,-1.95,54.81741611
1666961640.1550806,1508.45,1508.19,1.6571509,-1.95,54.81741611
1666961650.1562135,1508.45,1508.19,1.6571509,-1.95,54.81741611
1666961660.424853,1507.81,1507.81,1.4903647,-4.25,53.8561662
1666961670.1580598,1507.81,1507.81,1.4903647,-4.25,53.8561662
1666961680.2339163,1507.81,1507.81,1.4903647,-4.25,53.8561662
1666961690.1899085,1507.81,1509.88,1.6554929,-2.18,58.16022796
1666961700.1576126,1507.81,1509.88,1.6554929,-2.18,58.16022796
1666961710.2893505,1507.81,1509.88,1.6554929,-2.18,58.16022796
1666961720.201219,1509.07,1509.07,1.54457408,-2.13,56.57527427
1666961730.2223997,1509.07,1509.07,1.54457408,-2.13,56.57527427
1666961740.440731,1509.07,1509.07,1.54457408,-2.13,56.57527427
1666961750.2367616,1509.07,1509.07,1.54457408,-2.13,56.57527427
1666961760.1818316,1509.07,1509.07,1.54457408,-2.13,56.57527427
1666961770.3438451,1509.07,1509.07,1.54457408,-2.13,56.57527427
1666961780.192591,1509.0,1509.0,1.48018319,-0.69,56.37180548
1666961790.856213,1509.0,1509.0,1.48018319,-0.69,56.37180548
1666961800.8222256,1509.0,1510.18,1.57431424,0.49,58.98490789
1666961810.808971,1509.0,1510.18,1.57431424,0.49,58.98490789
1666961820.83773,1509.0,1510.18,1.57431424,0.49,58.98490789
1666961830.8011208,1509.89,1509.89,1.54367888,2.85,58.37214964
1666961840.8782578,1509.89,1509.89,1.54367888,2.85,58.37214964
1666961850.8102036,1509.89,1509.89,1.54367888,2.85,58.37214964
1666961860.864032,1509.89,1508.46,1.4296048,1.42,54.08155609
1666961870.82409,1509.89,1508.46,1.4296048,1.42,54.08155609
1666961880.80707,1509.89,1508.46,1.4296048,1.42,54.08155609
1666961890.8146498,1509.25,1509.25,1.43035379,2.45,56.3682839
1666961900.7501078,1509.25,1509.25,1.43035379,2.45,56.3682839
1666961910.809576,1509.25,1509.25,1.43035379,2.45,56.3682839
1666961920.7821274,1509.25,1509.83,1.4766216,3.03,57.78978275
1666961930.7253442,1509.25,1509.83,1.4766216,3.03,57.78978275
1666961940.7729015,1509.25,1509.83,1.4766216,3.03,57.78978275
1666961951.0806215,1509.25,1509.83,1.4766216,3.03,57.78978275
1666961960.8886926,1511.22,1511.22,1.64312479,4.56,60.8325974
1666961971.3146796,1511.22,1511.22,1.64312479,4.56,60.8325974
1666961981.3619423,1511.22,1510.84,1.6128114,4.18,59.56836456
1666961991.2495637,1511.22,1510.84,1.6128114,4.18,59.56836456
1666962001.3126678,1511.22,1510.84,1.6128114,4.18,59.56836456
1666962011.3617988,1511.46,1511.46,1.70128773,3.08,61.3522971
1666962021.3303127,1511.46,1511.46,1.70128773,3.08,61.3522971
1666962031.298317,1511.46,1511.46,1.70128773,3.08,61.3522971
1666962041.4644318,1511.46,1511.46,1.70128773,3.08,61.3522971
1666962051.6434093,1511.46,1511.37,1.69410825,2.99,61.03936578
1666962061.3811672,1511.46,1511.37,1.69410825,2.99,61.03936578
1666962071.3075216,1511.46,1511.37,1.69410825,2.99,61.03936578
1666962081.577962,1510.48,1510.48,1.57394307,2.54,57.9818873
1666962091.3163657,1510.48,1510.48,1.57394307,2.54,57.9818873
1666962101.34562,1510.48,1510.52,1.57713395,2.58,58.08315567
1666962111.3781836,1510.48,1510.52,1.57713395,2.58,58.08315567
1666962121.3682485,1510.48,1510.52,1.57713395,2.58,58.08315567
1666962131.3349924,1510.06,1510.06,1.4593531,1.6,56.55258763
1666962141.3963854,1510.06,1510.06,1.4593531,1.6,56.55258763
1666962152.2423997,1510.06,1510.06,1.4593531,1.6,56.55258763
1666962162.336618,1510.06,1510.76,1.51519355,2.3,58.41206448
1666962172.309285,1510.06,1510.76,1.51519355,2.3,58.41206448
1666962182.2425635,1510.06,1510.76,1.51519355,2.3,58.41206448
1666962192.2752316,1512.39,1512.39,1.70855912,4.58,62.15024403
1666962202.286459,1512.39,1512.39,1.70855912,4.58,62.15024403
1666962212.245922,1512.39,1512.39,1.70855912,4.58,62.15024403
1666962222.447024,1512.39,1513.16,1.76998362,5.35,63.82609022
1666962232.2838638,1512.39,1513.16,1.76998362,5.35,63.82609022
1666962242.2886608,1512.39,1513.16,1.76998362,5.35,63.82609022
1666962252.2710166,1513.64,1513.64,1.91417363,4.57,64.79138472
1666962262.286793,1513.64,1513.64,1.91417363,4.57,64.79138472
1666962272.2402089,1513.64,1513.64,1.91417363,4.57,64.79138472
1666962282.238485,1513.64,1513.8,1.92693717,4.73,65.12492442
1666962292.2631617,1513.64,1513.8,1.92693717,4.73,65.12492442
1666962302.25432,1513.64,1513.8,1.92693717,4.73,65.12492442
1666962312.2920656,1515.05,1515.05,2.17527542,6.06,67.52815575
1666962322.3905954,1515.05,1515.05,2.17527542,6.06,67.52815575
1666962333.409129,1515.05,1515.05,2.17527542,6.06,67.52815575
1666962343.543224,1515.05,1514.44,2.12661445,5.45,65.16811195
1666962353.381409,1515.05,1514.44,2.12661445,5.45,65.16811195
1666962363.443366,1515.05,1514.44,2.12661445,5.45,65.16811195
1666962373.4403038,1515.81,1515.81,2.3743641,5.92,68.93003141
1666962383.3926313,1515.81,1515.81,2.3743641,5.92,68.93003141
1666962393.5221975,1515.81,1515.81,2.3743641,5.92,68.93003141
1666962403.480458,1515.81,1518.0,2.54906495,8.11,72.60078974
1666962413.558847,1515.81,1518.0,2.54906495,8.11,72.60078974
1666962423.7678244,1515.81,1518.0,2.54906495,8.11,72.60078974
1666962433.5809965,1518.81,1518.81,2.87987482,9.55,73.74793737
1666962443.5528688,1518.81,1518.81,2.87987482,9.55,73.74793737
1666962453.555237,1518.81,1518.81,2.87987482,9.55,73.74793737
1666962463.5700498,1518.81,1521.85,3.12238194,12.59,77.54739236
1666962473.5308075,1518.81,1521.85,3.12238194,12.59,77.54739236
1666962483.560891,1518.81,1521.85,3.12238194,12.59,77.54739236
1666962493.6489675,1520.28,1520.28,3.26279962,9.06,75.73455265
1666962503.5440197,1520.28,1520.28,3.26279962,9.06,75.73455265
1666962514.0396657,1520.28,1520.28,3.26279962,9.06,75.73455265
1666962524.1909316,1520.28,1519.04,3.16388224,7.82,70.88713225
1666962534.1205342,1520.28,1519.04,3.16388224,7.82,70.88713225
1666962544.1413958,1520.28,1519.04,3.16388224,7.82,70.88713225
1666962554.142881,1520.51,1520.51,3.46689314,9.06,76.03990889
1666962564.1306496,1520.51,1520.51,3.46689314,9.06,76.03990889
1666962574.1466162,1520.51,1520.51,3.46689314,9.06,76.03990889
1666962584.1645534,1520.51,1519.82,3.41185041,8.37,73.06920867
1666962594.1737058,1520.51,1519.82,3.41185041,8.37,73.06920867
1666962604.1763902,1520.51,1519.82,3.41185041,8.37,73.06920867
1666962614.1413517,1519.72,1519.72,3.46123547,9.25,72.6578217
1666962624.1487873,1519.72,1519.72,3.46123547,9.25,72.6578217
1666962634.140131,1519.72,1519.72,3.46123547,9.25,72.6578217
1666962644.399948,1519.72,1518.19,3.33918419,7.72,66.48978223
1666962654.202132,1519.72,1518.19,3.33918419,7.72,66.48978223
1666962664.5141065,1519.72,1518.19,3.33918419,7.72,66.48978223
1666962674.2464895,1518.74,1518.74,3.32881381,8.67,68.57967311
1666962684.2342162,1518.74,1518.74,3.32881381,8.67,68.57967311
1666962694.8214872,1518.74,1518.74,3.32881381,8.67,68.57967311
1666962704.655881,1518.74,1518.86,3.33838646,8.79,68.83338666
1666962714.489084,1518.74,1518.86,3.33838646,8.79,68.83338666
1666962724.475854,1518.74,1518.86,3.33838646,8.79,68.83338666
1666962734.507902,1519.59,1519.59,3.36852797,7.19,70.14057182
1666962744.5197887,1519.59,1519.59,3.36852797,7.19,70.14057182
1666962754.5674975,1519.59,1519.59,3.36852797,7.19,70.14057182
1666962764.5293496,1519.59,1520.31,3.42596386,7.91,71.46339954
1666962774.536055,1519.59,1520.31,3.42596386,7.91,71.46339954
1666962784.5322974,1519.59,1520.31,3.42596386,7.91,71.46339954
1666962794.5970037,1520.3,1520.3,3.40787307,6.67,71.44615339
1666962804.5875568,1520.3,1520.3,3.40787307,6.67,71.44615339
1666962814.5302212,1520.3,1520.3,3.40787307,6.67,71.44615339
1666962824.7163053,1520.3,1520.3,3.40787307,6.67,71.44615339
1666962834.5845869,1520.3,1521.03,3.46610669,7.4,72.74125327
1666962844.585365,1520.3,1521.03,3.46610669,7.4,72.74125327
1666962854.5292573,1520.3,1521.03,3.46610669,7.4,72.74125327
1666962864.5671113,1521.34,1521.34,3.50250519,6.29,73.25636089
1666962875.5437255,1521.34,1521.34,3.50250519,6.29,73.25636089
1666962885.5652845,1521.34,1520.42,3.42911488,5.37,69.08401342
1666962895.5278375,1521.34,1520.42,3.42911488,5.37,69.08401342
1666962905.696636,1521.34,1520.42,3.42911488,5.37,69.08401342
1666962915.5142462,1520.19,1520.19,3.30916625,4.38,68.11414582
1666962925.463971,1520.19,1520.19,3.30916625,4.38,68.11414582
1666962935.48877,1520.19,1520.19,3.30916625,4.38,68.11414582
1666962946.7263436,1520.19,1520.27,3.31554801,4.46,68.28094808
1666962974.172989,1520.79,1520.79,3.27667048,1.98,69.32402329
1666962994.211553,1520.79,1520.79,3.27667048,1.98,69.32402329
1666963004.8235602,1520.79,1523.19,3.46812347,4.38,73.63363607
1666963020.8805292,1520.79,1523.19,3.46812347,4.38,73.63363607
1666963025.5881402,1520.79,1523.19,3.46812347,4.38,73.63363607
1666963035.5238156,1523.25,1523.25,3.52350598,2.98,73.72709492
1666963045.5409372,1523.25,1523.25,3.52350598,2.98,73.72709492
1666963055.5467782,1523.25,1523.25,3.52350598,2.98,73.72709492
1666963065.570388,1523.25,1523.94,3.57854872,3.67,74.81853821
1666963075.6120093,1523.25,1523.94,3.57854872,3.67,74.81853821
1666963085.5685718,1523.25,1523.94,3.57854872,3.67,74.81853821
1666963095.5466428,1525.08,1525.08,3.7823113,4.57,76.43587392
1666963105.5838504,1525.08,1525.08,3.7823113,4.57,76.43587392
1666963115.5075014,1525.08,1525.08,3.7823113,4.57,76.43587392
1666963125.5804083,1525.08,1529.0,4.09501785,8.49,80.96351422
1666963135.568601,1525.08,1529.0,4.09501785,8.49,80.96351422
1666963145.5676248,1525.08,1529.0,4.09501785,8.49,80.96351422
1666963155.56516,1531.11,1531.11,4.68063338,11.39,82.71589681
1666963165.551342,1531.11,1531.11,4.68063338,11.39,82.71589681
1666963175.6008513,1531.11,1531.11,4.68063338,11.39,82.71589681
1666963185.6252997,1531.11,1530.73,4.65031999,11.01,81.24041982
1666963195.6408124,1531.11,1530.73,4.65031999,11.01,81.24041982
1666963205.606217,1531.11,1530.73,4.65031999,11.01,81.24041982
1666963215.6232848,1532.41,1532.41,5.13738072,13.66,83.75736346
1666963225.5664515,1532.41,1532.41,5.13738072,13.66,83.75736346
1666963235.46223,1532.41,1532.41,5.13738072,13.66,83.75736346
1666963246.316329,1532.41,1533.46,5.22114141,14.71,84.54449295
1666963256.4055777,1532.41,1533.46,5.22114141,14.71,84.54449295
1666963266.3581016,1532.41,1533.46,5.22114141,14.71,84.54449295
1666963276.4077952,1532.05,1532.05,5.30454572,12.45,82.31995157
1666963286.3737574,1532.05,1532.05,5.30454572,12.45,82.31995157
1666963296.3412142,1532.05,1532.05,5.30454572,12.45,82.31995157
1666963306.393081,1532.05,1530.85,5.20881923,11.25,77.5428609
1666963316.478024,1532.05,1530.85,5.20881923,11.25,77.5428609
1666963326.3974636,1532.05,1530.85,5.20881923,11.25,77.5428609
1666963336.3571596,1530.67,1530.67,5.20248437,10.37,76.87370479
1666963346.3106706,1530.67,1530.67,5.20248437,10.37,76.87370479
1666963356.3627217,1530.67,1530.67,5.20248437,10.37,76.87370479
1666963366.4205909,1530.67,1531.05,5.23279776,10.75,77.31869398
1666963376.3881104,1530.67,1531.05,5.23279776,10.75,77.31869398
1666963386.5282347,1530.67,1531.05,5.23279776,10.75,77.31869398
1666963396.3606746,1531.5,1531.5,5.26743027,10.16,77.79351859
1666963406.3729715,1531.5,1531.5,5.26743027,10.16,77.79351859
1666963416.3383868,1531.5,1531.5,5.26743027,10.16,77.79351859
1666963426.874521,1531.5,1530.8,5.21158981,9.46,74.99738793
1666963436.921445,1531.5,1530.8,5.21158981,9.46,74.99738793
1666963446.9064565,1531.5,1530.8,5.21158981,9.46,74.99738793
1666963456.921024,1531.11,1531.11,5.14572793,10.92,76.00111366
1666963466.9254973,1531.11,1531.11,5.14572793,10.92,76.00111366
1666963476.944052,1531.11,1531.11,5.14572793,10.92,76.00111366
1666963486.882375,1531.11,1532.13,5.22709546,11.94,77.29146962
1666963496.9195545,1531.11,1532.13,5.22709546,11.94,77.29146962
1666963506.9071612,1531.11,1532.13,5.22709546,11.94,77.29146962
1666963517.112232,1530.82,1530.82,4.98073187,10.03,75.00901078
1666963526.9982748,1530.82,1530.82,4.98073187,10.03,75.00901078
1666963536.942519,1530.82,1530.82,4.98073187,10.03,75.00901078
1666963547.2893105,1530.82,1533.34,5.18175751,12.55,78.29972627
1666963557.119752,1530.82,1533.34,5.18175751,12.55,78.29972627
1666963566.9328458,1530.82,1533.34,5.18175751,12.55,78.29972627
1666963576.9119356,1531.64,1531.64,4.92873398,8.4,76.16938389
1666963587.122933,1531.64,1531.64,4.92873398,8.4,76.16938389
1666963596.9569948,1531.64,1531.64,4.92873398,8.4,76.16938389
1666963607.614921,1531.64,1532.37,4.9869676,9.13,77.21961038
1666963617.6795115,1531.64,1532.37,4.9869676,9.13,77.21961038
1666963627.649212,1531.64,1532.37,4.9869676,9.13,77.21961038
1666963637.6350672,1534.66,1534.66,5.20625122,9.58,79.91600127
1666963647.606851,1534.66,1534.66,5.20625122,9.58,79.91600127
1666963657.6284888,1534.66,1534.66,5.20625122,9.58,79.91600127
1666963667.7649024,1534.66,1537.04,5.39610877,11.96,82.26476318
1666963677.703265,1534.66,1537.04,5.39610877,11.96,82.26476318
1666963687.6787076,1534.66,1537.04,5.39610877,11.96,82.26476318
1666963697.7141984,1535.69,1535.69,5.32244455,4.57,80.96882693
1666963707.7515235,1535.69,1535.69,5.32244455,4.57,80.96882693
1666963717.7318037,1535.69,1535.69,5.32244455,4.57,80.96882693
1666963727.7399848,1535.69,1533.47,5.14535053,2.35,71.92848047
1666963737.7392216,1535.69,1533.47,5.14535053,2.35,71.92848047
1666963747.716615,1535.69,1533.47,5.14535053,2.35,71.92848047
1666963757.77427,1533.05,1533.05,4.91524403,0.64,70.43786908
1666963767.7658594,1533.05,1533.05,4.91524403,0.64,70.43786908
1666963777.892464,1533.05,1533.05,4.91524403,0.64,70.43786908
1666963788.260965,1533.05,1531.69,4.806754,-0.72,65.698723
1666963798.2639892,1533.05,1531.69,4.806754,-0.72,65.698723
1666963808.252829,1533.05,1531.69,4.806754,-0.72,65.698723
1666963818.18825,1531.96,1531.96,4.55048666,-0.09,66.58816117
1666963828.2445953,1531.96,1531.96,4.55048666,-0.09,66.58816117
1666963838.247936,1531.96,1531.96,4.55048666,-0.09,66.58816117
1666963848.243899,1531.96,1531.86,4.54250945,-0.19,66.23052786
1666963858.251022,1531.96,1531.86,4.54250945,-0.19,66.23052786
1666963868.2290742,1531.96,1531.86,4.54250945,-0.19,66.23052786
1666963878.2188458,1532.58,1532.58,4.36923579,1.91,67.64935519
1666963888.2253604,1532.58,1532.58,4.36923579,1.91,67.64935519
1666963898.775508,1532.58,1532.58,4.36923579,1.91,67.64935519
1666963908.183107,1532.58,1535.34,4.58940673,4.67,72.01540469
1666963918.2180376,1532.58,1535.34,4.58940673,4.67,72.01540469
1666963928.5170212,1532.58,1535.34,4.58940673,4.67,72.01540469
1666963938.3068442,1539.96,1539.96,5.18070285,8.45,77.15654215
1666963948.2876573,1539.96,1539.96,5.18070285,8.45,77.15654215
1666963958.3471887,1539.96,1539.96,5.18070285,8.45,77.15654215
1666963968.8498423,1539.96,1544.01,5.50377977,12.5,80.53235943
1666963978.7904282,1539.96,1544.01,5.50377977,12.5,80.53235943
1666963988.7891085,1539.96,1544.01,5.50377977,12.5,80.53235943
1666963998.8083458,1540.59,1540.59,5.38524949,9.56,77.75725844
1666964008.7590766,1540.59,1540.59,5.38524949,9.56,77.75725844
1666964018.8258026,1540.59,1540.59,5.38524949,9.56,77.75725844
1666964028.7999675,1540.59,1543.31,5.60222955,12.28,80.1779488
1666964038.796132,1540.59,1543.31,5.60222955,12.28,80.1779488
1666964048.7990377,1540.59,1543.31,5.60222955,12.28,80.1779488
1666964058.8621657,1542.79,1542.79,5.75638426,11.96,79.75677132
1666964068.819934,1542.79,1542.79,5.75638426,11.96,79.75677132
1666964078.8392386,1542.79,1542.79,5.75638426,11.96,79.75677132
1666964088.7721665,1542.79,1543.67,5.82658369,12.84,80.51144667
1666964098.7934558,1542.79,1543.67,5.82658369,12.84,80.51144667
1666964108.841694,1542.79,1543.67,5.82658369,12.84,80.51144667
1666964118.8413172,1547.38,1547.38,6.49353038,15.73,83.13184546
1666964128.8350632,1547.38,1547.38,6.49353038,15.73,83.13184546
1666964138.8387177,1547.38,1547.38,6.49353038,15.73,83.13184546
1666964149.8178043,1547.38,1544.54,6.26697768,12.89,74.76656275
1666964159.8013096,1547.38,1544.54,6.26697768,12.89,74.76656275
1666964169.7667482,1547.38,1544.54,6.26697768,12.89,74.76656275
1666964179.802443,1542.61,1542.61,6.03526943,7.96,69.98100723
1666964189.8172288,1542.61,1542.61,6.03526943,7.96,69.98100723
1666964199.8240926,1542.61,1542.61,6.03526943,7.96,69.98100723
1666964210.1126554,1542.61,1544.86,6.21475661,10.21,72.21387413
1666964219.7793422,1542.61,1544.86,6.21475661,10.21,72.21387413
1666964229.790495,1542.61,1544.86,6.21475661,10.21,72.21387413
1666964239.7258809,1545.0,1545.0,6.24343401,9.3,72.34188147
1666964249.790168,1545.0,1545.0,6.24343401,9.3,72.34188147
1666964260.0419884,1545.0,1545.0,6.24343401,9.3,72.34188147
1666964269.7533052,1545.0,1543.68,6.13813486,7.98,69.10912603
1666964279.756551,1545.0,1543.68,6.13813486,7.98,69.10912603
1666964290.086827,1545.0,1543.68,6.13813486,7.98,69.10912603
1666964299.728809,1540.54,1540.54,5.55552518,7.48,62.46862685
1666964309.7980683,1540.54,1540.54,5.55552518,7.48,62.46862685
1666964320.196654,1540.54,1540.54,5.55552518,7.48,62.46862685
1666964330.3032649,1540.54,1539.68,5.48692119,6.62,60.74698218
1666964340.291945,1540.54,1539.68,5.48692119,6.62,60.74698218
1666964350.2756715,1540.54,1539.68,5.48692119,6.62,60.74698218
1666964360.26016,1541.53,1541.53,5.37256695,9.57,63.64414419
1666964370.2626011,1541.53,1541.53,5.37256695,9.57,63.64414419
1666964380.281122,1541.53,1541.25,5.35023077,9.29,63.03791843
1666964390.279296,1541.53,1541.25,5.35023077,9.29,63.03791843
1666964400.2703516,1541.53,1541.25,5.35023077,9.29,63.03791843
1666964410.2751217,1544.01,1544.01,5.45546135,11.42,66.50905291
1666964420.267295,1544.01,1544.01,5.45546135,11.42,66.50905291
1666964430.260879,1544.01,1544.01,5.45546135,11.42,66.50905291
1666964440.302664,1544.01,1544.01,5.45546135,11.42,66.50905291
1666964450.547705,1544.01,1544.67,5.50811092,12.08,67.24632314
1666964460.1875465,1544.01,1544.67,5.50811092,12.08,67.24632314
1666964470.2976408,1544.01,1544.67,5.50811092,12.08,67.24632314
1666964480.2317853,1544.59,1544.59,5.38523719,4.64,67.15953537
1666964490.404742,1544.59,1544.59,5.38523719,4.64,67.15953537
1666964500.2341812,1544.59,1544.59,5.38523719,4.64,67.15953537
1666964510.8353353,1544.59,1545.99,5.4969181,6.04,68.73592259
1666964520.85879,1544.59,1545.99,5.4969181,6.04,68.73592259
1666964530.8724673,1544.59,1545.99,5.4969181,6.04,68.73592259
1666964540.894352,1545.19,1545.19,5.31865673,4.61,67.83976561
1666964550.9068322,1545.19,1545.19,5.31865673,4.61,67.83976561
1666964560.8807406,1545.19,1545.19,5.31865673,4.61,67.83976561
1666964570.9572675,1545.19,1546.8,5.44708978,6.22,69.70512003
1666964580.8797646,1545.19,1546.8,5.44708978,6.22,69.70512003
1666964590.9306748,1546.42,1546.42,5.34224815,3.63,69.27163398
1666964600.8603733,1546.42,1546.42,5.34224815,3.63,69.27163398
1666964610.8679018,1546.42,1546.42,5.34224815,3.63,69.27163398
1666964620.859012,1546.42,1549.18,5.56241909,6.39,72.27581379
1666964630.8742018,1546.42,1549.18,5.56241909,6.39,72.27581379
1666964640.854489,1546.42,1549.18,5.56241909,6.39,72.27581379
1666964650.81168,1548.0,1548.0,5.4457045,0.61,71.07214682
1666964661.1834738,1548.0,1548.0,5.4457045,0.61,71.07214682
1666964670.829734,1548.0,1548.0,5.4457045,0.61,71.07214682
1666964680.8094535,1548.0,1545.91,5.27898086,-1.48,65.6366077
1666964691.4004374,1548.0,1545.91,5.27898086,-1.48,65.6366077
1666964701.3658345,1548.0,1545.91,5.27898086,-1.48,65.6366077
1666964711.396091,1547.0,1547.0,5.22458905,4.39,68.36336729
1666964721.4309287,1547.0,1547.0,5.22458905,4.39,68.36336729
1666964731.4077291,1547.0,1547.0,5.22458905,4.39,68.36336729
1666964741.4447272,1547.0,1544.44,5.02037252,1.83,61.86310898
1666964751.4607985,1547.0,1544.44,5.02037252,1.83,61.86310898
1666964761.4065742,1547.0,1544.44,5.02037252,1.83,61.86310898
1666964771.44199,1547.0,1544.44,5.02037252,1.83,61.86310898
1666964781.4104278,1542.64,1542.64,4.43735411,-2.36,57.98194527
1666964791.400736,1542.64,1542.64,4.43735411,-2.36,57.98194527
1666964801.4076762,1542.64,1541.46,4.34322305,-3.54,55.53109563
1666964811.431147,1542.64,1541.46,4.34322305,-3.54,55.53109563
1666964821.4221916,1542.64,1541.46,4.34322305,-3.54,55.53109563
1666964831.426096,1541.73,1541.73,3.91387347,1.19,56.07152776
1666964841.4883456,1541.73,1541.73,3.91387347,1.19,56.07152776
1666964851.434095,1541.73,1541.73,3.91387347,1.19,56.07152776
1666964861.4499702,1541.73,1544.84,4.16196464,4.3,60.8250327
1666964872.4013574,1541.73,1544.84,4.16196464,4.3,60.8250327
1666964882.3215506,1541.73,1544.84,4.16196464,4.3,60.8250327
1666964892.3063717,1543.21,1543.21,3.72585254,1.67,58.46965474
1666964902.373092,1543.21,1543.21,3.72585254,1.67,58.46965474
1666964912.3752573,1543.21,1543.21,3.72585254,1.67,58.46965474
1666964922.407904,1543.21,1542.44,3.66442803,0.9,56.73431084
1666964932.3416045,1543.21,1542.44,3.66442803,0.9,56.73431084
1666964942.2960038,1543.21,1542.44,3.66442803,0.9,56.73431084
1666964952.299051,1540.72,1540.72,3.09097508,-3.28,53.205848
1666964962.3145103,1540.72,1540.72,3.09097508,-3.28,53.205848
1666964972.3554668,1540.72,1540.72,3.09097508,-3.28,53.205848
1666964982.3561664,1540.72,1541.19,3.12846796,-2.81,54.04601566
1666964992.3879974,1540.72,1541.19,3.12846796,-2.81,54.04601566
1666965002.3547382,1540.72,1541.19,3.12846796,-2.81,54.04601566
1666965012.3591993,1541.08,1541.08,2.76609431,-3.5,53.84755525
1666965022.3619933,1541.08,1541.08,2.76609431,-3.5,53.84755525
1666965032.3968203,1541.08,1541.08,2.76609431,-3.5,53.84755525
1666965042.381327,1541.08,1541.08,2.76609431,-3.5,53.84755525
1666965052.779733,1541.08,1540.54,2.72301739,-4.04,52.67339019
1666965062.7521102,1541.08,1540.54,2.72301739,-4.04,52.67339019
1666965072.7818997,1540.41,1540.41,2.36281388,-4.79,52.39670941
1666965082.794232,1540.41,1540.41,2.36281388,-4.79,52.39670941
1666965092.7833512,1540.41,1540.41,2.36281388,-4.79,52.39670941
1666965102.782849,1540.41,1542.42,2.52315576,-2.78,56.20959839
1666965112.849439,1540.41,1542.42,2.52315576,-2.78,56.20959839
1666965122.884385,1540.41,1542.42,2.52315576,-2.78,56.20959839
1666965132.8269317,1540.41,1542.42,2.52315576,-2.78,56.20959839
1666965142.795155,1542.36,1542.36,2.3374492,-4.07,56.09810685
1666965152.7936363,1542.36,1542.36,2.3374492,-4.07,56.09810685
1666965162.742515,1542.36,1539.59,2.11648053,-6.84,50.13235353
1666965172.8222334,1542.36,1539.59,2.11648053,-6.84,50.13235353
1666965182.7755787,1542.36,1539.59,2.11648053,-6.84,50.13235353
1666965192.783682,1540.47,1540.47,1.90126487,-7.53,51.8852819
1666965202.7658389,1540.47,1540.47,1.90126487,-7.53,51.8852819
1666965212.8967595,1540.47,1540.47,1.90126487,-7.53,51.8852819
1666965222.8283026,1540.47,1541.52,1.98502556,-6.48,53.95412756
1666965233.702729,1540.47,1541.52,1.98502556,-6.48,53.95412756
1666965243.4478178,1540.47,1541.52,1.98502556,-6.48,53.95412756
1666965253.3975928,1541.31,1541.31,1.77472671,-5.69,53.55471495
1666965263.39213,1541.31,1541.31,1.77472671,-5.69,53.55471495
1666965273.379419,1541.31,1541.31,1.77472671,-5.69,53.55471495
1666965283.3442516,1541.31,1541.27,1.77153583,-5.73,53.4595927
1666965293.381166,1541.31,1541.27,1.77153583,-5.73,53.4595927
1666965303.3464644,1541.31,1541.27,1.77153583,-5.73,53.4595927
1666965313.368709,1541.71,1541.71,1.65879184,-0.92,54.36821629
1666965323.3421907,1541.71,1541.71,1.65879184,-0.92,54.36821629
1666965333.3660047,1541.71,1541.71,1.65879184,-0.92,54.36821629
1666965343.359492,1541.71,1542.72,1.73936164,0.09,56.43896099
1666965353.3848166,1541.71,1542.72,1.73936164,0.09,56.43896099
1666965363.386256,1541.71,1542.72,1.73936164,0.09,56.43896099
1666965373.398605,1543.85,1543.85,1.82658109,2.13,58.54510259
1666965383.383742,1543.85,1543.85,1.82658109,2.13,58.54510259
1666965393.431508,1543.85,1543.85,1.82658109,2.13,58.54510259
1666965403.4091604,1543.85,1542.79,1.74202268,1.07,55.82563654
1666965414.1662164,1543.85,1542.79,1.74202268,1.07,55.82563654
1666965424.196739,1543.85,1542.79,1.74202268,1.07,55.82563654
1666965434.1875055,1542.39,1542.39,1.59771101,-0.82,54.86133857
1666965444.166039,1542.39,1542.39,1.59771101,-0.82,54.86133857
1666965454.1979513,1542.39,1542.39,1.59771101,-0.82,54.86133857
1666965464.165084,1542.39,1542.12,1.57617255,-1.09,54.18101864
1666965474.1939173,1542.39,1542.12,1.57617255,-1.09,54.18101864
1666965484.1313448,1542.39,1542.12,1.57617255,-1.09,54.18101864
1666965494.4125738,1540.77,1540.77,1.26243134,0.06,51.01773611
1666965504.1821194,1540.77,1540.77,1.26243134,0.06,51.01773611
1666965514.1419723,1540.77,1540.77,1.26243134,0.06,51.01773611
1666965524.1138537,1540.77,1542.17,1.37411225,1.46,54.01604316
1666965534.1723418,1540.77,1542.17,1.37411225,1.46,54.01604316
1666965544.2504358,1540.77,1542.17,1.37411225,1.46,54.01604316
1666965554.196597,1541.68,1541.68,1.21525019,0.59,53.0093035
1666965564.2336752,1541.68,1541.68,1.21525019,0.59,53.0093035
1666965574.166463,1541.68,1541.68,1.21525019,0.59,53.0093035
1666965584.193344,1541.68,1540.3,1.10516472,-0.79,49.70857472
1666965595.27531,1541.68,1540.3,1.10516472,-0.79,49.70857472
1666965605.072262,1541.68,1540.3,1.10516472,-0.79,49.70857472
1666965614.8605058,1540.19,1540.19,0.89631535,-0.23,49.46529964
1666965624.9195774,1540.19,1540.19,0.89631535,-0.23,49.46529964
1666965634.880133,1540.19,1540.19,0.89631535,-0.23,49.46529964
1666965644.930866,1540.19,1543.44,1.15557461,3.02,56.32253598
1666965654.980152,1540.19,1543.44,1.15557461,3.02,56.32253598
1666965664.9755363,1540.19,1543.44,1.15557461,3.02,56.32253598
1666965675.0860329,1544.44,1544.44,1.33137893,2.07,58.06480983
1666965684.9542155,1544.44,1544.44,1.33137893,2.07,58.06480983
1666965694.9474878,1544.44,1544.44,1.33137893,2.07,58.06480983
1666965704.9567366,1544.44,1544.12,1.30585187,1.75,57.27441205
1666965714.9489908,1544.44,1544.12,1.30585187,1.75,57.27441205
1666965724.9297192,1543.19,1543.19,1.21473326,2.72,55.09307992
1666965734.980567,1543.19,1543.19,1.21473326,2.72,55.09307992
1666965744.9759624,1543.19,1543.19,1.21473326,2.72,55.09307992
1666965754.9671044,1543.19,1543.19,1.21473326,2.72,55.09307992
1666965764.9297023,1543.19,1541.94,1.11501816,1.47,52.21684432
1666965775.474088,1543.19,1541.94,1.11501816,1.47,52.21684432
1666965785.4547136,1543.19,1541.94,1.11501816,1.47,52.21684432
1666965795.462898,1539.64,1539.64,0.68516361,-1.67,47.64047264
1666965805.8094354,1539.64,1539.64,0.68516361,-1.67,47.64047264
1666965815.4907591,1539.64,1539.64,0.68516361,-1.67,47.64047264
1666965825.5081394,1539.64,1536.92,0.46818356,-4.39,42.85685244
1666965835.4830673,1539.64,1536.92,0.46818356,-4.39,42.85685244
1666965845.4596195,1539.64,1536.92,0.46818356,-4.39,42.85685244
1666965855.466674,1534.8,1534.8,-0.19987076,-6.9,39.74625506
1666965865.5105133,1534.8,1534.8,-0.19987076,-6.9,39.74625506
1666965875.4988377,1534.8,1534.8,-0.19987076,-6.9,39.74625506
1666965885.5268252,1534.8,1537.22,-0.00682232,-4.48,44.68201544
1666965895.716113,1534.8,1537.06,-0.01958586,-4.64,44.38078455
1666965905.5208356,1534.8,1537.06,-0.01958586,-4.64,44.38078455
1666965915.554536,1536.29,1536.29,-0.37725247,-7.55,42.88780995
1666965925.553188,1536.29,1536.29,-0.37725247,-7.55,42.88780995
1666965935.50534,1536.29,1536.29,-0.37725247,-7.55,42.88780995
1666965945.7909782,1536.29,1538.71,-0.18420403,-5.13,47.65080353
1666965956.033958,1536.29,1538.71,-0.18420403,-5.13,47.65080353
1666965965.9997592,1536.29,1538.71,-0.18420403,-5.13,47.65080353
1666965975.972458,1537.94,1537.94,-0.3718128,-4.45,46.22373453
1666965985.9914918,1537.94,1537.94,-0.3718128,-4.45,46.22373453
1666965995.977058,1537.94,1537.94,-0.3718128,-4.45,46.22373453
1666966005.9945517,1537.94,1534.79,-0.62309485,-7.6,41.2664089
1666966016.0166776,1537.94,1534.79,-0.62309485,-7.6,41.2664089
1666966025.9989855,1537.94,1534.79,-0.62309485,-7.6,41.2664089
1666966036.178702,1534.43,1534.43,-0.96324526,-6.34,40.76674224
1666966046.2430103,1534.43,1534.43,-0.96324526,-6.34,40.76674224
1666966056.0220714,1534.43,1534.43,-0.96324526,-6.34,40.76674224
1666966066.0505922,1534.43,1533.15,-1.06535352,-7.62,38.96040312
1666966076.0268896,1534.43,1533.15,-1.06535352,-7.62,38.96040312
1666966086.0287735,1534.43,1533.15,-1.06535352,-7.62,38.96040312
1666966096.03586,1533.67,1533.67,-1.30370339,-8.01,39.67456862
1666966106.0736706,1533.67,1533.67,-1.30370339,-8.01,39.67456862
1666966116.0724075,1533.67,1533.67,-1.30370339,-8.01,39.67456862
1666966126.0724564,1533.67,1533.67,-1.30370339,-8.01,39.67456862
1666966136.6640952,1533.67,1531.55,-1.47282019,-10.13,36.71936262
1666966146.4953735,1533.67,1531.55,-1.47282019,-10.13,36.71936262
1666966156.4354253,1528.0,1528.0,-2.30899686,-12.18,32.64650833
1666966166.5364327,1528.0,1528.0,-2.30899686,-12.18,32.64650833
1666966176.459798,1528.0,1528.0,-2.30899686,-12.18,32.64650833
1666966186.450621,1528.0,1530.02,-2.14785726,-10.16,36.92399998
1666966196.4600286,1528.0,1530.02,-2.14785726,-10.16,36.92399998
1666966206.5320406,1528.0,1530.02,-2.14785726,-10.16,36.92399998
1666966216.4871948,1528.25,1528.25,-2.68060294,-16.2,33.20738779
1666966226.5604076,1528.25,1528.25,-2.68060294,-16.2,33.20738779
1666966236.5563228,1528.25,1528.25,-2.68060294,-16.2,33.20738779
1666966246.58609,1528.25,1526.71,-2.80345195,-17.74,31.46649747
1666966256.679701,1528.25,1526.71,-2.80345195,-17.74,31.46649747
1666966266.5548763,1528.25,1526.71,-2.80345195,-17.74,31.46649747
1666966276.544156,1525.92,1525.92,-3.28620769,-17.28,30.64164216
1666966286.6084738,1525.92,1525.92,-3.28620769,-17.28,30.64164216
1666966296.5783348,1525.92,1525.92,-3.28620769,-17.28,30.64164216
1666966306.5575738,1525.92,1525.58,-3.3133302,-17.62,30.27417751
1666966317.089465,1525.92,1525.58,-3.3133302,-17.62,30.27417751
1666966327.0821173,1525.92,1525.58,-3.3133302,-17.62,30.27417751
1666966337.0560267,1524.45,1524.45,-3.78603872,-15.19,29.11379321
1666966347.1542275,1524.45,1524.45,-3.78603872,-15.19,29.11379321
1666966357.1073136,1524.45,1524.45,-3.78603872,-15.19,29.11379321
1666966367.0701072,1524.45,1523.11,-3.89293331,-16.53,27.75521356
1666966377.1089232,1524.45,1523.11,-3.89293331,-16.53,27.75521356
1666966387.1436353,1524.45,1523.11,-3.89293331,-16.53,27.75521356
1666966397.134401,1521.99,1521.99,-4.38976005,-12.81,26.71262194
1666966407.1514747,1521.99,1521.99,-4.38976005,-12.81,26.71262194
1666966417.163446,1521.99,1521.99,-4.38976005,-12.81,26.71262194
1666966427.080394,1521.99,1522.8,-4.32514467,-12.0,28.77952982
1666966437.1383724,1521.99,1522.8,-4.32514467,-12.0,28.77952982
1666966447.13057,1521.99,1522.8,-4.32514467,-12.0,28.77952982
1666966457.149666,1525.36,1525.36,-4.18322,-10.94,34.65050119
1666966467.2254646,1525.36,1525.36,-4.18322,-10.94,34.65050119
1666966477.298448,1525.36,1525.36,-4.18322,-10.94,34.65050119
1666966487.0781834,1525.36,1525.98,-4.13376131,-10.32,36.02595294
1666966497.7345085,1525.36,1525.98,-4.13376131,-10.32,36.02595294
1666966507.7249637,1525.36,1525.98,-4.13376131,-10.32,36.02595294
1666966517.7431076,1528.0,1528.0,-3.81115516,-9.95,40.1314126
1666966527.7563243,1528.0,1528.0,-3.81115516,-9.95,40.1314126
1666966537.7927036,1528.0,1528.0,-3.81115516,-9.95,40.1314126
1666966547.7175772,1528.0,1528.0,-3.81115516,-9.95,40.1314126
1666966557.724877,1528.0,1528.0,-3.81115516,-9.95,40.1314126
1666966567.797565,1528.0,1528.0,-3.81115516,-9.95,40.1314126
1666966577.7799163,1530.16,1530.16,-3.33587509,-4.27,44.25125077
1666966587.749991,1530.16,1530.16,-3.33587509,-4.27,44.25125077
1666966597.8033547,1530.16,1530.16,-3.33587509,-4.27,44.25125077
1666966607.8401604,1530.16,1530.24,-3.32949332,-4.19,44.40384805
1666966617.8406572,1530.16,1530.24,-3.32949332,-4.19,44.40384805
1666966627.8208954,1530.16,1530.24,-3.32949332,-4.19,44.40384805
1666966637.7757406,1530.94,1530.94,-2.95022515,-2.73,45.70427324
1666966647.8115337,1530.94,1530.94,-2.95022515,-2.73,45.70427324
1666966657.8336833,1530.94,1530.94,-2.95022515,-2.73,45.70427324
1666966667.768018,1530.94,1533.38,-2.75558128,-0.29,50.08687372
1666966678.6498046,1530.94,1533.38,-2.75558128,-0.29,50.08687372
1666966688.6459477,1530.94,1533.38,-2.75558128,-0.29,50.08687372
1666966698.892659,1530.85,1530.85,-2.67531329,2.84,45.55547202
1666966708.766385,1530.85,1530.85,-2.67531329,2.84,45.55547202
1666966718.7007864,1530.85,1530.85,-2.67531329,2.84,45.55547202
1666966728.749207,1530.85,1530.25,-2.72317654,2.24,44.52357353
1666966738.698877,1530.85,1530.25,-2.72317654,2.24,44.52357353
1666966748.7753415,1530.85,1530.25,-2.72317654,2.24,44.52357353
1666966758.7192533,1526.22,1526.22,-3.07956288,-2.04,38.65314138
1666966768.7291334,1526.22,1526.22,-3.07956288,-2.04,38.65314138
1666966778.7821195,1526.22,1526.22,-3.07956288,-2.04,38.65314138
1666966788.743941,1526.22,1528.1,-2.92959137,-0.16,42.4673173
1666966798.817721,1526.22,1528.1,-2.92959137,-0.16,42.4673173
1666966808.651918,1526.22,1528.1,-2.92959137,-0.16,42.4673173
1666966818.7082796,1528.0,1528.0,-2.82018093,2.07,42.27789152
1666966828.6702902,1528.0,1528.0,-2.82018093,2.07,42.27789152
1666966838.781973,1528.0,1528.0,-2.82018093,2.07,42.27789152
1666966848.6829193,1528.0,1528.46,-2.78348577,2.53,43.21132285
1666966860.2989588,1528.0,1528.46,-2.78348577,2.53,43.21132285
1666966869.2089791,1528.0,1528.46,-2.78348577,2.53,43.21132285
1666966879.1581657,1528.94,1528.94,-2.56318191,4.49,44.15517068
1666966889.2508218,1528.94,1528.94,-2.56318191,4.49,44.15517068
1666966899.18697,1528.94,1528.94,-2.56318191,4.49,44.15517068
1666966909.208726,1528.94,1528.04,-2.63497678,3.59,42.71839923
1666966919.2145712,1528.94,1528.04,-2.63497678,3.59,42.71839923
1666966929.2545602,1528.94,1528.04,-2.63497678,3.59,42.71839923
1666966939.273099,1526.37,1526.37,-2.75404547,4.37,40.29273226
1666966949.2632236,1526.37,1526.37,-2.75404547,4.37,40.29273226
1666966959.3472185,1526.37,1526.37,-2.75404547,4.37,40.29273226
1666966969.2630708,1526.37,1526.08,-2.77717938,4.08,39.8693607
1666966979.1695535,1526.37,1526.08,-2.77717938,4.08,39.8693607
1666966989.578225,1526.37,1526.08,-2.77717938,4.08,39.8693607
1666966999.211594,1526.63,1526.63,-2.67420347,1.27,40.86130138
1666967009.250507,1526.63,1526.63,-2.67420347,1.27,40.86130138
1666967019.195706,1526.63,1526.63,-2.67420347,1.27,40.86130138
1666967029.275865,1526.63,1527.46,-2.60799265,2.1,42.7115854
1666967039.8685777,1526.63,1527.46,-2.60799265,2.1,42.7115854
1666967049.8744602,1526.63,1527.46,-2.60799265,2.1,42.7115854
1666967059.7781675,1526.45,1526.45,-2.62349406,-1.55,40.57621858
1666967069.854709,1526.45,1526.45,-2.62349406,-1.55,40.57621858
1666967079.8247185,1526.45,1526.45,-2.62349406,-1.55,40.57621858
1666967089.9100173,1526.45,1526.13,-2.64902112,-1.87,40.04137116
1666967099.833336,1526.45,1526.13,-2.64902112,-1.87,40.04137116
1666967109.84996,1526.45,1526.13,-2.64902112,-1.87,40.04137116
1666967120.0667274,1527.36,1527.36,-2.41459322,-2.8,42.75260047
1666967129.8639205,1527.36,1527.36,-2.41459322,-2.8,42.75260047
1666967139.8353772,1527.36,1527.36,-2.41459322,-2.8,42.75260047
1666967149.89378,1527.36,1531.06,-2.11943652,0.9,50.65871861
1666967159.9253504,1527.36,1531.06,-2.11943652,0.9,50.65871861
1666967169.8594573,1527.36,1531.06,-2.11943652,0.9,50.65871861
1666967179.8458447,1532.99,1532.99,-1.48378647,2.05,53.97432728
1666967189.8767176,1532.99,1532.99,-1.48378647,2.05,53.97432728
1666967200.3824668,1532.99,1532.99,-1.48378647,2.05,53.97432728
1666967209.888353,1532.99,1533.36,-1.4542708,2.42,54.60412106
1666967220.61365,1532.99,1533.36,-1.4542708,2.42,54.60412106
1666967230.6647196,1533.75,1533.75,-0.98143343,2.89,55.2441918
1666967240.575132,1533.75,1533.75,-0.98143343,2.89,55.2441918
1666967250.7042744,1533.75,1533.75,-0.98143343,2.89,55.2441918
1666967260.6442187,1533.75,1533.75,-0.98143343,2.89,55.2441918
1666967271.040188,1533.75,1536.24,-0.78280095,5.38,59.23373335
1666967280.625691,1533.75,1536.24,-0.78280095,5.38,59.23373335
1666967290.6868608,1533.75,1536.24,-0.78280095,5.38,59.23373335
1666967300.6870413,1534.94,1534.94,-0.4565708,8.73,57.24586714
1666967310.6269047,1534.94,1534.94,-0.4565708,8.73,57.24586714
1666967320.7112882,1534.94,1535.16,-0.43902094,8.95,57.62247193
1666967330.6559663,1534.94,1535.16,-0.43902094,8.95,57.62247193
1666967340.7213097,1534.94,1535.16,-0.43902094,8.95,57.62247193
1666967350.6750014,1534.94,1535.16,-0.43902094,8.95,57.62247193
1666967360.660328,1536.44,1536.44,0.09813468,8.45,59.67932301
1666967370.7423575,1536.44,1536.44,0.09813468,8.45,59.67932301
1666967380.64788,1536.44,1535.36,0.01198084,7.37,57.14968787
1666967390.7077563,1536.44,1535.36,0.01198084,7.37,57.14968787
1666967401.200341,1536.44,1535.36,0.01198084,7.37,57.14968787
1666967411.327344,1536.44,1535.36,0.01198084,7.37,57.14968787
1666967421.2100012,1534.45,1534.45,0.15592906,5.52,55.17896663
1666967431.3258653,1534.45,1534.45,0.15592906,5.52,55.17896663
1666967441.2305772,1534.45,1536.65,0.33142764,7.72,58.87146683
1666967451.2724285,1534.45,1536.65,0.33142764,7.72,58.87146683
1666967461.5370245,1534.45,1536.65,0.33142764,7.72,58.87146683
1666967471.197502,1537.82,1537.82,0.80081408,11.45,60.58852193
1666967481.2488616,1537.82,1537.82,0.80081408,11.45,60.58852193
1666967491.2305818,1537.82,1537.82,0.80081408,11.45,60.58852193
1666967501.2664757,1537.82,1537.77,0.79682547,11.4,60.4717933
1666967511.230866,1537.82,1537.77,0.79682547,11.4,60.4717933
1666967521.3058732,1537.82,1537.77,0.79682547,11.4,60.4717933
1666967531.2239387,1539.67,1539.67,1.3465962,13.03,63.22624655
1666967541.233708,1539.67,1539.67,1.3465962,13.03,63.22624655
1666967551.2479165,1539.67,1539.67,1.3465962,13.03,63.22624655
1666967561.2596288,1539.67,1538.75,1.27320588,12.11,61.05370907
1666967571.4780638,1539.67,1538.75,1.27320588,12.11,61.05370907
1666967581.8679788,1539.67,1538.75,1.27320588,12.11,61.05370907
1666967591.9259474,1537.0,1537.0,1.26642053,10.55,57.29193192
1666967601.9039547,1537.0,1537.0,1.26642053,10.55,57.29193192
1666967611.935577,1537.0,1537.0,1.26642053,10.55,57.29193192
1666967621.9087632,1537.0,1535.35,1.1347966,8.9,53.9186649
1666967632.2119098,1537.0,1535.35,1.1347966,8.9,53.9186649
1666967641.959494,1537.0,1535.35,1.1347966,8.9,53.9186649
1666967651.9504852,1535.29,1535.29,1.11431649,7.94,53.80346958
1666967661.8898065,1535.29,1535.29,1.11431649,7.94,53.80346958
1666967671.9329154,1535.29,1535.29,1.11431649,7.94,53.80346958
1666967681.9530144,1535.29,1534.91,1.0840031,7.56,53.03071739
1666967691.923572,1535.29,1534.91,1.0840031,7.56,53.03071739
1666967702.073336,1535.29,1534.91,1.0840031,7.56,53.03071739
1666967711.9661694,1533.98,1533.98,0.90413716,0.99,51.22996751
1666967721.9689744,1533.98,1533.98,0.90413716,0.99,51.22996751
1666967732.008612,1533.98,1533.98,0.90413716,0.99,51.22996751
1666967742.0035655,1533.98,1532.6,0.79405169,-0.39,48.59314026
1666967751.9737003,1533.98,1532.6,0.79405169,-0.39,48.59314026
1666967762.6683965,1533.98,1532.6,0.79405169,-0.39,48.59314026
1666967772.6565013,1532.21,1532.21,0.56082592,-1.55,47.8964394
1666967782.6610017,1532.21,1532.21,0.56082592,-1.55,47.8964394
1666967792.6674488,1532.21,1532.21,0.56082592,-1.55,47.8964394
1666967802.6653843,1532.21,1532.89,0.61507093,-0.87,49.26237586
1666967812.9506352,1532.21,1532.89,0.61507093,-0.87,49.26237586
1666967822.6878428,1532.21,1532.89,0.61507093,-0.87,49.26237586
1666967832.6765993,1532.21,1532.89,0.61507093,-0.87,49.26237586
1666967842.673784,1532.97,1532.97,0.50351829,-1.97,49.41838028
1666967852.696102,1532.97,1532.97,0.50351829,-1.97,49.41838028
1666967862.8176422,1532.97,1534.61,0.6343445,-0.33,52.63363495
1666967872.700987,1532.97,1534.61,0.6343445,-0.33,52.63363495
1666967882.7067745,1532.97,1534.61,0.6343445,-0.33,52.63363495
1666967892.7639906,1534.67,1534.67,0.64508176,-1.78,52.74493897
1666967902.7658043,1534.67,1534.67,0.64508176,-1.78,52.74493897
1666967912.717914,1534.67,1534.67,0.64508176,-1.78,52.74493897
1666967922.757413,1534.67,1535.36,0.7001245,-1.09,54.06482436
1666967932.7933784,1534.67,1535.36,0.7001245,-1.09,54.06482436
1666967943.3702092,1534.67,1535.36,0.7001245,-1.09,54.06482436
1666967953.3644426,1535.3,1535.3,0.73269209,0.85,53.94809772
1666967963.3560412,1535.3,1535.3,0.73269209,0.85,53.94809772
1666967973.3810868,1535.3,1535.3,0.73269209,0.85,53.94809772
1666967983.2893384,1535.3,1535.2,0.72471488,0.75,53.71356809
1666967993.342183,1535.3,1535.2,0.72471488,0.75,53.71356809
1666968003.366073,1535.3,1535.2,0.72471488,0.75,53.71356809
1666968013.340708,1535.31,1535.31,0.75501274,-2.52,53.96638482
1666968023.385701,1535.31,1535.31,0.75501274,-2.52,53.96638482
1666968033.479276,1535.31,1535.31,0.75501274,-2.52,53.96638482
1666968043.4033244,1535.31,1536.4,0.84196431,-1.43,56.2152987
1666968053.345751,1535.31,1536.4,0.84196431,-1.43,56.2152987
1666968063.444434,1535.31,1536.4,0.84196431,-1.43,56.2152987
1666968073.366863,1535.2,1535.2,0.74648053,-4.46,53.68703376
1666968083.3807786,1535.2,1535.2,0.74648053,-4.46,53.68703376
1666968093.3579464,1535.2,1535.2,0.74648053,-4.46,53.68703376
1666968103.4444728,1535.2,1533.45,0.60687939,-6.21,49.34249976
1666968113.3526552,1535.2,1533.45,0.60687939,-6.21,49.34249976
1666968124.0211892,1535.2,1533.45,0.60687939,-6.21,49.34249976
1666968134.0457184,1533.72,1533.72,0.53018821,-3.28,49.96504035
1666968144.101065,1533.72,1533.72,0.53018821,-3.28,49.96504035
1666968154.0334246,1533.72,1533.72,0.53018821,-3.28,49.96504035
1666968164.743741,1533.72,1534.23,0.57087197,-2.77,51.221734
1666968174.063265,1533.72,1534.23,0.57087197,-2.77,51.221734
1666968184.4420822,1533.72,1534.23,0.57087197,-2.77,51.221734
1666968194.4024634,1534.24,1534.24,0.51945323,-1.05,51.24759101
1666968204.4142222,1534.24,1534.24,0.51945323,-1.05,51.24759101
1666968214.3987062,1534.24,1534.24,0.51945323,-1.05,51.24759101
1666968224.361911,1534.24,1533.91,0.49312844,-1.38,50.36690835
1666968234.3626764,1534.24,1533.91,0.49312844,-1.38,50.36690835
1666968244.3333237,1534.24,1533.91,0.49312844,-1.38,50.36690835
1666968254.4169495,1535.91,1535.91,0.70932355,1.93,55.21243345
1666968264.4612205,1535.91,1535.91,0.70932355,1.93,55.21243345
1666968274.4086535,1535.91,1535.91,0.70932355,1.93,55.21243345
1666968284.331393,1535.91,1536.76,0.77712982,2.78,57.12375491
1666968294.408466,1535.91,1536.76,0.77712982,2.78,57.12375491
1666968305.0193293,1535.91,1536.76,0.77712982,2.78,57.12375491
1666968314.9602644,1536.48,1536.48,0.82558545,4.27,56.51412135
1666968324.9532907,1536.48,1536.48,0.82558545,4.27,56.51412135
1666968335.0079088,1536.48,1536.48,0.82558545,4.27,56.51412135
1666968345.0525448,1536.48,1536.24,0.80644015,4.03,55.78627122
1666968355.008905,1536.48,1536.24,0.80644015,4.03,55.78627122
1666968365.057362,1536.48,1536.24,0.80644015,4.03,55.78627122
1666968375.0384393,1535.03,1535.03,0.66790603,2.06,52.35181032
1666968385.05855,1535.03,1535.03,0.66790603,2.06,52.35181032
1666968395.4035702,1535.03,1535.03,0.66790603,2.06,52.35181032
1666968405.0326056,1535.03,1535.14,0.67668096,2.17,52.63997358
1666968415.0308766,1535.03,1535.14,0.67668096,2.17,52.63997358
1666968425.524126,1535.03,1535.14,0.67668096,2.17,52.63997358
1666968435.042271,1535.03,1535.14,0.67668096,2.17,52.63997358
1666968444.9756434,1536.73,1536.73,0.86768797,2.07,56.40746731
1666968455.0243108,1536.73,1536.73,0.86768797,2.07,56.40746731
1666968465.0770173,1536.73,1538.92,1.04238882,4.26,61.02411753
1666968475.057552,1536.73,1538.92,1.04238882,4.26,61.02411753
1666968485.9094512,1536.73,1538.92,1.04238882,4.26,61.02411753
1666968495.9213269,1539.49,1539.49,1.29761043,4.18,62.06827413
1666968505.8998563,1539.49,1539.49,1.29761043,4.18,62.06827413
1666968515.8321724,1539.49,1539.49,1.29761043,4.18,62.06827413
1666968525.8901072,1539.49,1537.52,1.14045943,2.21,56.44050085
1666968535.9583714,1539.49,1537.52,1.14045943,2.21,56.44050085
1666968545.9774065,1539.49,1537.52,1.14045943,2.21,56.44050085
1666968555.9580514,1536.11,1536.11,0.96935287,0.79,53.00093714
1666968565.921958,1536.11,1536.11,0.96935287,0.79,53.00093714
1666968575.882943,1536.11,1536.11,0.96935287,0.79,53.00093714
1666968586.1891165,1536.11,1535.59,0.92787139,0.27,51.74843455
1666968595.9436111,1536.11,1535.59,0.92787139,0.27,51.74843455
1666968605.990696,1536.11,1535.59,0.92787139,0.27,51.74843455
1666968615.9171925,1536.64,1536.64,0.98667877,1.45,54.13405263
1666968625.9944365,1536.64,1536.64,0.98667877,1.45,54.13405263
1666968635.979031,1536.64,1536.64,0.98667877,1.45,54.13405263
1666968645.9723313,1536.64,1536.6,0.98348789,1.41,54.03227273
1666968656.3357978,1536.64,1536.6,0.98348789,1.41,54.03227273
1666968666.778107,1536.64,1536.6,0.98348789,1.41,54.03227273
1666968676.3244128,1535.65,1535.65,0.81594449,1.92,51.63526504
1666968686.414652,1535.65,1535.65,0.81594449,1.92,51.63526504
1666968696.3470323,1535.65,1535.65,0.81594449,1.92,51.63526504
1666968706.4100866,1535.65,1535.63,0.81434904,1.9,51.58501987
1666968716.3628707,1535.65,1535.63,0.81434904,1.9,51.58501987
1666968726.4474216,1535.65,1535.63,0.81434904,1.9,51.58501987
1666968736.3947167,1533.96,1533.96,0.49586078,-0.27,47.59573081
1666968746.4293327,1533.96,1533.96,0.49586078,-0.27,47.59573081
1666968756.470129,1533.96,1533.96,0.49586078,-0.27,47.59573081
1666968766.4084244,1533.96,1534.11,0.50782659,-0.12,47.9848558
1666968776.4424036,1533.96,1534.11,0.50782659,-0.12,47.9848558
1666968786.3985946,1533.96,1534.11,0.50782659,-0.12,47.9848558
1666968796.4355156,1534.01,1534.01,0.35274937,-1.9,47.72608443
1666968806.430799,1534.01,1534.01,0.35274937,-1.9,47.72608443
1666968816.3992028,1534.01,1534.01,0.35274937,-1.9,47.72608443
1666968826.3897398,1534.01,1533.03,0.27457273,-2.88,45.34525113
1666968836.428643,1534.01,1533.03,0.27457273,-2.88,45.34525113
1666968846.9111547,1534.01,1533.03,0.27457273,-2.88,45.34525113
1666968856.9099395,1532.42,1532.42,0.00809787,-4.05,43.98769901
1666968866.885743,1532.42,1532.42,0.00809787,-4.05,43.98769901
1666968876.9636793,1532.42,1532.42,0.00809787,-4.05,43.98769901
1666968886.9535043,1532.42,1533.82,0.11977879,-2.65,47.86445499
1666968896.9322562,1532.42,1533.82,0.11977879,-2.65,47.86445499
1666968906.9294538,1532.42,1533.82,0.11977879,-2.65,47.86445499
1666968916.9519403,1534.66,1534.66,0.15524656,-0.38,49.94142369
1666968927.0152671,1534.66,1534.66,0.15524656,-0.38,49.94142369
1666968936.857852,1534.66,1534.66,0.15524656,-0.38,49.94142369
1666968946.8663175,1534.66,1535.52,0.22385055,0.48,52.0494057
1666968956.9532044,1534.66,1535.52,0.22385055,0.48,52.0494057
1666968966.951536,1534.66,1535.52,0.22385055,0.48,52.0494057
1666968976.9420643,1535.65,1535.65,0.2680898,-1.09,52.35271331
1666968986.931801,1535.65,1535.65,0.2680898,-1.09,52.35271331
1666968996.8782628,1535.65,1535.65,0.2680898,-1.09,52.35271331
1666969006.8769488,1535.65,1533.87,0.1260955,-2.87,47.88627164
1666969016.9585495,1535.65,1533.87,0.1260955,-2.87,47.88627164
1666969027.5955503,1535.65,1533.87,0.1260955,-2.87,47.88627164
1666969037.6299691,1532.71,1532.71,-0.12403562,-6.78,45.36411035
1666969047.5788496,1532.71,1532.71,-0.12403562,-6.78,45.36411035
1666969057.6021516,1532.71,1532.71,-0.12403562,-6.78,45.36411035
1666969067.6584735,1532.71,1533.33,-0.07457693,-6.16,46.9717457
1666969077.6199698,1532.71,1533.33,-0.07457693,-6.16,46.9717457
1666969087.6675937,1532.71,1533.33,-0.07457693,-6.16,46.9717457
1666969098.0767844,1533.08,1533.08,-0.19379025,-3.03,46.33502528
1666969107.556384,1533.08,1533.08,-0.19379025,-3.03,46.33502528
1666969117.6343892,1533.08,1533.08,-0.19379025,-3.03,46.33502528
1666969127.626366,1533.08,1531.47,-0.32222329,-4.64,42.77311577
1666969137.64298,1533.08,1531.47,-0.32222329,-4.64,42.77311577
1666969147.6307626,1533.08,1531.47,-0.32222329,-4.64,42.77311577
1666969157.6476486,1532.0,1532.0,-0.42202917,-4.63,43.88363495
1666969167.6913347,1532.0,1532.0,-0.42202917,-4.63,43.88363495
1666969177.670523,1532.0,1532.0,-0.42202917,-4.63,43.88363495
1666969187.6725514,1532.0,1532.43,-0.38772718,-4.2,45.1283795
1666969197.628313,1532.0,1532.43,-0.38772718,-4.2,45.1283795
1666969208.0393913,1532.0,1532.43,-0.38772718,-4.2,45.1283795
1666969218.363839,1532.34,1532.34,-0.4804767,-3.3,44.87244225
1666969228.0111442,1532.34,1532.34,-0.4804767,-3.3,44.87244225
1666969238.3013892,1532.34,1532.34,-0.4804767,-3.3,44.87244225
1666969248.0598142,1532.34,1532.63,-0.4573428,-3.01,45.75049712
1666969258.0215578,1532.34,1532.63,-0.4573428,-3.01,45.75049712
1666969268.0887847,1532.34,1532.63,-0.4573428,-3.01,45.75049712
1666969278.0964208,1533.37,1533.37,-0.39643986,-0.58,47.86925137
1666969288.080588,1533.37,1533.37,-0.39643986,-0.58,47.86925137
1666969298.0485458,1533.37,1533.37,-0.39643986,-0.58,47.86925137
1666969308.0854013,1533.37,1533.41,-0.39324898,-0.54,47.98750256
1666969318.1162672,1533.37,1533.41,-0.39324898,-0.54,47.98750256
1666969328.3422272,1533.37,1533.41,-0.39324898,-0.54,47.98750256
1666969338.0291305,1531.0,1531.0,-0.72610069,-3.01,42.19653357
1666969348.3533516,1531.0,1531.0,-0.72610069,-3.01,42.19653357
1666969358.622204,1531.0,1531.0,-0.72610069,-3.01,42.19653357
1666969368.11517,1531.0,1529.84,-0.8186363,-4.17,39.70358749
1666969378.0808558,1531.0,1529.84,-0.8186363,-4.17,39.70358749
1666969388.5606332,1531.0,1529.84,-0.8186363,-4.17,39.70358749
1666969398.5796804,1528.08,1528.08,-1.24013698,-4.33,36.44694982
1666969408.585116,1528.08,1528.08,-1.24013698,-4.33,36.44694982
1666969418.5354834,1528.08,1528.08,-1.24013698,-4.33,36.44694982
1666969428.588621,1528.08,1530.07,-1.08139054,-2.34,42.21803025
1666969438.508208,1528.08,1530.07,-1.08139054,-2.34,42.21803025
1666969448.61721,1528.08,1530.07,-1.08139054,-2.34,42.21803025
1666969458.6119406,1529.55,1529.55,-1.23905388,-5.12,40.81575198
1666969468.5418866,1529.55,1529.55,-1.23905388,-5.12,40.81575198
1666969478.619032,1529.55,1529.55,-1.23905388,-5.12,40.81575198
1666969488.6255105,1529.55,1529.41,-1.25022197,-5.26,40.52066673
1666969498.6233644,1529.55,1529.41,-1.25022197,-5.26,40.52066673
1666969508.657991,1529.55,1529.41,-1.25022197,-5.26,40.52066673
1666969518.5922978,1529.92,1529.92,-1.26364607,-5.73,41.90004241
1666969528.507521,1529.92,1529.92,-1.26364607,-5.73,41.90004241
1666969538.6190183,1529.92,1529.92,-1.26364607,-5.73,41.90004241
1666969548.5684414,1529.92,1529.99,-1.25806203,-5.66,42.11565774
1666969558.5731764,1529.92,1529.99,-1.25806203,-5.66,42.11565774
1666969569.437775,1529.92,1529.99,-1.25806203,-5.66,42.11565774
1666969579.4101765,1530.18,1530.18,-1.2536426,-2.53,42.69885313
1666969589.4732692,1530.18,1530.18,-1.2536426,-2.53,42.69885313
1666969599.47197,1530.18,1530.18,-1.2536426,-2.53,42.69885313
1666969609.4542146,1530.18,1529.12,-1.338201,-3.59,40.28760536
1666969619.42639,1530.18,1529.12,-1.338201,-3.59,40.28760536
1666969629.4274414,1530.18,1529.12,-1.338201,-3.59,40.28760536
1666969639.408885,1529.99,1529.99,-1.27525233,-3.09,42.24564255
1666969649.5100274,1529.99,1529.99,-1.27525233,-3.09,42.24564255
1666969659.497085,1529.99,1529.99,-1.27525233,-3.09,42.24564255
1666969669.471954,1529.99,1531.85,-1.12687626,-1.23,48.05793032
1666969680.01585,1529.99,1531.85,-1.12687626,-1.23,48.05793032
1666969689.430498,1529.99,1531.85,-1.12687626,-1.23,48.05793032
1666969699.4645548,1531.87,1531.87,-1.00001385,-0.13,48.11407763
1666969709.779734,1531.87,1531.87,-1.00001385,-0.13,48.11407763
1666969719.5114238,1531.87,1531.87,-1.00001385,-0.13,48.11407763
1666969729.5125642,1531.87,1532.99,-0.91066913,0.99,51.28952397
1666969739.5062792,1531.87,1532.99,-0.91066913,0.99,51.28952397
1666969750.2088115,1531.87,1532.99,-0.91066913,0.99,51.28952397
1666969760.245916,1532.43,1532.43,-0.81131106,0.09,49.75191919
1666969770.2420046,1532.43,1532.43,-0.81131106,0.09,49.75191919
1666969780.2018905,1532.43,1532.43,-0.81131106,0.09,49.75191919
1666969790.3402617,1532.43,1533.95,-0.6900575,1.61,53.99666696
1666969801.2073336,1532.43,1533.95,-0.6900575,1.61,53.99666696
1666969810.2192135,1532.43,1533.95,-0.6900575,1.61,53.99666696
1666969820.2817144,1532.95,1532.95,-0.6157125,-0.42,51.28952397
1666969830.2415776,1532.95,1532.95,-0.6157125,-0.42,51.28952397
1666969840.268522,1532.95,1532.95,-0.6157125,-0.42,51.28952397
1666969850.302067,1532.95,1533.91,-0.5391313,0.54,54.08303862
1666969860.2824335,1532.95,1533.91,-0.5391313,0.54,54.08303862
1666969870.2900212,1532.95,1533.91,-0.5391313,0.54,54.08303862
1666969880.320692,1535.16,1535.16,-0.17615364,4.17,57.27540338
1666969890.3506768,1535.16,1535.16,-0.17615364,4.17,57.27540338
1666969900.5152998,1535.16,1537.0,-0.02937301,6.01,61.51439891
1666969910.3680198,1535.16,1537.0,-0.02937301,6.01,61.51439891
1666969920.6260943,1535.16,1537.0,-0.02937301,6.01,61.51439891
1666969930.8019817,1537.93,1537.93,0.42431274,9.85,63.35219805
1666969940.7585266,1537.93,1537.93,0.42431274,9.85,63.35219805
1666969950.7792702,1537.93,1537.93,0.42431274,9.85,63.35219805
1666969960.8476007,1537.93,1537.93,0.42431274,9.85,63.35219805
1666969971.2642598,1537.93,1537.83,0.41633553,9.75,63.00380596
1666969980.8089275,1537.93,1537.83,0.41633553,9.75,63.00380596
1666969990.8493545,1536.53,1536.53,0.51828115,6.99,58.79274027
1666970000.898183,1536.53,1536.53,0.51828115,6.99,58.79274027
1666970010.8988965,1536.53,1536.53,0.51828115,6.99,58.79274027
1666970020.8446865,1536.53,1535.21,0.41298201,5.67,54.80388515
1666970030.7611582,1536.53,1535.21,0.41298201,5.67,54.80388515
1666970040.8118582,1536.53,1535.21,0.41298201,5.67,54.80388515
1666970050.8118196,1536.53,1535.21,0.41298201,5.67,54.80388515
1666970060.859025,1534.61,1534.61,0.40208919,4.7,53.15937495
1666970070.8571205,1534.61,1534.61,0.40208919,4.7,53.15937495
1666970080.747244,1534.61,1534.61,0.40208919,4.7,53.15937495
1666970090.90487,1534.61,1533.83,0.33986697,3.92,51.02106411
1666970101.459731,1534.61,1533.83,0.33986697,3.92,51.02106411
1666970111.407652,1534.61,1533.83,0.33986697,3.92,51.02106411
1666970121.4407363,1534.65,1534.65,0.43336782,4.46,53.25419386
1666970131.4063883,1534.65,1534.65,0.43336782,4.46,53.25419386
1666970141.4682512,1534.65,1534.17,0.39507722,3.98,51.81887928
1666970151.3783808,1534.65,1534.17,0.39507722,3.98,51.81887928
1666970161.360463,1534.65,1534.17,0.39507722,3.98,51.81887928
1666970171.425372,1533.52,1533.52,0.29007061,3.53,49.99420614
1666970181.3996053,1533.52,1533.52,0.29007061,3.53,49.99420614
1666970191.7743125,1533.52,1533.52,0.29007061,3.53,49.99420614
1666970201.4618175,1533.52,1534.82,0.39377432,4.83,53.51940348
1666970211.5308082,1533.52,1534.82,0.39377432,4.83,53.51940348
1666970221.4670272,1533.52,1534.82,0.39377432,4.83,53.51940348
1666970231.487749,1532.67,1532.67,0.12496138,0.8,47.63216407
1666970241.5033731,1532.67,1532.67,0.12496138,0.8,47.63216407
1666970251.5110435,1532.67,1532.67,0.12496138,0.8,47.63216407
1666970262.1250703,1532.67,1532.69,0.12655683,0.82,47.69478344
1666970271.492999,1532.67,1532.69,0.12655683,0.82,47.69478344
1666970281.4503424,1532.67,1532.69,0.12655683,0.82,47.69478344
1666970292.2698517,1532.67,1532.69,0.12655683,0.82,47.69478344
1666970302.3303397,1533.03,1533.03,0.09819331,0.6,48.73685667
1666970312.3354096,1533.03,1533.03,0.09819331,0.6,48.73685667
1666970322.230925,1533.03,1534.33,0.20189701,1.9,52.62342254
1666970332.2997942,1533.03,1534.33,0.20189701,1.9,52.62342254
1666970342.219677,1533.03,1534.33,0.20189701,1.9,52.62342254
1666970352.2849164,1535.75,1535.75,0.4381083,2.8,56.2468157
1666970362.2324595,1535.75,1535.75,0.4381083,2.8,56.2468157
1666970372.2808888,1535.75,1535.75,0.4381083,2.8,56.2468157
1666970382.291093,1535.75,1535.08,0.38466101,2.13,54.14273166
1666970392.319255,1535.75,1535.08,0.38466101,2.13,54.14273166
1666970402.6218965,1535.75,1535.08,0.38466101,2.13,54.14273166
1666970412.5578425,1534.78,1534.78,0.39169465,-0.37,53.24919391
1666970422.2834997,1534.78,1534.78,0.39169465,-0.37,53.24919391
1666970432.5336912,1534.78,1534.78,0.39169465,-0.37,53.24919391
1666970442.322289,1534.78,1534.78,0.39169465,-0.37,53.24919391
1666970452.3175085,1534.78,1535.36,0.43796246,0.21,54.79784297
1666970462.31537,1534.78,1535.36,0.43796246,0.21,54.79784297
1666970472.840251,1535.98,1535.98,0.58175141,-1.95,56.3437179
1666970483.163376,1535.98,1535.98,0.58175141,-1.95,56.3437179
1666970492.798568,1535.98,1535.98,0.58175141,-1.95,56.3437179
1666970502.8720453,1535.98,1535.26,0.52431551,-2.67,54.03273039
1666970512.8641956,1535.98,1535.26,0.52431551,-2.67,54.03273039
1666970522.8207998,1535.98,1535.26,0.52431551,-2.67,54.03273039
1666970532.80758,1534.37,1534.37,0.42143363,-2.15,51.42545017
1666970542.848612,1534.37,1534.37,0.42143363,-2.15,51.42545017
1666970552.8384612,1534.37,1534.37,0.42143363,-2.15,51.42545017
1666970562.7883732,1534.37,1534.78,0.45414018,-1.74,52.56109872
1666970572.9584796,1534.37,1534.78,0.45414018,-1.74,52.56109872
1666970582.896021,1534.37,1534.78,0.45414018,-1.74,52.56109872
1666970592.892319,1534.0,1534.0,0.33934593,-0.6,50.33796621
1666970602.981423,1534.0,1534.0,0.33934593,-0.6,50.33796621
1666970612.8827684,1534.0,1534.0,0.33934593,-0.6,50.33796621
1666970622.9514058,1534.0,1534.66,0.39199551,0.06,52.27663111
1666970632.9319143,1534.0,1534.66,0.39199551,0.06,52.27663111
1666970642.99173,1534.0,1534.66,0.39199551,0.06,52.27663111
1666970653.5072708,1534.0,1534.66,0.39199551,0.06,52.27663111
1666970663.632782,1533.73,1533.73,0.25612196,-0.93,49.51510016
1666970673.5339084,1533.73,1533.73,0.25612196,-0.93,49.51510016
1666970683.5737042,1533.73,1534.78,0.33988265,0.12,52.74989315
1666970694.000979,1533.73,1534.78,0.33988265,0.12,52.74989315
1666970704.0389152,1533.73,1534.78,0.33988265,0.12,52.74989315
1666970713.5394125,1534.81,1534.81,0.35816148,1.29,52.83031244
1666970723.5639937,1534.81,1534.81,0.35816148,1.29,52.83031244
1666970733.63546,1534.81,1534.81,0.35816148,1.29,52.83031244
1666970743.5574453,1534.81,1533.82,0.27918712,0.3,49.61248227
1666970753.6473424,1534.81,1533.82,0.27918712,0.3,49.61248227
1666970763.6667166,1534.81,1533.82,0.27918712,0.3,49.61248227
1666970773.640605,1533.86,1533.86,0.23099065,1.19,49.73758616
1666970783.6548858,1533.86,1533.86,0.23099065,1.19,49.73758616
1666970793.6745117,1533.86,1533.86,0.23099065,1.19,49.73758616
1666970803.6653466,1533.86,1533.43,0.19668865,0.76,48.35609097
1666970813.716649,1533.86,1533.43,0.19668865,0.76,48.35609097
1666970823.7093916,1533.86,1533.43,0.19668865,0.76,48.35609097
1666970834.3820696,1534.2,1534.2,0.23616986,1.17,50.84865095
1666970844.4181223,1534.2,1534.2,0.23616986,1.17,50.84865095
1666970854.4379053,1534.2,1534.2,0.23616986,1.17,50.84865095
1666970864.3736143,1534.2,1533.26,0.16118411,0.23,47.71232217
1666970874.450331,1534.2,1533.26,0.16118411,0.23,47.71232217
1666970884.4104812,1534.2,1533.26,0.16118411,0.23,47.71232217
1666970894.4185104,1534.2,1533.26,0.16118411,0.23,47.71232217
1666970904.449379,1532.91,1532.91,0.03516972,-2.84,46.63849458
1666970914.791548,1532.91,1532.91,0.03516972,-2.84,46.63849458
1666970924.4353485,1532.91,1532.72,0.02001302,-3.03,46.03412763
1666970934.3994646,1532.91,1532.72,0.02001302,-3.03,46.03412763
1666970944.4723208,1532.91,1532.72,0.02001302,-3.03,46.03412763
1666970954.4984174,1532.66,1532.66,-0.078667,-2.11,45.8549759
1666970964.4111116,1532.66,1532.66,-0.078667,-2.11,45.8549759
1666970974.4140534,1532.66,1532.66,-0.078667,-2.11,45.8549759
1666970984.5068393,1532.66,1532.64,-0.08026244,-2.13,45.78192905
1666970994.467381,1532.66,1532.64,-0.08026244,-2.13,45.78192905
1666971004.4850826,1532.66,1532.64,-0.08026244,-2.13,45.78192905
1666971014.9485672,1531.83,1531.83,-0.26803982,-4.15,43.22442859
1666971024.918924,1531.83,1531.83,-0.26803982,-4.15,43.22442859
1666971034.942189,1531.83,1531.83,-0.26803982,-4.15,43.22442859
1666971044.939349,1531.83,1532.47,-0.21698569,-3.51,45.80071889
1666971054.976694,1531.83,1532.47,-0.21698569,-3.51,45.80071889
1666971064.9479637,1531.83,1532.47,-0.21698569,-3.51,45.80071889
1666971074.9672756,1532.12,1532.12,-0.31986865,-2.25,44.42713521
1666971084.9297276,1532.12,1532.12,-0.31986865,-2.25,44.42713521
1666971094.907286,1532.12,1532.12,-0.31986865,-2.25,44.42713521
1666971104.978509,1532.12,1530.68,-0.43474044,-3.69,39.93165901
1666971114.878897,1532.12,1530.68,-0.43474044,-3.69,39.93165901
1666971124.959976,1532.12,1530.68,-0.43474044,-3.69,39.93165901
1666971134.9737632,1530.53,1530.53,-0.60096216,-3.47,39.53294552
1666971145.1258678,1530.53,1530.53,-0.60096216,-3.47,39.53294552
1666971155.048689,1530.53,1530.53,-0.60096216,-3.47,39.53294552
1666971165.4791589,1530.53,1530.07,-0.63765732,-3.93,38.20127145
1666971174.98133,1530.53,1530.07,-0.63765732,-3.93,38.20127145
1666971184.984796,1530.53,1530.07,-0.63765732,-3.93,38.20127145
1666971195.5105455,1529.94,1529.94,-0.79836413,-3.79,37.86592987
1666971205.561659,1529.94,1529.94,-0.79836413,-3.79,37.86592987
1666971215.5075955,1529.94,1529.94,-0.79836413,-3.79,37.86592987
1666971225.5029883,1529.94,1529.86,-0.8047459,-3.87,37.61475132
1666971235.5973876,1529.94,1529.86,-0.8047459,-3.87,37.61475132
1666971245.7775931,1529.94,1529.86,-0.8047459,-3.87,37.61475132
1666971255.5184803,1529.94,1529.86,-0.8047459,-3.87,37.61475132
1666971265.5146034,1529.03,1529.03,-1.03568171,-5.79,35.38630565
1666971275.5305364,1529.03,1529.03,-1.03568171,-5.79,35.38630565
1666971285.5355735,1529.03,1529.46,-1.00137971,-5.36,37.4728166
1666971295.5560875,1529.03,1529.46,-1.00137971,-5.36,37.4728166
1666971305.5731285,1529.03,1529.46,-1.00137971,-5.36,37.4728166
1666971315.9054606,1528.11,1528.11,-1.28236559,-5.74,33.00361457
1666971325.5082254,1528.11,1528.11,-1.28236559,-5.74,33.00361457
1666971335.507624,1528.11,1528.11,-1.28236559,-5.74,33.00361457
1666971345.6108098,1528.11,1528.87,-1.22173881,-4.98,36.75822946
1666971355.9214084,1528.11,1528.87,-1.22173881,-4.98,36.75822946
1666971365.518829,1528.11,1528.87,-1.22173881,-4.98,36.75822946
1666971376.3399997,1529.39,1529.39,-1.22257907,-4.8,39.09365651
1666971386.3573213,1529.39,1529.39,-1.22257907,-4.8,39.09365651
1666971396.3144517,1529.39,1529.39,-1.22257907,-4.8,39.09365651
1666971406.357904,1529.39,1530.01,-1.17312038,-4.18,41.85091934
1666971416.41662,1529.39,1530.01,-1.17312038,-4.18,41.85091934
1666971426.3455472,1529.39,1530.01,-1.17312038,-4.18,41.85091934
1666971436.2777677,1530.02,1530.02,-1.15213034,-2.9,41.90281126
1666971446.3757546,1530.02,1530.02,-1.15213034,-2.9,41.90281126
1666971456.2986066,1530.02,1530.02,-1.15213034,-2.9,41.90281126
1666971466.331772,1530.02,1530.31,-1.12899643,-2.61,43.18481334
1666971476.3697436,1530.02,1530.31,-1.12899643,-2.61,43.18481334
1666971486.3499424,1530.02,1530.31,-1.12899643,-2.61,43.18481334
1666971496.3469543,1531.4,1531.4,-0.92872521,-1.25,47.57511352
1666971506.3365283,1531.4,1531.4,-0.92872521,-1.25,47.57511352
1666971516.3903918,1531.4,1531.4,-0.92872521,-1.25,47.57511352
1666971526.319792,1531.4,1530.88,-0.97020669,-1.77,45.75849781
1666971536.330191,1531.4,1530.88,-0.97020669,-1.77,45.75849781
1666971546.4667175,1531.4,1530.88,-0.97020669,-1.77,45.75849781
1666971557.0445633,1532.8,1532.8,-0.63145075,0.97,52.63745071
1666971567.045335,1532.8,1532.8,-0.63145075,0.97,52.63745071
1666971577.4094834,1532.8,1532.8,-0.63145075,0.97,52.63745071
1666971587.051275,1532.8,1533.5,-0.57561029,1.67,54.97838553
1666971597.2804158,1532.8,1533.5,-0.57561029,1.67,54.97838553
1666971607.0180707,1532.8,1533.5,-0.57561029,1.67,54.97838553
1666971616.988584,1532.93,1532.93,-0.46046956,0.8,53.09042656
1666971627.0179634,1532.93,1532.93,-0.46046956,0.8,53.09042656
1666971637.0420473,1532.93,1532.93,-0.46046956,0.8,53.09042656
1666971647.0060954,1532.93,1533.24,-0.43574021,1.11,54.21494542
1666971657.0317202,1532.93,1533.24,-0.43574021,1.11,54.21494542
1666971667.0763478,1532.93,1533.24,-0.43574021,1.11,54.21494542
1666971676.9766412,1533.7,1533.7,-0.21992233,3.18,55.77581272
1666971687.5931249,1533.7,1533.7,-0.21992233,3.18,55.77581272
1666971696.9906847,1533.7,1533.7,-0.21992233,3.18,55.77581272
1666971707.0578082,1533.7,1535.21,-0.09946649,4.69,60.57299009
1666971717.1068344,1533.7,1535.21,-0.09946649,4.69,60.57299009
1666971727.0661414,1533.7,1535.21,-0.09946649,4.69,60.57299009
1666971737.7817774,1536.5,1536.5,0.3187281,6.57,63.89006869
1666971747.644639,1536.5,1536.5,0.3187281,6.57,63.89006869
1666971757.674525,1536.5,1536.5,0.3187281,6.57,63.89006869
1666971767.6108987,1536.5,1534.93,0.19348593,5.0,57.51550338
1666971777.7325218,1536.5,1534.93,0.19348593,5.0,57.51550338
1666971787.6511889,1536.5,1534.93,0.19348593,5.0,57.51550338
1666971797.9847367,1535.73,1535.73,0.45202684,6.71,60.58408704
1666971807.691928,1535.73,1535.73,0.45202684,6.71,60.58408704
1666971817.6819403,1535.73,1535.73,0.45202684,6.71,60.58408704
1666971827.6832826,1535.73,1535.42,0.4272975,6.4,59.27435725
1666971837.6748943,1535.73,1535.42,0.4272975,6.4,59.27435725
1666971847.7270544,1535.73,1535.42,0.4272975,6.4,59.27435725
1666971857.5885744,1535.19,1535.19,0.52618936,7.08,58.31568787
1666971867.7334456,1535.19,1535.19,0.52618936,7.08,58.31568787
1666971877.7216277,1535.19,1535.19,0.52618936,7.08,58.31568787
1666971887.7005289,1535.19,1536.34,0.61792725,8.23,61.67875792
1666971897.791133,1535.19,1536.34,0.61792725,8.23,61.67875792
1666971907.6757903,1535.19,1536.34,0.61792725,8.23,61.67875792
1666971918.0885675,1537.31,1537.31,0.90985156,7.92,64.06765624
1666971928.1169426,1537.31,1537.31,0.90985156,7.92,64.06765624
1666971938.122816,1537.31,1537.31,0.90985156,7.92,64.06765624
1666971948.1242452,1537.31,1536.52,0.84683161,7.13,60.72230185
1666971958.1070638,1537.31,1536.52,0.84683161,7.13,60.72230185
1666971968.162965,1537.31,1536.52,0.84683161,7.13,60.72230185
1666971978.1647007,1537.11,1537.11,1.0386765,7.08,63.18636354
1666971988.4411073,1537.11,1537.11,1.0386765,7.08,63.18636354
1666971998.182062,1537.11,1537.11,1.0386765,7.08,63.18636354
1666972008.1324034,1537.11,1537.99,1.10887593,7.96,65.43906762
1666972018.155029,1537.11,1537.99,1.10887593,7.96,65.43906762
1666972028.181852,1537.11,1537.99,1.10887593,7.96,65.43906762
1666972038.134354,1536.77,1536.77,1.09282352,5.37,61.63077749
1666972048.160259,1536.77,1536.77,1.09282352,5.37,61.63077749
1666972058.0919,1536.77,1536.77,1.09282352,5.37,61.63077749
1666972068.1632617,1536.77,1536.4,1.06330785,5.0,59.90625491
1666972078.098656,1536.77,1536.4,1.06330785,5.0,59.90625491
1666972088.4504862,1536.77,1536.4,1.06330785,5.0,59.90625491
1666972098.942608,1536.26,1536.26,1.07193843,3.46,59.27522426
1666972108.8559318,1536.26,1536.26,1.07193843,3.46,59.27522426
1666972118.9458897,1536.26,1536.26,1.07193843,3.46,59.27522426
1666972128.8799813,1536.26,1536.02,1.05279313,3.22,58.15056639
1666972138.9293542,1536.26,1536.02,1.05279313,3.22,58.15056639
1666972148.9497657,1536.26,1536.02,1.05279313,3.22,58.15056639
1666972158.9393826,1536.16,1536.16,1.05985724,3.23,58.78985303
1666972168.946736,1536.16,1536.16,1.05985724,3.23,58.78985303
1666972178.913367,1536.16,1536.16,1.05985724,3.23,58.78985303
1666972188.9280386,1536.16,1536.96,1.1236749,4.03,61.44108939
1666972198.9477627,1536.16,1536.96,1.1236749,4.03,61.44108939
1666972209.0150576,1536.16,1536.96,1.1236749,4.03,61.44108939
1666972218.9698844,1536.95,1536.95,1.15686508,3.24,61.41005606
1666972228.9907863,1536.95,1536.95,1.15686508,3.24,61.41005606
1666972239.0258462,1536.95,1536.95,1.15686508,3.24,61.41005606
1666972249.11717,1536.95,1535.82,1.06672263,2.11,55.93199204
1666972258.9687345,1536.95,1535.82,1.06672263,2.11,55.93199204
1666972269.0133398,1536.95,1535.82,1.06672263,2.11,55.93199204
1666972279.5679848,1535.72,1535.72,0.99581837,-0.79,55.48799594
1666972289.5585344,1535.72,1535.72,0.99581837,-0.79,55.48799594
1666972299.5282068,1535.72,1535.72,0.99581837,-0.79,55.48799594
1666972309.5488098,1535.72,1535.83,1.0045933,-0.68,55.89653948
1666972319.5518434,1535.72,1535.83,1.0045933,-0.68,55.89653948
1666972329.4955914,1535.72,1535.83,1.0045933,-0.68,55.89653948
1666972339.5194304,1535.93,1535.93,0.9654793,0.21,56.26148875
1666972349.8790915,1535.93,1535.93,0.9654793,0.21,56.26148875
1666972359.6000896,1535.93,1535.93,0.9654793,0.21,56.26148875
1666972369.5541303,1535.93,1536.8,1.03488101,1.08,59.40850391
1666972379.630679,1535.93,1536.8,1.03488101,1.08,59.40850391
1666972389.574096,1535.93,1536.8,1.03488101,1.08,59.40850391
1666972399.899042,1536.79,1536.79,1.03976952,1.56,59.35563963
1666972409.615427,1536.79,1536.79,1.03976952,1.56,59.35563963
1666972419.6211517,1536.79,1536.79,1.03976952,1.56,59.35563963
1666972429.6090834,1536.79,1535.89,0.96797465,0.66,54.95455381
1666972439.6666334,1536.79,1535.89,0.96797465,0.66,54.95455381
1666972449.5875382,1536.79,1535.89,0.96797465,0.66,54.95455381
1666972460.2748446,1534.91,1534.91,0.76660474,-2.41,50.84608766
1666972470.259746,1534.91,1534.91,0.76660474,-2.41,50.84608766
1666972480.2290945,1534.91,1534.91,0.76660474,-2.41,50.84608766
1666972490.2462792,1534.91,1535.99,0.85275859,-1.33,54.85639956
1666972500.216119,1534.91,1535.99,0.85275859,-1.33,54.85639956
1666972510.2738562,1534.91,1535.99,0.85275859,-1.33,54.85639956
1666972520.2976153,1536.16,1536.16,0.83804359,-0.95,55.41736231
1666972530.2826269,1536.16,1536.16,0.83804359,-0.95,55.41736231
1666972540.2075336,1536.16,1536.16,0.83804359,-0.95,55.41736231
1666972550.2418544,1536.16,1536.79,0.8883,-0.32,57.57248677
1666972560.2842062,1536.16,1536.79,0.8883,-0.32,57.57248677
1666972570.2786005,1536.16,1536.79,0.8883,-0.32,57.57248677
1666972580.31701,1537.89,1537.89,1.05027158,1.11,60.86307363
1666972590.3100195,1537.89,1537.89,1.05027158,1.11,60.86307363
1666972600.2928126,1537.89,1537.89,1.05027158,1.11,60.86307363
1666972610.3230617,1537.89,1538.77,1.12047102,1.99,63.31437323
1666972620.3069072,1537.89,1538.77,1.12047102,1.99,63.31437323
1666972630.353705,1537.89,1538.77,1.12047102,1.99,63.31437323
1666972641.0455115,1539.0,1539.0,1.25275051,2.73,63.90719689
1666972651.1417985,1539.0,1539.0,1.25275051,2.73,63.90719689
1666972661.1204193,1539.0,1539.0,1.25275051,2.73,63.90719689
1666972671.1392548,1539.0,1537.39,1.12431746,1.12,56.99755384
1666972681.0917857,1539.0,1537.39,1.12431746,1.12,56.99755384
1666972691.0466902,1535.98,1535.98,0.90206323,-0.17,52.0526858
1666972701.1152697,1535.98,1535.98,0.90206323,-0.17,52.0526858
1666972711.0843196,1535.98,1535.98,0.90206323,-0.17,52.0526858
1666972721.1102974,1535.98,1535.98,0.90206323,-0.17,52.0526858
1666972731.120181,1535.98,1535.94,0.89887235,-0.21,51.91516089
1666972741.073264,1535.98,1535.94,0.89887235,-0.21,51.91516089
1666972751.0950406,1535.95,1535.95,0.80091091,-1.0,51.94947394
1666972761.0979433,1535.95,1535.95,0.80091091,-1.0,51.94947394
1666972771.098631,1535.95,1535.95,0.80091091,-1.0,51.94947394
1666972781.1441982,1535.95,1536.52,0.846381,-0.43,53.82296153
1666972791.133721,1535.95,1536.52,0.846381,-0.43,53.82296153
1666972801.1115203,1535.95,1536.52,0.846381,-0.43,53.82296153
1666972811.1206386,1537.87,1537.87,0.9858243,2.16,57.7266755
1666972821.6819153,1537.87,1537.87,0.9858243,2.16,57.7266755
1666972831.7074687,1537.87,1537.87,0.9858243,2.16,57.7266755
1666972841.6497884,1537.87,1537.33,0.94274737,1.62,55.69834429
1666972851.7417471,1537.87,1537.33,0.94274737,1.62,55.69834429
1666972861.7618852,1537.87,1537.33,0.94274737,1.62,55.69834429
1666972871.754849,1537.26,1537.26,0.91385075,1.33,55.44303885
1666972881.7869222,1537.26,1537.26,0.91385075,1.33,55.44303885
1666972891.741345,1537.26,1537.26,0.91385075,1.33,55.44303885
1666972901.7616897,1537.26,1537.68,0.94735502,1.75,56.72033211
1666972911.781776,1537.26,1537.68,0.94735502,1.75,56.72033211
1666972921.692468,1537.26,1537.68,0.94735502,1.75,56.72033211
1666972931.723848,1537.26,1537.68,0.94735502,1.75,56.72033211
1666972941.8005524,1539.81,1539.81,1.24255739,3.01,62.1928502
1666972951.7491837,1539.81,1539.81,1.24255739,3.01,62.1928502
1666972962.060716,1539.81,1539.88,1.24814144,3.08,62.36104672
1666972971.7798572,1539.81,1539.88,1.24814144,3.08,62.36104672
1666972981.7477477,1539.81,1539.88,1.24814144,3.08,62.36104672
1666972991.771287,1539.81,1539.88,1.24814144,3.08,62.36104672
1666973002.3143754,1540.91,1540.91,1.4845559,5.99,64.67354958
1666973012.4419663,1540.91,1540.91,1.4845559,5.99,64.67354958
1666973022.54786,1540.91,1541.01,1.49253311,6.09,64.89903128
1666973032.3741786,1540.91,1541.01,1.49253311,6.09,64.89903128
1666973042.3996077,1540.91,1541.01,1.49253311,6.09,64.89903128
1666973052.2915206,1541.77,1541.77,1.70944425,5.6,66.52454532
1666973062.4270916,1541.77,1541.77,1.70944425,5.6,66.52454532
1666973072.4424543,1541.77,1541.77,1.70944425,5.6,66.52454532
1666973082.3813586,1541.77,1543.13,1.81793428,6.96,69.26472694
1666973092.361344,1541.77,1543.13,1.81793428,6.96,69.26472694
1666973103.3497095,1541.77,1543.13,1.81793428,6.96,69.26472694
1666973112.3219252,1542.46,1542.46,1.91057352,4.57,67.9732036
1666973122.407589,1542.46,1542.46,1.91057352,4.57,67.9732036
1666973132.424824,1542.46,1542.46,1.91057352,4.57,67.9732036
1666973142.3898742,1542.46,1541.45,1.83000372,3.56,63.63235693
1666973152.3606594,1542.46,1541.45,1.83000372,3.56,63.63235693
1666973162.430073,1542.46,1541.45,1.83000372,3.56,63.63235693
1666973172.4107287,1540.0,1540.0,1.65550415,1.01,58.28837158
1666973183.223006,1540.0,1540.0,1.65550415,1.01,58.28837158
1666973193.347827,1540.0,1540.0,1.65550415,1.01,58.28837158
1666973203.656018,1540.0,1538.67,1.54940729,-0.32,53.82332405
1666973213.3420124,1540.0,1538.67,1.54940729,-0.32,53.82332405
1666973223.290083,1540.0,1538.67,1.54940729,-0.32,53.82332405
1666973233.1628287,1535.89,1535.89,1.00954625,-0.1,46.39473966
1666973243.250569,1535.89,1535.89,1.00954625,-0.1,46.39473966
1666973253.6587782,1535.89,1535.89,1.00954625,-0.1,46.39473966
1666973263.264135,1535.89,1535.0,0.9385491,-0.99,44.28734866
1666973273.277178,1535.89,1535.0,0.9385491,-0.99,44.28734866
1666973283.2806168,1535.89,1535.0,0.9385491,-0.99,44.28734866
1666973293.2633798,1535.26,1535.26,0.66037953,-0.69,44.88114408
1666973303.209514,1535.26,1535.26,0.66037953,-0.69,44.88114408
1666973313.1880612,1535.26,1535.26,0.66037953,-0.69,44.88114408
1666973323.2286203,1535.26,1537.93,0.87337099,1.98,52.01907075
1666973333.239793,1535.26,1537.93,0.87337099,1.98,52.01907075
1666973343.2114754,1535.26,1537.93,0.87337099,1.98,52.01907075
1666973353.463494,1536.82,1536.82,0.63179039,-1.05,49.30891598
1666973364.044382,1536.82,1536.82,0.63179039,-1.05,49.30891598
1666973374.0885534,1536.82,1536.82,0.63179039,-1.05,49.30891598
1666973384.0752788,1536.82,1536.82,0.63179039,-1.05,49.30891598
1666973394.082491,1536.82,1535.91,0.5591978,-1.96,46.91391391
1666973404.0705652,1536.82,1535.91,0.5591978,-1.96,46.91391391
1666973414.0198717,1535.01,1535.01,0.25508533,-2.26,44.7779658
1666973424.0022333,1535.01,1535.01,0.25508533,-2.26,44.7779658
1666973434.0935843,1535.01,1535.01,0.25508533,-2.26,44.7779658
1666973444.0967617,1535.01,1534.41,0.20722208,-2.86,43.35023902
1666973454.1165123,1535.01,1534.41,0.20722208,-2.86,43.35023902
1666973464.0526872,1535.01,1534.41,0.20722208,-2.86,43.35023902
1666973474.086747,1533.92,1533.92,-0.08329695,-5.85,42.25423824
1666973484.1195202,1533.92,1533.92,-0.08329695,-5.85,42.25423824
1666973494.0888186,1533.92,1533.92,-0.08329695,-5.85,42.25423824
1666973504.0793445,1533.92,1535.2,0.01881131,-4.57,46.08864507
1666973514.0890148,1533.92,1535.2,0.01881131,-4.57,46.08864507
1666973524.132643,1533.92,1535.2,0.01881131,-4.57,46.08864507
1666973534.0775924,1535.67,1535.67,-0.03195322,-5.24,47.37181552
1666973544.7149174,1535.67,1535.67,-0.03195322,-5.24,47.37181552
1666973554.7097378,1535.67,1535.67,-0.03195322,-5.24,47.37181552
1666973564.6669085,1535.67,1536.11,0.00314649,-4.8,48.60510102
1666973574.7089837,1535.67,1536.11,0.00314649,-4.8,48.60510102
1666973584.702433,1535.67,1536.11,0.00314649,-4.8,48.60510102
1666973594.6861918,1536.09,1536.09,-0.04136438,-5.67,48.55029788
1666973604.7139492,1536.09,1536.09,-0.04136438,-5.67,48.55029788
1666973614.6678188,1536.09,1536.09,-0.04136438,-5.67,48.55029788
1666973624.7848113,1536.09,1537.74,0.09025955,-4.02,53.00272399
1666973634.660418,1536.09,1537.74,0.09025955,-4.02,53.00272399
1666973644.6435828,1536.09,1537.74,0.09025955,-4.02,53.00272399
1666973654.7182992,1538.93,1538.93,0.32633737,-3.53,55.76533811
1666973664.6828787,1538.93,1538.93,0.32633737,-3.53,55.76533811
1666973674.705082,1538.93,1538.93,0.32633737,-3.53,55.76533811
1666973684.7120483,1538.93,1539.1,0.33989862,-3.36,56.16153303
1666973695.795947,1538.93,1539.1,0.33989862,-3.36,56.16153303
1666973704.7123842,1538.93,1539.1,0.33989862,-3.36,56.16153303
1666973714.7881193,1539.52,1539.52,0.51785005,-0.48,57.10101468
1666973725.1272726,1539.52,1539.52,0.51785005,-0.48,57.10101468
1666973735.2108345,1539.52,1539.52,0.51785005,-0.48,57.10101468
1666973745.143823,1539.52,1538.91,0.46918908,-1.09,55.2327501
1666973755.4874756,1539.52,1538.91,0.46918908,-1.09,55.2327501
1666973765.1427238,1539.52,1538.91,0.46918908,-1.09,55.2327501
1666973775.1729288,1540.68,1540.68,0.78785906,4.79,59.70538861
1666973785.0897686,1540.68,1540.68,0.78785906,4.79,59.70538861
1666973795.115105,1540.68,1540.68,0.78785906,4.79,59.70538861
1666973805.1484604,1540.68,1542.01,0.89395593,6.12,62.50611288
1666973815.090387,1540.68,1542.01,0.89395593,6.12,62.50611288
1666973825.132336,1540.68,1542.01,0.89395593,6.12,62.50611288
1666973835.1277926,1542.0,1542.0,1.1045343,6.73,62.488017
1666973846.439599,1542.0,1542.0,1.1045343,6.73,62.488017
1666973855.1667652,1542.0,1542.0,1.1045343,6.73,62.488017
1666973865.1293068,1542.0,1542.92,1.17792461,7.65,64.33553842
1666973875.167752,1542.0,1542.92,1.17792461,7.65,64.33553842
1666973885.1022756,1542.0,1542.92,1.17792461,7.65,64.33553842
1666973895.1733875,1543.36,1543.36,1.45104894,6.65,65.13782889
1666973905.861777,1543.36,1543.36,1.45104894,6.65,65.13782889
1666973915.8696518,1543.36,1543.36,1.45104894,6.65,65.13782889
1666973925.8398857,1543.36,1544.22,1.51965293,7.51,66.76485551
1666973935.8647003,1543.36,1544.22,1.51965293,7.51,66.76485551
1666973945.8572476,1543.36,1544.22,1.51965293,7.51,66.76485551
1666973955.9109757,1544.17,1544.17,1.73549382,9.17,66.65463103
1666973965.8924706,1544.17,1544.17,1.73549382,9.17,66.65463103
1666973975.866615,1544.17,1544.17,1.73549382,9.17,66.65463103
1666973985.8961382,1544.17,1544.22,1.73948243,9.22,66.77034865
1666973995.9098375,1544.17,1544.22,1.73948243,9.22,66.77034865
1666974005.8916876,1544.17,1544.22,1.73948243,9.22,66.77034865
1666974015.9125588,1543.4,1543.4,1.77847309,9.48,63.80749711
1666974025.9321246,1543.4,1543.4,1.77847309,9.48,63.80749711
1666974036.2910595,1543.4,1543.4,1.77847309,9.48,63.80749711
1666974045.9448566,1543.4,1544.56,1.8710087,10.64,66.15306931
1666974056.0227792,1543.4,1544.56,1.8710087,10.64,66.15306931
1666974065.9377291,1543.4,1544.56,1.8710087,10.64,66.15306931
1666974075.8847313,1544.94,1544.94,2.05708574,9.27,66.85810545
1666974086.5024655,1544.94,1544.94,2.05708574,9.27,66.85810545
1666974096.5421076,1544.94,1544.94,2.05708574,9.27,66.85810545
1666974106.5606887,1544.94,1544.26,2.00284073,8.59,64.29905693
1666974116.5526,1544.94,1544.26,2.00284073,8.59,64.29905693
1666974127.3233223,1544.94,1544.26,2.00284073,8.59,64.29905693
1666974136.5346422,1545.06,1545.06,2.17326871,8.97,67.09076131
1666974146.517888,1545.06,1545.06,2.17326871,8.97,67.09076131
1666974156.5755875,1545.06,1545.06,2.17326871,8.97,67.09076131
1666974166.5885253,1545.06,1544.68,2.14295532,8.59,65.52216233
1666974176.5550346,1545.06,1544.68,2.14295532,8.59,65.52216233
1666974186.6800814,1545.06,1544.68,2.14295532,8.59,65.52216233
1666974196.6025295,1544.41,1544.41,2.14075901,5.49,64.44847564
1666974206.6409423,1544.41,1544.41,2.14075901,5.49,64.44847564
1666974216.6193397,1544.41,1544.41,2.14075901,5.49,64.44847564
1666974226.6053262,1544.41,1544.56,2.15272482,5.64,64.81178629
1666974236.6334853,1544.41,1544.56,2.15272482,5.64,64.81178629
1666974246.6182544,1544.41,1544.56,2.15272482,5.64,64.81178629
1666974256.6075008,1544.71,1544.71,2.17268484,5.18,65.15134072
1666974267.3066592,1544.71,1544.71,2.17268484,5.18,65.15134072
1666974277.263872,1544.71,1544.71,2.17268484,5.18,65.15134072
1666974287.5440228,1544.71,1548.74,2.49416632,9.21,72.7270228
1666974297.2541842,1544.71,1548.74,2.49416632,9.21,72.7270228
1666974307.2973645,1544.71,1548.74,2.49416632,9.21,72.7270228
1666974317.2836475,1554.86,1554.86,3.58964243,14.19,79.49597169
1666974327.310533,1554.86,1554.86,3.58964243,14.19,79.49597169
1666974337.2807238,1554.86,1554.86,3.58964243,14.19,79.49597169
1666974347.281593,1554.86,1552.58,3.40776209,11.91,72.29690044
1666974357.2906492,1554.86,1552.58,3.40776209,11.91,72.29690044
1666974367.3231835,1554.86,1552.58,3.40776209,11.91,72.29690044
1666974377.3202665,1555.25,1555.25,4.08026421,13.26,79.81112454
1666974387.2431743,1555.25,1555.25,4.08026421,13.26,79.81112454
1666974397.2888734,1555.25,1555.25,4.08026421,13.26,79.81112454
1666974407.277782,1555.25,1554.27,4.00208757,12.28,76.35379178
1666974417.2907932,1555.25,1554.27,4.00208757,12.28,76.35379178
1666974427.3651257,1555.25,1554.27,4.00208757,12.28,76.35379178
1666974437.283183,1554.36,1554.36,4.26734334,10.99,76.65876098
1666974448.0927224,1554.36,1554.36,4.26734334,10.99,76.65876098
1666974458.0289211,1554.36,1554.36,4.26734334,10.99,76.65876098
1666974468.0261536,1554.36,1555.9,4.39019234,12.53,78.2589414
1666974478.0338366,1554.36,1555.9,4.39019234,12.53,78.2589414
1666974488.037781,1554.36,1555.9,4.39019234,12.53,78.2589414
1666974498.0341375,1556.15,1556.15,4.67456392,11.97,78.47051212
1666974508.0458157,1556.15,1556.15,4.67456392,11.97,78.47051212
1666974518.0343812,1556.15,1556.15,4.67456392,11.97,78.47051212
1666974528.105835,1556.15,1552.51,4.38419355,8.33,66.92994243
1666974538.047439,1556.15,1552.51,4.38419355,8.33,66.92994243
1666974548.0797954,1556.15,1552.51,4.38419355,8.33,66.92994243
1666974558.0692682,1551.74,1551.74,4.20381643,8.34,64.89991003
1666974568.080028,1551.74,1551.74,4.20381643,8.34,64.89991003
1666974578.1125412,1551.74,1551.74,4.20381643,8.34,64.89991003
1666974588.11375,1551.74,1552.23,4.24290475,8.83,65.61041717
1666974598.1175056,1551.74,1552.23,4.24290475,8.83,65.61041717
1666974608.1483762,1551.74,1552.23,4.24290475,8.83,65.61041717
1666974618.11313,1552.36,1552.36,4.15098294,7.43,65.79411681
1666974628.9409409,1552.36,1552.36,4.15098294,7.43,65.79411681
1666974638.9353218,1552.36,1552.36,4.15098294,7.43,65.79411681
1666974648.9022012,1552.36,1552.72,4.17970089,7.79,66.33048387
1666974658.8780775,1552.36,1552.72,4.17970089,7.79,66.33048387
1666974668.946885,1552.36,1552.72,4.17970089,7.79,66.33048387
1666974679.009909,1553.5,1553.5,4.18468808,8.44,67.43680301
1666974688.8875036,1553.5,1553.5,4.18468808,8.44,67.43680301
1666974698.8803542,1553.5,1553.5,4.18468808,8.44,67.43680301
1666974708.8954878,1553.5,1556.78,4.4463405,11.72,71.65463714
1666974718.8992438,1553.5,1556.78,4.4463405,11.72,71.65463714
1666974729.2290158,1553.5,1556.78,4.4463405,11.72,71.65463714
1666974738.817617,1555.82,1555.82,4.42011804,11.4,70.53770597
1666974748.9117436,1555.82,1555.82,4.42011804,11.4,70.53770597
1666974758.9176135,1555.82,1555.82,4.42011804,11.4,70.53770597
1666974768.8995109,1555.82,1556.16,4.44724054,11.74,70.97394525
1666974778.9178245,1555.82,1556.16,4.44724054,11.74,70.97394525
1666974788.9524555,1555.82,1556.16,4.44724054,11.74,70.97394525
1666974798.976067,1558.62,1558.62,4.80501614,13.92,73.78263306
1666974809.3650732,1558.62,1558.62,4.80501614,13.92,73.78263306
1666974819.3759117,1558.62,1558.62,4.80501614,13.92,73.78263306
1666974829.377808,1558.62,1559.18,4.84968851,14.48,74.39015233
1666974839.408768,1558.62,1559.18,4.84968851,14.48,74.39015233
1666974849.367399,1558.62,1559.18,4.84968851,14.48,74.39015233
1666974859.4148006,1559.17,1559.17,4.95395135,4.31,74.38036659
1666974869.3720944,1559.17,1559.17,4.95395135,4.31,74.38036659
1666974879.4790812,1559.17,1559.17,4.95395135,4.31,74.38036659
1666974889.4180686,1559.17,1558.77,4.92204252,3.91,73.09750484
1666974899.3551269,1559.17,1558.77,4.92204252,3.91,73.09750484
1666974909.4068532,1559.17,1558.77,4.92204252,3.91,73.09750484
1666974919.4213767,1557.37,1557.37,4.72659689,2.11,68.86861743
1666974929.4127157,1557.37,1557.37,4.72659689,2.11,68.86861743
1666974939.3954563,1557.37,1557.37,4.72659689,2.11,68.86861743
1666974949.3874912,1557.37,1555.91,4.61012966,0.65,64.66917314
1666974959.407755,1557.37,1555.91,4.61012966,0.65,64.66917314
1666974969.3120143,1557.37,1555.91,4.61012966,0.65,64.66917314
1666974979.3736134,1555.19,1555.19,4.29769379,0.83,62.77207188
1666974990.0461318,1555.19,1555.19,4.29769379,0.83,62.77207188
1666974999.995374,1555.19,1555.19,4.29769379,0.83,62.77207188
1666975010.0403917,1555.19,1554.74,4.26179635,0.38,61.57331448
1666975020.0060744,1555.19,1554.74,4.26179635,0.38,61.57331448
1666975030.013779,1555.19,1554.74,4.26179635,0.38,61.57331448
1666975040.040483,1555.46,1555.46,4.08772379,-0.7,63.20549909
1666975050.0257838,1555.46,1555.46,4.08772379,-0.7,63.20549909
1666975060.0651891,1555.46,1555.46,4.08772379,-0.7,63.20549909
1666975070.1789634,1555.46,1554.39,4.00236766,-1.77,60.21360228
1666975080.0282736,1555.46,1554.39,4.00236766,-1.77,60.21360228
1666975090.009019,1555.46,1554.39,4.00236766,-1.77,60.21360228
1666975100.0215364,1555.09,1555.09,3.80807055,3.36,62.13567365
1666975110.0038602,1555.09,1555.09,3.80807055,3.36,62.13567365
1666975120.080892,1555.09,1555.09,3.80807055,3.36,62.13567365
1666975130.054671,1555.09,1554.17,3.73468024,2.44,59.44688905
1666975140.0583344,1555.09,1554.17,3.73468024,2.44,59.44688905
1666975150.056423,1555.09,1554.17,3.73468024,2.44,59.44688905
1666975160.0549748,1555.74,1555.74,3.65934173,3.38,63.32223462
1666975170.7987752,1555.74,1555.74,3.65934173,3.38,63.32223462
1666975180.8929825,1555.74,1554.32,3.54606537,1.96,59.02721836
1666975190.8203204,1555.74,1554.32,3.54606537,1.96,59.02721836
1666975200.8933084,1555.74,1554.32,3.54606537,1.96,59.02721836
1666975211.194438,1552.76,1552.76,3.04047041,-0.74,54.92061166
1666975220.824692,1552.76,1552.76,3.04047041,-0.74,54.92061166
1666975230.8733263,1552.76,1552.76,3.04047041,-0.74,54.92061166
1666975240.845008,1552.76,1552.76,3.04047041,-0.74,54.92061166
1666975250.8311682,1552.76,1553.13,3.06998608,-0.37,55.71270308
1666975260.8691082,1552.76,1553.13,3.06998608,-0.37,55.71270308
1666975270.8900826,1552.84,1552.84,2.71849888,-2.98,55.09104188
1666975280.868295,1552.84,1552.84,2.71849888,-2.98,55.09104188
1666975291.2883954,1552.84,1552.84,2.71849888,-2.98,55.09104188
1666975300.9218469,1552.84,1551.85,2.63952452,-3.97,52.41863981
1666975310.9295945,1552.84,1551.85,2.63952452,-3.97,52.41863981
1666975320.8904586,1552.84,1551.85,2.63952452,-3.97,52.41863981
1666975331.1831508,1551.93,1551.93,2.30099712,-6.69,52.62492454
1666975341.0026915,1551.93,1551.93,2.30099712,-6.69,52.62492454
1666975351.4834268,1551.93,1551.93,2.30099712,-6.69,52.62492454
1666975361.5045185,1551.93,1553.51,2.427037,-5.11,56.28401695
1666975371.462531,1551.93,1553.51,2.427037,-5.11,56.28401695
1666975381.4895852,1551.93,1553.51,2.427037,-5.11,56.28401695
1666975391.5315046,1551.93,1553.51,2.427037,-5.11,56.28401695
1666975401.463143,1553.14,1553.14,2.17559556,-6.02,55.47875836
1666975411.486411,1553.14,1553.14,2.17559556,-6.02,55.47875836
1666975421.4340062,1553.14,1554.34,2.27132205,-4.82,58.16996794
1666975431.4525516,1553.14,1554.34,2.27132205,-4.82,58.16996794
1666975441.5249062,1553.14,1554.34,2.27132205,-4.82,58.16996794
1666975451.3963826,1555.9,1555.9,2.36708944,-1.48,61.21757238
1666975461.468373,1555.9,1555.9,2.36708944,-1.48,61.21757238
1666975471.4738426,1555.9,1555.9,2.36708944,-1.48,61.21757238
1666975481.5929103,1555.9,1555.0,2.29529457,-2.38,58.56649603
1666975491.4337854,1555.9,1555.0,2.29529457,-2.38,58.56649603
1666975502.1644266,1555.9,1555.0,2.29529457,-2.38,58.56649603
1666975511.4926293,1555.29,1555.29,2.23141517,0.11,59.39530363
1666975521.4737432,1555.29,1555.29,2.23141517,0.11,59.39530363
1666975532.191412,1555.29,1555.29,2.23141517,0.11,59.39530363
1666975542.3143358,1555.29,1554.73,2.18674281,-0.45,57.69731491
1666975552.243482,1555.29,1554.73,2.18674281,-0.45,57.69731491
1666975562.2299235,1555.29,1554.73,2.18674281,-0.45,57.69731491
1666975572.1986597,1552.79,1552.79,1.7844069,-2.67,52.4980759
1666975582.2226424,1552.79,1552.79,1.7844069,-2.67,52.4980759
1666975592.2323744,1552.79,1552.79,1.7844069,-2.67,52.4980759
1666975602.262738,1552.79,1552.62,1.77084565,-2.84,52.05540407
1666975612.2348633,1552.79,1552.62,1.77084565,-2.84,52.05540407
1666975622.2675295,1552.79,1552.62,1.77084565,-2.84,52.05540407
1666975632.2307904,1552.79,1552.79,1.57071626,-2.31,52.4935613
1666975642.1884832,1552.79,1552.79,1.57071626,-2.31,52.4935613
1666975652.2609634,1552.79,1552.79,1.57071626,-2.31,52.4935613
1666975662.25851,1552.79,1552.79,1.57071626,-2.31,52.4935613
1666975672.2558353,1552.79,1552.2,1.52365073,-2.9,50.8781462
1666975682.266021,1552.79,1552.2,1.52365073,-2.9,50.8781462
1666975692.2209156,1552.79,1552.2,1.52365073,-2.9,50.8781462
1666975702.3398108,1551.96,1551.96,1.26682315,-3.77,50.25083714
1666975712.8431065,1551.96,1551.96,1.26682315,-3.77,50.25083714
1666975722.8077035,1551.96,1552.68,1.32425905,-3.05,52.15967992
1666975732.887328,1551.96,1552.68,1.32425905,-3.05,52.15967992
1666975742.8298976,1551.96,1552.68,1.32425905,-3.05,52.15967992
1666975752.820208,1553.71,1553.71,1.31479336,0.94,54.64216049
1666975762.80767,1553.71,1553.71,1.31479336,0.94,54.64216049
1666975772.7958992,1553.71,1553.71,1.31479336,0.94,54.64216049
1666975782.8294008,1553.71,1551.22,1.11616088,-1.55,48.12915079
1666975792.917605,1553.71,1551.22,1.11616088,-1.55,48.12915079
1666975802.8564253,1553.71,1551.22,1.11616088,-1.55,48.12915079
1666975812.873659,1551.95,1551.95,0.97798047,-0.9,49.87393099
1666975822.8700805,1551.95,1551.95,0.97798047,-0.9,49.87393099
1666975832.7982223,1551.95,1551.95,0.97798047,-0.9,49.87393099
1666975842.907727,1551.95,1552.07,0.98755312,-0.78,50.1928735
1666975852.7730143,1551.95,1552.07,0.98755312,-0.78,50.1928735
1666975862.804109,1551.95,1552.07,0.98755312,-0.78,50.1928735
1666975872.8222153,1553.09,1553.09,0.97472799,1.16,52.7484213
1666975883.1713352,1553.09,1553.09,0.97472799,1.16,52.7484213
1666975894.1402924,1553.09,1553.09,0.97472799,1.16,52.7484213
1666975903.7607083,1553.09,1554.17,1.06088183,2.24,55.36012417
1666975913.592748,1553.09,1554.17,1.06088183,2.24,55.36012417
1666975923.902253,1553.09,1554.17,1.06088183,2.24,55.36012417
1666975933.7320318,1553.75,1553.75,0.98250565,0.61,54.38135745
1666975943.9074445,1553.75,1553.75,0.98250565,0.61,54.38135745
1666975953.672713,1553.75,1553.75,0.98250565,0.61,54.38135745
1666975963.4203973,1553.75,1553.44,0.95777631,0.3,53.45196349
1666975973.3609598,1553.75,1553.44,0.95777631,0.3,53.45196349
1666975983.4435773,1553.75,1553.44,0.95777631,0.3,53.45196349
1666975993.5121958,1553.47,1553.47,0.89719645,-2.43,53.54097763
1666976003.3878307,1553.47,1553.47,0.89719645,-2.43,53.54097763
1666976013.474893,1553.47,1553.47,0.89719645,-2.43,53.54097763
1666976023.3712916,1553.47,1557.96,1.25537309,2.06,63.37234955
1666976033.419157,1553.47,1557.96,1.25537309,2.06,63.37234955
1666976043.4102223,1553.47,1557.96,1.25537309,2.06,63.37234955
1666976053.5082245,1563.67,1563.67,2.27953154,8.38,71.13916123
1666976063.5179338,1563.67,1563.67,2.27953154,8.38,71.13916123
1666976073.931484,1563.67,1563.67,2.27953154,8.38,71.13916123
1666976084.0341086,1563.67,1565.84,2.45263695,10.55,73.44382485
1666976093.963968,1563.67,1565.84,2.45263695,10.55,73.44382485
1666976103.9775426,1563.67,1565.84,2.45263695,10.55,73.44382485
1666976113.9775405,1563.67,1565.84,2.45263695,10.55,73.44382485
1666976123.9943752,1565.21,1565.21,2.91678345,12.42,72.81354712
1666976134.015782,1565.21,1565.21,2.91678345,12.42,72.81354712
1666976143.9744575,1565.21,1563.77,2.80191165,10.98,68.7944678
1666976154.0093706,1565.21,1563.77,2.80191165,10.98,68.7944678
1666976164.300382,1565.21,1563.77,2.80191165,10.98,68.7944678
1666976174.0782804,1567.62,1567.62,3.62663367,14.82,75.23565284
1666976184.0270462,1567.62,1567.62,3.62663367,14.82,75.23565284
1666976194.0155568,1567.62,1567.62,3.62663367,14.82,75.23565284
1666976204.0535526,1567.62,1568.85,3.72475332,16.05,76.39135459
1666976213.968526,1567.62,1568.85,3.72475332,16.05,76.39135459
1666976224.0040047,1567.62,1568.85,3.72475332,16.05,76.39135459
1666976234.0022404,1573.09,1573.09,4.76470899,21.14,79.66300191
1666976244.029136,1573.09,1573.09,4.76470899,21.14,79.66300191
1666976254.696188,1573.09,1573.09,4.76470899,21.14,79.66300191
1666976264.7449057,1573.09,1569.8,4.50225885,17.85,71.39538617
1666976274.7580798,1573.09,1569.8,4.50225885,17.85,71.39538617
1666976284.7787702,1573.09,1569.8,4.50225885,17.85,71.39538617
1666976294.7620125,1568.48,1568.48,4.60851148,14.76,68.54138262
1666976304.7950268,1568.48,1568.48,4.60851148,14.76,68.54138262
1666976314.786857,1568.48,1568.48,4.60851148,14.76,68.54138262
1666976324.8192031,1568.48,1566.57,4.4561468,12.85,64.52220079
1666976334.881,1568.48,1566.57,4.4561468,12.85,64.52220079
1666976344.8136418,1568.48,1566.57,4.4561468,12.85,64.52220079
1666976354.8244708,1566.32,1566.32,4.41577964,14.38,64.02304835
1666976364.79614,1566.32,1566.32,4.41577964,14.38,64.02304835
1666976374.8063743,1566.32,1566.32,4.41577964,14.38,64.02304835
1666976384.8328874,1566.32,1567.46,4.50671981,15.52,65.31942713
1666976395.1321793,1566.32,1567.46,4.50671981,15.52,65.31942713
1666976404.9488263,1566.32,1567.46,4.50671981,15.52,65.31942713
1666976414.8210766,1567.12,1567.12,4.46378642,14.03,64.93153321
1666976424.8738365,1567.12,1567.12,4.46378642,14.03,64.93153321
1666976435.347818,1567.12,1567.12,4.46378642,14.03,64.93153321
1666976445.356638,1567.12,1566.97,4.45182061,13.88,64.59833365
1666976455.4083235,1567.12,1566.97,4.45182061,13.88,64.59833365
1666976465.4254985,1567.12,1566.97,4.45182061,13.88,64.59833365
1666976475.3850844,1566.18,1566.18,4.2676398,12.44,62.89681806
1666976485.3746743,1566.18,1566.18,4.2676398,12.44,62.89681806
1666976495.3629909,1566.18,1566.18,4.2676398,12.44,62.89681806
1666976505.3637152,1566.18,1566.28,4.275617,12.54,63.03875797
1666976515.9688914,1566.18,1566.28,4.275617,12.54,63.03875797
1666976525.3757412,1566.18,1566.28,4.275617,12.54,63.03875797
1666976535.367561,1565.9,1565.9,4.08387262,12.43,62.27136324
1666976545.4014754,1565.9,1565.9,4.08387262,12.43,62.27136324
1666976555.3936172,1565.9,1565.9,4.08387262,12.43,62.27136324
1666976565.3907487,1565.9,1566.3,4.11578145,12.83,62.8398642
1666976575.3883002,1565.9,1566.3,4.11578145,12.83,62.8398642
1666976585.4418547,1565.9,1566.3,4.11578145,12.83,62.8398642
1666976595.4151018,1565.29,1565.29,3.82462437,1.62,60.85166443
1666976605.3331192,1565.29,1565.29,3.82462437,1.62,60.85166443
1666976616.1763391,1565.29,1565.29,3.82462437,1.62,60.85166443
1666976626.1896667,1565.29,1564.71,3.77835657,1.04,59.46349924
1666976636.3883722,1565.29,1564.71,3.77835657,1.04,59.46349924
1666976646.1549509,1565.29,1564.71,3.77835657,1.04,59.46349924
1666976656.178012,1565.6,1565.6,3.65925534,0.39,61.33529682
1666976666.1188574,1565.6,1565.6,3.65925534,0.39,61.33529682
1666976676.179854,1565.6,1565.6,3.65925534,0.39,61.33529682
1666976686.1334713,1565.6,1563.4,3.48375677,-1.81,56.06054846
1666976696.18485,1565.6,1563.4,3.48375677,-1.81,56.06054846
1666976706.17645,1565.6,1563.4,3.48375677,-1.81,56.06054846
1666976716.1095672,1562.93,1562.93,3.0918041,-4.68,55.04749062
1666976726.1678286,1562.93,1562.93,3.0918041,-4.68,55.04749062
1666976736.2790484,1562.93,1562.93,3.0918041,-4.68,55.04749062
1666976746.234846,1562.93,1561.79,3.00086393,-5.82,52.5662135
1666976756.2294426,1562.93,1561.79,3.00086393,-5.82,52.5662135
1666976766.840949,1562.93,1561.79,3.00086393,-5.82,52.5662135
1666976776.253245,1560.82,1560.82,2.48058436,-12.27,50.62458515
1666976786.2453976,1560.82,1560.82,2.48058436,-12.27,50.62458515
1666976797.1700814,1560.82,1560.82,2.48058436,-12.27,50.62458515
1666976807.1894295,1560.82,1561.93,2.56913136,-11.16,52.77426632
1666976817.166225,1560.82,1561.93,2.56913136,-11.16,52.77426632
1666976827.2120652,1560.82,1561.93,2.56913136,-11.16,52.77426632
1666976837.365229,1562.24,1562.24,2.30666429,-6.24,53.33741478
1666976847.191578,1562.24,1562.24,2.30666429,-6.24,53.33741478
1666976857.2267687,1562.24,1562.24,2.30666429,-6.24,53.33741478
1666976867.2000186,1562.24,1563.47,2.40478395,-5.01,55.61842723
1666976877.1432583,1562.24,1563.47,2.40478395,-5.01,55.61842723
1666976887.1586096,1562.24,1563.47,2.40478395,-5.01,55.61842723
1666976897.1268623,1564.12,1564.12,2.32050256,-2.19,56.73477948
1666976907.188161,1564.12,1564.12,2.32050256,-2.19,56.73477948
1666976917.212662,1564.12,1564.12,2.32050256,-2.19,56.73477948
1666976927.119375,1564.12,1564.09,2.3181094,-2.22,56.66393633
1666976937.4428897,1564.12,1564.09,2.3181094,-2.22,56.66393633
1666976947.1241777,1564.12,1564.09,2.3181094,-2.22,56.66393633
1666976957.1953614,1564.57,1564.57,2.2503982,-2.56,57.53255424
1666976967.162488,1564.57,1564.57,2.2503982,-2.56,57.53255424
1666976977.5414994,1564.57,1564.57,2.2503982,-2.56,57.53255424
1666976987.6079288,1564.57,1565.81,2.34931558,-1.32,59.73219344
1666976997.643971,1564.57,1565.81,2.34931558,-1.32,59.73219344
1666977007.6118426,1564.57,1565.81,2.34931558,-1.32,59.73219344
1666977017.6496727,1566.43,1566.43,2.40464612,0.24,60.74995026
1666977027.579363,1566.43,1566.43,2.40464612,0.24,60.74995026
1666977037.6238544,1566.43,1566.43,2.40464612,0.24,60.74995026
1666977047.633556,1566.43,1566.48,2.40863473,0.29,60.835812
1666977057.5711026,1566.43,1566.48,2.40863473,0.29,60.835812
1666977067.6003826,1566.43,1566.48,2.40863473,0.29,60.835812
1666977077.607976,1565.44,1565.44,2.24190343,-0.46,58.22393981
1666977087.5865242,1565.44,1565.44,2.24190343,-0.46,58.22393981
1666977097.590032,1565.44,1565.44,2.24190343,-0.46,58.22393981
1666977107.949989,1565.44,1566.07,2.29215984,0.17,59.38196042
1666977117.6388233,1565.44,1566.07,2.29215984,0.17,59.38196042
1666977127.6428618,1565.44,1566.07,2.29215984,0.17,59.38196042
1666977137.7035236,1565.03,1565.03,2.09277468,-0.26,57.16478793
1666977147.6482716,1565.03,1565.03,2.09277468,-0.26,57.16478793
1666977158.306244,1565.03,1565.03,2.09277468,-0.26,57.16478793
1666977168.345593,1565.03,1564.66,2.06325901,-0.63,56.17621651
1666977178.2969987,1565.03,1564.66,2.06325901,-0.63,56.17621651
1666977188.3724625,1565.03,1564.66,2.06325901,-0.63,56.17621651
1666977198.2648642,1564.54,1564.54,1.9090688,-1.05,55.86077543
1666977208.3438003,1564.54,1564.54,1.9090688,-1.05,55.86077543
1666977218.2949624,1564.54,1564.54,1.9090688,-1.05,55.86077543
1666977228.2838807,1564.54,1563.78,1.84844202,-1.81,53.80029977
1666977238.319934,1564.54,1563.78,1.84844202,-1.81,53.80029977
1666977248.310078,1564.54,1563.78,1.84844202,-1.81,53.80029977
1666977258.3299856,1563.77,1563.77,1.66515956,0.84,53.77420095
1666977268.3404963,1563.77,1563.77,1.66515956,0.84,53.77420095
1666977278.2775564,1563.77,1563.77,1.66515956,0.84,53.77420095
1666977288.3008244,1563.77,1564.17,1.69706839,1.24,54.72040204
1666977298.332417,1563.77,1564.17,1.69706839,1.24,54.72040204
1666977308.3245206,1563.77,1564.17,1.69706839,1.24,54.72040204
1666977318.674236,1564.57,1564.57,1.6169169,3.75,55.62086148
1666977328.5303967,1564.57,1564.57,1.6169169,3.75,55.62086148
1666977338.9529004,1564.57,1564.57,1.6169169,3.75,55.62086148
1666977348.877401,1564.57,1563.69,1.54671747,2.87,53.10000015
1666977358.8575535,1564.57,1563.69,1.54671747,2.87,53.10000015
1666977368.9106874,1564.57,1563.69,1.54671747,2.87,53.10000015
1666977378.9924624,1561.94,1561.94,1.13828561,-0.31,48.70981255
1666977388.9559124,1561.94,1561.94,1.13828561,-0.31,48.70981255
1666977398.9314969,1561.94,1561.94,1.13828561,-0.31,48.70981255
1666977408.908218,1561.94,1562.21,1.15982407,-0.04,49.40484942
1666977418.9974797,1561.94,1562.21,1.15982407,-0.04,49.40484942
1666977429.0080085,1561.94,1562.21,1.15982407,-0.04,49.40484942
1666977438.9310198,1561.89,1561.89,0.90762321,-2.23,48.58621261
1666977448.9691775,1561.89,1561.89,0.90762321,-2.23,48.58621261
1666977458.9856305,1561.89,1561.89,0.90762321,-2.23,48.58621261
1666977468.9871185,1561.89,1562.68,0.97064315,-1.44,50.71418269
1666977478.9565823,1561.89,1562.68,0.97064315,-1.44,50.71418269
1666977488.9471014,1561.89,1562.68,0.97064315,-1.44,50.71418269
1666977499.0022469,1563.91,1563.91,1.00523872,-0.65,53.69794489
1666977509.050192,1563.91,1563.91,1.00523872,-0.65,53.69794489
1666977519.3226423,1563.91,1563.91,1.00523872,-0.65,53.69794489
1666977529.4097595,1563.91,1564.24,1.03156351,-0.32,54.49393026
1666977539.3891304,1563.91,1564.24,1.03156351,-0.32,54.49393026
1666977549.695057,1563.91,1564.24,1.03156351,-0.32,54.49393026
1666977559.424476,1564.39,1564.39,1.01125151,-2.03,54.84856004
1666977569.6617627,1564.39,1564.39,1.01125151,-2.03,54.84856004
1666977579.7344506,1564.39,1564.39,1.01125151,-2.03,54.84856004
1666977589.3817043,1564.39,1561.47,0.77831704,-4.95,47.17722385
1666977599.320261,1564.39,1561.47,0.77831704,-4.95,47.17722385
1666977609.3696036,1564.39,1561.47,0.77831704,-4.95,47.17722385
1666977619.3623383,1560.05,1560.05,0.36093429,-5.38,44.1782151
1666977629.3721006,1560.05,1560.05,0.36093429,-5.38,44.1782151
1666977639.3907657,1560.05,1560.05,0.36093429,-5.38,44.1782151
1666977649.3550124,1560.05,1560.16,0.36970922,-5.27,44.47311022
1666977659.460564,1560.05,1560.16,0.36970922,-5.27,44.47311022
1666977669.4737031,1560.05,1560.16,0.36970922,-5.27,44.47311022
1666977679.5248318,1560.2,1560.2,0.14100635,-4.82,44.58312291
1666977689.4587452,1560.2,1560.2,0.14100635,-4.82,44.58312291
1666977699.8339608,1560.2,1560.2,0.14100635,-4.82,44.58312291
1666977710.1482158,1560.2,1558.95,0.04129125,-6.07,41.88326575
1666977719.8724174,1560.2,1558.95,0.04129125,-6.07,41.88326575
1666977729.877458,1560.2,1558.95,0.04129125,-6.07,41.88326575
1666977739.9119115,1557.6,1557.6,-0.40983525,-6.94,39.31077927
1666977749.9145627,1557.6,1557.6,-0.40983525,-6.94,39.31077927
1666977759.856347,1557.6,1557.6,-0.40983525,-6.94,39.31077927
1666977769.8679438,1557.6,1559.33,-0.27182956,-5.21,44.04518033
1666977779.8657918,1557.6,1559.33,-0.27182956,-5.21,44.04518033
1666977789.8945792,1557.6,1559.33,-0.27182956,-5.21,44.04518033
1666977799.9278944,1558.89,1558.89,-0.49250453,-4.88,42.9101588
1666977809.887981,1558.89,1558.89,-0.49250453,-4.88,42.9101588
1666977819.8982103,1558.89,1558.89,-0.49250453,-4.88,42.9101588
1666977829.9013133,1558.89,1559.76,-0.42310282,-4.01,45.27396487
1666977839.8770676,1558.89,1559.76,-0.42310282,-4.01,45.27396487
1666977849.920576,1558.89,1559.76,-0.42310282,-4.01,45.27396487
1666977859.8599875,1561.61,1561.61,-0.24716379,-2.97,49.70101234
1666977869.9482725,1561.61,1561.61,-0.24716379,-2.97,49.70101234
1666977880.426358,1561.61,1562.66,-0.16340311,-1.92,52.07139578
1666977890.4594116,1561.61,1562.66,-0.16340311,-1.92,52.07139578
1666977900.40088,1561.61,1562.66,-0.16340311,-1.92,52.07139578
1666977910.4485087,1562.03,1562.03,-0.16153224,0.09,50.66933638
1666977920.44294,1562.03,1562.03,-0.16153224,0.09,50.66933638
1666977930.496325,1562.03,1562.03,-0.16153224,0.09,50.66933638
1666977940.4573452,1562.03,1563.09,-0.07697384,1.15,53.14245481
1666977950.515315,1562.03,1563.09,-0.07697384,1.15,53.14245481
1666977960.4840271,1562.03,1563.09,-0.07697384,1.15,53.14245481
1666977970.5211968,1563.93,1563.93,0.14847869,2.04,54.92518029
1666977980.5006764,1563.93,1563.93,0.14847869,2.04,54.92518029
1666977990.5823302,1563.93,1563.93,0.14847869,2.04,54.92518029
1666978000.5201664,1563.93,1563.93,0.14847869,2.04,54.92518029
1666978010.461206,1563.93,1562.28,0.01685476,0.39,50.82399749
1666978020.5254078,1563.93,1562.28,0.01685476,0.39,50.82399749
1666978030.536625,1562.03,1562.03,0.00170992,-1.88,50.2554369
1666978040.458145,1562.03,1562.03,0.00170992,-1.88,50.2554369
1666978050.4828212,1562.03,1562.03,0.00170992,-1.88,50.2554369
1666978061.210707,1562.03,1563.08,0.08547061,-0.83,52.65123682
1666978071.2272017,1562.03,1563.08,0.08547061,-0.83,52.65123682
1666978081.2421231,1562.03,1563.08,0.08547061,-0.83,52.65123682
1666978091.2479303,1563.67,1563.67,0.23728418,-0.71,53.89884844
1666978101.2623224,1563.67,1563.67,0.23728418,-0.71,53.89884844
1666978111.284214,1563.67,1563.67,0.23728418,-0.71,53.89884844
1666978121.3021672,1563.67,1563.87,0.2532386,-0.51,54.33807406
1666978131.2826931,1563.67,1563.87,0.2532386,-0.51,54.33807406
1666978141.6078577,1563.67,1563.87,0.2532386,-0.51,54.33807406
1666978151.3040934,1563.67,1563.87,0.2532386,-0.51,54.33807406
1666978161.2977178,1561.45,1561.45,0.00220702,1.41,48.70199673
1666978171.2867625,1561.45,1561.45,0.00220702,1.41,48.70199673
1666978181.316099,1561.45,1561.53,0.00858878,1.49,48.89316125
1666978191.332221,1561.45,1561.53,0.00858878,1.49,48.89316125
1666978201.680316,1561.45,1561.53,0.00858878,1.49,48.89316125
1666978211.2953963,1560.29,1560.29,-0.20660202,0.08,46.19306033
1666978221.2643182,1560.29,1560.29,-0.20660202,0.08,46.19306033
1666978231.299908,1560.29,1560.29,-0.20660202,0.08,46.19306033
1666978241.8598585,1560.29,1561.27,-0.12842538,1.06,48.60102756
1666978251.8696516,1560.29,1561.27,-0.12842538,1.06,48.60102756
1666978261.919242,1560.29,1561.27,-0.12842538,1.06,48.60102756
1666978272.24167,1560.67,1560.67,-0.24162725,3.06,47.15306525
1666978281.954756,1560.67,1560.67,-0.24162725,3.06,47.15306525
1666978291.913232,1560.67,1560.67,-0.24162725,3.06,47.15306525
1666978301.9317918,1560.67,1560.67,-0.24162725,3.06,47.15306525
1666978311.8932269,1560.67,1561.26,-0.19456172,3.65,48.68394654
1666978321.9221227,1560.67,1561.26,-0.19456172,3.65,48.68394654
1666978331.9411895,1560.99,1560.99,-0.24482889,2.1,47.99452873
1666978341.922321,1560.99,1560.99,-0.24482889,2.1,47.99452873
1666978351.986333,1560.99,1560.99,-0.24482889,2.1,47.99452873
1666978361.918841,1560.99,1561.68,-0.18978615,2.79,49.84883014
1666978371.980511,1560.99,1561.68,-0.18978615,2.79,49.84883014
1666978382.011529,1560.99,1561.68,-0.18978615,2.79,49.84883014
1666978392.305607,1561.7,1561.7,-0.16417969,0.08,49.90060807
1666978402.0100238,1561.7,1561.7,-0.16417969,0.08,49.90060807
1666978411.995352,1561.7,1561.7,-0.16417969,0.08,49.90060807
1666978422.4298975,1561.7,1560.52,-0.25831075,-1.1,46.82867234
1666978432.3697555,1561.7,1560.52,-0.25831075,-1.1,46.82867234
1666978442.3194451,1561.7,1560.52,-0.25831075,-1.1,46.82867234
1666978452.3507683,1561.26,1561.26,-0.20508024,-0.8,48.70710951
1666978462.3446782,1561.26,1561.26,-0.20508024,-0.8,48.70710951
1666978472.4403892,1561.26,1561.26,-0.20508024,-0.8,48.70710951
1666978482.378215,1561.26,1560.17,-0.29203181,-1.89,45.79041746
1666978492.4188106,1561.26,1560.17,-0.29203181,-1.89,45.79041746
1666978502.4550009,1561.26,1560.17,-0.29203181,-1.89,45.79041746
1666978512.3985405,1559.27,1559.27,-0.4892243,-4.67,43.63302312
1666978522.4236236,1559.27,1559.27,-0.4892243,-4.67,43.63302312
1666978532.507645,1559.27,1559.27,-0.4892243,-4.67,43.63302312
1666978542.369587,1559.27,1559.35,-0.48284254,-4.59,43.88610295
1666978552.4085484,1559.27,1559.35,-0.48284254,-4.59,43.88610295
1666978562.3853064,1559.27,1559.35,-0.48284254,-4.59,43.88610295
1666978572.4144294,1557.88,1557.88,-0.77838896,-4.15,40.46227189
1666978582.4104204,1557.88,1557.88,-0.77838896,-4.15,40.46227189
1666978592.528582,1557.88,1557.88,-0.77838896,-4.15,40.46227189
1666978603.3992574,1557.88,1557.77,-0.78716389,-4.26,40.21322658
1666978613.493122,1557.88,1557.77,-0.78716389,-4.26,40.21322658
1666978623.4201488,1557.88,1557.77,-0.78716389,-4.26,40.21322658
1666978633.4601667,1557.47,1557.47,-0.96715626,-6.2,39.54933698
1666978644.0975833,1557.47,1557.47,-0.96715626,-6.2,39.54933698
1666978653.7848694,1557.47,1557.47,-0.96715626,-6.2,39.54933698
1666978663.5046806,1557.47,1556.64,-1.03336708,-7.03,37.6951483
1666978673.4308248,1557.47,1556.64,-1.03336708,-7.03,37.6951483
1666978683.501232,1557.47,1556.64,-1.03336708,-7.03,37.6951483
1666978693.5112147,1557.19,1557.19,-1.11736994,-4.25,38.90202727
1666978703.39877,1557.19,1557.19,-1.11736994,-4.25,38.90202727
1666978713.4443576,1557.19,1557.19,-1.11736994,-4.25,38.90202727
1666978723.5133667,1557.19,1557.54,-1.08944972,-3.9,40.2035937
1666978733.5076473,1557.19,1557.54,-1.08944972,-3.9,40.2035937
1666978743.4752913,1557.19,1557.54,-1.08944972,-3.9,40.2035937
1666978753.4529438,1558.17,1558.17,-1.06629916,-2.12,42.44114399
1666978763.5327928,1558.17,1558.17,-1.06629916,-2.12,42.44114399
1666978773.8931935,1558.17,1558.17,-1.06629916,-2.12,42.44114399
1666978783.8955023,1558.17,1558.17,-1.06629916,-2.12,42.44114399
1666978793.8689072,1558.17,1558.13,-1.06949005,-2.16,42.33330249
1666978803.8595376,1558.17,1558.13,-1.06949005,-2.16,42.33330249
1666978813.8295567,1557.73,1557.73,-1.13882478,-2.94,41.29786222
1666978823.8356338,1557.73,1557.73,-1.13882478,-2.94,41.29786222
1666978833.842656,1557.73,1557.73,-1.13882478,-2.94,41.29786222
1666978843.8599558,1557.73,1559.09,-1.03033475,-1.58,46.17526402
1666978853.843293,1557.73,1559.09,-1.03033475,-1.58,46.17526402
1666978863.8480797,1557.73,1559.09,-1.03033475,-1.58,46.17526402
1666978873.888436,1558.46,1558.46,-1.0507335,-2.53,44.0261174
1666978883.817387,1558.46,1558.46,-1.0507335,-2.53,44.0261174
1666978893.9421291,1558.46,1558.46,-1.0507335,-2.53,44.0261174
1666978903.8785863,1558.46,1558.59,-1.04036313,-2.4,44.51156204
1666978913.79603,1558.46,1558.59,-1.04036313,-2.4,44.51156204
1666978923.9021418,1558.46,1558.59,-1.04036313,-2.4,44.51156204
1666978933.8912604,1558.58,1558.58,-0.99841216,-3.12,44.47907266
1666978943.9286346,1558.58,1558.58,-0.99841216,-3.12,44.47907266
1666978953.85683,1558.58,1558.58,-0.99841216,-3.12,44.47907266
1666978964.476953,1558.58,1557.0,-1.12445204,-4.7,39.87990011
1666978974.564032,1558.58,1557.0,-1.12445204,-4.7,39.87990011
1666978984.5551715,1558.58,1557.0,-1.12445204,-4.7,39.87990011
1666978994.60784,1555.6,1555.6,-1.37542689,-5.67,36.53273515
1666979004.8493512,1555.6,1555.6,-1.37542689,-5.67,36.53273515
1666979014.608547,1555.6,1555.6,-1.37542689,-5.67,36.53273515
1666979024.598941,1555.6,1556.36,-1.31480011,-4.91,39.50125306
1666979034.8629634,1555.6,1556.36,-1.31480011,-4.91,39.50125306
1666979044.834219,1555.6,1556.36,-1.31480011,-4.91,39.50125306
1666979054.567965,1555.65,1555.65,-1.46181781,-3.62,36.73695586
1666979064.5138862,1555.65,1555.65,-1.46181781,-3.62,36.73695586
1666979074.534605,1555.65,1555.65,-1.46181781,-3.62,36.73695586
1666979084.5963247,1555.65,1555.2,-1.49771524,-4.07,35.62588226
1666979094.597312,1555.65,1555.2,-1.49771524,-4.07,35.62588226
1666979104.6124706,1555.65,1555.2,-1.49771524,-4.07,35.62588226
1666979114.5590892,1556.8,1556.8,-1.35340222,-1.08,41.40687331
1666979124.5824528,1556.8,1556.8,-1.35340222,-1.08,41.40687331
1666979134.644137,1556.8,1556.8,-1.35340222,-1.08,41.40687331
1666979145.712302,1556.8,1557.08,-1.33106604,-0.8,42.51943731
1666979155.7111657,1556.8,1557.08,-1.33106604,-0.8,42.51943731
1666979165.712504,1556.8,1557.08,-1.33106604,-0.8,42.51943731
1666979175.6129093,1557.71,1557.71,-1.1956565,0.24,44.87897258
1666979185.687726,1557.71,1557.71,-1.1956565,0.24,44.87897258
1666979195.668409,1557.71,1557.71,-1.1956565,0.24,44.87897258
1666979205.7116745,1557.71,1557.43,-1.21799268,-0.04,44.01693213
1666979215.7213955,1557.71,1557.43,-1.21799268,-0.04,44.01693213
1666979225.7435331,1557.71,1557.43,-1.21799268,-0.04,44.01693213
1666979235.7116165,1557.15,1557.15,-1.19510335,-0.05,43.18738391
1666979246.058603,1557.15,1557.15,-1.19510335,-0.05,43.18738391
1666979256.3744586,1557.15,1557.15,-1.19510335,-0.05,43.18738391
1666979266.081777,1557.15,1558.39,-1.09618597,1.19,47.87266572
1666979276.0483525,1557.15,1558.39,-1.09618597,1.19,47.87266572
1666979286.0711434,1557.15,1558.39,-1.09618597,1.19,47.87266572
1666979295.9803348,1557.34,1557.34,-1.11980788,-0.84,43.96226915
1666979306.0309422,1557.34,1557.34,-1.11980788,-0.84,43.96226915
1666979316.3340282,1557.34,1557.34,-1.11980788,-0.84,43.96226915
1666979326.775469,1557.34,1556.45,-1.19080503,-1.73,41.13010538
1666979336.7736378,1557.34,1556.45,-1.19080503,-1.73,41.13010538
1666979346.7624671,1557.34,1556.45,-1.19080503,-1.73,41.13010538
1666979356.818139,1555.88,1555.88,-1.2656935,-1.84,39.50516042
1666979366.84521,1555.88,1555.88,-1.2656935,-1.84,39.50516042
1666979376.8205128,1555.88,1555.88,-1.2656935,-1.84,39.50516042
1666979386.8474195,1555.88,1556.39,-1.22500974,-1.33,41.72361942
1666979396.753847,1555.88,1556.39,-1.22500974,-1.33,41.72361942
1666979407.0190191,1555.88,1556.39,-1.22500974,-1.33,41.72361942
1666979416.8561158,1555.35,1555.35,-1.34985626,-3.12,38.02240497
1666979426.853688,1555.35,1555.35,-1.34985626,-3.12,38.02240497
1666979436.8564322,1555.35,1555.35,-1.34985626,-3.12,38.02240497
1666979446.856956,1555.35,1556.28,-1.27566823,-2.19,42.17460132
1666979456.9616723,1555.35,1556.28,-1.27566823,-2.19,42.17460132
1666979467.1280782,1555.35,1556.28,-1.27566823,-2.19,42.17460132
1666979476.8704145,1557.03,1557.03,-1.12917406,-1.56,45.13866707
1666979486.897007,1557.03,1557.03,-1.12917406,-1.56,45.13866707
1666979496.845749,1557.03,1557.03,-1.12917406,-1.56,45.13866707
1666979507.779327,1557.03,1558.11,-1.04302021,-0.48,49.17850384
1666979517.531072,1557.03,1558.11,-1.04302021,-0.48,49.17850384
1666979527.559125,1557.03,1558.11,-1.04302021,-0.48,49.17850384
1666979537.7799938,1557.83,1557.83,-0.93593188,2.23,48.19215044
1666979547.5494351,1557.83,1557.83,-0.93593188,2.23,48.19215044
1666979557.5715723,1557.83,1557.83,-0.93593188,2.23,48.19215044
1666979567.4962523,1557.83,1556.58,-1.03564698,0.98,44.060691
1666979577.4687202,1557.83,1556.58,-1.03564698,0.98,44.060691
1666979587.5728066,1557.83,1556.58,-1.03564698,0.98,44.060691
1666979597.7900348,1556.56,1556.56,-1.00277038,0.91,44.00037355
1666979607.557133,1556.56,1556.56,-1.00277038,0.91,44.00037355
1666979617.5273616,1556.56,1556.56,-1.00277038,0.91,44.00037355
1666979627.455412,1556.56,1556.45,-1.0115453,0.8,43.6464674
1666979637.5629623,1556.56,1556.45,-1.0115453,0.8,43.6464674
1666979647.5172472,1556.56,1556.45,-1.0115453,0.8,43.6464674
1666979657.5793328,1556.5,1556.5,-0.97343244,-0.3,43.81886959
1666979667.5613656,1556.5,1556.5,-0.97343244,-0.3,43.81886959
1666979677.551389,1556.5,1556.5,-0.97343244,-0.3,43.81886959
1666979688.1617413,1556.5,1554.96,-1.09628144,-1.84,39.05531091
1666979698.5466864,1556.5,1554.96,-1.09628144,-1.84,39.05531091
1666979708.231825,1556.5,1554.96,-1.09628144,-1.84,39.05531091
1666979718.2646313,1554.88,1554.88,-1.16398589,-2.84,38.83639184
1666979728.3004646,1554.88,1554.88,-1.16398589,-2.84,38.83639184
1666979738.3123624,1554.88,1554.88,-1.16398589,-2.84,38.83639184
1666979748.2564654,1554.88,1555.55,-1.1105386,-2.17,41.77977555
1666979758.2441134,1554.88,1555.55,-1.1105386,-2.17,41.77977555
1666979768.3171165,1554.88,1555.55,-1.1105386,-2.17,41.77977555
1666979778.3112164,1554.92,1554.92,-1.19311144,-2.23,39.02044465
1666979788.2806392,1554.92,1554.92,-1.19311144,-2.23,39.02044465
1666979798.595378,1554.92,1554.92,-1.19311144,-2.23,39.02044465
1666979808.2953572,1554.92,1554.9,-1.19470688,-2.25,38.95732085
1666979818.3027964,1554.92,1554.9,-1.19470688,-2.25,38.95732085
1666979828.5731747,1554.92,1554.9,-1.19470688,-2.25,38.95732085
1666979838.3015995,1555.36,1555.36,-1.14325027,-1.97,41.1229231
1666979848.273296,1555.36,1555.36,-1.14325027,-1.97,41.1229231
1666979858.327133,1555.36,1555.36,-1.14325027,-1.97,41.1229231
1666979869.1240554,1555.36,1554.75,-1.19191124,-2.58,39.09556021
1666979879.1351488,1555.36,1554.75,-1.19191124,-2.58,39.09556021
1666979889.232504,1555.36,1554.75,-1.19191124,-2.58,39.09556021
1666979899.1927457,1553.97,1553.97,-1.31452541,-1.91,36.79248327
1666979909.177122,1553.97,1553.97,-1.31452541,-1.91,36.79248327
1666979919.117377,1553.97,1553.97,-1.31452541,-1.91,36.79248327
1666979929.196252,1553.97,1553.27,-1.37036586,-2.61,34.81058893
1666979939.195296,1553.97,1553.27,-1.37036586,-2.61,34.81058893
1666979949.158014,1553.97,1553.27,-1.37036586,-2.61,34.81058893
1666979959.462849,1553.02,1553.02,-1.48177095,-2.32,34.18124687
1666979969.1915262,1553.02,1553.02,-1.48177095,-2.32,34.18124687
1666979979.219824,1553.02,1553.02,-1.48177095,-2.32,34.18124687
1666979989.266636,1553.02,1553.75,-1.42353734,-1.59,37.86356323
1666979999.5066252,1553.02,1553.75,-1.42353734,-1.59,37.86356323
1666980009.2286818,1553.02,1553.75,-1.42353734,-1.59,37.86356323
1666980019.2755046,1552.78,1552.78,-1.569845,-4.25,33.50173483
1666980029.1890397,1552.78,1552.78,-1.569845,-4.25,33.50173483
1666980039.1845808,1552.78,1552.78,-1.569845,-4.25,33.50173483
1666980049.84756,1552.78,1554.29,-1.44938915,-2.74,41.13612645
1666980059.83367,1552.78,1554.29,-1.44938915,-2.74,41.13612645
1666980069.757842,1552.78,1554.29,-1.44938915,-2.74,41.13612645
1666980079.8346243,1554.16,1554.16,-1.41087879,-3.66,40.54851093
1666980089.8406198,1554.16,1554.16,-1.41087879,-3.66,40.54851093
1666980099.8457649,1554.16,1554.16,-1.41087879,-3.66,40.54851093
1666980109.907576,1554.16,1554.06,-1.418856,-3.76,40.21594023
1666980119.9035869,1554.16,1554.06,-1.418856,-3.76,40.21594023
1666980129.8474202,1554.16,1554.06,-1.418856,-3.76,40.21594023
1666980139.852573,1553.33,1553.33,-1.47321849,-3.23,37.94184934
1666980149.9315584,1553.33,1553.33,-1.47321849,-3.23,37.94184934
1666980159.8791776,1553.33,1553.33,-1.47321849,-3.23,37.94184934
1666980169.9110274,1553.33,1551.63,-1.60883102,-4.93,33.23378157
1666980179.928123,1553.33,1551.63,-1.60883102,-4.93,33.23378157
1666980189.864428,1553.33,1551.63,-1.60883102,-4.93,33.23378157
1666980199.9158409,1551.77,1551.77,-1.67516312,-4.72,33.60484774
1666980209.910593,1551.77,1551.77,-1.67516312,-4.72,33.60484774
1666980219.8748603,1551.77,1551.77,-1.67516312,-4.72,33.60484774
1666980230.3148909,1551.77,1550.7,-1.76051924,-5.79,30.94870788
1666980240.2647393,1551.77,1550.7,-1.76051924,-5.79,30.94870788
1666980250.279216,1551.77,1550.7,-1.76051924,-5.79,30.94870788
1666980260.3229556,1550.06,1550.06,-1.95789732,-4.82,29.56367182
1666980270.3022633,1550.06,1550.06,-1.95789732,-4.82,29.56367182
1666980280.3559237,1550.06,1550.71,-1.90604547,-4.17,32.85051736
1666980290.2472043,1550.06,1550.71,-1.90604547,-4.17,32.85051736
1666980300.669087,1550.06,1550.71,-1.90604547,-4.17,32.85051736
1666980310.3335948,1550.06,1550.71,-1.90604547,-4.17,32.85051736
1666980320.2861087,1551.29,1551.29,-1.87573461,-3.63,35.55279573
1666980330.292585,1551.29,1551.29,-1.87573461,-3.63,35.55279573
1666980340.340635,1551.29,1551.29,-1.87573461,-3.63,35.55279573
1666980350.4102752,1551.29,1552.5,-1.77921039,-2.42,40.84436663
1666980360.3023796,1551.29,1552.5,-1.77921039,-2.42,40.84436663
1666980370.3798964,1551.29,1552.5,-1.77921039,-2.42,40.84436663
1666980380.345567,1553.1,1553.1,-1.61223538,-2.25,43.16975018
1666980390.342233,1553.1,1553.1,-1.61223538,-2.25,43.16975018
1666980400.334556,1553.1,1552.6,-1.65212142,-2.75,41.68921557
1666980411.3362846,1553.1,1552.6,-1.65212142,-2.75,41.68921557
1666980420.931682,1553.1,1552.6,-1.65212142,-2.75,41.68921557
1666980430.931343,1553.1,1552.6,-1.65212142,-2.75,41.68921557
1666980440.9112806,1551.74,1551.74,-1.69216914,-2.23,39.38080934
1666980450.9645538,1551.74,1551.74,-1.69216914,-2.23,39.38080934
1666980461.283167,1551.74,1552.68,-1.61718339,-1.29,43.09009645
1666980471.054059,1551.74,1552.68,-1.61718339,-1.29,43.09009645
1666980481.0009642,1551.74,1552.68,-1.61718339,-1.29,43.09009645
1666980490.938773,1553.46,1553.46,-1.40675264,0.45,45.84301569
1666980501.0285842,1553.46,1553.46,-1.40675264,0.45,45.84301569
1666980510.9168408,1553.46,1553.46,-1.40675264,0.45,45.84301569
1666980521.0013463,1553.46,1553.46,-1.40675264,0.45,45.84301569
1666980530.9498258,1553.46,1552.02,-1.52162443,-0.99,41.82959002
1666980541.1498303,1553.46,1552.02,-1.52162443,-0.99,41.82959002
1666980551.0019023,1552.52,1552.52,-1.40810921,-0.26,43.14100399
1666980560.9801838,1552.52,1552.52,-1.40810921,-0.26,43.14100399
1666980570.971371,1552.52,1552.52,-1.40810921,-0.26,43.14100399
1666980581.2482662,1552.52,1553.19,-1.35466191,0.41,45.60209597
1666980591.5328298,1552.52,1553.19,-1.35466191,0.41,45.60209597
1666980601.5143497,1552.52,1553.19,-1.35466191,0.41,45.60209597
1666980611.5169666,1554.02,1554.02,-1.12294786,-0.14,48.37293741
1666980621.558068,1554.02,1554.02,-1.12294786,-0.14,48.37293741
1666980631.5571194,1554.02,1554.02,-1.12294786,-0.14,48.37293741
1666980641.5313106,1554.02,1554.72,-1.06710741,0.56,50.65373184
1666980651.5232809,1554.02,1554.72,-1.06710741,0.56,50.65373184
1666980661.553109,1554.02,1554.72,-1.06710741,0.56,50.65373184
1666980671.695434,1554.86,1554.86,-0.86111349,1.52,51.08591975
1666980681.4781282,1554.86,1554.86,-0.86111349,1.52,51.08591975
1666980691.5928798,1554.86,1554.86,-0.86111349,1.52,51.08591975
1666980701.590009,1554.86,1554.58,-0.88344967,1.24,50.14007906
1666980711.631058,1554.86,1554.58,-0.88344967,1.24,50.14007906
1666980721.5972347,1554.86,1554.58,-0.88344967,1.24,50.14007906
1666980731.5714543,1554.86,1554.58,-0.88344967,1.24,50.14007906
1666980741.5722508,1554.37,1554.37,-0.76731062,2.61,49.45088735
1666980751.5465753,1554.37,1554.37,-0.76731062,2.61,49.45088735
1666980761.563139,1554.37,1555.47,-0.67956133,3.71,53.080006
1666980772.1505723,1554.37,1555.47,-0.67956133,3.71,53.080006
1666980782.276574,1554.37,1555.47,-0.67956133,3.71,53.080006
1666980792.240879,1555.42,1555.42,-0.5066437,5.36,52.92635743
1666980802.205878,1555.42,1555.42,-0.5066437,5.36,52.92635743
1666980812.275276,1555.42,1555.42,-0.5066437,5.36,52.92635743
1666980822.2121248,1555.42,1554.84,-0.5529115,4.78,50.84631244
1666980832.2152803,1555.42,1554.84,-0.5529115,4.78,50.84631244
1666980842.2973075,1555.42,1554.84,-0.5529115,4.78,50.84631244
1666980852.2006438,1555.34,1555.34,-0.37357722,4.04,52.62939355
1666980862.2851174,1555.34,1555.34,-0.37357722,4.04,52.62939355
1666980872.234497,1555.34,1555.34,-0.37357722,4.04,52.62939355
1666980882.2513423,1555.34,1555.34,-0.37357722,4.04,52.62939355
1666980892.3448262,1555.34,1555.24,-0.38155443,3.94,52.23485747
1666980902.313659,1555.34,1555.24,-0.38155443,3.94,52.23485747
1666980912.2849424,1556.0,1556.0,-0.16738228,2.91,54.88121289
1666980922.274755,1556.0,1556.0,-0.16738228,2.91,54.88121289
1666980932.298082,1556.0,1556.0,-0.16738228,2.91,54.88121289
1666980942.2858808,1556.0,1555.71,-0.19051618,2.62,53.68083461
1666980953.1348011,1556.0,1555.71,-0.19051618,2.62,53.68083461
1666980963.0856671,1556.0,1555.71,-0.19051618,2.62,53.68083461
1666980973.0537548,1557.16,1557.16,0.11942978,5.42,58.60170128
1666980983.115199,1557.16,1557.16,0.11942978,5.42,58.60170128
1666980993.097731,1557.16,1557.16,0.11942978,5.42,58.60170128
1666981003.0657268,1557.16,1554.86,-0.06404601,3.12,49.82821163
1666981013.111227,1557.16,1554.86,-0.06404601,3.12,49.82821163
1666981023.0311332,1557.16,1554.86,-0.06404601,3.12,49.82821163
1666981033.035564,1554.95,1554.95,-0.04213146,1.48,50.12184395
1666981043.0739334,1554.95,1554.95,-0.04213146,1.48,50.12184395
1666981053.1005044,1554.95,1554.95,-0.04213146,1.48,50.12184395
1666981063.0854812,1554.95,1554.96,-0.04133374,1.49,50.15698987
1666981073.0477586,1554.95,1554.96,-0.04133374,1.49,50.15698987
1666981083.0847278,1554.95,1554.96,-0.04133374,1.49,50.15698987
1666981093.087113,1554.91,1554.91,-0.03637717,2.39,49.98359977
1666981103.1079073,1554.91,1554.91,-0.03637717,2.39,49.98359977
1666981113.077776,1554.91,1554.91,-0.03637717,2.39,49.98359977
1666981122.995654,1554.91,1554.1,-0.10099255,1.58,47.09480026
1666981133.6141536,1554.91,1554.1,-0.10099255,1.58,47.09480026
1666981143.6834576,1554.91,1554.1,-0.10099255,1.58,47.09480026
1666981153.675606,1552.44,1552.44,-0.37687873,-1.57,42.10539922
1666981163.6875548,1552.44,1552.44,-0.37687873,-1.57,42.10539922
1666981173.6619496,1552.44,1552.44,-0.37687873,-1.57,42.10539922
1666981183.7192848,1552.44,1551.94,-0.41676477,-2.07,40.70712833
1666981193.694891,1552.44,1551.94,-0.41676477,-2.07,40.70712833
1666981203.6682577,1552.44,1551.94,-0.41676477,-2.07,40.70712833
1666981213.6749685,1552.37,1552.37,-0.49550517,-2.49,41.90388617
1666981223.6598454,1552.37,1552.37,-0.49550517,-2.49,41.90388617
1666981233.6660063,1552.37,1552.37,-0.49550517,-2.49,41.90388617
1666981243.7029157,1552.37,1552.37,-0.49550517,-2.49,41.90388617
1666981253.8328755,1552.37,1552.37,-0.49550517,-2.49,41.90388617
1666981263.6497257,1552.37,1552.37,-0.49550517,-2.49,41.90388617
1666981273.7162232,1552.18,1552.18,-0.60466734,-2.2,41.32344673
1666981283.6753008,1552.18,1552.18,-0.60466734,-2.2,41.32344673
1666981293.7214797,1552.18,1552.18,-0.60466734,-2.2,41.32344673
1666981303.7085388,1552.18,1552.52,-0.57754483,-1.86,42.83211924
1666981314.21669,1552.18,1552.52,-0.57754483,-1.86,42.83211924
1666981324.241992,1552.18,1552.52,-0.57754483,-1.86,42.83211924
1666981334.2439554,1552.81,1552.81,-0.58299418,-2.61,44.06946919
1666981344.252855,1552.81,1552.81,-0.58299418,-2.61,44.06946919
1666981354.4693587,1552.81,1552.81,-0.58299418,-2.61,44.06946919
1666981364.2765913,1552.81,1552.64,-0.59655543,-2.78,43.47542346
1666981374.322815,1552.81,1552.64,-0.59655543,-2.78,43.47542346
1666981384.3003786,1552.81,1552.64,-0.59655543,-2.78,43.47542346
1666981394.2816925,1552.3,1552.3,-0.67145543,-3.04,42.34935461
1666981404.285715,1552.3,1552.3,-0.67145543,-3.04,42.34935461
1666981414.2653162,1552.3,1552.3,-0.67145543,-3.04,42.34935461
1666981424.2753367,1552.3,1552.61,-0.64672608,-2.73,43.79579039
1666981434.3117552,1552.3,1552.61,-0.64672608,-2.73,43.79579039
1666981444.2451258,1552.3,1552.61,-0.64672608,-2.73,43.79579039
1666981454.376824,1552.96,1552.96,-0.60792769,-3.03,45.34734145
1666981464.3071191,1552.96,1552.96,-0.60792769,-3.03,45.34734145
1666981474.261332,1552.96,1552.96,-0.60792769,-3.03,45.34734145
1666981484.6173246,1552.96,1552.96,-0.60792769,-3.03,45.34734145
1666981494.7731438,1552.96,1552.96,-0.60792769,-3.03,45.34734145
1666981504.8012714,1552.96,1552.96,-0.60792769,-3.03,45.34734145
1666981514.784881,1553.05,1553.05,-0.57912934,-4.11,45.76106863
1666981525.1107292,1553.05,1553.05,-0.57912934,-4.11,45.76106863
1666981534.823013,1553.05,1553.05,-0.57912934,-4.11,45.76106863
1666981544.7594512,1553.05,1553.35,-0.55519771,-3.81,47.19600605
1666981554.832811,1553.05,1553.35,-0.55519771,-3.81,47.19600605
1666981564.7667837,1553.05,1553.35,-0.55519771,-3.81,47.19600605
1666981574.754966,1552.28,1552.28,-0.66444083,-2.67,42.77740349
1666981584.8030126,1552.28,1552.28,-0.66444083,-2.67,42.77740349
1666981594.7465253,1552.28,1552.28,-0.66444083,-2.67,42.77740349
1666981604.7913272,1552.28,1551.64,-0.71549496,-3.31,40.41851091
1666981615.3839612,1552.28,1551.64,-0.71549496,-3.31,40.41851091
1666981624.7922828,1552.28,1551.64,-0.71549496,-3.31,40.41851091
1666981634.8409142,1551.28,1551.28,-0.81633032,-3.62,39.20000026
1666981644.7821524,1551.28,1551.28,-0.81633032,-3.62,39.20000026
1666981654.8155088,1551.28,1551.28,-0.81633032,-3.62,39.20000026
1666981664.8108258,1551.28,1551.33,-0.81234172,-3.57,39.45345359
1666981675.9414144,1551.28,1551.33,-0.81234172,-3.57,39.45345359
1666981685.579389,1551.28,1551.33,-0.81234172,-3.57,39.45345359
1666981695.6763866,1551.15,1551.15,-0.88253177,-1.3,38.7467038
1666981705.856257,1551.15,1551.15,-0.88253177,-1.3,38.7467038
1666981715.6397026,1551.15,1551.15,-0.88253177,-1.3,38.7467038
1666981725.6088514,1551.15,1550.4,-0.94236083,-2.05,36.14952724
1666981735.6249447,1551.15,1550.4,-0.94236083,-2.05,36.14952724
1666981745.6473036,1551.15,1550.4,-0.94236083,-2.05,36.14952724
1666981755.7605016,1551.64,1551.64,-0.84756502,-0.73,41.49708217
1666981765.677238,1551.64,1551.64,-0.84756502,-0.73,41.49708217
1666981775.715623,1551.64,1551.64,-0.84756502,-0.73,41.49708217
1666981785.7236907,1551.64,1552.85,-0.7510408,0.48,47.72893329
1666981795.711704,1551.64,1552.85,-0.7510408,0.48,47.72893329
1666981805.9898918,1551.64,1552.85,-0.7510408,0.48,47.72893329
1666981815.7220705,1552.96,1552.96,-0.65391182,0.77,48.23026228
1666981825.6875334,1552.96,1552.96,-0.65391182,0.77,48.23026228
1666981835.7469523,1552.96,1552.96,-0.65391182,0.77,48.23026228
1666981845.635536,1552.96,1553.37,-0.62120527,1.18,50.14940665
1666981856.0008457,1552.96,1553.37,-0.62120527,1.18,50.14940665
1666981865.9954717,1552.96,1553.37,-0.62120527,1.18,50.14940665
1666981876.0206358,1551.94,1551.94,-0.72081041,-0.87,44.01183556
1666981885.9791803,1551.94,1551.94,-0.72081041,-0.87,44.01183556
1666981896.0026505,1551.94,1551.94,-0.72081041,-0.87,44.01183556
1666981906.3097577,1551.94,1552.03,-0.71363092,-0.78,44.46284304
1666981916.1034682,1551.94,1552.03,-0.71363092,-0.78,44.46284304
1666981926.0190792,1551.94,1552.03,-0.71363092,-0.78,44.46284304
1666981936.088835,1552.52,1552.52,-0.61989474,0.23,46.8505795
1666981946.4634397,1552.52,1552.52,-0.61989474,0.23,46.8505795
1666981956.026717,1552.52,1552.52,-0.61989474,0.23,46.8505795
1666981966.0811086,1552.52,1552.92,-0.58798591,0.63,48.78627786
1666981976.0167212,1552.52,1552.92,-0.58798591,0.63,48.78627786
1666981986.0484557,1552.52,1552.92,-0.58798591,0.63,48.78627786
1666981996.294283,1553.67,1553.67,-0.40806418,0.72,52.06311907
1666982006.0442762,1553.67,1553.67,-0.40806418,0.72,52.06311907
1666982016.0787055,1553.67,1553.67,-0.40806418,0.72,52.06311907
1666982026.0983396,1553.67,1553.85,-0.3937052,0.9,52.84218366
1666982036.91196,1553.67,1553.85,-0.3937052,0.9,52.84218366
1666982046.9414165,1553.67,1553.85,-0.3937052,0.9,52.84218366
1666982056.9897425,1553.09,1553.09,-0.39130533,0.04,49.43514239
1666982066.9478807,1553.09,1553.09,-0.39130533,0.04,49.43514239
1666982076.9351983,1553.09,1553.09,-0.39130533,0.04,49.43514239
1666982086.9856412,1553.09,1554.79,-0.25569279,1.74,56.3917327
1666982097.0461855,1553.09,1554.79,-0.25569279,1.74,56.3917327
1666982106.9191792,1553.09,1554.79,-0.25569279,1.74,56.3917327
1666982117.066055,1554.17,1554.17,-0.18478557,1.89,54.09109529
1666982126.9821868,1554.17,1554.17,-0.18478557,1.89,54.09109529
1666982137.0117047,1554.17,1554.17,-0.18478557,1.89,54.09109529
1666982146.9866383,1554.17,1555.1,-0.11059753,2.82,57.70045485
1666982156.9350047,1554.17,1555.1,-0.11059753,2.82,57.70045485
1666982166.935575,1554.17,1555.1,-0.11059753,2.82,57.70045485
1666982176.991407,1554.64,1554.64,-0.02131061,3.35,55.98898405
1666982187.0084949,1554.64,1554.64,-0.02131061,3.35,55.98898405
1666982196.9694667,1554.64,1554.64,-0.02131061,3.35,55.98898405
1666982206.8994875,1554.64,1554.92,0.00102558,3.63,57.12611765
1666982217.6594615,1554.64,1554.92,0.00102558,3.63,57.12611765
1666982227.6671257,1554.64,1554.92,0.00102558,3.63,57.12611765
1666982237.6744068,1555.48,1555.48,0.19638065,4.33,59.23276273
1666982247.6760898,1555.48,1555.48,0.19638065,4.33,59.23276273
1666982257.6807342,1555.48,1555.48,0.19638065,4.33,59.23276273
1666982267.76683,1555.48,1556.37,0.2673778,5.22,62.39524425
1666982277.7363565,1555.48,1556.37,0.2673778,5.22,62.39524425
1666982287.7012894,1555.48,1556.37,0.2673778,5.22,62.39524425
1666982297.673264,1556.98,1556.98,0.52424269,5.35,64.29370379
1666982307.710905,1556.98,1556.98,0.52424269,5.35,64.29370379
1666982317.70633,1556.98,1556.98,0.52424269,5.35,64.29370379
1666982327.68736,1556.98,1556.99,0.52504041,5.36,64.32549971
1666982337.7221074,1556.98,1556.99,0.52504041,5.36,64.32549971
1666982348.475744,1556.98,1556.99,0.52504041,5.36,64.32549971
1666982357.691508,1556.86,1556.86,0.66442763,3.9,63.6133374
1666982367.831345,1556.86,1556.86,0.66442763,3.9,63.6133374
1666982377.7608864,1556.86,1556.86,0.66442763,3.9,63.6133374
1666982387.7433352,1556.86,1556.05,0.59981225,3.09,59.06946722
1666982398.2826903,1556.86,1556.05,0.59981225,3.09,59.06946722
1666982408.2501738,1556.86,1556.05,0.59981225,3.09,59.06946722
1666982418.3118336,1555.75,1555.75,0.616659,3.8,57.53689462
1666982428.2444358,1555.75,1555.75,0.616659,3.8,57.53689462
1666982438.5869372,1555.75,1555.75,0.616659,3.8,57.53689462
1666982448.2345178,1555.75,1556.47,0.67409489,4.52,60.18446862
1666982458.550712,1555.75,1556.47,0.67409489,4.52,60.18446862
1666982468.284569,1555.75,1556.47,0.67409489,4.52,60.18446862
1666982478.3052518,1556.05,1556.05,0.68399824,3.53,58.68454355
1666982488.289195,1556.05,1556.05,0.68399824,3.53,58.68454355
1666982498.2758942,1556.05,1556.05,0.68399824,3.53,58.68454355
1666982508.3499193,1556.05,1555.8,0.66405522,3.28,57.3121466
1666982518.2201874,1556.05,1555.8,0.66405522,3.28,57.3121466
1666982528.2608206,1556.05,1555.8,0.66405522,3.28,57.3121466
1666982538.2613928,1556.03,1556.03,0.70739406,2.37,58.5742606
1666982548.3551805,1556.03,1556.03,0.70739406,2.37,58.5742606
1666982558.2944782,1556.03,1556.03,0.70739406,2.37,58.5742606
1666982568.3502755,1556.03,1556.03,0.70739406,2.37,58.5742606
1666982579.0041747,1556.03,1556.03,0.70739406,2.37,58.5742606
1666982588.9901357,1556.03,1556.03,0.70739406,2.37,58.5742606
1666982598.9518604,1557.06,1557.06,0.86514099,3.98,62.58266341
1666982609.0122037,1557.06,1557.06,0.86514099,3.98,62.58266341
1666982619.0242405,1557.06,1557.06,0.86514099,3.98,62.58266341
1666982628.9511745,1557.06,1556.75,0.84041164,3.67,60.67960131
1666982638.9829493,1557.06,1556.75,0.84041164,3.67,60.67960131
1666982648.974001,1557.06,1556.75,0.84041164,3.67,60.67960131
1666982659.1979191,1556.17,1556.17,0.78806973,2.01,57.40244756
1666982669.2431772,1556.17,1556.17,0.78806973,2.01,57.40244756
1666982679.3317924,1556.17,1556.17,0.78806973,2.01,57.40244756
1666982688.998021,1556.17,1556.58,0.82077629,2.42,59.07628432
1666982699.0006382,1556.17,1556.58,0.82077629,2.42,59.07628432
1666982709.0240903,1556.17,1556.58,0.82077629,2.42,59.07628432
1666982719.074793,1555.93,1555.93,0.74041206,1.29,56.06353066
1666982728.99247,1555.93,1555.93,0.74041206,1.29,56.06353066
1666982739.436448,1555.93,1555.93,0.74041206,1.29,56.06353066
1666982748.976719,1555.93,1556.17,0.75955736,1.53,57.14264498
1666982759.8800309,1555.93,1556.17,0.75955736,1.53,57.14264498
1666982769.948892,1555.93,1556.17,0.75955736,1.53,57.14264498
1666982779.977283,1555.93,1555.93,0.70964466,0.45,56.06707616
1666982789.9857874,1555.93,1555.93,0.70964466,0.45,56.06707616
1666982799.991475,1555.93,1555.93,0.70964466,0.45,56.06707616
1666982809.9458137,1555.93,1557.47,0.83249366,1.99,62.5778159
1666982819.9788978,1555.93,1557.47,0.83249366,1.99,62.5778159
1666982830.0244355,1555.93,1557.47,0.83249366,1.99,62.5778159
1666982839.995017,1557.82,1557.82,0.94586802,0.84,63.766971
1666982849.9055378,1557.82,1557.82,0.94586802,0.84,63.766971
1666982859.9749815,1557.82,1557.82,0.94586802,0.84,63.766971
1666982869.9282925,1557.82,1557.48,0.91874552,0.5,61.6688832
1666982879.968529,1557.82,1557.48,0.91874552,0.5,61.6688832
1666982890.0381422,1557.82,1557.48,0.91874552,0.5,61.6688832
1666982899.9479723,1558.1,1558.1,1.04038075,1.24,64.78589994
1666982909.9663332,1558.1,1558.1,1.04038075,1.24,64.78589994
1666982919.9685724,1558.1,1558.1,1.04038075,1.24,64.78589994
1666982929.9214942,1558.1,1558.01,1.03320126,1.15,64.20884927
1666982940.6396165,1558.1,1558.01,1.03320126,1.15,64.20884927
1666982950.6773582,1557.91,1557.91,1.05945515,2.17,63.54130604
1666982960.7653391,1557.91,1557.91,1.05945515,2.17,63.54130604
1666982970.660772,1557.91,1557.91,1.05945515,2.17,63.54130604
1666982980.64737,1557.91,1556.73,0.9653241,0.99,56.17625089
1666982990.6635995,1557.91,1556.73,0.9653241,0.99,56.17625089
1666983000.6608438,1557.91,1556.73,0.9653241,0.99,56.17625089
1666983010.6790197,1555.61,1555.61,0.74844211,-0.43,50.60850518
1666983020.7337909,1555.61,1555.61,0.74844211,-0.43,50.60850518
1666983030.63561,1555.61,1555.61,0.74844211,-0.43,50.60850518
1666983040.6475422,1555.61,1555.94,0.77476689,-0.1,52.11445895
1666983050.6068397,1555.61,1555.94,0.77476689,-0.1,52.11445895
1666983060.7134416,1555.61,1555.94,0.77476689,-0.1,52.11445895
1666983070.6341631,1555.44,1555.44,0.61657478,-0.58,49.79807523
1666983081.0171351,1555.44,1555.44,0.61657478,-0.58,49.79807523
1666983090.662328,1555.44,1555.44,0.61657478,-0.58,49.79807523
1666983100.7104404,1555.44,1555.06,0.58626139,-0.96,47.95768941
1666983110.665113,1555.44,1555.06,0.58626139,-0.96,47.95768941
1666983121.4294298,1555.44,1555.06,0.58626139,-0.96,47.95768941
1666983131.362317,1555.05,1555.05,0.46048607,-2.01,47.91902964
1666983141.974052,1555.05,1555.05,0.46048607,-2.01,47.91902964
1666983151.3417108,1555.05,1555.05,0.46048607,-2.01,47.91902964
1666983161.396402,1555.05,1553.39,0.32806442,-3.67,40.82339077
1666983171.3177814,1555.05,1553.39,0.32806442,-3.67,40.82339077
1666983181.7091684,1555.05,1553.39,0.32806442,-3.67,40.82339077
1666983191.315482,1553.22,1553.22,0.09986899,-2.94,40.21117485
1666983201.411811,1553.22,1553.22,0.09986899,-2.94,40.21117485
1666983211.3816624,1553.22,1553.22,0.09986899,-2.94,40.21117485
1666983221.4825175,1553.22,1553.22,0.09986899,-2.94,40.21117485
1666983231.3938248,1553.22,1553.0,0.08231913,-3.16,39.39158469
1666983241.4140096,1553.22,1553.0,0.08231913,-3.16,39.39158469
1666983251.429346,1553.22,1553.0,0.08231913,-3.16,39.39158469
1666983261.3513746,1552.4,1552.4,-0.18535613,-3.52,37.31468847
1666983271.4166083,1552.4,1552.4,-0.18535613,-3.52,37.31468847
1666983281.4519954,1552.4,1552.4,-0.18535613,-3.52,37.31468847
1666983291.3408206,1552.4,1551.08,-0.29065527,-4.84,33.17580037
1666983301.9681478,1552.4,1551.08,-0.29065527,-4.84,33.17580037
1666983312.0098004,1551.98,1551.98,-0.41484253,-3.94,35.88751835
1666983321.9776227,1551.98,1551.98,-0.41484253,-3.94,35.88751835
1666983332.003651,1551.98,1551.98,-0.41484253,-3.94,35.88751835
1666983341.9883764,1551.98,1553.31,-0.30874567,-2.61,43.26131583
1666983351.9875636,1551.98,1553.31,-0.30874567,-2.61,43.26131583
1666983362.045773,1551.98,1553.31,-0.30874567,-2.61,43.26131583
1666983372.0105605,1551.98,1553.31,-0.30874567,-2.61,43.26131583
1666983382.028463,1554.42,1554.42,-0.21936276,-3.41,48.2456458
1666983391.9547818,1554.42,1554.42,-0.21936276,-3.41,48.2456458
1666983402.031167,1554.42,1556.56,-0.04865051,-1.27,56.22906334
1666983412.375496,1554.42,1556.56,-0.04865051,-1.27,56.22906334
1666983422.0553432,1554.42,1556.56,-0.04865051,-1.27,56.22906334
1666983432.0494332,1557.3,1557.3,0.19091598,-0.79,58.44560966
1666983441.95111,1557.3,1557.3,0.19091598,-0.79,58.44560966
1666983452.0701966,1557.3,1557.3,0.19091598,-0.79,58.44560966
1666983462.0235784,1557.3,1556.97,0.16459119,-1.12,57.05797784
1666983472.0403645,1557.3,1556.97,0.16459119,-1.12,57.05797784
1666983482.966438,1557.3,1556.97,0.16459119,-1.12,57.05797784
1666983492.9364908,1556.92,1556.92,0.27646747,-1.0,56.85345806
1666983502.8791587,1556.92,1556.92,0.27646747,-1.0,56.85345806
1666983512.9917953,1556.92,1556.92,0.27646747,-1.0,56.85345806
1666983523.3197443,1556.92,1556.57,0.24854724,-1.35,55.3576385
1666983532.9960797,1556.92,1556.57,0.24854724,-1.35,55.3576385
1666983542.9892952,1556.92,1556.57,0.24854724,-1.35,55.3576385
1666983552.9734445,1556.69,1556.69,0.33096489,1.08,55.85523604
1666983562.9958827,1556.69,1556.69,0.33096489,1.08,55.85523604
1666983572.9283953,1556.69,1556.69,0.33096489,1.08,55.85523604
1666983582.9489324,1556.69,1556.83,0.34213298,1.22,56.35362325
1666983592.987924,1556.69,1556.83,0.34213298,1.22,56.35362325
1666983602.873374,1556.69,1556.83,0.34213298,1.22,56.35362325
1666983613.325942,1557.13,1557.13,0.44647409,1.68,57.3871777
1666983623.1550636,1557.13,1557.13,0.44647409,1.68,57.3871777
1666983632.955418,1557.13,1557.13,0.44647409,1.68,57.3871777
1666983643.055251,1557.13,1557.6,0.48396697,2.15,59.02024346
1666983652.9253592,1557.13,1557.6,0.48396697,2.15,59.02024346
1666983663.6503024,1557.13,1557.6,0.48396697,2.15,59.02024346
1666983673.6744244,1556.14,1556.14,0.36506108,1.1,52.94771759
1666983683.659511,1556.14,1556.14,0.36506108,1.1,52.94771759
1666983693.6865914,1556.14,1556.14,0.36506108,1.1,52.94771759
1666983703.7415872,1556.14,1555.73,0.33235453,0.69,51.17737428
1666983713.612492,1556.14,1555.73,0.33235453,0.69,51.17737428
1666983723.732278,1556.14,1555.73,0.33235453,0.69,51.17737428
1666983733.6663373,1556.47,1556.47,0.40563984,3.24,54.22228751
1666983743.625793,1556.47,1556.47,0.40563984,3.24,54.22228751
1666983753.676478,1556.47,1556.47,0.40563984,3.24,54.22228751
1666983763.604842,1556.47,1556.47,0.40563984,3.24,54.22228751
1666983773.7336602,1556.47,1557.52,0.48940053,4.29,58.11048524
1666983783.6368284,1556.47,1557.52,0.48940053,4.29,58.11048524
1666983793.747705,1559.0,1559.0,0.769216,6.59,62.59137338
1666983803.7187946,1559.0,1559.0,0.769216,6.59,62.59137338
1666983813.6627672,1559.0,1559.0,0.769216,6.59,62.59137338
1666983823.70702,1559.0,1557.23,0.62801942,4.82,55.02264959
1666983833.753613,1559.0,1557.23,0.62801942,4.82,55.02264959
1666983844.5232189,1559.0,1557.23,0.62801942,4.82,55.02264959
1666983854.7872908,1556.12,1556.12,0.48068043,4.13,51.13602026
1666983864.8735588,1556.12,1556.12,0.48068043,4.13,51.13602026
1666983874.479876,1556.12,1556.12,0.48068043,4.13,51.13602026
1666983884.5112226,1556.12,1553.9,0.30358642,1.91,44.38347362
1666983894.4961338,1556.12,1553.9,0.30358642,1.91,44.38347362
1666983904.579501,1556.12,1553.9,0.30358642,1.91,44.38347362
1666983914.5294733,1553.02,1553.02,-0.00846731,-1.4,42.17397196
1666983924.5559552,1553.02,1553.02,-0.00846731,-1.4,42.17397196
1666983934.5506806,1553.02,1553.02,-0.00846731,-1.4,42.17397196
1666983944.5545733,1553.02,1553.05,-0.00607415,-1.37,42.26998052
1666983954.5252554,1553.02,1553.05,-0.00607415,-1.37,42.26998052
1666983964.5675423,1553.02,1553.05,-0.00607415,-1.37,42.26998052
1666983974.565811,1551.47,1551.47,-0.41697875,-5.83,38.53638228
1666983984.5635629,1551.47,1551.47,-0.41697875,-5.83,38.53638228
1666983994.56422,1551.47,1551.47,-0.41697875,-5.83,38.53638228
1666984004.562109,1551.47,1550.67,-0.48079641,-6.63,36.7742422
1666984014.5587797,1551.47,1550.67,-0.48079641,-6.63,36.7742422
1666984025.5124755,1551.47,1550.67,-0.48079641,-6.63,36.7742422
1666984035.454192,1550.64,1550.64,-0.75398322,-6.28,36.72921339
1666984045.8114674,1550.64,1550.64,-0.75398322,-6.28,36.72921339
1666984055.6843348,1550.64,1550.64,-0.75398322,-6.28,36.72921339
1666984065.5625477,1550.64,1552.37,-0.61597752,-4.55,42.80256462
1666984075.4565625,1550.64,1552.37,-0.61597752,-4.55,42.80256462
1666984085.5329905,1550.64,1552.37,-0.61597752,-4.55,42.80256462
1666984095.5620615,1551.88,1551.88,-0.78163661,-4.8,41.20402753
1666984105.4971836,1551.88,1551.88,-0.78163661,-4.8,41.20402753
1666984115.5533311,1551.88,1551.88,-0.78163661,-4.8,41.20402753
1666984125.5842133,1551.88,1552.77,-0.71063946,-3.91,44.25162088
1666984135.5529864,1551.88,1552.77,-0.71063946,-3.91,44.25162088
1666984145.5099564,1551.88,1552.77,-0.71063946,-3.91,44.25162088
1666984155.568637,1553.42,1553.42,-0.65419596,-3.7,46.28504516
1666984165.5472538,1553.42,1553.42,-0.65419596,-3.7,46.28504516
1666984175.5542092,1553.42,1553.42,-0.65419596,-3.7,46.28504516
1666984185.5269096,1553.42,1553.6,-0.63983699,-3.52,46.86305624
1666984195.5681994,1553.42,1553.6,-0.63983699,-3.52,46.86305624
1666984206.435775,1553.42,1553.6,-0.63983699,-3.52,46.86305624
1666984216.4457898,1553.32,1553.32,-0.65666364,-2.82,46.00488974
1666984226.3868866,1553.32,1553.32,-0.65666364,-2.82,46.00488974
1666984237.398539,1553.32,1553.32,-0.65666364,-2.82,46.00488974
1666984247.8129632,1553.32,1552.86,-0.6933588,-3.28,44.67552972
1666984256.4559674,1553.32,1552.86,-0.6933588,-3.28,44.67552972
1666984266.4865935,1553.32,1552.86,-0.6933588,-3.28,44.67552972
1666984276.4118989,1553.49,1553.49,-0.62207299,-2.98,46.59046711
1666984286.4544218,1553.49,1553.49,-0.62207299,-2.98,46.59046711
1666984296.4319153,1553.49,1553.49,-0.62207299,-2.98,46.59046711
1666984306.5058608,1553.49,1553.63,-0.6109049,-2.84,47.10139192
1666984316.5006585,1553.49,1553.63,-0.6109049,-2.84,47.10139192
1666984326.375439,1553.49,1553.63,-0.6109049,-2.84,47.10139192
1666984336.488839,1554.31,1554.31,-0.48196558,-4.68,49.45015344
1666984346.9696856,1554.31,1554.31,-0.48196558,-4.68,49.45015344
1666984356.4498732,1554.31,1554.31,-0.48196558,-4.68,49.45015344
1666984366.432114,1554.31,1553.34,-0.5593445,-5.65,46.29257925
1666984376.502316,1554.31,1553.34,-0.5593445,-5.65,46.29257925
1666984387.1543646,1554.31,1553.34,-0.5593445,-5.65,46.29257925
1666984397.2706745,1554.2,1554.2,-0.43411769,-1.92,49.07461488
1666984407.1822803,1554.2,1554.2,-0.43411769,-1.92,49.07461488
1666984417.1917343,1554.2,1554.2,-0.43411769,-1.92,49.07461488
1666984427.268801,1554.2,1554.46,-0.41337695,-1.66,50.04914683
1666984437.2187788,1554.2,1554.46,-0.41337695,-1.66,50.04914683
1666984447.2498922,1554.2,1554.46,-0.41337695,-1.66,50.04914683
1666984457.2855754,1553.42,1553.42,-0.49444562,0.39,46.35595749
1666984467.4587543,1553.42,1553.42,-0.49444562,0.39,46.35595749
1666984477.267482,1553.42,1553.42,-0.49444562,0.39,46.35595749
1666984487.2492585,1553.42,1552.08,-0.60134021,-0.95,42.04839173
1666984497.3191855,1553.42,1552.08,-0.60134021,-0.95,42.04839173
1666984507.3567898,1553.42,1552.08,-0.60134021,-0.95,42.04839173
1666984517.2987182,1551.13,1551.13,-0.81104688,-0.35,39.44950851
1666984527.2749846,1551.13,1551.13,-0.81104688,-0.35,39.44950851
1666984537.307341,1551.13,1551.13,-0.81104688,-0.35,39.44950851
1666984547.3470786,1551.13,1551.69,-0.76637452,0.21,41.73558051
1666984557.3460011,1551.13,1551.69,-0.76637452,0.21,41.73558051
1666984568.508674,1551.13,1551.69,-0.76637452,0.21,41.73558051
1666984578.1164508,1550.69,1550.69,-0.96831336,0.06,38.26771328
1666984589.0291524,1550.69,1550.69,-0.96831336,0.06,38.26771328
1666984598.1510625,1550.69,1550.69,-0.96831336,0.06,38.26771328
1666984608.180862,1550.69,1549.62,-1.05366948,-1.01,35.48835996
1666984618.2074993,1550.69,1549.62,-1.05366948,-1.01,35.48835996
1666984628.2543075,1550.69,1549.62,-1.05366948,-1.01,35.48835996
1666984638.1750703,1550.48,1550.48,-1.08330426,-1.4,37.68841634
1666984648.7717166,1550.48,1550.48,-1.08330426,-1.4,37.68841634
1666984658.4635308,1550.48,1550.48,-1.08330426,-1.4,37.68841634
1666984668.134403,1550.48,1550.97,-1.04421594,-0.91,39.97183355
1666984678.2303152,1550.48,1550.97,-1.04421594,-0.91,39.97183355
1666984688.21673,1550.48,1550.97,-1.04421594,-0.91,39.97183355
1666984698.1487613,1551.93,1551.93,-0.9435669,-1.49,43.99584956
1666984708.2116551,1551.93,1551.93,-0.9435669,-1.49,43.99584956
1666984718.1772242,1551.93,1551.93,-0.9435669,-1.49,43.99584956
1666984728.1460214,1551.93,1552.08,-0.93160109,-1.34,44.62003574
1666984738.1793876,1551.93,1552.08,-0.93160109,-1.34,44.62003574
1666984748.8999133,1551.93,1552.08,-0.93160109,-1.34,44.62003574
1666984758.9524128,1551.67,1551.67,-0.94947078,-1.66,43.14024406
1666984768.860704,1551.67,1551.67,-0.94947078,-1.66,43.14024406
1666984779.270303,1551.67,1551.67,-0.94947078,-1.66,43.14024406
1666984788.877801,1551.67,1550.09,-1.07551067,-3.24,38.32707699
1666984798.8775008,1551.67,1550.09,-1.07551067,-3.24,38.32707699
1666984808.8664374,1551.67,1550.09,-1.07551067,-3.24,38.32707699
1666984818.879281,1550.2,1550.2,-1.13607004,-3.28,38.64663333
1666984828.878028,1550.2,1550.2,-1.13607004,-3.28,38.64663333
1666984838.9526608,1550.2,1550.2,-1.13607004,-3.28,38.64663333
1666984848.856262,1550.2,1551.39,-1.04114126,-2.09,43.7676291
1666984858.923765,1550.2,1551.39,-1.04114126,-2.09,43.7676291
1666984868.8648665,1550.2,1551.39,-1.04114126,-2.09,43.7676291
1666984878.8838687,1550.0,1550.0,-1.20447671,-4.31,38.04380981
1666984888.937881,1550.0,1550.0,-1.20447671,-4.31,38.04380981
1666984898.8449576,1550.0,1550.0,-1.20447671,-4.31,38.04380981
1666984908.9548995,1550.0,1551.22,-1.10715478,-3.09,43.62444551
1666984919.119287,1550.0,1551.22,-1.10715478,-3.09,43.62444551
1666984929.3399816,1550.0,1551.22,-1.10715478,-3.09,43.62444551
1666984939.3395004,1549.47,1549.47,-1.30739267,-4.72,36.47243582
1666984949.3824863,1549.47,1549.47,-1.30739267,-4.72,36.47243582
1666984959.4028847,1549.47,1549.47,-1.30739267,-4.72,36.47243582
1666984969.399866,1549.47,1548.85,-1.35685136,-5.34,34.66846039
1666984979.4082663,1549.47,1548.85,-1.35685136,-5.34,34.66846039
1666984989.4532447,1549.47,1548.85,-1.35685136,-5.34,34.66846039
1666984999.379977,1549.41,1549.41,-1.34848279,-4.01,36.28969359
1666985009.4291396,1549.41,1549.41,-1.34848279,-4.01,36.28969359
1666985019.427238,1549.41,1549.41,-1.34848279,-4.01,36.28969359
1666985029.3564515,1549.41,1549.3,-1.35725772,-4.12,35.93421906
1666985039.4710827,1549.41,1549.3,-1.35725772,-4.12,35.93421906
1666985049.435247,1549.41,1549.3,-1.35725772,-4.12,35.93421906
1666985059.3733118,1550.08,1550.08,-1.26684574,-1.05,39.91030873
1666985069.4046218,1550.08,1550.08,-1.26684574,-1.05,39.91030873
1666985079.3828764,1550.08,1550.08,-1.26684574,-1.05,39.91030873
1666985089.3927317,1550.08,1549.46,-1.31630443,-1.67,37.77118992
1666985099.4166183,1550.08,1549.46,-1.31630443,-1.67,37.77118992
1666985109.782928,1550.08,1549.46,-1.31630443,-1.67,37.77118992
1666985119.7752814,1550.27,1550.27,-1.20284798,-0.43,40.94882729
1666985129.787055,1550.27,1550.27,-1.20284798,-0.43,40.94882729
1666985139.8111386,1550.27,1550.27,-1.20284798,-0.43,40.94882729
1666985149.774119,1550.27,1551.26,-1.12387362,0.56,46.09206718
1666985159.8983188,1550.27,1551.26,-1.12387362,0.56,46.09206718
1666985169.7596235,1550.27,1551.26,-1.12387362,0.56,46.09206718
1666985179.8587606,1551.49,1551.49,-0.97842138,1.01,47.16627236
1666985189.7620254,1551.49,1551.49,-0.97842138,1.01,47.16627236
1666985199.7734098,1551.49,1551.49,-0.97842138,1.01,47.16627236
1666985210.0749054,1551.49,1552.02,-0.93614218,1.54,49.64702966
1666985219.7543547,1551.49,1552.02,-0.93614218,1.54,49.64702966
1666985229.8126686,1551.49,1552.02,-0.93614218,1.54,49.64702966
1666985239.7319744,1551.91,1551.91,-0.8095565,-0.01,49.15399338
1666985249.8197172,1551.91,1551.91,-0.8095565,-0.01,49.15399338
1666985259.8231618,1551.91,1551.91,-0.8095565,-0.01,49.15399338
1666985269.8207898,1551.91,1551.34,-0.85502659,-0.58,46.58406124
1666985279.7958033,1551.91,1551.34,-0.85502659,-0.58,46.58406124
1666985290.7011468,1552.2,1552.2,-0.65204301,0.52,50.53404418
1666985300.678238,1552.2,1552.2,-0.65204301,0.52,50.53404418
1666985310.7640915,1552.2,1552.2,-0.65204301,0.52,50.53404418
1666985320.6651957,1552.2,1551.97,-0.67039059,0.29,49.38751362
1666985330.7471404,1552.2,1551.97,-0.67039059,0.29,49.38751362
1666985340.740571,1552.2,1551.97,-0.67039059,0.29,49.38751362
1666985350.6989448,1552.19,1552.19,-0.54198369,2.0,50.48594972
1666985360.7422822,1552.19,1552.19,-0.54198369,2.0,50.48594972
1666985370.697428,1552.19,1552.19,-0.54198369,2.0,50.48594972
1666985381.096193,1552.19,1552.09,-0.5499609,1.9,49.94461781
1666985390.6839175,1552.19,1552.09,-0.5499609,1.9,49.94461781
1666985400.7625945,1552.19,1552.09,-0.5499609,1.9,49.94461781
1666985410.728128,1551.81,1551.81,-0.50204619,1.8,48.48612116
1666985420.806596,1551.81,1551.81,-0.50204619,1.8,48.48612116
1666985430.7827747,1551.81,1551.81,-0.50204619,1.8,48.48612116
1666985440.749781,1551.81,1551.81,-0.50204619,1.8,48.48612116
1666985450.746006,1551.81,1551.71,-0.51002339,1.7,47.94759082
1666985460.8196356,1551.81,1551.71,-0.51002339,1.7,47.94759082
1666985471.2825713,1551.22,1551.22,-0.52468885,1.75,45.47278908
1666985481.3652017,1551.22,1551.22,-0.52468885,1.75,45.47278908
1666985491.3163958,1551.22,1551.22,-0.52468885,1.75,45.47278908
1666985501.357994,1551.22,1551.22,-0.52468885,1.75,45.47278908
1666985511.2913694,1551.22,1550.75,-0.56218173,1.28,43.17106709
1666985521.3050504,1551.22,1550.75,-0.56218173,1.28,43.17106709
1666985531.32598,1552.89,1552.89,-0.26349942,3.48,54.15735916
1666985541.317347,1552.89,1552.89,-0.26349942,3.48,54.15735916
1666985551.3563864,1552.89,1552.89,-0.26349942,3.48,54.15735916
1666985561.7464168,1552.89,1552.27,-0.31295811,2.86,50.9151434
1666985571.4083543,1552.89,1552.27,-0.31295811,2.86,50.9151434
1666985581.3423896,1552.89,1552.27,-0.31295811,2.86,50.9151434
1666985591.410355,1552.33,1552.33,-0.24001403,2.25,51.21312963
1666985601.4075265,1552.33,1552.33,-0.24001403,2.25,51.21312963
1666985611.357169,1552.33,1552.33,-0.24001403,2.25,51.21312963
1666985621.4216428,1552.33,1552.28,-0.24400263,2.2,50.94920219
1666985631.3194168,1552.33,1552.28,-0.24400263,2.2,50.94920219
1666985641.4007075,1552.33,1552.28,-0.24400263,2.2,50.94920219
1666985652.3784778,1552.26,1552.26,-0.19253335,1.98,50.83932993
1666985662.1445725,1552.26,1552.26,-0.19253335,1.98,50.83932993
1666985672.0763743,1552.26,1552.26,-0.19253335,1.98,50.83932993
1666985682.110218,1552.26,1552.47,-0.17578122,2.19,51.97154115
1666985692.1994593,1552.26,1552.47,-0.17578122,2.19,51.97154115
1666985702.0438497,1552.26,1552.47,-0.17578122,2.19,51.97154115
1666985712.1013951,1551.71,1551.71,-0.22652278,0.21,47.88996093
1666985722.1267145,1551.71,1551.71,-0.22652278,0.21,47.88996093
1666985732.4295406,1551.71,1551.71,-0.22652278,0.21,47.88996093
1666985742.154954,1551.71,1551.25,-0.26321793,-0.25,45.51499888
1666985752.1822057,1551.71,1551.25,-0.26321793,-0.25,45.51499888
1666985762.2089517,1551.71,1551.25,-0.26321793,-0.25,45.51499888
1666985772.203931,1551.71,1551.25,-0.26321793,-0.25,45.51499888
1666985782.2221255,1550.91,1550.91,-0.33052738,-0.99,43.92276385
1666985792.064727,1550.91,1550.91,-0.33052738,-0.99,43.92276385
1666985802.8115144,1550.91,1551.3,-0.29941627,-0.6,46.26478781
1666985812.1593647,1550.91,1551.3,-0.29941627,-0.6,46.26478781
1666985822.065379,1550.91,1551.3,-0.29941627,-0.6,46.26478781
1666985833.0321834,1550.34,1550.34,-0.4375819,-1.87,41.27073979
1666985843.0315518,1550.34,1550.34,-0.4375819,-1.87,41.27073979
1666985853.00617,1550.34,1550.34,-0.4375819,-1.87,41.27073979
1666985863.0057223,1550.34,1550.6,-0.41684116,-1.61,42.93678248
1666985873.2688112,1550.34,1550.6,-0.41684116,-1.61,42.93678248
1666985883.048836,1550.34,1550.6,-0.41684116,-1.61,42.93678248
1666985893.0706463,1550.44,1550.44,-0.46794977,-1.74,41.91599363
1666985903.0734782,1550.44,1550.44,-0.46794977,-1.74,41.91599363
1666985913.0368445,1550.44,1550.44,-0.46794977,-1.74,41.91599363
1666985922.9787,1550.44,1550.9,-0.43125461,-1.28,44.97817009
1666985932.9942298,1550.44,1550.9,-0.43125461,-1.28,44.97817009
1666985943.0542464,1550.44,1550.9,-0.43125461,-1.28,44.97817009
1666985953.073813,1550.44,1550.9,-0.43125461,-1.28,44.97817009
1666985963.0655072,1551.65,1551.65,-0.32160175,-0.16,49.33739984
1666985973.0858846,1551.65,1551.65,-0.32160175,-0.16,49.33739984
1666985983.129729,1551.65,1550.8,-0.38940802,-1.01,44.98089039
1666985993.0920453,1551.65,1550.8,-0.38940802,-1.01,44.98089039
1666986003.4231038,1551.65,1550.8,-0.38940802,-1.01,44.98089039
1666986013.9082477,1551.65,1550.8,-0.38940802,-1.01,44.98089039
1666986023.9391878,1551.1,1551.1,-0.3560254,-0.12,46.42733316
1666986033.9449267,1551.1,1551.1,-0.3560254,-0.12,46.42733316
1666986043.987347,1551.1,1551.72,-0.30656671,0.5,50.00542286
1666986054.0194554,1551.1,1551.72,-0.30656671,0.5,50.00542286
1666986063.9473443,1551.1,1551.72,-0.30656671,0.5,50.00542286
1666986074.2343228,1552.19,1552.19,-0.1898625,-0.7,52.40563444
1666986083.9889884,1552.19,1552.19,-0.1898625,-0.7,52.40563444
1666986094.005387,1552.19,1552.19,-0.1898625,-0.7,52.40563444
1666986103.9870186,1552.19,1552.8,-0.14120153,-0.09,55.41432739
1666986114.327168,1552.19,1552.8,-0.14120153,-0.09,55.41432739
1666986123.9808066,1552.19,1552.8,-0.14120153,-0.09,55.41432739
1666986133.9001324,1553.08,1553.08,-0.00045103,0.76,56.66956082
1666986143.9254787,1553.08,1553.08,-0.00045103,0.76,56.66956082
1666986154.049393,1553.08,1553.08,-0.00045103,0.76,56.66956082
1666986163.9692063,1553.08,1554.0,0.07293928,1.68,60.59505535
1666986174.037854,1553.08,1554.0,0.07293928,1.68,60.59505535
1666986183.9937134,1553.08,1554.0,0.07293928,1.68,60.59505535
1666986194.7406845,1554.32,1554.32,0.26700244,2.05,61.80162136
1666986204.7741065,1554.32,1554.32,0.26700244,2.05,61.80162136
1666986215.09225,1554.32,1554.32,0.26700244,2.05,61.80162136
1666986224.71686,1554.32,1553.28,0.18403947,1.01,55.84332427
1666986234.754635,1554.32,1553.28,0.18403947,1.01,55.84332427
1666986244.716891,1554.32,1553.28,0.18403947,1.01,55.84332427
1666986254.7792523,1553.44,1553.44,0.27161372,1.72,56.67775937
1666986264.6610582,1553.44,1553.44,0.27161372,1.72,56.67775937
1666986274.7735028,1553.44,1553.44,0.27161372,1.72,56.67775937
1666986284.7764468,1553.44,1553.34,0.26363651,1.62,56.12047358
1666986294.6915753,1553.44,1553.34,0.26363651,1.62,56.12047358
1666986304.7293532,1553.44,1553.34,0.26363651,1.62,56.12047358
1666986314.7623806,1553.37,1553.37,0.31786041,2.47,56.29052413
1666986324.7538111,1553.37,1553.37,0.31786041,2.47,56.29052413
1666986335.1074092,1553.37,1553.37,0.31786041,2.47,56.29052413
1666986344.739138,1553.37,1553.51,0.3290285,2.61,56.94615607
1666986354.798314,1553.37,1553.51,0.3290285,2.61,56.94615607
1666986364.8807647,1553.37,1553.51,0.3290285,2.61,56.94615607
1666986375.533834,1554.23,1554.23,0.47580203,3.88,60.03260143
1666986385.6930983,1554.23,1554.23,0.47580203,3.88,60.03260143
1666986395.5578527,1554.23,1554.23,0.47580203,3.88,60.03260143
1666986405.5816803,1554.23,1554.37,0.48697012,4.02,60.62308099
1666986415.526842,1554.23,1554.37,0.48697012,4.02,60.62308099
1666986425.5267956,1554.23,1554.37,0.48697012,4.02,60.62308099
1666986435.5688105,1554.64,1554.64,0.59957318,4.21,61.68510884
1666986445.6440346,1554.64,1554.64,0.59957318,4.21,61.68510884
1666986455.6125653,1554.64,1554.64,0.59957318,4.21,61.68510884
1666986465.677616,1554.64,1554.28,0.57085523,3.85,59.33002216
1666986475.6248386,1554.64,1554.28,0.57085523,3.85,59.33002216
1666986485.626164,1554.64,1554.28,0.57085523,3.85,59.33002216
1666986495.6262577,1554.54,1554.54,0.64871019,2.9,60.99166543
1666986505.590729,1554.54,1554.54,0.64871019,2.9,60.99166543
1666986515.5775197,1554.54,1554.54,0.64871019,2.9,60.99166543
1666986525.5726907,1554.54,1553.28,0.54819737,1.64,53.15116241
1666986535.5928223,1554.54,1553.28,0.54819737,1.64,53.15116241
1666986545.547846,1554.54,1553.28,0.54819737,1.64,53.15116241
1666986556.295332,1553.93,1553.93,0.60045897,2.83,56.93786815
1666986566.3498578,1553.93,1553.93,0.60045897,2.83,56.93786815
1666986576.2997437,1553.93,1553.93,0.60045897,2.83,56.93786815
1666986586.3501723,1553.93,1554.64,0.65709714,3.54,60.26769907
1666986596.4192667,1553.93,1554.64,0.65709714,3.54,60.26769907
1666986606.3674643,1553.93,1554.64,0.65709714,3.54,60.26769907
1666986616.360052,1554.76,1554.76,0.71126802,2.56,60.78027021
1666986626.326658,1554.76,1554.76,0.71126802,2.56,60.78027021
1666986636.3562443,1554.76,1554.76,0.71126802,2.56,60.78027021
1666986646.389717,1554.76,1554.31,0.67537058,2.11,57.77050545
1666986656.3263383,1554.76,1554.31,0.67537058,2.11,57.77050545
1666986666.367897,1554.76,1554.31,0.67537058,2.11,57.77050545
1666986676.4280598,1554.85,1554.85,0.75144256,1.77,61.15376473
1666986686.3968768,1554.85,1554.85,0.75144256,1.77,61.15376473
1666986696.3869634,1554.85,1554.85,0.75144256,1.77,61.15376473
1666986706.4261582,1554.85,1554.76,0.74426307,1.68,60.48365642
1666986716.4699385,1554.85,1554.76,0.74426307,1.68,60.48365642
1666986726.4410107,1554.85,1554.76,0.74426307,1.68,60.48365642
1666986737.0242352,1556.25,1556.25,0.96601243,1.94,66.89992407
1666986747.3796177,1556.25,1556.25,0.96601243,1.94,66.89992407
1666986756.9680655,1556.25,1556.25,0.96601243,1.94,66.89992407
1666986766.9601393,1556.25,1556.6,0.99393266,2.29,68.16265976
1666986777.38891,1556.25,1556.6,0.99393266,2.29,68.16265976
1666986786.9440894,1556.25,1556.6,0.99393266,2.29,68.16265976
1666986796.9846015,1555.79,1555.79,0.970588,2.36,63.58538772
1666986806.9503777,1555.79,1555.79,0.970588,2.36,63.58538772
1666986816.985779,1555.79,1555.79,0.970588,2.36,63.58538772
1666986826.9982443,1555.79,1556.3,1.01127176,2.87,65.61919691
1666986836.9224758,1555.79,1556.3,1.01127176,2.87,65.61919691
1666986847.0013013,1555.79,1556.3,1.01127176,2.87,65.61919691
1666986856.9856615,1556.75,1556.75,1.12756977,3.38,67.23393165
1666986867.0087335,1556.75,1556.75,1.12756977,3.38,67.23393165
1666986877.0661087,1556.75,1556.75,1.12756977,3.38,67.23393165
1666986886.9436538,1556.75,1557.54,1.19058972,4.17,69.90609485
1666986897.0120542,1556.75,1557.54,1.19058972,4.17,69.90609485
1666986907.0252042,1556.75,1557.54,1.19058972,4.17,69.90609485
1666986917.492862,1555.3,1555.3,0.97273627,1.08,57.81193683
1666986927.502569,1555.3,1555.3,0.97273627,1.08,57.81193683
1666986937.563939,1555.3,1555.3,0.97273627,1.08,57.81193683
1666986947.6435285,1555.3,1555.87,1.01820636,1.65,60.17462169
1666986957.6309457,1555.3,1555.87,1.01820636,1.65,60.17462169
1666986967.5828278,1555.3,1555.87,1.01820636,1.65,60.17462169
1666986977.5769148,1555.48,1555.48,0.95702808,0.83,58.56567146
1666986987.5481622,1555.48,1555.48,0.95702808,0.83,58.56567146
1666986997.6180935,1555.48,1555.48,0.95702808,0.83,58.56567146
1666987007.5473638,1555.48,1555.48,0.95702808,0.83,58.56567146
1666987017.6228466,1555.48,1555.48,0.95702808,0.83,58.56567146
1666987027.6186428,1555.48,1555.48,0.95702808,0.83,58.56567146
1666987037.5602384,1554.82,1554.82,0.82864064,0.29,54.60855585
1666987047.6522863,1554.82,1554.82,0.82864064,0.29,54.60855585
1666987057.5797348,1554.82,1554.82,0.82864064,0.29,54.60855585
1666987067.546556,1554.82,1554.79,0.82624747,0.26,54.4285344
1666987077.5479238,1554.82,1554.79,0.82624747,0.26,54.4285344
1666987087.6090848,1554.82,1554.79,0.82624747,0.26,54.4285344
1666987098.346769,1554.77,1554.77,0.75279053,0.84,54.30917804
1666987108.3779292,1554.77,1554.77,0.75279053,0.84,54.30917804
1666987118.3753476,1554.77,1554.77,0.75279053,0.84,54.30917804
1666987128.3871386,1554.77,1556.15,0.862876,2.22,60.71125417
1666987138.4274254,1554.77,1556.15,0.862876,2.22,60.71125417
1666987148.3856757,1554.77,1556.15,0.862876,2.22,60.71125417
1666987158.3740776,1556.58,1556.58,0.94439198,1.82,62.32618498
1666987169.6891315,1556.58,1556.58,0.94439198,1.82,62.32618498
1666987179.7121527,1556.58,1556.58,0.94439198,1.82,62.32618498
1666987189.698784,1556.58,1556.81,0.96273956,2.05,63.23794376
1666987200.1274302,1556.58,1556.81,0.96273956,2.05,63.23794376
1666987209.7558217,1556.58,1556.81,0.96273956,2.05,63.23794376
1666987219.7564602,1557.37,1557.37,1.08105616,2.51,65.23267567
1666987229.721846,1557.37,1557.37,1.08105616,2.51,65.23267567
1666987239.7622206,1557.37,1557.37,1.08105616,2.51,65.23267567
1666987249.765633,1557.37,1558.38,1.16162596,3.52,68.54336813
1666987259.7956676,1557.37,1558.38,1.16162596,3.52,68.54336813
1666987269.7230816,1557.37,1558.38,1.16162596,3.52,68.54336813
1666987279.7159922,1558.21,1558.21,1.24580439,1.96,68.03097355
1666987289.7632935,1558.21,1558.21,1.24580439,1.96,68.03097355
1666987299.7604485,1558.21,1558.21,1.24580439,1.96,68.03097355
1666987309.879711,1558.21,1561.23,1.48671608,4.98,75.62643376
1666987319.7546792,1558.21,1561.23,1.48671608,4.98,75.62643376
1666987329.779601,1558.21,1561.23,1.48671608,4.98,75.62643376
1666987339.7975774,1562.07,1562.07,1.85322718,6.28,77.13859293
1666987349.7550485,1562.07,1562.07,1.85322718,6.28,77.13859293
1666987359.815986,1562.07,1562.07,1.85322718,6.28,77.13859293
1666987369.7997537,1562.07,1559.86,1.67693088,4.07,65.63627882
1666987379.7223206,1562.07,1559.86,1.67693088,4.07,65.63627882
1666987389.7674415,1562.07,1559.86,1.67693088,4.07,65.63627882
1666987400.049548,1559.99,1559.99,1.7739677,3.24,66.21548296
1666987409.7514532,1559.99,1559.99,1.7739677,3.24,66.21548296
1666987419.7793944,1559.99,1559.99,1.7739677,3.24,66.21548296
1666987430.061083,1559.99,1561.46,1.89123265,4.71,69.53722836
1666987440.0061264,1559.99,1561.46,1.89123265,4.71,69.53722836
1666987449.7820926,1559.99,1561.46,1.89123265,4.71,69.53722836
1666987459.878929,1561.82,1561.82,2.08033687,6.52,70.21919902
1666987469.8989294,1561.82,1561.82,2.08033687,6.52,70.21919902
1666987479.8444357,1561.82,1561.82,2.08033687,6.52,70.21919902
1666987489.872891,1561.82,1560.88,2.00535111,5.58,65.89582468
1666987499.9936285,1561.82,1560.88,2.00535111,5.58,65.89582468
1666987509.842589,1561.82,1560.88,2.00535111,5.58,65.89582468
1666987519.9072816,1562.14,1562.14,2.22628317,6.65,70.89988906
1666987529.8936083,1562.14,1562.14,2.22628317,6.65,70.89988906
1666987539.920775,1562.14,1562.14,2.22628317,6.65,70.89988906
1666987549.9352996,1562.14,1562.6,2.26297833,7.11,71.85309676
1666987559.935645,1562.14,1562.6,2.26297833,7.11,71.85309676
1666987569.8989985,1562.14,1562.6,2.26297833,7.11,71.85309676
1666987579.870077,1562.79,1562.79,2.3871527,7.97,72.23033357
1666987589.9688053,1562.79,1562.79,2.3871527,7.97,72.23033357
1666987599.9788208,1562.79,1562.79,2.3871527,7.97,72.23033357
1666987610.5676603,1562.79,1564.02,2.48527235,9.2,74.59457273
1666987619.9291668,1562.79,1564.02,2.48527235,9.2,74.59457273
1666987629.9151173,1562.79,1564.02,2.48527235,9.2,74.59457273
1666987641.069509,1564.01,1564.01,2.61844861,9.24,74.57697556
1666987651.0887115,1564.01,1564.01,2.61844861,9.24,74.57697556
1666987661.0401206,1564.01,1564.01,2.61844861,9.24,74.57697556
1666987671.5043087,1564.01,1563.76,2.59850559,8.99,73.21169626
1666987681.732617,1564.01,1563.76,2.59850559,8.99,73.21169626
1666987691.135403,1563.88,1563.88,2.67519699,7.29,73.86073648
1666987701.201895,1563.88,1563.88,2.67519699,7.29,73.86073648
1666987711.1605115,1563.88,1563.88,2.67519699,7.29,73.86073648
1666987721.174419,1563.88,1563.95,2.68078103,7.36,74.00550496
1666987731.1789048,1563.88,1563.95,2.68078103,7.36,74.00550496
1666987741.1695373,1563.88,1563.95,2.68078103,7.36,74.00550496
1666987751.184612,1563.88,1563.88,2.69729632,6.52,73.86073648
1666987761.128616,1563.88,1563.88,2.69729632,6.52,73.86073648
1666987771.1626456,1563.88,1563.88,2.69729632,6.52,73.86073648
1666987781.1174543,1563.88,1567.0,2.94618521,9.64,79.37440188
1666987791.1996226,1563.88,1567.0,2.94618521,9.64,79.37440188
1666987801.15085,1563.88,1567.0,2.94618521,9.64,79.37440188
1666987811.1137788,1563.88,1567.0,2.94618521,9.64,79.37440188
1666987821.7454703,1566.33,1566.33,3.03021029,8.12,78.39580139
1666987832.067382,1566.33,1566.33,3.03021029,8.12,78.39580139
1666987842.0039434,1566.33,1565.08,2.93049519,6.87,71.5729245
1666987851.7420156,1566.33,1565.08,2.93049519,6.87,71.5729245
1666987861.8046997,1566.33,1565.08,2.93049519,6.87,71.5729245
1666987871.761682,1565.06,1565.06,2.9238539,3.0,71.4733979
1666987882.2091649,1565.06,1565.06,2.9238539,3.0,71.4733979
1666987891.8315434,1565.06,1565.06,2.9238539,3.0,71.4733979
1666987901.7172115,1565.06,1564.42,2.87279977,2.36,68.20495452
1666987911.845252,1565.06,1564.42,2.87279977,2.36,68.20495452
1666987921.7707124,1565.06,1564.42,2.87279977,2.36,68.20495452
1666987931.784958,1563.98,1563.98,2.73390884,3.98,66.12601624
1666987941.864457,1563.98,1563.98,2.73390884,3.98,66.12601624
1666987951.7457244,1563.98,1563.98,2.73390884,3.98,66.12601624
1666987961.7773788,1563.98,1564.46,2.77219944,4.46,67.29709278
1666987971.794515,1563.98,1564.46,2.77219944,4.46,67.29709278
1666987981.7162352,1563.98,1564.46,2.77219944,4.46,67.29709278
1666987991.7856042,1562.4,1562.4,2.39808254,0.57,59.15341842
1666988002.528195,1562.4,1562.4,2.39808254,0.57,59.15341842
1666988012.4904397,1562.4,1562.4,2.39808254,0.57,59.15341842
1666988022.4915984,1562.4,1560.84,2.2736381,-0.99,53.18988692
1666988032.4612908,1562.4,1560.84,2.2736381,-0.99,53.18988692
1666988042.4829717,1562.4,1560.84,2.2736381,-0.99,53.18988692
1666988052.4781833,1562.4,1560.84,2.2736381,-0.99,53.18988692
1666988062.759632,1558.87,1558.87,1.70799771,-3.26,47.18090236
1666988072.5652878,1558.87,1558.87,1.70799771,-3.26,47.18090236
1666988082.5993454,1558.87,1561.02,1.87950769,-1.11,53.37364547
1666988092.562852,1558.87,1561.02,1.87950769,-1.11,53.37364547
1666988102.5865722,1558.87,1561.02,1.87950769,-1.11,53.37364547
1666988112.6259346,1560.21,1560.21,1.55790846,-2.57,51.21417506
1666988122.5590465,1560.21,1560.21,1.55790846,-2.57,51.21417506
1666988132.6533744,1560.21,1560.21,1.55790846,-2.57,51.21417506
1666988142.5498438,1560.21,1560.4,1.57306515,-2.38,51.77890795
1666988152.5459385,1560.21,1560.4,1.57306515,-2.38,51.77890795
1666988162.5777533,1560.21,1560.4,1.57306515,-2.38,51.77890795
1666988172.5436823,1561.41,1561.41,1.50782388,-2.6,54.5672737
1666988183.4120293,1561.41,1561.41,1.50782388,-2.6,54.5672737
1666988193.4443867,1561.41,1561.41,1.50782388,-2.6,54.5672737
1666988203.4304798,1561.41,1562.04,1.55808029,-1.97,56.26604649
1666988213.4721613,1561.41,1562.04,1.55808029,-1.97,56.26604649
1666988223.5329683,1561.41,1562.04,1.55808029,-1.97,56.26604649
1666988233.4634328,1562.22,1562.22,1.49090488,-1.66,56.72832337
1666988243.497673,1562.22,1562.22,1.49090488,-1.66,56.72832337
1666988253.4070785,1562.22,1562.22,1.49090488,-1.66,56.72832337
1666988263.439304,1562.22,1562.14,1.48452312,-1.74,56.44276566
1666988273.740792,1562.22,1562.14,1.48452312,-1.74,56.44276566
1666988283.4655566,1562.22,1562.14,1.48452312,-1.74,56.44276566
1666988293.9924784,1563.01,1563.01,1.52171066,-0.87,58.78731064
1666988303.4837914,1563.01,1563.01,1.52171066,-0.87,58.78731064
1666988313.455736,1563.01,1563.01,1.52171066,-0.87,58.78731064
1666988323.456619,1563.01,1563.71,1.57755112,-0.17,60.57730587
1666988333.4782546,1563.01,1563.71,1.57755112,-0.17,60.57730587
1666988343.5018225,1563.01,1563.71,1.57755112,-0.17,60.57730587
1666988353.4917915,1564.72,1564.72,1.72086007,-1.61,62.90214571
1666988364.139992,1564.72,1564.72,1.72086007,-1.61,62.90214571
1666988374.1109233,1564.72,1564.72,1.72086007,-1.61,62.90214571
1666988384.0410216,1564.72,1564.06,1.6682105,-2.27,60.39569057
1666988394.097264,1564.72,1564.06,1.6682105,-2.27,60.39569057
1666988404.0508018,1564.72,1564.06,1.6682105,-2.27,60.39569057
1666988414.233533,1562.73,1562.73,1.46909238,-2.33,55.90653402
1666988424.0623286,1562.73,1562.73,1.46909238,-2.33,55.90653402
1666988434.0562298,1562.73,1562.73,1.46909238,-2.33,55.90653402
1666988444.0997462,1562.73,1562.68,1.46510378,-2.38,55.73880065
1666988454.0379412,1562.73,1562.68,1.46510378,-2.38,55.73880065
1666988464.039775,1562.73,1562.68,1.46510378,-2.38,55.73880065
1666988474.0440836,1562.68,1562.68,1.37240257,-1.3,55.73880065
1666988484.0474038,1562.68,1562.68,1.37240257,-1.3,55.73880065
1666988494.0522294,1562.68,1562.68,1.37240257,-1.3,55.73880065
1666988504.0562017,1562.68,1562.68,1.37240257,-1.3,55.73880065
1666988514.1407523,1562.68,1562.68,1.37240257,-1.3,55.73880065
1666988524.1335342,1562.68,1562.68,1.37240257,-1.3,55.73880065
1666988534.0930932,1562.69,1562.69,1.28616303,0.29,55.75717842
1666988544.616026,1562.69,1562.69,1.28616303,0.29,55.75717842
1666988554.941291,1562.69,1562.69,1.28616303,0.29,55.75717842
1666988564.6865082,1562.69,1562.69,1.28616303,0.29,55.75717842
1666988574.6633306,1562.69,1563.26,1.33163311,0.86,57.4519412
1666988584.6093004,1562.69,1563.26,1.33163311,0.86,57.4519412
1666988594.6129942,1562.81,1562.81,1.21965282,3.93,56.13131483
1666988604.9799633,1562.81,1562.81,1.21965282,3.93,56.13131483
1666988614.667404,1562.81,1562.81,1.21965282,3.93,56.13131483
1666988624.656707,1562.81,1562.16,1.16780096,3.28,53.54600377
1666988634.6724732,1562.81,1562.16,1.16780096,3.28,53.54600377
1666988644.6183696,1562.81,1562.16,1.16780096,3.28,53.54600377
1666988654.6798334,1562.44,1562.44,1.09445634,2.22,54.62684937
1666988665.225593,1562.44,1562.44,1.09445634,2.22,54.62684937
1666988674.6616352,1562.44,1562.44,1.09445634,2.22,54.62684937
1666988685.01087,1562.44,1561.82,1.04499765,1.6,52.11158313
1666988694.6153796,1562.44,1561.82,1.04499765,1.6,52.11158313
1666988704.7225316,1562.44,1561.82,1.04499765,1.6,52.11158313
1666988714.7372105,1563.69,1563.69,1.18371433,2.28,58.64745149
1666988725.131195,1563.69,1563.69,1.18371433,2.28,58.64745149
1666988735.127445,1563.69,1563.69,1.18371433,2.28,58.64745149
1666988745.1398084,1563.69,1564.04,1.21163456,2.63,59.73890261
1666988755.0802112,1563.69,1564.04,1.21163456,2.63,59.73890261
1666988765.09794,1563.69,1564.04,1.21163456,2.63,59.73890261
1666988775.141414,1563.71,1563.71,1.16423408,1.49,58.72385067
1666988785.0811915,1563.71,1563.71,1.16423408,1.49,58.72385067
1666988795.1361184,1563.71,1563.71,1.16423408,1.49,58.72385067
1666988805.21131,1563.71,1563.31,1.13232524,1.09,56.85280126
1666988815.3237026,1563.71,1563.31,1.13232524,1.09,56.85280126
1666988825.1606965,1563.71,1563.31,1.13232524,1.09,56.85280126
1666988835.1195705,1563.73,1563.73,1.1372814,0.72,58.79165986
1666988845.1729512,1563.73,1563.73,1.1372814,0.72,58.79165986
1666988855.1916432,1563.73,1563.73,1.1372814,0.72,58.79165986
1666988865.147171,1563.73,1563.05,1.08303639,0.04,55.4558571
1666988875.1958115,1563.73,1563.05,1.08303639,0.04,55.4558571
1666988885.1646552,1563.73,1563.05,1.08303639,0.04,55.4558571
1666988895.0949564,1562.71,1562.71,0.95838033,-2.01,53.92262766
1666988905.775234,1562.71,1562.71,0.95838033,-2.01,53.92262766
1666988915.8028696,1562.71,1562.71,0.95838033,-2.01,53.92262766
1666988925.7208462,1562.71,1562.53,0.94402136,-2.19,53.08769697
1666988935.825804,1562.71,1562.53,0.94402136,-2.19,53.08769697
1666988945.8174973,1562.71,1562.53,0.94402136,-2.19,53.08769697
1666988955.851956,1562.22,1562.22,0.80115084,-0.51,51.70879625
1666988965.8586729,1562.22,1562.22,0.80115084,-0.51,51.70879625
1666988975.8426254,1562.22,1562.22,0.80115084,-0.51,51.70879625
1666988985.845129,1562.22,1562.62,0.83305967,-0.11,53.39104965
1666988995.8872256,1562.22,1562.62,0.83305967,-0.11,53.39104965
1666989005.8544912,1562.22,1562.62,0.83305967,-0.11,53.39104965
1666989015.8403978,1563.24,1563.24,0.843034,0.56,55.78159323
1666989025.8296251,1563.24,1563.24,0.843034,0.56,55.78159323
1666989035.8437357,1563.24,1563.24,0.843034,0.56,55.78159323
1666989046.2429392,1563.24,1563.31,0.84861804,0.63,56.05530054
1666989055.8492734,1563.24,1563.31,0.84861804,0.63,56.05530054
1666989065.6990314,1563.24,1563.31,0.84861804,0.63,56.05530054
1666989075.8074558,1562.87,1562.87,0.7508126,0.17,54.01060405
1666989086.482554,1562.87,1562.87,0.7508126,0.17,54.01060405
1666989096.4814544,1562.87,1562.87,0.7508126,0.17,54.01060405
1666989106.575112,1562.87,1564.12,0.8505277,1.42,58.79678452
1666989116.5120733,1562.87,1564.12,0.8505277,1.42,58.79678452
1666989126.5756533,1562.87,1564.12,0.8505277,1.42,58.79678452
1666989136.556223,1565.0,1565.0,0.99361412,2.19,61.6118027
1666989146.6131902,1565.0,1565.0,0.99361412,2.19,61.6118027
1666989156.6123438,1565.0,1565.0,0.99361412,2.19,61.6118027
1666989167.0641136,1565.0,1564.39,0.94495315,1.58,58.63821655
1666989176.6308992,1565.0,1564.39,0.94495315,1.58,58.63821655
1666989186.6209931,1565.0,1564.39,0.94495315,1.58,58.63821655
1666989196.6002734,1563.52,1563.52,0.83080457,1.07,54.83987165
1666989206.6267874,1563.52,1563.52,0.83080457,1.07,54.83987165
1666989216.6249156,1563.52,1563.52,0.83080457,1.07,54.83987165
1666989226.5261848,1563.52,1562.65,0.76140287,0.2,51.26377759
1666989236.6109138,1563.52,1562.65,0.76140287,0.2,51.26377759
1666989247.008532,1563.52,1562.65,0.76140287,0.2,51.26377759
1666989256.5159152,1561.91,1561.91,0.55806912,-1.79,48.57464945
1666989267.3722734,1561.91,1561.91,0.55806912,-1.79,48.57464945
1666989277.3322372,1561.91,1561.91,0.55806912,-1.79,48.57464945
1666989287.3657515,1561.91,1561.01,0.48627425,-2.69,45.44437275
1666989297.348657,1561.91,1561.01,0.48627425,-2.69,45.44437275
1666989307.4111724,1561.91,1561.01,0.48627425,-2.69,45.44437275
1666989317.388582,1561.33,1561.33,0.35728667,-2.38,46.50934337
1666989327.3128126,1561.33,1561.33,0.35728667,-2.38,46.50934337
1666989337.3885942,1561.33,1561.33,0.35728667,-2.38,46.50934337
1666989347.392568,1561.33,1561.2,0.3469163,-2.51,46.03733926
1666989357.3866808,1561.33,1561.2,0.3469163,-2.51,46.03733926
1666989367.4235132,1561.33,1561.2,0.3469163,-2.51,46.03733926
1666989377.4120443,1561.44,1561.44,0.24770642,-2.29,46.96940016
1666989387.396374,1561.44,1561.44,0.24770642,-2.29,46.96940016
1666989397.3545167,1561.44,1561.44,0.24770642,-2.29,46.96940016
1666989407.3827026,1561.44,1561.97,0.28998562,-1.76,49.23491296
1666989417.7243583,1561.44,1561.97,0.28998562,-1.76,49.23491296
1666989427.3686502,1561.44,1561.97,0.28998562,-1.76,49.23491296
1666989437.6715753,1561.34,1561.34,0.13740299,-1.38,46.58633951
1666989448.1902945,1561.34,1561.34,0.13740299,-1.38,46.58633951
1666989458.1774669,1561.34,1561.34,0.13740299,-1.38,46.58633951
1666989468.1557276,1561.34,1561.64,0.16133461,-1.08,47.98705152
1666989478.5523932,1561.34,1561.64,0.16133461,-1.08,47.98705152
1666989488.1893942,1561.34,1561.64,0.16133461,-1.08,47.98705152
1666989498.110887,1561.62,1561.62,0.09648941,-0.6,47.89641809
1666989508.7773206,1561.62,1561.62,0.09648941,-0.6,47.89641809
1666989518.6893976,1561.62,1561.62,0.09648941,-0.6,47.89641809
1666989528.106943,1561.62,1562.67,0.1802501,0.45,52.58741233
1666989548.2039936,1561.62,1562.67,0.1802501,0.45,52.58741233
1666989558.1462507,1564.0,1564.0,0.3816529,0.77,57.44423421
1666989568.150316,1564.0,1564.0,0.3816529,0.77,57.44423421
1666989578.206732,1564.0,1564.0,0.3816529,0.77,57.44423421
1666989588.172232,1564.0,1564.21,0.39840503,0.98,58.17280143
1666989598.19387,1564.0,1564.21,0.39840503,0.98,58.17280143
1666989608.3331952,1564.0,1564.21,0.39840503,0.98,58.17280143
1666989618.1618967,1564.49,1564.49,0.52062518,1.62,59.10879181
1666989628.5986557,1564.49,1564.49,0.52062518,1.62,59.10879181
1666989638.598508,1564.49,1564.49,0.52062518,1.62,59.10879181
1666989648.6014776,1564.49,1565.58,0.60757675,2.71,62.60713945
1666989658.6216235,1564.49,1565.58,0.60757675,2.71,62.60713945
1666989668.7204635,1564.49,1565.58,0.60757675,2.71,62.60713945
1666989678.5852227,1566.37,1566.37,0.85933528,1.38,64.79034858
1666989688.6527765,1566.37,1566.37,0.85933528,1.38,64.79034858
1666989699.0004582,1566.37,1566.37,0.85933528,1.38,64.79034858
1666989708.5866053,1566.37,1567.82,0.97500479,2.83,68.43336052
1666989718.609658,1566.37,1567.82,0.97500479,2.83,68.43336052
1666989728.5680578,1566.37,1567.82,0.97500479,2.83,68.43336052
1666989738.652665,1567.96,1567.96,1.22279665,4.44,68.71540796
1666989748.8419795,1567.96,1567.96,1.22279665,4.44,68.71540796
1666989758.5732462,1567.96,1567.96,1.22279665,4.44,68.71540796
1666989768.675013,1567.96,1569.04,1.3089505,5.52,71.11735396
1666989778.796631,1567.96,1569.04,1.3089505,5.52,71.11735396
1666989788.7111917,1567.96,1569.04,1.3089505,5.52,71.11735396
1666989798.6983051,1570.91,1570.91,1.81064499,9.01,74.47361069
1666989809.039507,1570.91,1570.91,1.81064499,9.01,74.47361069
1666989819.055506,1570.91,1570.91,1.81064499,9.01,74.47361069
1666989829.2711842,1570.91,1569.81,1.7228957,7.91,69.36728344
1666989839.0497642,1570.91,1569.81,1.7228957,7.91,69.36728344
1666989849.0310338,1570.91,1569.81,1.7228957,7.91,69.36728344
1666989859.146274,1569.73,1569.73,1.89939455,8.4,69.02309367
1666989869.057295,1569.73,1569.73,1.89939455,8.4,69.02309367
1666989879.0439148,1569.73,1569.73,1.89939455,8.4,69.02309367
1666989889.3064196,1569.73,1570.08,1.92731478,8.75,69.73072655
1666989899.0778043,1569.73,1570.08,1.92731478,8.75,69.73072655
1666989908.9624617,1569.73,1570.08,1.92731478,8.75,69.73072655
1666989919.0542045,1570.0,1570.0,2.05919944,8.56,69.57184719
1666989929.0031636,1570.0,1570.0,2.05919944,8.56,69.57184719
1666989939.205992,1570.0,1570.0,2.05919944,8.56,69.57184719
1666989949.121318,1570.0,1568.85,1.96746155,7.41,64.34351896
1666989959.0509746,1570.0,1568.85,1.96746155,7.41,64.34351896
1666989969.0844593,1570.0,1568.85,1.96746155,7.41,64.34351896
1666989979.0806344,1568.2,1568.2,1.88960869,6.87,61.72181578
1666989989.9126933,1568.2,1568.2,1.88960869,6.87,61.72181578
1666989999.9473014,1568.2,1568.2,1.88960869,6.87,61.72181578
1666990009.9755864,1568.2,1569.53,1.99570556,8.2,64.87545752
1666990020.046999,1568.2,1569.53,1.99570556,8.2,64.87545752
1666990030.032717,1568.2,1569.53,1.99570556,8.2,64.87545752
1666990040.0253415,1569.79,1569.79,2.07185399,8.16,65.43382113
1666990050.1311705,1569.79,1569.79,2.07185399,8.16,65.43382113
1666990059.9313314,1569.79,1569.79,2.07185399,8.16,65.43382113
1666990069.9831636,1569.79,1568.32,1.95458903,6.69,59.68646667
1666990080.109177,1569.79,1568.32,1.95458903,6.69,59.68646667
1666990090.0184846,1569.79,1568.32,1.95458903,6.69,59.68646667
1666990101.1778927,1566.99,1566.99,1.69707963,2.99,55.27694872
1666990109.9363985,1566.99,1566.99,1.69707963,2.99,55.27694872
1666990119.992676,1566.99,1566.99,1.69707963,2.99,55.27694872
1666990129.95753,1566.99,1565.69,1.59337593,1.69,51.29057426
1666990140.04502,1566.99,1565.69,1.59337593,1.69,51.29057426
1666990150.2274065,1566.99,1565.69,1.59337593,1.69,51.29057426
1666990160.33736,1563.95,1563.95,1.133056,-0.53,46.76282318
1666990170.5122752,1563.95,1563.95,1.133056,-0.53,46.76282318
1666990180.59977,1563.95,1562.88,1.04769988,-1.6,44.18755607
1666990190.524331,1563.95,1562.88,1.04769988,-1.6,44.18755607
1666990200.591443,1563.95,1562.88,1.04769988,-1.6,44.18755607
1666990210.6157885,1563.95,1562.88,1.04769988,-1.6,44.18755607
1666990220.5862093,1562.4,1562.4,0.64537237,-3.97,43.12056954
1666990230.593192,1562.4,1562.4,0.64537237,-3.97,43.12056954
1666990240.768377,1562.4,1563.89,0.76423277,-2.48,47.36008271
1666990250.6026013,1562.4,1563.89,0.76423277,-2.48,47.36008271
1666990260.5754087,1562.4,1563.89,0.76423277,-2.48,47.36008271
1666990270.5690243,1562.57,1562.57,0.37682613,-5.4,43.63701654
1666990280.6241095,1562.57,1562.57,0.37682613,-5.4,43.63701654
1666990290.586807,1562.57,1562.57,0.37682613,-5.4,43.63701654
1666990300.6405668,1562.57,1562.96,0.40793724,-5.01,44.87199353
1666990310.6179967,1562.57,1562.96,0.40793724,-5.01,44.87199353
1666990320.9215891,1562.57,1562.96,0.40793724,-5.01,44.87199353
1666990330.755731,1562.13,1562.13,0.08868294,-8.78,42.55629185
1666990340.608586,1562.13,1562.13,0.08868294,-8.78,42.55629185
1666990351.077834,1562.13,1562.13,0.08868294,-8.78,42.55629185
1666990361.0273118,1562.13,1562.2,0.09426698,-8.71,42.79900519
1666990371.008047,1562.13,1562.2,0.09426698,-8.71,42.79900519
1666990381.0461438,1562.13,1562.2,0.09426698,-8.71,42.79900519
1666990391.031254,1561.47,1561.47,-0.20388038,-8.26,40.91923604
1666990401.157195,1561.47,1561.47,-0.20388038,-8.26,40.91923604
1666990411.019307,1561.47,1561.47,-0.20388038,-8.26,40.91923604
1666990421.0228086,1561.47,1561.01,-0.24057553,-8.72,39.77091359
1666990431.2387178,1561.47,1561.01,-0.24057553,-8.72,39.77091359
1666990440.9922633,1561.47,1561.01,-0.24057553,-8.72,39.77091359
1666990451.063589,1560.48,1560.48,-0.52947242,-9.52,38.52525258
1666990460.9808578,1560.48,1560.48,-0.52947242,-9.52,38.52525258
1666990471.035294,1560.48,1560.48,-0.52947242,-9.52,38.52525258
1666990481.044571,1560.48,1560.69,-0.51272029,-9.31,39.33601452
1666990491.0440276,1560.48,1560.69,-0.51272029,-9.31,39.33601452
1666990501.0417764,1560.48,1560.69,-0.51272029,-9.31,39.33601452
1666990510.9832222,1561.91,1561.91,-0.51450918,-6.29,43.65325246
1666990521.044413,1561.91,1561.91,-0.51450918,-6.29,43.65325246
1666990531.7922463,1561.91,1561.91,-0.51450918,-6.29,43.65325246
1666990541.853406,1561.91,1562.94,-0.43234394,-5.26,47.07759126
1666990551.7692804,1561.91,1562.94,-0.43234394,-5.26,47.07759126
1666990561.8566136,1561.91,1562.94,-0.43234394,-5.26,47.07759126
1666990571.8423505,1562.33,1562.33,-0.52754042,-7.45,45.10430182
1666990581.856317,1562.33,1562.33,-0.52754042,-7.45,45.10430182
1666990592.2865236,1562.33,1562.33,-0.52754042,-7.45,45.10430182
1666990601.7976167,1562.33,1561.86,-0.56503329,-7.92,43.7410457
1666990611.8717914,1562.33,1561.86,-0.56503329,-7.92,43.7410457
1666990621.8268957,1562.33,1561.86,-0.56503329,-7.92,43.7410457
1666990631.9155717,1562.09,1562.09,-0.59129001,-4.91,44.39465597
1666990641.905471,1562.09,1562.09,-0.59129001,-4.91,44.39465597
1666990651.8311443,1562.09,1562.09,-0.59129001,-4.91,44.39465597
1666990662.080522,1562.09,1562.6,-0.55060625,-4.4,46.31044009
1666990671.7991302,1562.09,1562.6,-0.55060625,-4.4,46.31044009
1666990681.819823,1562.09,1562.6,-0.55060625,-4.4,46.31044009
1666990691.8543267,1562.05,1562.05,-0.62576845,-1.97,44.28172793
1666990701.910606,1562.05,1562.05,-0.62576845,-1.97,44.28172793
1666990712.4019532,1562.05,1562.05,-0.62576845,-1.97,44.28172793
1666990722.2267182,1562.05,1561.88,-0.6393297,-2.14,43.71471888
1666990732.334655,1562.05,1561.88,-0.6393297,-2.14,43.71471888
1666990742.2880688,1562.05,1561.88,-0.6393297,-2.14,43.71471888
1666990752.7052505,1561.8,1561.8,-0.67724995,-0.61,43.45431522
1666990762.3225915,1561.8,1561.8,-0.67724995,-0.61,43.45431522
1666990772.3501556,1561.8,1561.8,-0.67724995,-0.61,43.45431522
1666990782.2845514,1561.8,1560.67,-0.7673924,-1.74,39.87547397
1666990792.2775986,1561.8,1560.67,-0.7673924,-1.74,39.87547397
1666990802.3137202,1561.8,1560.67,-0.7673924,-1.74,39.87547397
1666990812.2822754,1559.73,1559.73,-0.98748699,-2.85,37.318738
1666990822.26112,1559.73,1559.73,-0.98748699,-2.85,37.318738
1666990832.3836317,1559.73,1559.73,-0.98748699,-2.85,37.318738
1666990842.2504556,1559.73,1559.62,-0.99626192,-2.96,37.01960705
1666990852.3493602,1559.73,1559.62,-0.99626192,-2.96,37.01960705
1666990862.2757986,1559.73,1559.62,-0.99626192,-2.96,37.01960705
1666990872.6003163,1559.73,1559.62,-0.99626192,-2.96,37.01960705
1666990882.5736177,1559.92,1559.92,-1.06306396,-2.21,38.18153509
1666990892.982164,1559.92,1559.92,-1.06306396,-2.21,38.18153509
1666990902.9495175,1559.92,1560.57,-1.01121211,-1.56,41.16519747
1666990912.880036,1559.92,1560.57,-1.01121211,-1.56,41.16519747
1666990922.966187,1559.92,1560.57,-1.01121211,-1.56,41.16519747
1666990932.917252,1561.0,1561.0,-0.96998131,-0.47,42.98877061
1666990943.4427855,1561.0,1561.0,-0.96998131,-0.47,42.98877061
1666990952.9402092,1561.0,1561.0,-0.96998131,-0.47,42.98877061
1666990962.887014,1561.0,1561.0,-0.96998131,-0.47,42.98877061
1666990972.9264054,1561.0,1562.46,-0.85351408,0.99,48.78300243
1666990982.9889848,1561.0,1562.46,-0.85351408,0.99,48.78300243
1666990992.994686,1560.46,1560.46,-1.0298255,-0.02,41.2655958
1666991002.9730017,1560.46,1560.46,-1.0298255,-0.02,41.2655958
1666991012.9723,1560.46,1560.46,-1.0298255,-0.02,41.2655958
1666991022.9198072,1560.46,1560.81,-1.00190527,0.33,42.86714553
1666991032.970679,1560.46,1560.81,-1.00190527,0.33,42.86714553
1666991042.9730818,1560.46,1560.81,-1.00190527,0.33,42.86714553
1666991052.9987142,1561.66,1561.66,-0.86096636,-0.25,46.41558373
1666991063.056672,1561.66,1561.66,-0.86096636,-0.25,46.41558373
1666991073.4464302,1561.66,1561.66,-0.86096636,-0.25,46.41558373
1666991083.556895,1561.66,1562.04,-0.83065297,0.13,47.97134612
1666991093.5043197,1561.66,1562.04,-0.83065297,0.13,47.97134612
1666991103.760656,1561.66,1562.04,-0.83065297,0.13,47.97134612
1666991113.6030836,1561.65,1561.65,-0.79465485,-0.67,46.37628327
1666991123.5805497,1561.65,1561.65,-0.79465485,-0.67,46.37628327
1666991133.8164434,1561.65,1561.65,-0.79465485,-0.67,46.37628327
1666991143.5310073,1561.65,1561.72,-0.7890708,-0.6,46.68665839
1666991153.5135777,1561.65,1561.72,-0.7890708,-0.6,46.68665839
1666991163.5519414,1561.65,1561.72,-0.7890708,-0.6,46.68665839
1666991173.615064,1562.1,1562.1,-0.67064827,0.01,48.3449977
1666991183.5625436,1562.1,1562.1,-0.67064827,0.01,48.3449977
1666991193.6096857,1562.1,1562.1,-0.67064827,0.01,48.3449977
1666991203.6065218,1562.1,1562.66,-0.62597591,0.57,50.77035145
1666991213.5304272,1562.1,1562.66,-0.62597591,0.57,50.77035145
1666991223.5200858,1562.1,1562.66,-0.62597591,0.57,50.77035145
1666991233.544064,1562.81,1562.81,-0.49298181,0.77,51.38180681
1666991243.5295904,1562.81,1562.81,-0.49298181,0.77,51.38180681
1666991254.3168988,1562.81,1562.81,-0.49298181,0.77,51.38180681
1666991264.3072882,1562.81,1562.21,-0.54084506,0.17,48.77231429
1666991274.4199984,1562.81,1562.21,-0.54084506,0.17,48.77231429
1666991284.386973,1562.81,1562.21,-0.54084506,0.17,48.77231429
1666991294.556181,1561.29,1561.29,-0.60741204,-0.52,45.24869243
1666991304.404475,1561.29,1561.29,-0.60741204,-0.52,45.24869243
1666991314.4115686,1561.29,1561.29,-0.60741204,-0.52,45.24869243
1666991324.3809285,1561.29,1560.85,-0.64251176,-0.96,43.62537073
1666991334.6287644,1561.29,1560.85,-0.64251176,-0.96,43.62537073
1666991344.3273234,1561.29,1560.85,-0.64251176,-0.96,43.62537073
1666991354.3320522,1560.9,1560.9,-0.65027543,1.17,43.80394923
1666991364.4260128,1560.9,1560.9,-0.65027543,1.17,43.80394923
1666991374.3626657,1560.9,1560.9,-0.65027543,1.17,43.80394923
1666991384.481168,1560.9,1560.89,-0.65107315,1.16,43.76536274
1666991394.385532,1560.9,1560.89,-0.65107315,1.16,43.76536274
1666991404.4404387,1560.9,1560.89,-0.65107315,1.16,43.76536274
1666991414.4099152,1561.19,1561.19,-0.61169328,1.27,45.20859113
1666991424.4157245,1561.19,1561.19,-0.61169328,1.27,45.20859113
1666991435.0512862,1561.19,1561.19,-0.61169328,1.27,45.20859113
1666991445.012234,1561.19,1561.0,-0.62684998,1.08,44.41698841
1666991455.6347764,1561.19,1561.0,-0.62684998,1.08,44.41698841
1666991465.0687122,1561.19,1561.0,-0.62684998,1.08,44.41698841
1666991475.0509531,1561.29,1561.29,-0.57785785,0.3,45.71117265
1666991484.970114,1561.29,1561.29,-0.57785785,0.3,45.71117265
1666991495.054947,1561.29,1561.29,-0.57785785,0.3,45.71117265
1666991505.0358877,1561.29,1561.29,-0.57785785,0.3,45.71117265
1666991515.0036094,1561.29,1561.29,-0.57785785,0.3,45.71117265
1666991525.0460048,1561.29,1561.29,-0.57785785,0.3,45.71117265
1666991535.0358455,1561.39,1561.39,-0.53687704,0.94,46.24220404
1666991545.3805337,1561.39,1561.39,-0.53687704,0.94,46.24220404
1666991555.1234698,1561.39,1561.39,-0.53687704,0.94,46.24220404
1666991565.0969603,1561.39,1561.39,-0.53687704,0.94,46.24220404
1666991575.1114025,1561.39,1561.39,-0.53687704,0.94,46.24220404
1666991585.0598166,1561.39,1561.39,-0.53687704,0.94,46.24220404
1666991595.124483,1561.4,1561.4,-0.50410353,-0.26,46.30311958
1666991605.043641,1561.4,1561.4,-0.50410353,-0.26,46.30311958
1666991616.1540008,1561.4,1561.4,-0.50410353,-0.26,46.30311958
1666991625.6193123,1561.4,1561.05,-0.53202376,-0.61,44.52484755
1666991635.8633027,1561.4,1561.05,-0.53202376,-0.61,44.52484755
1666991645.6396089,1561.4,1561.05,-0.53202376,-0.61,44.52484755
1666991659.0075183,1561.14,1561.14,-0.50943576,-0.52,44.9669048
1666991665.674747,1561.14,1561.14,-0.50943576,-0.52,44.9669048
1666991675.7622926,1561.14,1561.14,-0.50943576,-0.52,44.9669048
1666991685.6591363,1561.14,1561.13,-0.51023348,-0.53,44.91354729
1666991695.695484,1561.14,1561.13,-0.51023348,-0.53,44.91354729
1666991705.69524,1561.14,1561.13,-0.51023348,-0.53,44.91354729
1666991715.692571,1561.35,1561.35,-0.46187191,-0.74,46.30645689
1666991725.6938057,1561.35,1561.35,-0.46187191,-0.74,46.30645689
1666991735.7282093,1561.35,1561.35,-0.46187191,-0.74,46.30645689
1666991745.6842885,1561.35,1561.36,-0.46107419,-0.73,46.37339622
1666991755.6462295,1561.35,1561.36,-0.46107419,-0.73,46.37339622
1666991766.165225,1561.35,1561.36,-0.46107419,-0.73,46.37339622
1666991776.063357,1561.26,1561.26,-0.4451908,-1.55,45.79201852
1666991785.7560298,1561.26,1561.26,-0.4451908,-1.55,45.79201852
1666991796.276192,1561.26,1561.26,-0.4451908,-1.55,45.79201852
1666991806.2978792,1561.26,1560.52,-0.50422214,-2.29,41.69086008
1666991816.271028,1561.26,1560.52,-0.50422214,-2.29,41.69086008
1666991826.2288368,1561.26,1560.52,-0.50422214,-2.29,41.69086008
1666991836.2633414,1560.76,1560.76,-0.49272035,-0.53,42.96108464
1666991846.317922,1560.76,1560.76,-0.49272035,-0.53,42.96108464
1666991856.2846804,1560.76,1560.76,-0.49272035,-0.53,42.96108464
1666991866.3241763,1560.76,1560.45,-0.5174497,-0.84,41.22644856
1666991876.8645887,1560.76,1560.45,-0.5174497,-0.84,41.22644856
1666991886.3168194,1560.76,1560.45,-0.5174497,-0.84,41.22644856
1666991896.3422143,1560.93,1560.93,-0.4690531,0.03,44.23608806
1666991906.2914357,1560.93,1560.93,-0.4690531,0.03,44.23608806
1666991916.287926,1560.93,1560.93,-0.4690531,0.03,44.23608806
1666991926.3161964,1560.93,1560.76,-0.48261435,-0.14,43.18204025
1666991937.042324,1560.93,1560.76,-0.48261435,-0.14,43.18204025
1666991946.3227367,1560.93,1560.76,-0.48261435,-0.14,43.18204025
1666991956.3254693,1560.76,1560.76,-0.47981249,-0.42,43.20682671
1666991966.302856,1560.76,1560.76,-0.47981249,-0.42,43.20682671
1666991976.7415996,1560.76,1560.76,-0.47981249,-0.42,43.20682671
1666991986.6905026,1560.76,1561.04,-0.45747631,-0.14,45.47022401
1666991996.7344146,1560.76,1561.04,-0.45747631,-0.14,45.47022401
1666992006.690408,1560.76,1561.04,-0.45747631,-0.14,45.47022401
1666992016.7214048,1561.03,1561.03,-0.43335648,-0.26,45.39249933
1666992026.7076943,1561.03,1561.03,-0.43335648,-0.26,45.39249933
1666992036.7277384,1561.03,1561.03,-0.43335648,-0.26,45.39249933
1666992046.7019837,1561.03,1561.19,-0.42059295,-0.1,46.7015147
1666992056.7947383,1561.03,1561.19,-0.42059295,-0.1,46.7015147
1666992066.787504,1561.03,1561.19,-0.42059295,-0.1,46.7015147
1666992076.9539928,1560.75,1560.75,-0.44786125,-0.64,43.51699403
1666992086.7849832,1560.75,1560.75,-0.44786125,-0.64,43.51699403
1666992097.098613,1560.75,1560.75,-0.44786125,-0.64,43.51699403
1666992106.805823,1560.75,1560.75,-0.44786125,-0.64,43.51699403
1666992116.737398,1560.75,1560.75,-0.44786125,-0.64,43.51699403
1666992126.724099,1560.75,1560.75,-0.44786125,-0.64,43.51699403
1666992136.7274394,1560.75,1560.75,-0.43663078,-0.64,43.51168968
1666992146.7655828,1560.75,1560.75,-0.43663078,-0.64,43.51168968
1666992157.5309048,1560.75,1560.75,-0.43663078,-0.64,43.51168968
1666992167.5590107,1560.75,1560.75,-0.43663078,-0.64,43.51168968
1666992177.573593,1560.75,1560.75,-0.43663078,-0.64,43.51168968
1666992187.610453,1560.75,1560.75,-0.43663078,-0.64,43.51168968
1666992197.5578604,1558.76,1558.76,-0.70417657,-2.38,32.47817925
1666992207.618971,1558.76,1558.76,-0.70417657,-2.38,32.47817925
1666992217.5433514,1558.76,1558.76,-0.70417657,-2.38,32.47817925
1666992227.610573,1558.76,1559.21,-0.66827914,-1.93,36.36863535
1666992237.5530014,1558.76,1559.21,-0.66827914,-1.93,36.36863535
1666992247.6549094,1558.76,1559.21,-0.66827914,-1.93,36.36863535
1666992258.2415376,1559.38,1559.38,-0.69437368,-1.97,37.73965059
1666992267.5778673,1559.38,1559.38,-0.69437368,-1.97,37.73965059
1666992277.5988748,1559.38,1559.38,-0.69437368,-1.97,37.73965059
1666992287.6323223,1559.38,1559.49,-0.68559875,-1.86,38.66060677
1666992297.6202164,1559.38,1559.49,-0.68559875,-1.86,38.66060677
1666992307.611443,1559.38,1559.49,-0.68559875,-1.86,38.66060677
1666992317.7991376,1559.47,1559.47,-0.70480732,-1.79,38.49519219
1666992327.6110282,1559.47,1559.47,-0.70480732,-1.79,38.49519219
1666992338.4093256,1559.47,1559.47,-0.70480732,-1.79,38.49519219
1666992348.4735198,1559.47,1559.5,-0.70241416,-1.76,38.76195884
1666992358.4409292,1559.47,1559.5,-0.70241416,-1.76,38.76195884
1666992368.506276,1559.47,1559.5,-0.70241416,-1.76,38.76195884
1666992378.4398625,1559.59,1559.59,-0.6942272,-1.16,39.55518844
1666992388.4320807,1559.59,1559.59,-0.6942272,-1.16,39.55518844
1666992398.4851103,1559.59,1559.59,-0.6942272,-1.16,39.55518844
1666992408.4397564,1559.59,1559.63,-0.69103632,-1.12,39.92448996
1666992418.5826886,1559.59,1559.63,-0.69103632,-1.12,39.92448996
1666992428.484929,1559.59,1559.63,-0.69103632,-1.12,39.92448996
1666992438.484017,1560.12,1560.12,-0.61059523,-0.8,44.11381337
1666992448.8135917,1560.12,1560.12,-0.61059523,-0.8,44.11381337
1666992458.5941973,1560.12,1560.12,-0.61059523,-0.8,44.11381337
1666992468.5062582,1560.12,1560.93,-0.54597985,0.01,50.27688387
1666992478.502202,1560.12,1560.93,-0.54597985,0.01,50.27688387
1666992488.5335815,1560.12,1560.93,-0.54597985,0.01,50.27688387
1666992498.5032804,1560.87,1560.87,-0.46459113,0.12,49.86735976
1666992508.4368992,1560.87,1560.87,-0.46459113,0.12,49.86735976
1666992519.3440957,1560.87,1560.87,-0.46459113,0.12,49.86735976
1666992529.221993,1560.87,1561.25,-0.43427774,0.5,52.53374635
1666992539.16494,1560.87,1561.25,-0.43427774,0.5,52.53374635
1666992549.13496,1560.87,1561.25,-0.43427774,0.5,52.53374635
1666992559.1798403,1561.51,1561.51,-0.3013086,0.48,54.2004319
1666992569.2160554,1561.51,1561.51,-0.3013086,0.48,54.2004319
1666992579.1160295,1561.51,1561.51,-0.3013086,0.48,54.2004319
1666992589.1436825,1561.51,1561.62,-0.29253367,0.59,54.92160772
1666992599.1874664,1561.51,1561.62,-0.29253367,0.59,54.92160772
1666992609.381444,1561.51,1561.62,-0.29253367,0.59,54.92160772
1666992619.1819575,1561.62,1561.62,-0.19439677,0.86,54.92160772
1666992629.1650715,1561.62,1561.62,-0.19439677,0.86,54.92160772
1666992639.1200912,1561.62,1561.62,-0.19439677,0.86,54.92160772
1666992649.2320082,1561.62,1560.8,-0.25980988,0.04,48.7580439
1666992659.225819,1561.62,1560.8,-0.25980988,0.04,48.7580439
1666992669.4276009,1561.62,1560.8,-0.25980988,0.04,48.7580439
1666992679.1781158,1560.87,1560.87,-0.22131541,0.11,49.22967212
1666992689.11382,1560.87,1560.87,-0.22131541,0.11,49.22967212
1666992699.764734,1560.87,1560.87,-0.22131541,0.11,49.22967212
1666992709.7786157,1560.87,1560.69,-0.23567438,-0.07,47.94539265
1666992719.7783918,1560.87,1560.69,-0.23567438,-0.07,47.94539265
1666992729.7733526,1560.87,1560.69,-0.23567438,-0.07,47.94539265
1666992739.77956,1560.35,1560.35,-0.26651727,1.58,45.69376807
1666992749.8068883,1560.35,1560.35,-0.26651727,1.58,45.69376807
1666992759.7907434,1560.35,1560.35,-0.26651727,1.58,45.69376807
1666992769.7706394,1560.35,1559.72,-0.31677368,0.95,41.77860914
1666992779.768096,1560.35,1559.72,-0.31677368,0.95,41.77860914
1666992789.7335842,1560.35,1559.72,-0.31677368,0.95,41.77860914
1666992800.148684,1559.63,1559.63,-0.36817585,0.25,41.27340755
1666992809.739857,1559.63,1559.63,-0.36817585,0.25,41.27340755
1666992820.1001856,1559.63,1559.63,-0.36817585,0.25,41.27340755
1666992829.88443,1559.63,1559.49,-0.37934394,0.11,40.4539215
1666992839.8269274,1559.63,1559.49,-0.37934394,0.11,40.4539215
1666992849.8765757,1559.63,1559.49,-0.37934394,0.11,40.4539215
1666992859.8659172,1559.56,1559.56,-0.4085229,0.09,40.859556
1666992870.0611982,1559.56,1559.56,-0.4085229,0.09,40.859556
1666992880.350574,1559.56,1560.0,-0.37342318,0.53,44.61860084
1666992890.3743966,1559.56,1560.0,-0.37342318,0.53,44.61860084
1666992900.526876,1559.56,1560.0,-0.37342318,0.53,44.61860084
1666992910.4575684,1560.22,1560.22,-0.33780409,0.64,46.32444545
1666992920.4035883,1560.22,1560.22,-0.33780409,0.64,46.32444545
1666992930.588987,1560.22,1560.22,-0.33780409,0.64,46.32444545
1666992940.278772,1560.22,1560.67,-0.30190665,1.09,49.73493197
1666992950.3777993,1560.22,1560.67,-0.30190665,1.09,49.73493197
1666992960.459185,1560.22,1560.67,-0.30190665,1.09,49.73493197
1666992970.4858716,1561.53,1561.53,-0.13522871,1.42,55.18204126
1666992980.424269,1561.53,1561.53,-0.13522871,1.42,55.18204126
1666992990.7819684,1561.53,1561.53,-0.13522871,1.42,55.18204126
1666993000.4265542,1561.53,1561.53,-0.13522871,1.42,55.18204126
1666993010.39773,1561.53,1562.57,-0.05226574,2.46,60.72059086
1666993020.4821198,1561.53,1562.57,-0.05226574,2.46,60.72059086
1666993030.4429111,1562.75,1562.75,0.11623817,1.88,61.54313094
1666993040.3801243,1562.75,1562.75,0.11623817,1.88,61.54313094
1666993050.5367916,1562.75,1562.75,0.11623817,1.88,61.54313094
1666993061.132789,1562.75,1564.19,0.23110996,3.32,67.42082381
1666993071.232337,1562.75,1564.19,0.23110996,3.32,67.42082381
1666993081.1682894,1562.75,1564.19,0.23110996,3.32,67.42082381
1666993091.211584,1564.23,1564.23,0.44428292,2.72,67.56119173
1666993101.0861323,1564.23,1564.23,0.44428292,2.72,67.56119173
1666993111.2278142,1564.23,1564.23,0.44428292,2.72,67.56119173
1666993121.1692855,1564.23,1563.46,0.38285842,1.95,62.14301523
1666993131.2163382,1564.23,1563.46,0.38285842,1.95,62.14301523
1666993141.1578023,1564.23,1563.46,0.38285842,1.95,62.14301523
1666993151.5995045,1562.63,1562.63,0.37756484,1.01,57.15690929
1666993161.1963148,1562.63,1562.63,0.37756484,1.01,57.15690929
1666993171.1465995,1562.63,1562.63,0.37756484,1.01,57.15690929
1666993181.1812477,1562.63,1562.03,0.32970159,0.41,53.81708785
1666993191.224503,1562.63,1562.03,0.32970159,0.41,53.81708785
1666993201.2045395,1562.63,1562.03,0.32970159,0.41,53.81708785
1666993211.1941032,1562.5,1562.5,0.40262127,1.63,56.40022818
1666993221.1870213,1562.5,1562.5,0.40262127,1.63,56.40022818
1666993231.2682548,1562.5,1562.5,0.40262127,1.63,56.40022818
1666993241.726,1562.5,1562.5,0.40262127,1.63,56.40022818
1666993251.760256,1562.5,1562.12,0.37230788,1.25,54.14293064
1666993262.0760872,1562.5,1562.12,0.37230788,1.25,54.14293064
1666993271.8875215,1562.34,1562.34,0.40379602,1.99,55.43514282
1666993281.8168836,1562.34,1562.34,0.40379602,1.99,55.43514282
1666993291.8150876,1562.34,1562.34,0.40379602,1.99,55.43514282
1666993301.8445392,1562.34,1562.55,0.42054816,2.2,56.50232704
1666993311.913841,1562.34,1562.55,0.42054816,2.2,56.50232704
1666993322.2913702,1562.34,1562.55,0.42054816,2.2,56.50232704
1666993331.8446016,1562.56,1562.56,0.44059852,2.93,56.55567837
1666993341.925933,1562.56,1562.56,0.44059852,2.93,56.55567837
1666993351.8788517,1562.56,1562.56,0.44059852,2.93,56.55567837
1666993361.8168526,1562.56,1562.46,0.43262131,2.83,55.8846699
1666993371.9015918,1562.56,1562.46,0.43262131,2.83,55.8846699
1666993381.9317577,1562.56,1562.46,0.43262131,2.83,55.8846699
1666993391.8977363,1562.39,1562.39,0.42663889,2.83,55.4046403
1666993401.8622005,1562.39,1562.39,0.42663889,2.83,55.4046403
1666993411.9183834,1562.39,1562.39,0.42663889,2.83,55.4046403
1666993422.5716922,1562.39,1561.08,0.32213747,1.52,47.36940335
1666993432.8769195,1562.39,1561.08,0.32213747,1.52,47.36940335
1666993442.7166638,1562.39,1561.08,0.32213747,1.52,47.36940335
1666993452.6109402,1561.15,1561.15,0.2468003,0.93,47.73992045
1666993462.5798397,1561.15,1561.15,0.2468003,0.93,47.73992045
1666993472.5587752,1561.15,1561.15,0.2468003,0.93,47.73992045
1666993482.6104074,1561.15,1559.78,0.13751255,-0.44,40.98336739
1666993492.5364134,1561.15,1559.78,0.13751255,-0.44,40.98336739
1666993502.8003535,1561.15,1559.78,0.13751255,-0.44,40.98336739
1666993512.548217,1559.0,1559.0,-0.12272549,-2.52,37.92446847
1666993522.5547962,1559.0,1559.0,-0.12272549,-2.52,37.92446847
1666993532.6174476,1559.0,1559.0,-0.12272549,-2.52,37.92446847
1666993542.5778005,1559.0,1559.0,-0.12272549,-2.52,37.92446847
1666993552.5771298,1559.0,1559.4,-0.09081666,-2.12,40.36053543
1666993562.5939884,1559.0,1559.4,-0.09081666,-2.12,40.36053543
1666993572.591131,1559.58,1559.58,-0.19448636,-3.17,41.41905965
1666993582.6085107,1559.58,1559.58,-0.19448636,-3.17,41.41905965
1666993592.5714011,1559.58,1559.58,-0.19448636,-3.17,41.41905965
1666993603.5621822,1559.58,1559.58,-0.19448636,-3.17,41.41905965
1666993613.4590015,1559.58,1558.67,-0.26707895,-4.08,37.81880023
1666993623.4144468,1559.58,1558.67,-0.26707895,-4.08,37.81880023
1666993633.5113962,1557.45,1557.45,-0.58646969,-6.77,33.87161178
1666993643.4980652,1557.45,1557.45,-0.58646969,-6.77,33.87161178
1666993653.6722732,1557.45,1557.45,-0.58646969,-6.77,33.87161178
1666993663.3845606,1557.45,1557.21,-0.60561499,-7.01,33.13886514
1666993673.4831936,1557.45,1557.21,-0.60561499,-7.01,33.13886514
1666993683.4762373,1557.45,1557.21,-0.60561499,-7.01,33.13886514
1666993693.8361633,1557.03,1557.03,-0.81375996,-5.59,32.64516076
1666993703.484943,1557.03,1557.03,-0.81375996,-5.59,32.64516076
1666993713.5758228,1557.03,1557.03,-0.81375996,-5.59,32.64516076
1666993723.49347,1557.03,1557.52,-0.77467164,-5.1,35.65149227
1666993733.4402206,1557.03,1557.52,-0.77467164,-5.1,35.65149227
1666993743.4866686,1557.03,1557.52,-0.77467164,-5.1,35.65149227
1666993753.4213996,1556.87,1556.87,-0.97830598,-5.62,32.12104907
1666993763.401294,1556.87,1556.87,-0.97830598,-5.62,32.12104907
1666993773.4954634,1556.87,1556.87,-0.97830598,-5.62,32.12104907
1666993784.12659,1556.87,1554.4,-1.17534301,-8.09,25.69109631
1666993794.16753,1556.87,1554.4,-1.17534301,-8.09,25.69109631
1666993804.131282,1556.87,1554.4,-1.17534301,-8.09,25.69109631
1666993814.1437693,1554.87,1554.87,-1.36880007,-7.47,26.7084395
1666993824.1294842,1554.87,1554.87,-1.36880007,-7.47,26.7084395
1666993834.138113,1554.87,1554.87,-1.36880007,-7.47,26.7084395
1666993844.1648774,1554.87,1556.79,-1.21563768,-5.55,37.58223392
1666993854.5074985,1554.87,1556.79,-1.21563768,-5.55,37.58223392
1666993864.0767622,1554.87,1556.79,-1.21563768,-5.55,37.58223392
1666993874.2903042,1556.59,1556.59,-1.2903855,-5.96,36.62124423
1666993884.111786,1556.59,1556.59,-1.2903855,-5.96,36.62124423
1666993894.141398,1556.59,1556.59,-1.2903855,-5.96,36.62124423
1666993904.1168666,1556.59,1555.81,-1.35260772,-6.74,34.359669
1666993914.1673436,1556.59,1555.81,-1.35260772,-6.74,34.359669
1666993924.0975928,1556.59,1555.81,-1.35260772,-6.74,34.359669
1666993934.142488,1554.39,1554.39,-1.63336594,-7.99,30.88711483
1666993944.126124,1554.39,1554.39,-1.63336594,-7.99,30.88711483
1666993954.1427464,1554.39,1554.39,-1.63336594,-7.99,30.88711483
1666993964.9452622,1554.39,1554.42,-1.63097278,-7.96,31.04566955
1666993974.8417504,1554.39,1554.42,-1.63097278,-7.96,31.04566955
1666993984.8277197,1554.39,1554.42,-1.63097278,-7.96,31.04566955
1666993994.952932,1554.28,1554.28,-1.76151994,-6.87,30.62887682
1666994005.1164508,1554.28,1554.28,-1.76151994,-6.87,30.62887682
1666994015.319445,1554.28,1554.28,-1.76151994,-6.87,30.62887682
1666994025.1856382,1554.28,1553.28,-1.84129202,-7.87,28.31149492
1666994034.968239,1554.28,1553.28,-1.84129202,-7.87,28.31149492
1666994044.9182224,1554.28,1553.28,-1.84129202,-7.87,28.31149492
1666994054.912312,1553.17,1553.17,-1.99188861,-5.84,28.0778144
1666994064.9188793,1553.17,1553.17,-1.99188861,-5.84,28.0778144
1666994074.9687736,1553.17,1553.17,-1.99188861,-5.84,28.0778144
1666994084.9833248,1553.17,1552.72,-2.02778605,-6.29,27.09263465
1666994094.9841356,1553.17,1552.72,-2.02778605,-6.29,27.09263465
1666994104.9960644,1553.17,1552.72,-2.02778605,-6.29,27.09263465
1666994114.974371,1552.18,1552.18,-2.21963582,-7.41,25.99649368
1666994124.9589467,1552.18,1552.18,-2.21963582,-7.41,25.99649368
1666994134.9607344,1552.18,1552.18,-2.21963582,-7.41,25.99649368
1666994145.8149517,1552.18,1555.0,-1.99467856,-4.59,39.6844647
1666994155.5994642,1552.18,1555.0,-1.99467856,-4.59,39.6844647
1666994165.4276772,1552.18,1555.0,-1.99467856,-4.59,39.6844647
1666994175.7526438,1555.57,1555.57,-1.83230691,-1.88,41.8630036
1666994185.5641418,1555.57,1555.57,-1.83230691,-1.88,41.8630036
1666994195.589938,1555.57,1555.57,-1.83230691,-1.88,41.8630036
1666994205.935765,1555.57,1555.22,-1.86022714,-2.23,40.88645588
1666994215.7606688,1555.57,1555.22,-1.86022714,-2.23,40.88645588
1666994225.5710623,1555.57,1555.22,-1.86022714,-2.23,40.88645588
1666994235.595291,1554.81,1554.81,-1.82665597,-2.21,39.79691787
1666994245.5587423,1554.81,1554.81,-1.82665597,-2.21,39.79691787
1666994255.6065404,1554.81,1554.81,-1.82665597,-2.21,39.79691787
1666994265.516191,1554.81,1554.74,-1.83224002,-2.28,39.60324068
1666994275.578581,1554.81,1554.74,-1.83224002,-2.28,39.60324068
1666994285.5226324,1554.81,1554.74,-1.83224002,-2.28,39.60324068
1666994295.5492194,1554.82,1554.82,-1.75250785,-2.05,39.83680905
1666994305.5458536,1554.82,1554.82,-1.75250785,-2.05,39.83680905
1666994315.610274,1554.82,1554.82,-1.75250785,-2.05,39.83680905
1666994326.3082302,1554.82,1555.58,-1.69188107,-1.29,43.07874135
1666994336.4521449,1554.82,1555.58,-1.69188107,-1.29,43.07874135
1666994346.3009038,1554.82,1555.58,-1.69188107,-1.29,43.07874135
1666994356.2778962,1555.58,1555.58,-1.5688734,0.71,43.08185953
1666994366.3921854,1555.58,1555.58,-1.5688734,0.71,43.08185953
1666994376.52409,1555.58,1555.58,-1.5688734,0.71,43.08185953
1666994386.279211,1555.58,1555.58,-1.5688734,0.71,43.08185953
1666994396.42321,1555.58,1555.58,-1.5688734,0.71,43.08185953
1666994406.274331,1555.58,1555.58,-1.5688734,0.71,43.08185953
1666994416.2968392,1555.84,1555.84,-1.41662582,-0.76,44.20079228
1666994426.2921596,1555.84,1555.84,-1.41662582,-0.76,44.20079228
1666994436.277236,1555.84,1555.84,-1.41662582,-0.76,44.20079228
1666994446.228631,1555.84,1557.59,-1.27702469,0.99,51.11880064
1666994456.2562363,1555.84,1557.59,-1.27702469,0.99,51.11880064
1666994466.2745306,1555.84,1557.59,-1.27702469,0.99,51.11880064
1666994476.2456772,1557.25,1557.25,-1.0987534,2.86,49.91083706
1666994486.332443,1557.25,1557.25,-1.0987534,2.86,49.91083706
1666994496.4110148,1557.25,1557.25,-1.0987534,2.86,49.91083706
1666994506.6465847,1557.25,1557.29,-1.09556252,2.9,50.06717482
1666994516.6916451,1557.25,1557.29,-1.09556252,2.9,50.06717482
1666994526.7194057,1557.25,1557.29,-1.09556252,2.9,50.06717482
1666994536.689166,1554.43,1554.43,-1.32456906,0.15,40.90054819
1666994546.9279833,1554.43,1554.43,-1.32456906,0.15,40.90054819
1666994556.658219,1554.43,1554.43,-1.32456906,0.15,40.90054819
1666994566.7612903,1554.43,1554.2,-1.34291664,-0.08,40.24871254
1666994576.6973634,1554.43,1554.2,-1.34291664,-0.08,40.24871254
1666994586.8773909,1554.43,1554.2,-1.34291664,-0.08,40.24871254
1666994596.775138,1555.24,1555.24,-1.19501818,2.07,44.02710711
1666994606.7760043,1555.24,1555.24,-1.19501818,2.07,44.02710711
1666994616.69327,1555.24,1555.24,-1.19501818,2.07,44.02710711
1666994626.7317042,1555.24,1554.77,-1.23251106,1.6,42.61822063
1666994636.7767255,1555.24,1554.77,-1.23251106,1.6,42.61822063
1666994646.7725434,1555.24,1554.77,-1.23251106,1.6,42.61822063
1666994656.6786408,1554.58,1554.58,-1.22382359,2.39,42.07393765
1666994666.7202296,1554.58,1554.58,-1.22382359,2.39,42.07393765
1666994676.7099175,1554.58,1554.58,-1.22382359,2.39,42.07393765
1666994687.352487,1554.58,1555.68,-1.1360743,3.49,46.34616154
1666994697.3817945,1554.58,1555.68,-1.1360743,3.49,46.34616154
1666994707.4983048,1554.58,1555.68,-1.1360743,3.49,46.34616154
1666994717.41492,1555.09,1555.09,-1.11910069,-0.48,44.13627904
1666994727.3702652,1555.09,1555.09,-1.11910069,-0.48,44.13627904
1666994737.3420694,1555.09,1555.09,-1.11910069,-0.48,44.13627904
1666994747.6575055,1555.09,1555.94,-1.05129442,0.37,47.49170674
1666994757.8811796,1555.09,1555.94,-1.05129442,0.37,47.49170674
1666994767.3946562,1555.09,1555.94,-1.05129442,0.37,47.49170674
1666994777.3212636,1555.99,1555.99,-0.92894805,1.17,47.67657624
1666994787.3430145,1555.99,1555.99,-0.92894805,1.17,47.67657624
1666994797.3342206,1555.99,1555.99,-0.92894805,1.17,47.67657624
1666994807.3354194,1555.99,1557.68,-0.79413323,2.86,53.62039776
1666994817.4108474,1555.99,1557.68,-0.79413323,2.86,53.62039776
1666994827.3562803,1555.99,1557.68,-0.79413323,2.86,53.62039776
1666994837.363737,1557.78,1557.78,-0.57320835,2.95,53.93243477
1666994847.4232209,1557.78,1557.78,-0.57320835,2.95,53.93243477
1666994857.3859162,1557.78,1557.78,-0.57320835,2.95,53.93243477
1666994868.7231407,1557.78,1557.33,-0.60910578,2.5,52.24524169
1666994878.4660163,1557.78,1557.33,-0.60910578,2.5,52.24524169
1666994888.2503564,1557.78,1557.33,-0.60910578,2.5,52.24524169
1666994898.4828448,1557.37,1557.37,-0.45717034,1.8,52.39140283
1666994908.3353968,1557.37,1557.37,-0.45717034,1.8,52.39140283
1666994918.2326505,1557.37,1557.37,-0.45717034,1.8,52.39140283
1666994928.5862672,1557.37,1556.47,-0.52896521,0.9,49.06536327
1666994938.496681,1557.37,1556.47,-0.52896521,0.9,49.06536327
1666994948.2960794,1557.37,1556.47,-0.52896521,0.9,49.06536327
1666994958.2652936,1556.86,1556.86,-0.40690162,1.01,50.45051596
1666994968.2414105,1556.86,1556.86,-0.40690162,1.01,50.45051596
1666994978.3030343,1556.86,1556.86,-0.40690162,1.01,50.45051596
1666994988.2861574,1556.86,1556.42,-0.44200134,0.57,48.77424813
1666994998.3083265,1556.86,1556.42,-0.44200134,0.57,48.77424813
1666995008.3780546,1556.86,1556.42,-0.44200134,0.57,48.77424813
1666995018.3722882,1556.6,1556.6,-0.36838474,-0.65,49.44634492
1666995028.345812,1556.6,1556.6,-0.36838474,-0.65,49.44634492
1666995038.5493846,1556.6,1556.6,-0.36838474,-0.65,49.44634492
1666995048.9202003,1556.6,1556.6,-0.36838474,-0.65,49.44634492
1666995058.8092902,1556.6,1556.6,-0.36838474,-0.65,49.44634492
1666995068.8301427,1556.6,1556.6,-0.36838474,-0.65,49.44634492
1666995078.839172,1556.84,1556.84,-0.28321682,2.42,50.42338698
1666995088.77915,1556.84,1556.84,-0.28321682,2.42,50.42338698
1666995098.84331,1556.84,1556.84,-0.28321682,2.42,50.42338698
1666995108.9629622,1556.84,1558.06,-0.18589488,3.64,55.1845275
1666995118.8384645,1556.84,1558.06,-0.18589488,3.64,55.1845275
1666995129.2536917,1556.84,1558.06,-0.18589488,3.64,55.1845275
1666995139.250563,1557.18,1557.18,-0.1808239,1.94,51.84952003
1666995149.062852,1557.18,1557.18,-0.1808239,1.94,51.84952003
1666995158.9859958,1557.18,1557.18,-0.1808239,1.94,51.84952003
1666995168.8515642,1557.18,1557.49,-0.15609455,2.25,53.17155302
1666995178.9100163,1557.18,1557.49,-0.15609455,2.25,53.17155302
1666995188.77651,1557.18,1557.49,-0.15609455,2.25,53.17155302
1666995199.0074303,1557.39,1557.39,-0.08948865,2.81,52.74456292
1666995208.8429832,1557.39,1557.39,-0.08948865,2.81,52.74456292
1666995219.091205,1557.39,1557.39,-0.08948865,2.81,52.74456292
1666995229.7217183,1557.39,1557.75,-0.0607707,3.17,54.33208377
1666995239.6406205,1557.39,1557.75,-0.0607707,3.17,54.33208377
1666995249.6043296,1557.39,1557.75,-0.0607707,3.17,54.33208377
1666995259.5846765,1558.29,1558.29,0.09595057,3.2,56.51921792
1666995269.676391,1558.29,1558.29,0.09595057,3.2,56.51921792
1666995279.5734158,1558.29,1558.29,0.09595057,3.2,56.51921792
1666995290.083116,1558.29,1559.06,0.15737507,3.97,59.49394808
1666995299.660847,1558.29,1559.06,0.15737507,3.97,59.49394808
1666995309.6819277,1558.29,1559.06,0.15737507,3.97,59.49394808
1666995319.610528,1559.27,1559.27,0.32305494,3.28,60.23589026
1666995329.6822658,1559.27,1559.27,0.32305494,3.28,60.23589026
1666995339.569018,1559.27,1559.27,0.32305494,3.28,60.23589026
1666995349.550271,1559.27,1559.3,0.3254481,3.31,60.34762956
1666995359.9207582,1559.27,1559.3,0.3254481,3.31,60.34762956
1666995369.647821,1559.27,1559.3,0.3254481,3.31,60.34762956
1666995379.639113,1558.49,1558.49,0.32640783,0.72,56.12006974
1666995389.6168647,1558.49,1558.49,0.32640783,0.72,56.12006974
1666995399.6456294,1558.49,1558.49,0.32640783,0.72,56.12006974
1666995410.5364523,1558.49,1557.84,0.27455598,0.07,52.88060779
1666995420.5335393,1558.49,1557.84,0.27455598,0.07,52.88060779
1666995430.5095308,1557.16,1557.16,0.1854275,-0.21,49.86911454
1666995440.5910933,1557.16,1557.16,0.1854275,-0.21,49.86911454
1666995451.0534568,1557.16,1557.16,0.1854275,-0.21,49.86911454
1666995460.507617,1557.16,1557.41,0.20537052,0.04,50.97452369
1666995470.5401103,1557.16,1557.41,0.20537052,0.04,50.97452369
1666995480.5838048,1557.16,1557.41,0.20537052,0.04,50.97452369
1666995490.592264,1557.16,1557.41,0.20537052,0.04,50.97452369
1666995501.0830505,1557.02,1557.02,0.13619326,0.15,49.24728471
1666995511.0550213,1557.02,1557.02,0.13619326,0.15,49.24728471
1666995520.9710982,1557.02,1557.02,0.13619326,0.15,49.24728471
1666995531.0462973,1557.02,1557.21,0.15134996,0.34,50.1556614
1666995541.1896484,1557.02,1557.21,0.15134996,0.34,50.1556614
1666995551.283111,1557.01,1557.01,0.10340368,0.41,49.20009335
1666995561.1301954,1557.01,1557.01,0.10340368,0.41,49.20009335
1666995571.0095406,1557.01,1557.01,0.10340368,0.41,49.20009335
1666995581.082619,1557.01,1556.4,0.05474271,-0.2,46.28637311
1666995591.7333992,1557.01,1556.4,0.05474271,-0.2,46.28637311
1666995601.78395,1557.01,1556.4,0.05474271,-0.2,46.28637311
1666995612.0234792,1556.4,1556.4,-0.00907068,-0.45,46.28637311
1666995621.7846627,1556.4,1556.4,-0.00907068,-0.45,46.28637311
1666995632.077641,1556.4,1556.4,-0.00907068,-0.45,46.28637311
1666995641.844139,1556.4,1556.4,-0.00907068,-0.45,46.28637311
1666995651.793352,1556.4,1556.01,-0.04018179,-0.84,44.47295734
1666995661.6565127,1556.4,1556.01,-0.04018179,-0.84,44.47295734
1666995671.765173,1556.15,1556.15,-0.09430418,-1.03,45.10734531
1666995681.7901964,1556.15,1556.15,-0.09430418,-1.03,45.10734531
1666995691.765355,1556.15,1556.15,-0.09430418,-1.03,45.10734531
1666995701.7542892,1556.15,1557.07,-0.02091387,-0.11,50.14061621
1666995711.7349615,1556.15,1557.07,-0.02091387,-0.11,50.14061621
1666995721.759084,1556.15,1557.07,-0.02091387,-0.11,50.14061621
1666995731.7749877,1556.73,1556.73,-0.06300866,-0.67,48.39588797
1666995741.7858417,1556.73,1556.73,-0.06300866,-0.67,48.39588797
1666995751.793955,1556.73,1556.73,-0.06300866,-0.67,48.39588797
1666995761.7221367,1556.73,1556.85,-0.05343601,-0.55,49.07475497
1666995772.470245,1556.73,1556.85,-0.05343601,-0.55,49.07475497
1666995782.4308977,1556.73,1556.85,-0.05343601,-0.55,49.07475497
1666995792.3457272,1556.16,1556.16,-0.15335676,-2.12,45.50086081
1666995802.5591009,1556.16,1556.16,-0.15335676,-2.12,45.50086081
1666995812.3927383,1556.16,1556.16,-0.15335676,-2.12,45.50086081
1666995822.4010074,1556.16,1556.07,-0.16053624,-2.21,45.0438336
1666995832.718062,1556.16,1556.07,-0.16053624,-2.21,45.0438336
1666995842.418929,1556.16,1556.07,-0.16053624,-2.21,45.0438336
1666995852.3827786,1556.03,1556.03,-0.20577205,-3.24,44.84364432
1666995862.6849868,1556.03,1556.03,-0.20577205,-3.24,44.84364432
1666995872.4524438,1556.03,1556.03,-0.20577205,-3.24,44.84364432
1666995882.3532276,1556.03,1555.71,-0.23129912,-3.56,43.18992209
1666995892.3903506,1556.03,1555.71,-0.23129912,-3.56,43.18992209
1666995902.4325943,1556.03,1555.71,-0.23129912,-3.56,43.18992209
1666995912.4485102,1556.06,1556.06,-0.23212738,-2.44,45.04092785
1666995922.4974592,1556.06,1556.06,-0.23212738,-2.44,45.04092785
1666995932.5392876,1556.06,1556.06,-0.23212738,-2.44,45.04092785
1666995942.4245954,1556.06,1556.77,-0.1754892,-1.73,49.63255822
1666995953.3067436,1556.06,1556.77,-0.1754892,-1.73,49.63255822
1666995963.2436385,1556.06,1556.77,-0.1754892,-1.73,49.63255822
1666995973.3225803,1557.0,1557.0,-0.11912506,-0.16,50.95979763
1666995983.2727876,1557.0,1557.0,-0.11912506,-0.16,50.95979763
1666995993.5462766,1557.0,1557.0,-0.11912506,-0.16,50.95979763
1666996003.3163838,1557.0,1557.0,-0.11912506,-0.16,50.95979763
1666996013.347102,1557.0,1557.53,-0.07684586,0.37,53.96985281
1666996023.2932615,1557.0,1557.53,-0.07684586,0.37,53.96985281
1666996033.3739505,1557.49,1557.49,-0.01933073,0.47,53.75976873
1666996043.5169177,1557.49,1557.49,-0.01933073,0.47,53.75976873
1666996053.2844074,1557.49,1557.49,-0.01933073,0.47,53.75976873
1666996063.317778,1557.49,1557.49,-0.01933073,0.47,53.75976873
1666996073.294643,1557.49,1557.13,-0.04804868,0.11,51.44311542
1666996083.2877204,1557.49,1557.13,-0.04804868,0.11,51.44311542
1666996093.473526,1556.0,1556.0,-0.18093796,-1.01,45.28908848
1666996103.2689364,1556.0,1556.0,-0.18093796,-1.01,45.28908848
1666996113.3484209,1556.0,1556.0,-0.18093796,-1.01,45.28908848
1666996123.3629327,1556.0,1555.31,-0.2359807,-1.7,41.98828225
1666996134.200691,1556.0,1555.31,-0.2359807,-1.7,41.98828225
1666996144.2511723,1556.0,1555.31,-0.2359807,-1.7,41.98828225
1666996154.21165,1555.46,1555.46,-0.28932784,-0.94,42.66426069
1666996164.202284,1555.46,1555.46,-0.28932784,-0.94,42.66426069
1666996174.1848936,1555.46,1555.46,-0.28932784,-0.94,42.66426069
1666996184.5698147,1555.46,1554.95,-0.3300116,-1.45,40.28929157
1666996194.2502189,1555.46,1554.95,-0.3300116,-1.45,40.28929157
1666996204.215956,1555.46,1554.95,-0.3300116,-1.45,40.28929157
1666996214.3128853,1554.76,1554.76,-0.43615551,-1.39,39.4707282
1666996224.1442437,1554.76,1554.76,-0.43615551,-1.39,39.4707282
1666996234.1836894,1554.76,1554.76,-0.43615551,-1.39,39.4707282
1666996244.2552342,1554.76,1554.95,-0.42099882,-1.2,40.76675179
1666996254.15107,1554.76,1554.95,-0.42099882,-1.2,40.76675179
1666996264.2200058,1554.76,1554.95,-0.42099882,-1.2,40.76675179
1666996274.1855454,1553.97,1553.97,-0.61414773,-2.75,36.17932346
1666996284.279985,1553.97,1553.97,-0.61414773,-2.75,36.17932346
1666996294.251312,1553.97,1553.97,-0.61414773,-2.75,36.17932346
1666996304.228267,1553.97,1554.63,-0.56149816,-2.09,40.6333254
1666996314.8836422,1553.97,1554.63,-0.56149816,-2.09,40.6333254
1666996324.882782,1553.97,1554.63,-0.56149816,-2.09,40.6333254
1666996334.9088624,1555.0,1555.0,-0.55223943,-1.17,42.87302601
1666996344.9155512,1555.0,1555.0,-0.55223943,-1.17,42.87302601
1666996354.8885877,1555.0,1555.0,-0.55223943,-1.17,42.87302601
1666996364.873593,1555.0,1554.4,-0.60010268,-1.77,40.20798967
1666996375.5679288,1555.0,1554.4,-0.60010268,-1.77,40.20798967
1666996385.1104677,1555.0,1554.4,-0.60010268,-1.77,40.20798967
1666996394.968234,1553.97,1553.97,-0.70617939,-2.06,38.49929166
1666996404.9535742,1553.97,1553.97,-0.70617939,-2.06,38.49929166
1666996414.9765882,1553.97,1553.97,-0.70617939,-2.06,38.49929166
1666996424.9486296,1553.97,1554.04,-0.70059534,-1.99,38.92994067
1666996434.978247,1553.97,1554.04,-0.70059534,-1.99,38.92994067
1666996444.9529464,1553.97,1554.04,-0.70059534,-1.99,38.92994067
1666996454.923626,1553.34,1553.34,-0.84404888,-2.72,36.08411152
1666996464.9739518,1553.34,1553.34,-0.84404888,-2.72,36.08411152
1666996474.968464,1553.34,1553.34,-0.84404888,-2.72,36.08411152
1666996484.922689,1553.34,1553.4,-0.83926255,-2.66,36.49272777
1666996495.7402418,1553.34,1553.4,-0.83926255,-2.66,36.49272777
1666996505.7141497,1553.34,1553.4,-0.83926255,-2.66,36.49272777
1666996515.7429724,1553.44,1553.44,-0.88893656,-3.56,36.76224837
1666996525.7235098,1553.44,1553.44,-0.88893656,-3.56,36.76224837
1666996535.805725,1553.44,1553.44,-0.88893656,-3.56,36.76224837
1666996545.6638544,1553.44,1554.0,-0.8442642,-3.0,40.56521011
1666996555.94302,1553.44,1554.0,-0.8442642,-3.0,40.56521011
1666996565.8840857,1553.44,1554.0,-0.8442642,-3.0,40.56521011
1666996576.0167696,1554.23,1554.23,-0.80854823,-3.25,41.99782552
1666996585.7217765,1554.23,1554.23,-0.80854823,-3.25,41.99782552
1666996595.9691937,1554.23,1554.23,-0.80854823,-3.25,41.99782552
1666996605.7859218,1554.23,1554.02,-0.82530036,-3.46,41.02548419
1666996615.7337751,1554.23,1554.02,-0.82530036,-3.46,41.02548419
1666996625.7613275,1554.23,1554.02,-0.82530036,-3.46,41.02548419
1666996635.922812,1554.34,1554.34,-0.76956051,-1.67,42.72164271
1666996645.727311,1554.34,1554.34,-0.76956051,-1.67,42.72164271
1666996655.7597296,1554.34,1554.34,-0.76956051,-1.67,42.72164271
1666996665.73506,1554.34,1554.91,-0.72409042,-1.1,46.37410259
1666996676.7401469,1554.34,1554.91,-0.72409042,-1.1,46.37410259
1666996686.7995243,1554.34,1554.91,-0.72409042,-1.1,46.37410259
1666996696.7402546,1555.0,1555.0,-0.64444535,-0.46,46.91102015
1666996706.7647316,1555.0,1555.0,-0.64444535,-0.46,46.91102015
1666996716.9945543,1555.0,1555.0,-0.64444535,-0.46,46.91102015
1666996727.1894448,1555.0,1555.22,-0.6268955,-0.24,48.27435887
1666996736.7336252,1555.0,1555.22,-0.6268955,-0.24,48.27435887
1666996746.812385,1555.0,1555.22,-0.6268955,-0.24,48.27435887
1666996756.9053898,1555.22,1555.22,-0.54861057,0.46,48.27405363
1666996766.793381,1555.22,1555.22,-0.54861057,0.46,48.27405363
1666996776.794343,1555.22,1555.22,-0.54861057,0.46,48.27405363
1666996786.7645712,1555.22,1555.28,-0.54382424,0.52,48.65700091
1666996796.8050346,1555.22,1555.28,-0.54382424,0.52,48.65700091
1666996806.8339858,1555.22,1555.28,-0.54382424,0.52,48.65700091
1666996816.7980833,1555.6,1555.6,-0.42731559,1.63,50.62218823
1666996826.8847969,1555.6,1555.6,-0.42731559,1.63,50.62218823
1666996836.7897415,1555.6,1555.6,-0.42731559,1.63,50.62218823
1666996846.8332958,1555.6,1555.77,-0.41375434,1.8,51.68521532
1666996857.5563242,1555.6,1555.77,-0.41375434,1.8,51.68521532
1666996867.595749,1555.6,1555.77,-0.41375434,1.8,51.68521532
1666996877.7418149,1555.86,1555.86,-0.31565068,0.87,52.2334703
1666996888.0015967,1555.86,1555.86,-0.31565068,0.87,52.2334703
1666996897.595214,1555.86,1555.86,-0.31565068,0.87,52.2334703
1666996907.56043,1555.86,1557.36,-0.19599256,2.37,60.25907551
1666996917.6133523,1555.86,1557.36,-0.19599256,2.37,60.25907551
1666996927.593321,1555.86,1557.36,-0.19599256,2.37,60.25907551
1666996937.5867834,1558.83,1558.83,0.17288,4.85,65.90531791
1666996947.6128824,1558.83,1558.83,0.17288,4.85,65.90531791
1666996957.6323664,1558.83,1558.83,0.17288,4.85,65.90531791
1666996967.6137788,1558.83,1560.34,0.29333584,6.36,70.51319486
1666996977.608927,1558.83,1560.34,0.29333584,6.36,70.51319486
1666996987.656904,1558.83,1560.34,0.29333584,6.36,70.51319486
1666996997.624303,1560.91,1560.91,0.66956315,7.57,71.90247978
1666997007.588133,1560.91,1560.91,0.66956315,7.57,71.90247978
1666997017.6792674,1560.91,1560.91,0.66956315,7.57,71.90247978
1666997027.6242173,1560.91,1560.48,0.63526116,7.14,69.17922027
1666997038.3764508,1560.91,1560.48,0.63526116,7.14,69.17922027
1666997048.8326252,1560.91,1560.48,0.63526116,7.14,69.17922027
1666997058.3797565,1559.02,1559.02,0.65388888,5.58,61.29299529
1666997068.3771331,1559.02,1559.02,0.65388888,5.58,61.29299529
1666997078.436901,1559.02,1559.02,0.65388888,5.58,61.29299529
1666997088.3642578,1559.02,1558.95,0.64830484,5.51,60.934521
1666997098.41092,1559.02,1558.95,0.64830484,5.51,60.934521
1666997108.3907535,1559.02,1558.95,0.64830484,5.51,60.934521
1666997118.3394015,1558.72,1558.72,0.70863114,4.49,59.77215831
1666997128.421595,1558.72,1558.72,0.70863114,4.49,59.77215831
1666997138.460817,1558.72,1558.72,0.70863114,4.49,59.77215831
1666997148.4430168,1558.72,1558.81,0.71581063,4.58,60.08872603
1666997158.5419636,1558.72,1558.81,0.71581063,4.58,60.08872603
1666997168.4445646,1558.72,1558.81,0.71581063,4.58,60.08872603
1666997178.4327626,1558.52,1558.52,0.73454716,4.17,58.75201048
1666997188.4807992,1558.52,1558.52,0.73454716,4.17,58.75201048
1666997198.455254,1558.52,1558.52,0.73454716,4.17,58.75201048
1666997209.0260494,1558.52,1558.76,0.75369246,4.41,59.6566204
1666997219.508839,1558.52,1558.76,0.75369246,4.41,59.6566204
1666997229.2955215,1558.52,1558.76,0.75369246,4.41,59.6566204
1666997239.580529,1559.22,1559.22,0.85793446,4.22,61.28402431
1666997249.5319345,1559.22,1559.22,0.85793446,4.22,61.28402431
1666997259.3543985,1559.22,1559.22,0.85793446,4.22,61.28402431
1666997269.346907,1559.22,1558.87,0.83001423,3.87,59.32318312
1666997279.5091362,1559.22,1558.87,0.83001423,3.87,59.32318312
1666997289.321798,1559.22,1558.87,0.83001423,3.87,59.32318312
1666997299.4741418,1558.63,1558.63,0.81705897,3.4,58.03807712
1666997309.30159,1558.63,1558.63,0.81705897,3.4,58.03807712
1666997319.3460891,1558.63,1558.63,0.81705897,3.4,58.03807712
1666997329.310001,1558.63,1558.99,0.84577692,3.76,59.44205
1666997339.3978271,1558.63,1558.99,0.84577692,3.76,59.44205
1666997349.289297,1558.63,1558.99,0.84577692,3.76,59.44205
1666997359.6817148,1558.99,1558.99,0.86349709,3.38,59.44494936
1666997369.3550053,1558.99,1558.99,0.86349709,3.38,59.44494936
1666997379.540001,1558.99,1558.99,0.86349709,3.38,59.44494936
1666997389.3321545,1558.99,1560.38,0.97438028,4.77,64.39770867
1666997400.3412466,1558.99,1560.38,0.97438028,4.77,64.39770867
1666997410.1240542,1558.99,1560.38,0.97438028,4.77,64.39770867
1666997420.1229806,1560.55,1560.55,1.08807457,4.7,64.92397725
1666997430.478306,1560.55,1560.55,1.08807457,4.7,64.92397725
1666997440.1060276,1560.55,1560.55,1.08807457,4.7,64.92397725
1666997450.0924842,1560.55,1561.07,1.12955605,5.22,66.54564028
1666997460.083552,1560.55,1561.07,1.12955605,5.22,66.54564028
1666997470.1728368,1560.55,1561.07,1.12955605,5.22,66.54564028
1666997480.0673544,1559.57,1559.57,1.01621642,0.85,59.50558754
1666997490.1818275,1559.57,1559.57,1.01621642,0.85,59.50558754
1666997500.16455,1559.57,1559.57,1.01621642,0.85,59.50558754
1666997510.145797,1559.57,1558.8,0.95479192,0.08,55.56333102
1666997520.098732,1559.57,1558.8,0.95479192,0.08,55.56333102
1666997530.1941576,1559.57,1558.8,0.95479192,0.08,55.56333102
1666997540.1832373,1558.26,1558.26,0.82440113,-2.66,53.09640957
1666997550.2126691,1558.26,1558.26,0.82440113,-2.66,53.09640957
1666997560.2297146,1558.26,1558.26,0.82440113,-2.66,53.09640957
1666997570.2719908,1558.26,1558.27,0.82519885,-2.65,53.13790303
1666997580.544597,1558.26,1558.27,0.82519885,-2.65,53.13790303
1666997590.7249632,1558.52,1558.52,0.78335219,-0.51,54.15189611
1666997600.5148468,1558.52,1558.52,0.78335219,-0.51,54.15189611
1666997610.522903,1558.52,1558.52,0.78335219,-0.51,54.15189611
1666997620.6385658,1558.52,1558.52,0.78335219,-0.51,54.15189611
1666997630.4914732,1558.52,1558.61,0.79053168,-0.42,54.53330764
1666997640.5801764,1558.52,1558.61,0.79053168,-0.42,54.53330764
1666997650.5063016,1558.69,1558.69,0.75004601,-0.02,54.86705175
1666997660.5798695,1558.69,1558.69,0.75004601,-0.02,54.86705175
1666997670.6310155,1558.69,1558.69,0.75004601,-0.02,54.86705175
1666997680.5440164,1558.69,1558.64,0.7460574,-0.07,54.59730504
1666997690.576753,1558.69,1558.64,0.7460574,-0.07,54.59730504
1666997700.5259297,1558.69,1558.64,0.7460574,-0.07,54.59730504
1666997710.542172,1558.69,1558.64,0.7460574,-0.07,54.59730504
1666997720.6241214,1558.35,1558.35,0.65733163,-0.17,53.07972486
1666997730.6335435,1558.35,1558.35,0.65733163,-0.17,53.07972486
1666997740.567442,1558.35,1558.42,0.66291568,-0.1,53.42242529
1666997750.5940938,1558.35,1558.42,0.66291568,-0.1,53.42242529
1666997761.120082,1558.35,1558.42,0.66291568,-0.1,53.42242529
1666997771.19218,1558.12,1558.12,0.56531266,-1.1,51.85197521
1666997781.4955208,1558.12,1558.12,0.56531266,-1.1,51.85197521
1666997791.2357168,1558.12,1558.12,0.56531266,-1.1,51.85197521
1666997801.1489916,1558.12,1556.8,0.46001352,-2.42,45.3664294
1666997811.2238576,1558.12,1556.8,0.46001352,-2.42,45.3664294
1666997821.2204351,1558.12,1556.8,0.46001352,-2.42,45.3664294
1666997831.1749003,1557.42,1557.42,0.40158096,-1.2,48.20562791
1666997841.18884,1557.42,1557.42,0.40158096,-1.2,48.20562791
1666997851.213467,1557.42,1557.42,0.40158096,-1.2,48.20562791
1666997861.440173,1557.42,1557.0,0.36807668,-1.62,46.10235028
1666997871.1669235,1557.42,1557.0,0.36807668,-1.62,46.10235028
1666997881.3089457,1557.42,1557.0,0.36807668,-1.62,46.10235028
1666997891.1678617,1557.06,1557.06,0.26282476,-1.92,46.38727272
1666997901.189991,1557.06,1557.06,0.26282476,-1.92,46.38727272
1666997911.305642,1557.06,1557.06,0.26282476,-1.92,46.38727272
1666997921.1800494,1557.06,1556.55,0.222141,-2.43,43.87302175
1666997931.2399282,1557.06,1556.55,0.222141,-2.43,43.87302175
1666997941.581144,1557.06,1556.55,0.222141,-2.43,43.87302175
1666997951.5558536,1556.88,1556.88,0.14693115,-3.66,45.48220777
1666997961.718246,1556.88,1556.88,0.14693115,-3.66,45.48220777
1666997972.2566636,1556.88,1556.88,0.14693115,-3.66,45.48220777
1666997981.5768142,1556.88,1557.51,0.19718756,-3.03,49.26477738
1666997991.654287,1556.88,1557.51,0.19718756,-3.03,49.26477738
1666998001.6922286,1556.88,1557.51,0.19718756,-3.03,49.26477738
1666998011.6304898,1558.62,1558.62,0.31230252,-0.95,54.7913132
1666998021.6576583,1558.62,1558.62,0.31230252,-0.95,54.7913132
1666998031.679279,1558.62,1558.62,0.31230252,-0.95,54.7913132
1666998041.9237852,1558.62,1558.77,0.32426833,-0.8,55.49679797
1666998051.664126,1558.62,1558.77,0.32426833,-0.8,55.49679797
1666998061.6086297,1558.62,1558.77,0.32426833,-0.8,55.49679797
1666998071.621665,1558.27,1558.27,0.27946609,0.01,52.8348449
1666998081.6356106,1558.27,1558.27,0.27946609,0.01,52.8348449
1666998091.6225758,1558.27,1558.27,0.27946609,0.01,52.8348449
1666998101.8376422,1558.27,1558.26,0.27866837,0.0,52.78313252
1666998111.696138,1558.27,1558.26,0.27866837,0.0,52.78313252
1666998122.3124695,1558.27,1558.26,0.27866837,0.0,52.78313252
1666998132.5574226,1557.46,1557.46,0.15793504,-1.06,48.53366249
1666998142.4318116,1557.46,1557.46,0.15793504,-1.06,48.53366249
1666998152.241686,1557.46,1557.46,0.15793504,-1.06,48.53366249
1666998162.3101146,1557.46,1557.46,0.15793504,-1.06,48.53366249
1666998172.2018833,1557.46,1557.05,0.12522849,-1.47,46.46241921
1666998182.2423327,1557.46,1557.05,0.12522849,-1.47,46.46241921
1666998192.2588744,1556.92,1556.92,0.03583242,-1.77,45.84300519
1666998202.2603023,1556.92,1556.92,0.03583242,-1.77,45.84300519
1666998212.2437267,1556.92,1556.92,0.03583242,-1.77,45.84300519
1666998222.260081,1556.92,1557.38,0.07252757,-1.31,48.4612615
1666998232.3781557,1556.92,1557.38,0.07252757,-1.31,48.4612615
1666998242.3036697,1556.92,1557.38,0.07252757,-1.31,48.4612615
1666998252.222973,1556.96,1556.96,-0.02083615,-1.4,46.08119369
1666998262.4984128,1556.96,1556.96,-0.02083615,-1.4,46.08119369
1666998272.247065,1556.96,1556.96,-0.02083615,-1.4,46.08119369
1666998282.356479,1556.96,1556.95,-0.02163387,-1.41,46.02669317
1666998292.375847,1556.96,1556.95,-0.02163387,-1.41,46.02669317
1666998302.717612,1556.96,1556.95,-0.02163387,-1.41,46.02669317
1666998312.7356684,1556.98,1556.98,-0.06466989,-1.14,46.20858328
1666998323.2716074,1556.98,1556.98,-0.06466989,-1.14,46.20858328
1666998332.816894,1556.98,1556.98,-0.06466989,-1.14,46.20858328
1666998342.8205442,1556.98,1556.79,-0.07982658,-1.33,45.1180173
1666998352.7823167,1556.98,1556.79,-0.07982658,-1.33,45.1180173
1666998362.8148546,1556.98,1556.79,-0.07982658,-1.33,45.1180173
1666998372.8360517,1556.92,1556.92,-0.10862322,-0.49,45.87421612
1666998382.8260458,1556.92,1556.92,-0.10862322,-0.49,45.87421612
1666998392.7660449,1556.92,1556.92,-0.10862322,-0.49,45.87421612
1666998402.889932,1556.92,1555.22,-0.24423575,-2.19,37.25171127
1666998412.8199356,1556.92,1555.22,-0.24423575,-2.19,37.25171127
1666998422.7654974,1556.92,1555.22,-0.24423575,-2.19,37.25171127
1666998432.872823,1554.44,1554.44,-0.48864163,-2.63,34.33404541
1666998442.8305366,1554.44,1554.44,-0.48864163,-2.63,34.33404541
1666998452.8844895,1554.44,1554.44,-0.48864163,-2.63,34.33404541
1666998462.84783,1554.44,1553.85,-0.53570716,-3.22,32.2179474
1666998473.0113022,1554.44,1553.85,-0.53570716,-3.22,32.2179474
1666998484.112016,1554.44,1553.85,-0.53570716,-3.22,32.2179474
1666998493.813913,1553.8,1553.8,-0.71504064,-3.07,32.05055756
1666998503.7357807,1553.8,1553.8,-0.71504064,-3.07,32.05055756
1666998513.7099917,1553.8,1553.8,-0.71504064,-3.07,32.05055756
1666998523.8188004,1553.8,1553.79,-0.71583836,-3.08,32.01527399
1666998533.720994,1553.8,1553.79,-0.71583836,-3.08,32.01527399
1666998543.7660756,1553.8,1553.79,-0.71583836,-3.08,32.01527399
1666998553.7752771,1554.09,1554.09,-0.80390037,-4.53,34.12107974
1666998563.6610994,1554.09,1554.09,-0.80390037,-4.53,34.12107974
1666998573.7284746,1554.09,1554.09,-0.80390037,-4.53,34.12107974
1666998583.7254684,1554.09,1555.6,-0.68344453,-3.02,43.88686219
1666998593.785087,1554.09,1555.6,-0.68344453,-3.02,43.88686219
1666998603.9413538,1554.09,1555.6,-0.68344453,-3.02,43.88686219
1666998613.76259,1555.27,1555.27,-0.71567567,-2.99,42.00813088
1666998623.8144827,1555.27,1555.27,-0.71567567,-2.99,42.00813088
1666998633.8033695,1555.27,1555.27,-0.71567567,-2.99,42.00813088
1666998644.5722752,1555.27,1555.12,-0.72764148,-3.14,41.33074621
1666998653.7820108,1555.27,1555.12,-0.72764148,-3.14,41.33074621
1666998664.4413135,1555.27,1555.12,-0.72764148,-3.14,41.33074621
1666998674.3761704,1555.11,1555.11,-0.73476531,-2.34,41.28636314
1666998684.3014936,1555.11,1555.11,-0.73476531,-2.34,41.28636314
1666998694.3342566,1555.11,1555.11,-0.73476531,-2.34,41.28636314
1666998704.3746574,1555.11,1555.2,-0.72758582,-2.25,41.89116551
1666998714.5480263,1555.11,1555.2,-0.72758582,-2.25,41.89116551
1666998724.3487797,1555.11,1555.2,-0.72758582,-2.25,41.89116551
1666998734.302718,1554.83,1554.83,-0.77092976,-2.09,39.99141142
1666998744.3384457,1554.83,1554.83,-0.77092976,-2.09,39.99141142
1666998754.3636909,1554.83,1554.83,-0.77092976,-2.09,39.99141142
1666998764.312668,1554.83,1554.76,-0.77651381,-2.16,39.65653359
1666998774.5202796,1554.83,1554.76,-0.77651381,-2.16,39.65653359
1666998784.3486347,1554.83,1554.76,-0.77651381,-2.16,39.65653359
1666998794.3445628,1554.76,1554.76,-0.78348963,-2.2,39.68675798
1666998804.9304738,1554.76,1554.76,-0.78348963,-2.2,39.68675798
1666998814.3657093,1554.76,1554.76,-0.78348963,-2.2,39.68675798
1666998824.3673174,1554.76,1554.61,-0.79545545,-2.35,38.90824995
1666998834.389103,1554.76,1554.61,-0.79545545,-2.35,38.90824995
1666998845.1330953,1554.76,1554.61,-0.79545545,-2.35,38.90824995
1666998855.178077,1554.6,1554.6,-0.80201937,-2.38,38.85913357
1666998865.1687522,1554.6,1554.6,-0.80201937,-2.38,38.85913357
1666998875.2439058,1554.6,1554.6,-0.80201937,-2.38,38.85913357
1666998885.657012,1554.6,1554.76,-0.78925584,-2.22,40.16072786
1666998895.2093394,1554.6,1554.76,-0.78925584,-2.22,40.16072786
1666998905.2710488,1554.6,1554.76,-0.78925584,-2.22,40.16072786
1666998915.2388432,1554.77,1554.77,-0.7733656,-2.14,40.2402399
1666998925.277329,1554.77,1554.77,-0.7733656,-2.14,40.2402399
1666998935.278356,1554.77,1554.77,-0.7733656,-2.14,40.2402399
1666998945.2502196,1554.77,1555.12,-0.74544538,-1.79,43.09049756
1666998955.2431087,1554.77,1555.12,-0.74544538,-1.79,43.09049756
1666998965.7641208,1554.77,1555.12,-0.74544538,-1.79,43.09049756
1666998975.2891867,1555.22,1555.22,-0.68911458,0.79,43.85558973
1666998985.192999,1555.22,1555.22,-0.68911458,0.79,43.85558973
1666998995.2340386,1555.22,1555.22,-0.68911458,0.79,43.85558973
1666999005.355977,1555.22,1554.75,-0.72660746,0.32,41.06146403
1666999015.248827,1555.22,1554.75,-0.72660746,0.32,41.06146403
1666999025.8445363,1555.22,1554.75,-0.72660746,0.32,41.06146403
1666999035.8921628,1555.11,1555.11,-0.65892744,1.3,43.16809524
1666999045.9036057,1555.11,1555.11,-0.65892744,1.3,43.16809524
1666999055.852976,1555.11,1555.11,-0.65892744,1.3,43.16809524
1666999066.0274336,1555.11,1555.21,-0.65095023,1.4,44.02713604
1666999075.810443,1555.11,1555.21,-0.65095023,1.4,44.02713604
1666999086.0566075,1555.11,1555.21,-0.65095023,1.4,44.02713604
1666999096.0938015,1556.24,1556.24,-0.46115284,2.15,51.56755085
1666999105.9853787,1556.24,1556.24,-0.46115284,2.15,51.56755085
1666999115.8276544,1556.24,1556.24,-0.46115284,2.15,51.56755085
1666999126.3236468,1556.24,1556.65,-0.42844629,2.56,54.21180128
1666999135.9032156,1556.24,1556.65,-0.42844629,2.56,54.21180128
1666999145.9125612,1556.24,1556.65,-0.42844629,2.56,54.21180128
1666999155.9437776,1556.85,1556.85,-0.28533924,1.58,55.39962182
1666999165.8806863,1556.85,1556.85,-0.28533924,1.58,55.39962182
1666999175.8552628,1556.85,1556.85,-0.28533924,1.58,55.39962182
1666999185.8873844,1556.85,1557.12,-0.26380077,1.85,57.02059606
1666999195.900637,1556.85,1557.12,-0.26380077,1.85,57.02059606
1666999206.6757736,1556.85,1557.12,-0.26380077,1.85,57.02059606
1666999216.7282488,1557.02,1557.02,-0.15843487,1.91,56.43416105
1666999226.7666614,1557.02,1557.02,-0.15843487,1.91,56.43416105
1666999236.7732725,1557.02,1557.02,-0.15843487,1.91,56.43416105
1666999246.7827766,1557.02,1557.16,-0.14726678,2.05,57.31232326
1666999256.7407598,1557.02,1557.16,-0.14726678,2.05,57.31232326
1666999266.785437,1557.02,1557.16,-0.14726678,2.05,57.31232326
1666999276.6739562,1557.38,1557.38,-0.01755317,2.55,58.62740259
1666999286.8316777,1557.38,1557.38,-0.01755317,2.55,58.62740259
1666999296.7298667,1557.38,1557.38,-0.01755317,2.55,58.62740259
1666999306.685481,1557.38,1557.54,-0.00478964,2.71,59.59882813
1666999317.0547037,1557.38,1557.54,-0.00478964,2.71,59.59882813
1666999326.89486,1557.38,1557.54,-0.00478964,2.71,59.59882813
1666999336.7544594,1557.17,1557.17,0.04146332,2.42,56.85378794
1666999346.820488,1557.17,1557.17,0.04146332,2.42,56.85378794
1666999356.8740797,1557.17,1557.17,0.04146332,2.42,56.85378794
1666999366.766551,1557.17,1557.38,0.05821545,2.63,58.23384623
1666999376.8014083,1557.17,1557.38,0.05821545,2.63,58.23384623
1666999387.38202,1557.17,1557.38,0.05821545,2.63,58.23384623
1666999397.2056012,1557.37,1557.37,0.12862618,2.77,58.17013413
1666999407.3795075,1557.37,1557.37,0.12862618,2.77,58.17013413
1666999417.4158242,1557.37,1557.37,0.12862618,2.77,58.17013413
1666999427.2011752,1557.37,1557.34,0.12623302,2.74,57.88485608
1666999437.218743,1557.37,1557.34,0.12623302,2.74,57.88485608
1666999447.2326696,1557.37,1557.34,0.12623302,2.74,57.88485608
1666999457.197897,1557.18,1557.18,0.15670748,2.41,56.40251405
1666999467.193016,1557.18,1557.18,0.15670748,2.41,56.40251405
1666999477.542642,1557.18,1557.18,0.15670748,2.41,56.40251405
1666999487.2088728,1557.18,1557.39,0.17345962,2.62,57.94474353
1666999497.260404,1557.18,1557.39,0.17345962,2.62,57.94474353
1666999507.2131703,1557.18,1557.39,0.17345962,2.62,57.94474353
1666999517.2234068,1557.59,1557.59,0.24613119,2.37,59.29710114
1666999527.3859873,1557.59,1557.59,0.24613119,2.37,59.29710114
1666999537.2135882,1557.59,1557.59,0.24613119,2.37,59.29710114
1666999547.263589,1557.59,1557.32,0.22459273,2.1,56.6487239
1666999557.2478385,1557.59,1557.32,0.22459273,2.1,56.6487239
1666999568.0404418,1557.59,1557.32,0.22459273,2.1,56.6487239
1666999578.0173817,1556.76,1556.76,0.17104784,1.65,51.83998027
1666999588.0650702,1556.76,1556.76,0.17104784,1.65,51.83998027
1666999597.9603229,1556.76,1556.76,0.17104784,1.65,51.83998027
1666999608.049467,1556.76,1557.33,0.21651792,2.22,55.95236573
1666999617.9925768,1556.76,1557.33,0.21651792,2.22,55.95236573
1666999628.0264544,1556.76,1557.33,0.21651792,2.22,55.95236573
1666999638.1900935,1557.51,1557.51,0.26754403,1.27,57.10742722
1666999648.0746918,1557.51,1557.51,0.26754403,1.27,57.10742722
1666999658.0213342,1557.51,1557.51,0.26754403,1.27,57.10742722
1666999668.4344249,1557.51,1557.73,0.28509389,1.49,58.53850211
1666999678.045099,1557.51,1557.73,0.28509389,1.49,58.53850211
1666999688.0762331,1557.51,1557.73,0.28509389,1.49,58.53850211
1666999698.241609,1557.75,1557.75,0.32714991,0.9,58.66387894
1666999708.2517667,1557.75,1557.75,0.32714991,0.9,58.66387894
1666999718.0593235,1557.75,1557.75,0.32714991,0.9,58.66387894
1666999728.0606728,1557.75,1557.79,0.33034079,0.94,58.93136262
1666999738.0739925,1557.75,1557.79,0.33034079,0.94,58.93136262
1666999748.857978,1557.75,1557.79,0.33034079,0.94,58.93136262
1666999758.8339453,1557.91,1557.91,0.37712368,0.89,59.71835596
1666999768.9546034,1557.91,1557.91,0.37712368,0.89,59.71835596
1666999778.894778,1557.91,1557.91,0.37712368,0.89,59.71835596
1666999788.9712515,1557.91,1557.8,0.36834875,0.78,58.64555933
1666999798.862352,1557.91,1557.8,0.36834875,0.78,58.64555933
1666999808.885631,1557.91,1557.8,0.36834875,0.78,58.64555933
1666999818.901123,1558.13,1558.13,0.43370404,0.76,61.17781466
1666999829.3772795,1558.13,1558.13,0.43370404,0.76,61.17781466
1666999838.8304975,1558.13,1558.13,0.43370404,0.76,61.17781466
1666999848.8932724,1558.13,1558.27,0.44487213,0.9,62.11841008
1666999858.923272,1558.13,1558.27,0.44487213,0.9,62.11841008
1666999869.027518,1558.13,1558.27,0.44487213,0.9,62.11841008
1666999878.8942454,1558.06,1558.06,0.45006152,0.89,60.41946763
1666999888.8550787,1558.06,1558.06,0.45006152,0.89,60.41946763
1666999898.9304388,1558.06,1558.06,0.45006152,0.89,60.41946763
1666999908.9139023,1558.06,1557.28,0.3878393,0.11,52.6699954
1666999918.864851,1558.06,1557.28,0.3878393,0.11,52.6699954
1666999929.5198526,1558.06,1557.28,0.3878393,0.11,52.6699954
1666999939.8516755,1556.98,1556.98,0.30882679,-0.39,50.19387038
1666999949.5398128,1556.98,1556.98,0.30882679,-0.39,50.19387038
1666999959.715135,1556.98,1556.98,0.30882679,-0.39,50.19387038
1666999969.607978,1556.98,1556.33,0.25697494,-1.04,45.2321395
1666999979.5114694,1556.98,1556.33,0.25697494,-1.04,45.2321395
1666999989.7735703,1556.98,1556.33,0.25697494,-1.04,45.2321395
1666999999.6295657,1555.6,1555.6,0.06707262,-1.59,40.71235014
1667000009.554003,1555.6,1555.6,0.06707262,-1.59,40.71235014
1667000019.6117494,1555.6,1555.6,0.06707262,-1.59,40.71235014
1667000029.5725763,1555.6,1557.54,0.22183046,0.35,53.89688678
1667000039.5947008,1555.6,1557.54,0.22183046,0.35,53.89688678
1667000049.6420147,1555.6,1557.54,0.22183046,0.35,53.89688678
1667000059.67524,1556.6,1556.6,0.10389561,-0.99,48.33434685
1667000069.7997766,1556.6,1556.6,0.10389561,-0.99,48.33434685
1667000079.5903382,1556.6,1556.6,0.10389561,-0.99,48.33434685
1667000089.6761837,1556.6,1555.68,0.0305053,-1.91,42.8596312
1667000099.6027057,1556.6,1555.68,0.0305053,-1.91,42.8596312
1667000110.3106143,1556.6,1555.68,0.0305053,-1.91,42.8596312
1667000120.3499036,1556.79,1556.79,0.09716181,0.02,49.65338535
1667000130.2857995,1556.79,1556.79,0.09716181,0.02,49.65338535
1667000140.3188012,1556.79,1555.95,0.03015327,-0.82,44.27009841
1667000150.6201525,1556.79,1555.95,0.03015327,-0.82,44.27009841
1667000160.6022725,1556.79,1555.95,0.03015327,-0.82,44.27009841
1667000170.441011,1556.79,1555.95,0.03015327,-0.82,44.27009841
1667000180.388829,1555.16,1555.16,-0.15152606,-2.35,40.17019966
1667000190.444646,1555.16,1555.16,-0.15152606,-2.35,40.17019966
1667000200.397843,1555.16,1554.26,-0.22332093,-3.25,36.07524275
1667000210.467502,1555.16,1554.26,-0.22332093,-3.25,36.07524275
1667000220.3887212,1555.16,1554.26,-0.22332093,-3.25,36.07524275
1667000230.3609767,1553.44,1553.44,-0.4865345,-4.31,33.00937129
1667000240.4666529,1553.44,1553.44,-0.4865345,-4.31,33.00937129
1667000250.4841745,1553.44,1553.44,-0.4865345,-4.31,33.00937129
1667000260.3713973,1553.44,1553.69,-0.46659148,-4.06,34.82788808
1667000270.6488087,1553.44,1553.69,-0.46659148,-4.06,34.82788808
1667000280.7001352,1553.44,1553.69,-0.46659148,-4.06,34.82788808
1667000291.0691772,1554.58,1554.58,-0.47419268,-3.32,40.58660308
1667000301.027417,1554.58,1554.58,-0.47419268,-3.32,40.58660308
1667000311.5864182,1554.58,1554.58,-0.47419268,-3.32,40.58660308
1667000321.0579743,1554.58,1556.01,-0.3601186,-1.89,48.43056538
1667000331.0795517,1554.58,1556.01,-0.3601186,-1.89,48.43056538
1667000341.087788,1554.58,1556.01,-0.3601186,-1.89,48.43056538
1667000351.04746,1554.58,1556.01,-0.3601186,-1.89,48.43056538
1667000361.1438031,1555.82,1555.82,-0.35570418,-2.31,47.50772302
1667000371.0784023,1555.82,1555.82,-0.35570418,-2.31,47.50772302
1667000381.0724237,1555.82,1555.4,-0.38920845,-2.73,45.56656102
1667000391.0128446,1555.82,1555.4,-0.38920845,-2.73,45.56656102
1667000401.072004,1555.82,1555.4,-0.38920845,-2.73,45.56656102
1667000411.0296016,1556.02,1556.02,-0.30804458,-2.05,48.55140868
1667000420.9424715,1556.02,1556.02,-0.30804458,-2.05,48.55140868
1667000431.0515068,1556.02,1556.02,-0.30804458,-2.05,48.55140868
1667000441.3087542,1556.02,1556.89,-0.23864287,-1.18,52.93515008
1667000451.0603073,1556.02,1556.89,-0.23864287,-1.18,52.93515008
1667000461.099206,1556.02,1556.89,-0.23864287,-1.18,52.93515008
1667000472.0617702,1556.49,1556.49,-0.21263758,-0.49,51.01013659
1667000481.822618,1556.49,1556.49,-0.21263758,-0.49,51.01013659
1667000491.9632494,1556.49,1556.49,-0.21263758,-0.49,51.01013659
1667000501.8024786,1556.49,1556.16,-0.23896237,-0.82,49.23053512
1667000511.8460753,1556.49,1556.16,-0.23896237,-0.82,49.23053512
1667000521.8233414,1556.49,1556.16,-0.23896237,-0.82,49.23053512
1667000531.8569498,1556.49,1556.16,-0.23896237,-0.82,49.23053512
1667000541.9292955,1556.0,1556.0,-0.23411676,0.4,48.40778031
1667000551.8110404,1556.0,1556.0,-0.23411676,0.4,48.40778031
1667000561.7811298,1556.0,1553.49,-0.43434468,-2.11,37.78934148
1667000571.8499966,1556.0,1553.49,-0.43434468,-2.11,37.78934148
1667000581.8212988,1556.0,1553.49,-0.43434468,-2.11,37.78934148
1667000591.7951412,1556.0,1553.49,-0.43434468,-2.11,37.78934148
1667000602.194509,1553.1,1553.1,-0.62822864,-3.49,36.54382248
1667000611.738194,1553.1,1553.1,-0.62822864,-3.49,36.54382248
1667000621.8174157,1553.1,1553.76,-0.57557907,-2.83,40.13953633
1667000631.775183,1553.1,1553.76,-0.57557907,-2.83,40.13953633
1667000641.7948673,1553.1,1553.76,-0.57557907,-2.83,40.13953633
1667000652.612851,1554.38,1554.38,-0.53932235,-2.42,43.52493923
1667000662.8070335,1554.38,1554.38,-0.53932235,-2.42,43.52493923
1667000672.6609218,1554.38,1554.38,-0.53932235,-2.42,43.52493923
1667000682.6742446,1554.38,1554.41,-0.53692919,-2.39,43.6315449
1667000692.7626505,1554.38,1554.41,-0.53692919,-2.39,43.6315449
1667000702.6569736,1554.38,1554.41,-0.53692919,-2.39,43.6315449
1667000712.7677977,1553.81,1553.81,-0.65284604,-1.36,41.59401949
1667000722.7628443,1553.81,1553.81,-0.65284604,-1.36,41.59401949
1667000732.9409025,1553.81,1553.81,-0.65284604,-1.36,41.59401949
1667000742.7373924,1553.81,1553.53,-0.67518222,-1.64,40.6402353
1667000752.957204,1553.81,1553.53,-0.67518222,-1.64,40.6402353
1667000763.2532585,1553.81,1553.53,-0.67518222,-1.64,40.6402353
1667000772.757199,1553.81,1553.81,-0.69872455,0.37,41.59401949
1667000782.728819,1553.81,1553.81,-0.69872455,0.37,41.59401949
1667000792.9136417,1553.81,1553.81,-0.69872455,0.37,41.59401949
1667000802.886273,1553.81,1554.71,-0.62692967,1.27,45.98234463
1667000813.124745,1553.81,1554.71,-0.62692967,1.27,45.98234463
1667000822.8228,1553.81,1554.71,-0.62692967,1.27,45.98234463
1667000833.5353615,1554.72,1554.72,-0.5974508,0.13,46.03107037
1667000843.3835273,1554.72,1554.72,-0.5974508,0.13,46.03107037
1667000853.3401244,1554.72,1554.72,-0.5974508,0.13,46.03107037
1667000863.4924357,1554.72,1554.88,-0.58468727,0.29,46.78878232
1667000873.347504,1554.72,1554.88,-0.58468727,0.29,46.78878232
1667000883.2860408,1554.72,1554.88,-0.58468727,0.29,46.78878232
1667000893.560953,1554.78,1554.78,-0.56093041,-1.04,46.31700812
1667000903.3740876,1554.78,1554.78,-0.56093041,-1.04,46.31700812
1667000913.3717513,1554.78,1554.78,-0.56093041,-1.04,46.31700812
1667000923.523561,1554.78,1554.88,-0.5529532,-0.94,46.82862774
1667000933.5449605,1554.78,1554.88,-0.5529532,-0.94,46.82862774
1667000943.3204844,1554.78,1554.88,-0.5529532,-0.94,46.82862774
1667000953.246992,1554.74,1554.74,-0.53470467,-1.28,46.13200999
1667000963.245295,1554.74,1554.74,-0.53470467,-1.28,46.13200999
1667000973.4851596,1554.74,1554.74,-0.53470467,-1.28,46.13200999
1667000983.3156412,1554.74,1554.96,-0.51715482,-1.06,47.33040961
1667000993.293062,1554.74,1554.96,-0.51715482,-1.06,47.33040961
1667001003.3967922,1554.74,1554.96,-0.51715482,-1.06,47.33040961
1667001013.7607925,1554.28,1554.28,-0.57059071,-2.22,44.03696086
1667001023.7257965,1554.28,1554.28,-0.57059071,-2.22,44.03696086
1667001033.741777,1554.28,1554.28,-0.57059071,-2.22,44.03696086
1667001043.8859746,1554.28,1554.04,-0.58973601,-2.46,42.94122874
1667001053.7486317,1554.28,1554.04,-0.58973601,-2.46,42.94122874
1667001063.779622,1554.28,1554.04,-0.58973601,-2.46,42.94122874
1667001073.7223597,1554.04,1554.04,-0.59738132,-1.97,42.94122874
1667001083.9752903,1554.04,1554.04,-0.59738132,-1.97,42.94122874
1667001093.750338,1554.04,1554.04,-0.59738132,-1.97,42.94122874
1667001103.7461925,1554.04,1554.39,-0.56946109,-1.62,45.08709647
1667001113.7944765,1554.04,1554.39,-0.56946109,-1.62,45.08709647
1667001123.7853074,1554.04,1554.39,-0.56946109,-1.62,45.08709647
1667001133.7492683,1555.43,1555.43,-0.39945371,2.33,50.601843
1667001143.7524548,1555.43,1555.43,-0.39945371,2.33,50.601843
1667001153.7866142,1555.43,1555.43,-0.39945371,2.33,50.601843
1667001163.8427937,1555.43,1556.14,-0.34281553,3.04,54.00258955
1667001173.9835052,1555.43,1556.14,-0.34281553,3.04,54.00258955
1667001183.9972694,1555.43,1556.14,-0.34281553,3.04,54.00258955
1667001194.3341565,1556.1,1556.1,-0.23323237,1.26,53.82701121
1667001204.1661384,1556.1,1556.1,-0.23323237,1.26,53.82701121
1667001214.1729517,1556.1,1556.1,-0.23323237,1.26,53.82701121
1667001224.1418111,1556.1,1556.49,-0.20212125,1.65,55.63982539
1667001234.1640675,1556.1,1556.49,-0.20212125,1.65,55.63982539
1667001244.3701968,1556.1,1556.49,-0.20212125,1.65,55.63982539
1667001254.1318698,1556.39,1556.39,-0.09998269,2.58,55.17387042
1667001264.1586432,1556.39,1556.39,-0.09998269,2.58,55.17387042
1667001274.416542,1556.39,1556.39,-0.09998269,2.58,55.17387042
1667001284.256158,1556.39,1555.76,-0.1502391,1.95,51.61984506
1667001294.1601777,1556.39,1555.76,-0.1502391,1.95,51.61984506
1667001304.2108505,1556.39,1555.76,-0.1502391,1.95,51.61984506
1667001314.176569,1556.17,1556.17,-0.04491089,2.36,53.87399616
1667001324.2459524,1556.17,1556.17,-0.04491089,2.36,53.87399616
1667001334.1180017,1556.17,1556.17,-0.04491089,2.36,53.87399616
1667001344.1824243,1556.17,1555.41,-0.10553767,1.6,49.5541826
1667001354.1191154,1556.17,1555.41,-0.10553767,1.6,49.5541826
1667001364.1748009,1556.17,1555.41,-0.10553767,1.6,49.5541826
1667001374.7950473,1555.98,1555.98,-0.01373565,1.25,52.73133812
1667001384.7796445,1555.98,1555.98,-0.01373565,1.25,52.73133812
1667001394.8649223,1555.98,1555.98,-0.01373565,1.25,52.73133812
1667001404.9058175,1555.98,1555.76,-0.03128551,1.03,51.36254689
1667001414.85154,1555.98,1555.76,-0.03128551,1.03,51.36254689
1667001424.860824,1555.98,1555.76,-0.03128551,1.03,51.36254689
1667001435.160774,1555.51,1555.51,-0.04433545,0.74,49.89554526
1667001444.8317912,1555.51,1555.51,-0.04433545,0.74,49.89554526
1667001454.791217,1555.51,1555.51,-0.04433545,0.74,49.89554526
1667001464.8288124,1555.51,1555.13,-0.07464884,0.36,47.65976562
1667001474.817129,1555.51,1555.13,-0.07464884,0.36,47.65976562
1667001484.8006568,1555.51,1555.13,-0.07464884,0.36,47.65976562
1667001494.9802885,1554.44,1554.44,-0.18906251,-0.3,44.07411119
1667001504.810651,1554.44,1554.44,-0.18906251,-0.3,44.07411119
1667001514.8699849,1554.44,1554.44,-0.18906251,-0.3,44.07411119
1667001524.8544347,1554.44,1554.58,-0.17789442,-0.16,44.97861762
1667001534.8659816,1554.44,1554.58,-0.17789442,-0.16,44.97861762
1667001544.8254178,1554.44,1554.58,-0.17789442,-0.16,44.97861762
1667001555.744303,1554.49,1554.49,-0.22697142,0.21,44.40553542
1667001565.817885,1554.49,1554.49,-0.22697142,0.21,44.40553542
1667001575.7458844,1554.49,1554.49,-0.22697142,0.21,44.40553542
1667001585.8402505,1554.49,1554.4,-0.2341509,0.12,43.89359192
1667001596.1358807,1554.49,1554.4,-0.2341509,0.12,43.89359192
1667001605.7288496,1554.49,1554.4,-0.2341509,0.12,43.89359192
1667001615.7405508,1554.49,1554.4,-0.2341509,0.12,43.89359192
1667001625.780776,1554.4,1554.4,-0.26869226,0.36,43.88938497
1667001635.7787795,1554.4,1554.4,-0.26869226,0.36,43.88938497
1667001645.792438,1554.4,1554.87,-0.23119938,0.83,47.21105923
1667001655.7848551,1554.4,1554.87,-0.23119938,0.83,47.21105923
1667001665.7792091,1554.4,1554.87,-0.23119938,0.83,47.21105923
1667001675.8226998,1554.07,1554.07,-0.33996717,-1.37,42.02836869
1667001685.7634394,1554.07,1554.07,-0.33996717,-1.37,42.02836869
1667001695.8023217,1554.07,1554.07,-0.33996717,-1.37,42.02836869
1667001705.8179097,1554.07,1552.86,-0.43649139,-2.58,36.00060056
1667001715.8199906,1554.07,1552.86,-0.43649139,-2.58,36.00060056
1667001725.8269727,1554.07,1552.86,-0.43649139,-2.58,36.00060056
1667001736.244672,1552.49,1552.49,-0.59404707,-3.6,34.48507423
1667001746.184661,1552.49,1552.49,-0.59404707,-3.6,34.48507423
1667001756.4163592,1552.49,1552.49,-0.59404707,-3.6,34.48507423
1667001766.2484362,1552.49,1552.38,-0.602822,-3.71,34.02740028
1667001776.2292342,1552.49,1552.38,-0.602822,-3.71,34.02740028
1667001786.6246183,1552.49,1552.38,-0.602822,-3.71,34.02740028
1667001796.218706,1551.88,1551.88,-0.77506556,-4.52,32.13804962
1667001806.1695158,1551.88,1551.88,-0.77506556,-4.52,32.13804962
1667001816.2560508,1551.88,1551.88,-0.77506556,-4.52,32.13804962
1667001826.4234471,1551.88,1551.63,-0.79500858,-4.77,31.1402063
1667001836.213533,1551.88,1551.63,-0.79500858,-4.77,31.1402063
1667001846.2418933,1551.88,1551.63,-0.79500858,-4.77,31.1402063
1667001856.1837776,1551.45,1551.45,-0.92947679,-4.71,30.4849374
1667001866.4168274,1551.45,1551.45,-0.92947679,-4.71,30.4849374
1667001876.2839067,1551.45,1551.45,-0.92947679,-4.71,30.4849374
1667001886.4995706,1551.45,1550.64,-0.99409218,-5.52,27.67479882
1667001896.329965,1551.45,1550.64,-0.99409218,-5.52,27.67479882
1667001906.2670858,1551.45,1550.64,-0.99409218,-5.52,27.67479882
1667001916.973986,1550.69,1550.69,-1.12043173,-5.29,27.83072482
1667001926.9645112,1550.69,1550.69,-1.12043173,-5.29,27.83072482
1667001936.856238,1550.69,1550.69,-1.12043173,-5.29,27.83072482
1667001946.8740735,1550.69,1552.4,-0.98402147,-3.58,40.37357388
1667001956.8177671,1550.69,1552.4,-0.98402147,-3.58,40.37357388
1667001966.874065,1550.69,1552.4,-0.98402147,-3.58,40.37357388
1667001976.875453,1552.58,1552.58,-0.94322212,-2.92,41.44860403
1667001986.823545,1552.58,1552.58,-0.94322212,-2.92,41.44860403
1667001996.824676,1552.58,1552.58,-0.94322212,-2.92,41.44860403
1667002006.7915385,1552.58,1552.87,-0.92008822,-2.63,43.22464072
1667002016.8123062,1552.58,1552.87,-0.92008822,-2.63,43.22464072
1667002026.7984605,1552.58,1552.87,-0.92008822,-2.63,43.22464072
1667002036.782138,1552.93,1552.93,-0.86289678,-1.51,43.5832393
1667002046.828609,1552.93,1552.93,-0.86289678,-1.51,43.5832393
1667002057.2020266,1552.93,1552.93,-0.86289678,-1.51,43.5832393
1667002066.8784688,1552.93,1552.25,-0.9171418,-2.19,40.48081538
1667002077.2660072,1552.93,1552.25,-0.9171418,-2.19,40.48081538
1667002086.85481,1552.93,1552.25,-0.9171418,-2.19,40.48081538
1667002097.5989077,1552.13,1552.13,-0.92447007,-2.35,39.98074824
1667002107.5960767,1552.13,1552.13,-0.92447007,-2.35,39.98074824
1667002117.512957,1552.13,1552.13,-0.92447007,-2.35,39.98074824
1667002127.6055288,1552.13,1552.06,-0.93005411,-2.42,39.6728734
1667002137.5771437,1552.13,1552.06,-0.93005411,-2.42,39.6728734
1667002147.625491,1552.13,1552.06,-0.93005411,-2.42,39.6728734
1667002157.657779,1552.47,1552.47,-0.86411313,-1.94,42.16088174
1667002167.6422832,1552.47,1552.47,-0.86411313,-1.94,42.16088174
1667002177.7617033,1552.47,1552.47,-0.86411313,-1.94,42.16088174
1667002187.6553595,1552.47,1553.35,-0.7939137,-1.06,47.47851015
1667002197.6768396,1552.47,1553.35,-0.7939137,-1.06,47.47851015
1667002207.7224598,1552.47,1553.35,-0.7939137,-1.06,47.47851015
1667002217.6420178,1554.98,1554.98,-0.47279157,0.91,55.10823882
1667002227.5910966,1554.98,1554.98,-0.47279157,0.91,55.10823882
1667002237.9168696,1554.98,1554.98,-0.47279157,0.91,55.10823882
1667002247.635536,1554.98,1555.1,-0.46321892,1.03,55.62998352
1667002257.5875466,1554.98,1555.1,-0.46321892,1.03,55.62998352
1667002267.6459346,1554.98,1555.1,-0.46321892,1.03,55.62998352
1667002278.1590118,1556.86,1556.86,-0.0525499,4.36,61.9887855
1667002288.365005,1556.86,1556.86,-0.0525499,4.36,61.9887855
1667002298.2667446,1556.86,1556.86,-0.0525499,4.36,61.9887855
1667002308.207939,1556.86,1557.16,-0.02861828,4.66,62.96313158
1667002318.2245114,1556.86,1557.16,-0.02861828,4.66,62.96313158
1667002328.1955097,1556.86,1557.16,-0.02861828,4.66,62.96313158
1667002338.2058542,1556.58,1556.58,0.11960168,4.71,60.48786015
1667002348.2117846,1556.58,1556.58,0.11960168,4.71,60.48786015
1667002358.248875,1556.58,1556.58,0.11960168,4.71,60.48786015
1667002368.4179251,1556.58,1555.13,0.00393216,3.26,53.37327656
1667002378.161705,1556.58,1555.13,0.00393216,3.26,53.37327656
1667002388.5350163,1556.58,1555.13,0.00393216,3.26,53.37327656
1667002398.590755,1555.55,1555.55,0.12563678,4.09,55.26047267
1667002408.2885888,1555.55,1555.55,0.12563678,4.09,55.26047267
1667002418.3096373,1555.55,1555.55,0.12563678,4.09,55.26047267
1667002428.2586403,1555.55,1554.72,0.05942595,3.26,51.39313773
1667002438.3238103,1555.55,1554.72,0.05942595,3.26,51.39313773
1667002448.2375858,1555.55,1554.72,0.05942595,3.26,51.39313773
1667002459.038972,1555.23,1555.23,0.14868776,4.53,53.69881456
1667002469.0861475,1555.23,1555.23,0.14868776,4.53,53.69881456
1667002479.0452442,1555.23,1555.23,0.14868776,4.53,53.69881456
1667002489.1056845,1555.23,1556.05,0.21410087,5.35,57.05342396
1667002499.0595644,1555.23,1556.05,0.21410087,5.35,57.05342396
1667002509.0333908,1555.23,1556.05,0.21410087,5.35,57.05342396
1667002519.0110145,1556.13,1556.13,0.31165428,3.55,57.35427816
1667002529.094342,1556.13,1556.13,0.31165428,3.55,57.35427816
1667002539.0555725,1556.13,1556.13,0.31165428,3.55,57.35427816
1667002549.1164725,1556.13,1555.91,0.29410442,3.33,56.18856197
1667002559.576318,1556.13,1555.91,0.29410442,3.33,56.18856197
1667002569.1273186,1556.13,1555.91,0.29410442,3.33,56.18856197
1667002579.1741278,1555.57,1555.57,0.30037045,2.65,54.47736752
1667002589.1645586,1555.57,1555.57,0.30037045,2.65,54.47736752
1667002599.043533,1555.57,1555.57,0.30037045,2.65,54.47736752
1667002609.1664128,1555.57,1554.07,0.18071233,1.15,47.59123405
1667002619.149458,1555.57,1554.07,0.18071233,1.15,47.59123405
1667002629.205593,1555.57,1554.07,0.18071233,1.15,47.59123405
1667002640.0514295,1554.39,1554.39,0.1556829,2.26,48.9154315
1667002650.0984595,1554.39,1554.39,0.1556829,2.26,48.9154315
1667002659.9588263,1554.39,1554.39,0.1556829,2.26,48.9154315
1667002670.043326,1554.39,1554.87,0.19397349,2.74,51.10061995
1667002680.0067215,1554.39,1554.87,0.19397349,2.74,51.10061995
1667002690.0748556,1554.39,1554.87,0.19397349,2.74,51.10061995
1667002700.0079331,1554.41,1554.41,0.11713528,1.94,49.01401756
1667002710.0312538,1554.41,1554.41,0.11713528,1.94,49.01401756
1667002720.5249732,1554.41,1554.53,0.12670793,2.06,49.61899355
1667002730.021407,1554.41,1554.53,0.12670793,2.06,49.61899355
1667002740.2685945,1554.41,1554.53,0.12670793,2.06,49.61899355
1667002750.0363977,1554.41,1554.53,0.12670793,2.06,49.61899355
1667002760.0473428,1554.65,1554.65,0.11951718,-0.34,50.20560541
1667002770.022207,1554.65,1554.65,0.11951718,-0.34,50.20560541
1667002780.306314,1554.65,1554.65,0.11951718,-0.34,50.20560541
1667002790.095569,1554.65,1554.2,0.08361975,-0.79,47.93993169
1667002800.0633469,1554.65,1554.2,0.08361975,-0.79,47.93993169
1667002810.168373,1554.65,1554.2,0.08361975,-0.79,47.93993169
1667002820.4646823,1553.91,1553.91,0.00040412,-2.95,46.58163142
1667002830.4599476,1553.91,1553.91,0.00040412,-2.95,46.58163142
1667002840.5142968,1553.91,1553.78,-0.00996625,-3.08,45.95471729
1667002850.4690137,1553.91,1553.78,-0.00996625,-3.08,45.95471729
1667002860.4002888,1553.91,1553.78,-0.00996625,-3.08,45.95471729
1667002870.5253513,1552.81,1552.81,-0.2021809,-3.76,41.75803518
1667002880.9666114,1552.81,1552.81,-0.2021809,-3.76,41.75803518
1667002890.5114665,1552.81,1552.81,-0.2021809,-3.76,41.75803518
1667002900.7324865,1552.81,1554.17,-0.09369087,-2.4,48.80871429
1667002910.4118,1552.81,1554.17,-0.09369087,-2.4,48.80871429
1667002920.6227477,1552.81,1554.17,-0.09369087,-2.4,48.80871429
1667002930.7404616,1554.46,1554.46,-0.05660883,-1.09,50.09600994
1667002940.6828089,1554.46,1554.46,-0.05660883,-1.09,50.09600994
1667002950.8011248,1554.46,1554.46,-0.05660883,-1.09,50.09600994
1667002960.745614,1554.46,1552.92,-0.17945783,-2.63,43.7923921
1667002970.5746746,1554.46,1552.92,-0.17945783,-2.63,43.7923921
1667002980.5694437,1554.46,1552.92,-0.17945783,-2.63,43.7923921
1667002990.5238483,1554.46,1552.92,-0.17945783,-2.63,43.7923921
1667003001.197406,1550.72,1550.72,-0.5743564,-4.52,37.11980325
1667003010.8549633,1550.72,1550.72,-0.5743564,-4.52,37.11980325
1667003020.9312434,1550.72,1550.72,-0.5743564,-4.52,37.11980325
1667003030.86114,1550.72,1551.2,-0.5360658,-4.04,39.29318678
1667003041.4421132,1550.72,1551.2,-0.5360658,-4.04,39.29318678
1667003050.9618,1551.61,1551.61,-0.61450889,-4.52,41.03722915
1667003060.9544387,1551.61,1551.61,-0.61450889,-4.52,41.03722915
1667003071.0298724,1551.61,1551.61,-0.61450889,-4.52,41.03722915
1667003080.9866717,1551.61,1550.62,-0.69348325,-5.51,38.17300043
1667003090.857191,1551.61,1550.62,-0.69348325,-5.51,38.17300043
1667003100.9396565,1551.61,1550.62,-0.69348325,-5.51,38.17300043
1667003110.9562805,1550.98,1550.98,-0.78363827,-4.59,39.1815428
1667003120.9065845,1550.98,1550.98,-0.78363827,-4.59,39.1815428
1667003130.9860337,1550.98,1550.98,-0.78363827,-4.59,39.1815428
1667003140.9253628,1550.98,1550.99,-0.78284055,-4.58,39.2286007
1667003150.9792173,1550.98,1550.99,-0.78284055,-4.58,39.2286007
1667003161.145271,1550.98,1550.99,-0.78284055,-4.58,39.2286007
1667003171.3586974,1550.59,1550.59,-0.92173249,-3.79,38.01275298
1667003181.750553,1550.59,1550.59,-0.92173249,-3.79,38.01275298
1667003191.7304475,1550.59,1550.59,-0.92173249,-3.79,38.01275298
1667003202.2255008,1550.59,1549.88,-0.97837066,-4.5,35.94399556
1667003211.8027189,1550.59,1549.88,-0.97837066,-4.5,35.94399556
1667003221.7444303,1550.59,1549.88,-0.97837066,-4.5,35.94399556
1667003231.7576723,1550.9,1550.9,-0.95184971,-3.5,39.51570472
1667003241.7972944,1550.9,1550.9,-0.95184971,-3.5,39.51570472
1667003251.8139195,1550.9,1550.9,-0.95184971,-3.5,39.51570472
1667003261.808956,1550.9,1550.42,-0.99014031,-3.98,37.96151883
1667003271.7067618,1550.9,1550.42,-0.99014031,-3.98,37.96151883
1667003281.7185817,1550.9,1550.42,-0.99014031,-3.98,37.96151883
1667003291.724414,1550.65,1550.65,-1.019314,-4.01,38.69068455
1667003301.7834766,1550.65,1550.65,-1.019314,-4.01,38.69068455
1667003311.776817,1550.65,1550.65,-1.019314,-4.01,38.69068455
1667003321.7242675,1550.65,1551.25,-0.97145075,-3.41,41.82969047
1667003332.106767,1550.65,1551.25,-0.97145075,-3.41,41.82969047
1667003341.7452672,1550.65,1551.25,-0.97145075,-3.41,41.82969047
1667003351.829601,1551.74,1551.74,-0.89084453,-2.18,44.16434236
1667003363.0551243,1551.74,1551.74,-0.89084453,-2.18,44.16434236
1667003372.666194,1551.74,1551.74,-0.89084453,-2.18,44.16434236
1667003382.655447,1551.74,1551.89,-0.87887872,-2.03,44.89347021
1667003392.5715897,1551.74,1551.89,-0.87887872,-2.03,44.89347021
1667003402.645348,1551.74,1551.89,-0.87887872,-2.03,44.89347021
1667003412.6004322,1551.89,1551.89,-0.82757572,-0.93,44.89716025
1667003422.6747274,1551.89,1551.89,-0.82757572,-0.93,44.89716025
1667003432.617771,1551.89,1551.89,-0.82757572,-0.93,44.89716025
1667003442.687432,1551.89,1552.0,-0.81880079,-0.82,45.45958896
1667003452.6212766,1551.89,1552.0,-0.81880079,-0.82,45.45958896
1667003462.6476705,1551.89,1552.0,-0.81880079,-0.82,45.45958896
1667003472.606967,1552.48,1552.48,-0.69392114,-1.99,47.78519278
1667003482.6467412,1552.48,1552.48,-0.69392114,-1.99,47.78519278
1667003492.8833923,1552.48,1552.48,-0.69392114,-1.99,47.78519278
1667003502.688264,1552.48,1552.73,-0.67397812,-1.74,49.00482769
1667003512.713908,1552.48,1552.73,-0.67397812,-1.74,49.00482769
1667003522.6916535,1552.48,1552.73,-0.67397812,-1.74,49.00482769
1667003532.7134037,1552.48,1552.73,-0.67397812,-1.74,49.00482769
1667003543.349871,1552.59,1552.59,-0.6026229,1.87,48.32894469
1667003553.3795433,1552.59,1552.59,-0.6026229,1.87,48.32894469
1667003563.367871,1552.59,1552.04,-0.64649755,1.32,45.76283778
1667003573.3760233,1552.59,1552.04,-0.64649755,1.32,45.76283778
1667003583.3340657,1552.59,1552.04,-0.64649755,1.32,45.76283778
1667003593.5729418,1551.82,1551.82,-0.63994951,0.22,44.81110919
1667003603.3174453,1551.82,1551.82,-0.63994951,0.22,44.81110919
1667003613.420822,1551.82,1551.82,-0.63994951,0.22,44.81110919
1667003623.3820343,1551.82,1550.64,-0.73408057,-0.96,40.00534753
1667003633.309746,1551.82,1550.64,-0.73408057,-0.96,40.00534753
1667003643.4054213,1551.82,1550.64,-0.73408057,-0.96,40.00534753
1667003653.439458,1550.64,1550.64,-0.77996836,-0.33,40.00255087
1667003663.3827252,1550.64,1550.64,-0.77996836,-0.33,40.00255087
1667003673.3780792,1550.64,1550.64,-0.77996836,-0.33,40.00255087
1667003683.801689,1550.64,1550.26,-0.81028175,-0.71,38.56817957
1667003693.296107,1550.64,1550.26,-0.81028175,-0.71,38.56817957
1667003703.4205704,1550.64,1550.26,-0.81028175,-0.71,38.56817957
1667003713.3882816,1550.54,1550.54,-0.82179304,-0.06,39.61484108
1667003723.967588,1550.54,1550.54,-0.82179304,-0.06,39.61484108
1667003734.0270944,1550.54,1550.54,-0.82179304,-0.06,39.61484108
1667003743.9867306,1550.54,1549.74,-0.88561071,-0.86,36.5618735
1667003753.9958944,1550.54,1549.74,-0.88561071,-0.86,36.5618735
1667003763.970909,1550.54,1549.74,-0.88561071,-0.86,36.5618735
1667003774.0390174,1549.2,1549.2,-1.0283723,-1.7,34.75398098
1667003784.0420053,1549.2,1549.2,-1.0283723,-1.7,34.75398098
1667003793.9446769,1549.2,1549.2,-1.0283723,-1.7,34.75398098
1667003804.0396843,1549.2,1549.64,-0.99327258,-1.26,37.4672646
1667003814.3297307,1549.2,1549.64,-0.99327258,-1.26,37.4672646
1667003824.053763,1549.2,1549.64,-0.99327258,-1.26,37.4672646
1667003834.1459126,1549.05,1549.05,-1.11534194,-1.6,34.24483435
1667003844.027347,1549.05,1549.05,-1.11534194,-1.6,34.24483435
1667003854.3055854,1549.05,1549.05,-1.11534194,-1.6,34.24483435
1667003864.2118945,1549.05,1549.48,-1.08103995,-1.17,37.05025075
1667003874.0488942,1549.05,1549.48,-1.08103995,-1.17,37.05025075
1667003884.050655,1549.05,1549.48,-1.08103995,-1.17,37.05025075
1667003893.9921672,1549.44,1549.44,-1.1062729,-2.3,36.82028397
1667003904.9819367,1549.44,1549.44,-1.1062729,-2.3,36.82028397
1667003914.9523046,1549.44,1549.44,-1.1062729,-2.3,36.82028397
1667003925.1414735,1549.44,1549.24,-1.12222732,-2.5,36.03990909
1667003934.976441,1549.44,1549.24,-1.12222732,-2.5,36.03990909
1667003945.021572,1549.44,1549.24,-1.12222732,-2.5,36.03990909
1667003954.986509,1549.0,1549.0,-1.17375973,-2.88,35.14604026
1667003965.046522,1549.0,1549.0,-1.17375973,-2.88,35.14604026
1667003975.317156,1549.0,1549.0,-1.17375973,-2.88,35.14604026
1667003985.066752,1549.0,1548.8,-1.18971414,-3.08,34.38077981
1667003994.977384,1549.0,1548.8,-1.18971414,-3.08,34.38077981
1667004005.0351014,1549.0,1548.8,-1.18971414,-3.08,34.38077981
1667004015.0633852,1548.78,1548.78,-1.2162419,-3.7,34.30321618
1667004025.0683897,1548.78,1548.78,-1.2162419,-3.7,34.30321618
1667004035.042074,1548.78,1548.78,-1.2162419,-3.7,34.30321618
1667004045.0557802,1548.78,1549.23,-1.18034447,-3.25,37.56093164
1667004055.049624,1548.78,1549.23,-1.18034447,-3.25,37.56093164
1667004065.010856,1548.78,1549.23,-1.18034447,-3.25,37.56093164
1667004075.051028,1549.18,1549.18,-1.16599546,-3.41,37.21127269
1667004085.6471364,1549.18,1549.18,-1.16599546,-3.41,37.21127269
1667004095.6353476,1549.18,1549.18,-1.16599546,-3.41,37.21127269
1667004105.6625934,1549.18,1549.42,-1.14685016,-3.17,38.9777275
1667004115.5775237,1549.18,1549.42,-1.14685016,-3.17,38.9777275
1667004125.5888443,1549.18,1549.42,-1.14685016,-3.17,38.9777275
1667004135.7153215,1549.42,1549.42,-1.10379779,-2.4,38.9999997
1667004145.6103847,1549.42,1549.42,-1.10379779,-2.4,38.9999997
1667004155.616199,1549.42,1549.42,-1.10379779,-2.4,38.9999997
1667004165.9165237,1549.42,1549.28,-1.11496589,-2.54,38.32432021
1667004175.6739318,1549.42,1549.28,-1.11496589,-2.54,38.32432021
1667004185.662717,1549.42,1549.28,-1.11496589,-2.54,38.32432021
1667004195.5937562,1549.94,1549.94,-0.98460491,-0.71,42.73189366
1667004205.6243834,1549.94,1549.94,-0.98460491,-0.71,42.73189366
1667004215.6605864,1549.94,1549.94,-0.98460491,-0.71,42.73189366
1667004225.649733,1549.94,1550.09,-0.9726391,-0.56,43.80730484
1667004235.7263296,1549.94,1550.09,-0.9726391,-0.56,43.80730484
1667004245.708534,1549.94,1550.09,-0.9726391,-0.56,43.80730484
1667004255.7195246,1550.15,1550.15,-0.88281322,-0.39,44.22624462
1667004266.52608,1550.15,1550.15,-0.88281322,-0.39,44.22624462
1667004276.5231783,1550.15,1550.15,-0.88281322,-0.39,44.22624462
1667004286.5010786,1550.15,1550.09,-0.88759955,-0.45,43.87398448
1667004296.4895382,1550.15,1550.09,-0.88759955,-0.45,43.87398448
1667004306.5489132,1550.15,1550.09,-0.88759955,-0.45,43.87398448
1667004316.4357853,1549.96,1549.96,-0.83298511,0.76,43.12967808
1667004326.8731406,1549.96,1549.96,-0.83298511,0.76,43.12967808
1667004336.5509872,1549.96,1549.96,-0.83298511,0.76,43.12967808
1667004346.5201433,1549.96,1549.96,-0.83298511,0.76,43.12967808
1667004356.5306928,1549.96,1549.96,-0.83298511,0.76,43.12967808
1667004366.806004,1549.96,1549.96,-0.83298511,0.76,43.12967808
1667004376.5443563,1549.95,1549.95,-0.77337611,0.89,43.06450172
1667004386.5466094,1549.95,1549.95,-0.77337611,0.89,43.06450172
1667004397.0012517,1549.95,1549.95,-0.77337611,0.89,43.06450172
1667004406.5660455,1549.95,1550.29,-0.7462536,1.23,45.8349076
1667004416.579816,1549.95,1550.29,-0.7462536,1.23,45.8349076
1667004426.6110497,1549.95,1550.29,-0.7462536,1.23,45.8349076
1667004436.5771034,1550.85,1550.85,-0.59001835,1.4,49.8758615
1667004447.3577175,1550.85,1550.85,-0.59001835,1.4,49.8758615
1667004457.225144,1550.85,1550.85,-0.59001835,1.4,49.8758615
1667004467.2555492,1550.85,1551.63,-0.52779612,2.18,54.92606737
1667004477.32123,1550.85,1551.63,-0.52779612,2.18,54.92606737
1667004487.4889977,1550.85,1551.63,-0.52779612,2.18,54.92606737
1667004497.4579403,1550.77,1550.77,-0.50782166,1.77,49.31078709
1667004507.254445,1550.77,1550.77,-0.50782166,1.77,49.31078709
1667004517.2230296,1550.77,1550.77,-0.50782166,1.77,49.31078709
1667004527.2288022,1550.77,1551.15,-0.47750827,2.15,52.08756875
1667004537.2226002,1550.77,1551.15,-0.47750827,2.15,52.08756875
1667004547.265272,1550.77,1551.15,-0.47750827,2.15,52.08756875
1667004557.247227,1550.58,1550.58,-0.46011023,1.79,47.93417578
1667004567.2210877,1550.58,1550.58,-0.46011023,1.79,47.93417578
1667004577.2013302,1550.58,1550.58,-0.46011023,1.79,47.93417578
1667004587.2337,1550.58,1550.01,-0.50558031,1.22,43.9301935
1667004597.2209346,1550.58,1550.01,-0.50558031,1.22,43.9301935
1667004607.280363,1550.58,1550.01,-0.50558031,1.22,43.9301935
1667004617.2182002,1550.01,1550.01,-0.48617868,0.83,43.95419479
1667004627.771657,1550.01,1550.01,-0.48617868,0.83,43.95419479
1667004637.7872553,1550.01,1550.01,-0.48617868,0.83,43.95419479
1667004648.159723,1550.01,1549.88,-0.49654905,0.7,43.0530811
1667004657.8508298,1550.01,1549.88,-0.49654905,0.7,43.0530811
1667004667.800471,1550.01,1549.88,-0.49654905,0.7,43.0530811
1667004677.839181,1549.99,1549.99,-0.46763972,0.56,43.79709245
1667004687.7837565,1549.99,1549.99,-0.46763972,0.56,43.79709245
1667004697.780373,1549.99,1549.99,-0.46763972,0.56,43.79709245
1667004707.8263035,1549.99,1550.31,-0.44211266,0.88,46.68363418
1667004717.8248594,1549.99,1550.31,-0.44211266,0.88,46.68363418
1667004727.9625337,1549.99,1550.31,-0.44211266,0.88,46.68363418
1667004737.8065517,1549.98,1549.98,-0.4473334,0.04,43.71743861
1667004747.8461986,1549.98,1549.98,-0.4473334,0.04,43.71743861
1667004757.78611,1549.98,1549.98,-0.4473334,0.04,43.71743861
1667004767.8489995,1549.98,1550.23,-0.42739038,0.29,46.15178682
1667004777.7902005,1549.98,1550.23,-0.42739038,0.29,46.15178682
1667004788.1005857,1549.98,1550.23,-0.42739038,0.29,46.15178682
1667004797.8778062,1549.68,1549.68,-0.46873482,-0.47,41.45557886
1667004808.5514848,1549.68,1549.68,-0.46873482,-0.47,41.45557886
1667004818.2820134,1549.68,1549.68,-0.46873482,-0.47,41.45557886
1667004828.1322818,1549.68,1550.33,-0.41688297,0.18,47.76188755
1667004838.1599493,1549.68,1550.33,-0.41688297,0.18,47.76188755
1667004848.1712797,1549.68,1550.33,-0.41688297,0.18,47.76188755
1667004858.2161987,1550.56,1550.56,-0.33701177,0.6,49.67987559
1667004868.1249282,1550.56,1550.56,-0.33701177,0.6,49.67987559
1667004878.2061434,1550.56,1550.56,-0.33701177,0.6,49.67987559
1667004888.2105083,1550.56,1550.93,-0.3074961,0.97,52.68925391
1667004898.1748078,1550.56,1550.93,-0.3074961,0.97,52.68925391
1667004908.208891,1550.56,1550.93,-0.3074961,0.97,52.68925391
1667004918.1428704,1551.33,1551.33,-0.1767357,1.37,55.56750345
1667004928.2004795,1551.33,1551.33,-0.1767357,1.37,55.56750345
1667004938.1970718,1551.33,1551.33,-0.1767357,1.37,55.56750345
1667004948.4296134,1551.33,1551.68,-0.14881548,1.72,57.9722177
1667004958.1953373,1551.33,1551.68,-0.14881548,1.72,57.9722177
1667004968.369337,1551.33,1551.68,-0.14881548,1.72,57.9722177
1667004978.2108552,1553.03,1553.03,0.14428332,2.17,65.18513836
1667004989.2610743,1553.03,1553.03,0.14428332,2.17,65.18513836
1667004999.556852,1553.03,1553.03,0.14428332,2.17,65.18513836
1667005008.9993987,1553.03,1552.55,0.10599272,1.69,61.15200876
1667005019.1132643,1553.03,1552.55,0.10599272,1.69,61.15200876
1667005029.1258724,1553.03,1552.55,0.10599272,1.69,61.15200876
1667005039.1601098,1552.89,1552.89,0.26748481,2.12,63.9548922
1667005049.0930858,1552.89,1552.89,0.26748481,2.12,63.9548922
1667005059.1116824,1552.89,1552.89,0.26748481,2.12,63.9548922
1667005069.0737145,1552.89,1552.98,0.2746643,2.21,64.41978324
1667005079.0403254,1552.89,1552.98,0.2746643,2.21,64.41978324
1667005089.112089,1552.89,1552.98,0.2746643,2.21,64.41978324
1667005099.0564637,1553.09,1553.09,0.39798437,2.52,64.9719509
1667005109.0756226,1553.09,1553.09,0.39798437,2.52,64.9719509
1667005119.1099308,1553.09,1553.09,0.39798437,2.52,64.9719509
1667005129.1182938,1553.09,1553.46,0.42750004,2.89,66.83626686
1667005139.109822,1553.09,1553.46,0.42750004,2.89,66.83626686
1667005149.067198,1553.09,1553.46,0.42750004,2.89,66.83626686
1667005159.6862705,1553.49,1553.49,0.53973727,3.49,66.97876735
1667005169.729426,1553.49,1553.49,0.53973727,3.49,66.97876735
1667005179.7760358,1553.49,1553.49,0.53973727,3.49,66.97876735
1667005190.288988,1553.49,1553.56,0.54532131,3.56,67.33149837
1667005199.7552536,1553.49,1553.56,0.54532131,3.56,67.33149837
1667005209.7405057,1553.49,1553.56,0.54532131,3.56,67.33149837
1667005219.8177283,1553.35,1553.35,0.60047174,3.36,65.55534995
1667005229.766765,1553.35,1553.35,0.60047174,3.36,65.55534995
1667005239.8101308,1553.35,1553.35,0.60047174,3.36,65.55534995
1667005249.8125043,1553.35,1553.29,0.59568542,3.3,64.9220412
1667005259.7386844,1553.35,1553.29,0.59568542,3.3,64.9220412
1667005269.8900175,1553.35,1553.29,0.59568542,3.3,64.9220412
1667054617.6880715,1624.87,1624.87,-1.2336494,4.53,46.5933462
1667054627.9298408,1624.87,1624.86,-1.23444713,4.52,46.56769714
1667054637.602822,1624.87,1624.86,-1.23444713,4.52,46.56769714
1667054657.685691,1624.28,1624.28,-1.23073693,1.02,45.31205064
1667054667.8263376,1624.28,1624.28,-1.23073693,1.02,45.31205064
1667054677.714438,1624.28,1624.28,-1.23073693,1.02,45.31205064
1667054687.8113134,1624.28,1622.96,-1.33603607,-0.3,42.48533018
1667054697.7617214,1624.28,1622.96,-1.33603607,-0.3,42.48533018
1667054707.8209567,1624.28,1622.96,-1.33603607,-0.3,42.48533018
1667054717.749641,1623.16,1623.16,-1.33587178,0.51,42.89895188
1667054727.6826935,1623.16,1623.16,-1.33587178,0.51,42.89895188
1667054738.0164046,1623.16,1623.16,-1.33587178,0.51,42.89895188
1667054747.704334,1623.16,1622.86,-1.3598034,0.21,42.24154432
1667054758.1898112,1623.16,1622.86,-1.3598034,0.21,42.24154432
1667054767.876017,1623.16,1622.86,-1.3598034,0.21,42.24154432
1667054777.8320951,1620.93,1620.93,-1.64701679,-3.09,38.48709744
1667054787.858698,1620.93,1620.93,-1.64701679,-3.09,38.48709744
1667054798.110507,1620.93,1620.93,-1.64701679,-3.09,38.48709744
1667054808.1736195,1620.93,1619.68,-1.74673189,-4.34,36.24128204
1667054817.7850106,1620.93,1619.68,-1.74673189,-4.34,36.24128204
1667054827.8033795,1620.93,1619.68,-1.74673189,-4.34,36.24128204
1667054838.2678728,1619.84,1619.84,-1.8873582,-2.59,36.5140092
1667054848.3480778,1619.84,1619.84,-1.8873582,-2.59,36.5140092
1667054858.3947425,1619.84,1619.84,-1.8873582,-2.59,36.5140092
1667054868.5791004,1619.84,1619.21,-1.93761461,-3.22,35.38486949
1667054878.4065216,1619.84,1619.21,-1.93761461,-3.22,35.38486949
1667054888.410607,1619.84,1619.21,-1.93761461,-3.22,35.38486949
1667054898.377152,1618.59,1618.59,-2.16334608,-5.18,34.35712727
1667054909.345577,1618.59,1618.59,-2.16334608,-5.18,34.35712727
1667054918.3467588,1618.59,1618.59,-2.16334608,-5.18,34.35712727
1667054928.3910332,1618.59,1617.85,-2.22237742,-5.92,33.08506934
1667054938.441361,1618.59,1617.85,-2.22237742,-5.92,33.08506934
1667054948.3544948,1618.59,1617.85,-2.22237742,-5.92,33.08506934
1667054958.3535638,1616.19,1616.19,-2.61482709,-8.7,30.57533763
1667054968.5601394,1616.19,1616.19,-2.61482709,-8.7,30.57533763
1667054978.663218,1616.19,1616.19,-2.61482709,-8.7,30.57533763
1667054988.32648,1616.19,1617.83,-2.48400088,-7.06,35.74480888
1667054998.5752,1616.19,1617.83,-2.48400088,-7.06,35.74480888
1667055008.4612672,1616.19,1617.83,-2.48400088,-7.06,35.74480888
1667055019.0116358,1618.12,1618.12,-2.51593364,-5.93,36.59347371
1667055029.0805123,1618.12,1618.12,-2.51593364,-5.93,36.59347371
1667055038.9739523,1618.12,1618.12,-2.51593364,-5.93,36.59347371
1667055049.2223945,1618.12,1618.82,-2.46009318,-5.23,38.65978202
1667055059.084573,1618.12,1618.82,-2.46009318,-5.23,38.65978202
1667055069.39274,1618.12,1618.82,-2.46009318,-5.23,38.65978202
1667055079.267434,1618.08,1618.08,-2.53668492,-6.44,36.52279707
1667055089.3604164,1618.08,1618.08,-2.53668492,-6.44,36.52279707
1667055099.1251202,1618.08,1618.08,-2.53668492,-6.44,36.52279707
1667055109.2110658,1618.08,1617.69,-2.56779603,-6.83,35.79684775
1667055119.1711853,1618.08,1617.69,-2.56779603,-6.83,35.79684775
1667055129.1627538,1618.08,1617.69,-2.56779603,-6.83,35.79684775
1667055139.1357706,1617.37,1617.37,-2.62251825,-7.49,35.23970719
1667055149.0484216,1617.37,1617.37,-2.62251825,-7.49,35.23970719
1667055159.15711,1617.37,1617.37,-2.62251825,-7.49,35.23970719
1667055169.3391716,1617.37,1618.76,-2.51163506,-6.1,39.75726736
1667055179.1279583,1617.37,1618.76,-2.51163506,-6.1,39.75726736
1667055189.4211016,1617.37,1618.76,-2.51163506,-6.1,39.75726736
1667055199.6327882,1619.02,1619.02,-2.38163259,-5.25,40.53320748
1667055209.603717,1619.02,1619.02,-2.38163259,-5.25,40.53320748
1667055219.8156629,1619.02,1619.02,-2.38163259,-5.25,40.53320748
1667055229.632236,1619.02,1619.41,-2.35052148,-4.86,41.74528546
1667055239.6558566,1619.02,1619.41,-2.35052148,-4.86,41.74528546
1667055249.664007,1619.02,1619.41,-2.35052148,-4.86,41.74528546
1667055259.9857109,1619.37,1619.37,-2.2200266,-3.78,41.62560019
1667055269.730812,1619.37,1619.37,-2.2200266,-3.78,41.62560019
1667055279.568948,1619.37,1619.37,-2.2200266,-3.78,41.62560019
1667055289.6951482,1619.37,1618.03,-2.32692119,-5.12,38.68896292
1667055299.6373727,1619.37,1618.03,-2.32692119,-5.12,38.68896292
1667055314.6705918,1616.82,1616.82,-2.45045285,-4.12,36.39427515
1667055324.8148382,1616.82,1616.82,-2.45045285,-4.12,36.39427515
1667055330.122147,1616.82,1616.82,-2.45045285,-4.12,36.39427515
1667055339.950207,1616.82,1616.82,-2.45045285,-4.12,36.39427515
1667055349.7471883,1616.82,1618.57,-2.31085171,-2.37,41.80212514
1667055359.7809496,1616.82,1618.57,-2.31085171,-2.37,41.80212514
1667055369.8875427,1616.82,1618.57,-2.31085171,-2.37,41.80212514
1667055380.7623584,1619.14,1619.14,-2.11571707,-0.7,43.372412
1667055390.6652284,1619.14,1619.14,-2.11571707,-0.7,43.372412
1667055400.8079207,1619.14,1618.35,-2.17873701,-1.49,41.687356
1667055410.7523258,1619.14,1618.35,-2.17873701,-1.49,41.687356
1667055420.7116125,1619.14,1618.35,-2.17873701,-1.49,41.687356
1667055430.7812977,1618.78,1618.78,-2.02461328,0.2,42.58440439
1667055440.5714643,1618.78,1618.78,-2.02461328,0.2,42.58440439
1667055450.5084603,1618.78,1618.78,-2.02461328,0.2,42.58440439
1667055460.571659,1618.78,1618.78,-2.02461328,0.2,42.58440439
1667055470.5377066,1618.78,1619.59,-1.9599979,1.01,44.9859264
1667055480.590076,1618.78,1619.59,-1.9599979,1.01,44.9859264
1667055490.615898,1618.78,1619.59,-1.9599979,1.01,44.9859264
1667055500.6406431,1619.27,1619.27,-1.83901163,3.07,44.06384549
1667055510.5482352,1619.27,1619.27,-1.83901163,3.07,44.06384549
1667055520.6401188,1619.27,1619.27,-1.83901163,3.07,44.06384549
1667055530.5955803,1619.27,1619.55,-1.81667544,3.35,44.93561957
1667055540.9382942,1619.27,1619.55,-1.81667544,3.35,44.93561957
1667055550.9958308,1618.8,1618.8,-1.76907995,0.67,42.91535882
1667055561.214295,1618.8,1618.8,-1.76907995,0.67,42.91535882
1667055571.4007974,1618.8,1618.8,-1.76907995,0.67,42.91535882
1667055581.2209578,1618.8,1618.52,-1.79141613,0.39,42.21348812
1667055591.4423778,1618.8,1618.52,-1.79141613,0.39,42.21348812
1667055601.3902416,1618.8,1618.52,-1.79141613,0.39,42.21348812
1667055611.2673051,1618.8,1618.52,-1.79141613,0.39,42.21348812
1667055621.1114807,1618.59,1618.59,-1.69444108,0.51,42.38679466
1667055631.172214,1618.59,1618.59,-1.69444108,0.51,42.38679466
1667055641.2540903,1618.59,1619.05,-1.65774592,0.97,44.01343671
1667055656.3333817,1618.59,1619.05,-1.65774592,0.97,44.01343671
1667055661.1718223,1618.59,1619.05,-1.65774592,0.97,44.01343671
1667055676.33575,1619.58,1619.58,-1.46419561,2.22,45.77979586
1667055681.2281554,1619.58,1619.58,-1.46419561,2.22,45.77979586
1667055691.3220346,1619.58,1619.58,-1.46419561,2.22,45.77979586
1667055701.1852915,1619.58,1618.98,-1.51205886,1.62,44.07920698
1667055711.4623857,1619.58,1618.98,-1.51205886,1.62,44.07920698
1667141274.4477332,1595.46,1596.01,1.33245233,1.15,61.83204847
1667141284.4320948,1595.46,1596.01,1.33245233,1.15,61.83204847
1667141294.4964485,1597.47,1597.47,1.51696684,3.25,66.35508492
1667141304.502353,1597.47,1597.47,1.51696684,3.25,66.35508492
1667141314.6809726,1597.47,1597.47,1.51696684,3.25,66.35508492
1667141324.5976825,1597.47,1597.47,1.51696684,3.25,66.35508492
1667141334.6124198,1597.47,1596.79,1.46272183,2.57,62.6550031
1667141344.5175605,1597.47,1596.79,1.46272183,2.57,62.6550031
1667141354.7041557,1596.46,1596.46,1.41084175,1.85,60.99244059
1667141364.7147732,1596.46,1596.46,1.41084175,1.85,60.99244059
1667141374.8354704,1596.46,1596.46,1.41084175,1.85,60.99244059
1667141384.5921938,1596.46,1597.78,1.51614089,3.17,64.99383562
1667141394.7123458,1596.46,1597.78,1.51614089,3.17,64.99383562
1667141404.470054,1596.46,1597.78,1.51614089,3.17,64.99383562
1667141414.515613,1597.14,1597.14,1.47086831,1.86,63.1616527
1667141424.610382,1597.14,1597.14,1.47086831,1.86,63.1616527
1667141434.5276,1597.14,1597.14,1.47086831,1.86,63.1616527
1667141444.5272,1597.14,1598.42,1.57297658,3.14,66.89371922
1667141460.1198485,1597.14,1598.42,1.57297658,3.14,66.89371922
1667141464.9791255,1597.14,1598.42,1.57297658,3.14,66.89371922
1667141475.0577755,1598.02,1598.02,1.58303498,2.01,65.81133513
1667141484.9962935,1598.02,1598.02,1.58303498,2.01,65.81133513
1667141494.892777,1598.02,1598.02,1.58303498,2.01,65.81133513
1667141505.018025,1598.02,1597.42,1.53517173,1.41,62.50995065
1667141514.8867905,1598.02,1597.42,1.53517173,1.41,62.50995065
1667141524.8752944,1598.02,1597.42,1.53517173,1.41,62.50995065
1667141534.939841,1597.73,1597.73,1.55687988,2.74,64.17320857
1667141544.876434,1597.73,1597.73,1.55687988,2.74,64.17320857
1667141554.8348997,1597.73,1597.73,1.55687988,2.74,64.17320857
1667141565.1383972,1597.73,1597.47,1.53613914,2.48,62.66713353
1667141575.064252,1597.73,1597.47,1.53613914,2.48,62.66713353
1667141585.0477169,1597.73,1597.47,1.53613914,2.48,62.66713353
1667141595.1669073,1597.07,1597.07,1.44285549,2.45,60.46773246
1667141605.054979,1597.07,1597.07,1.44285549,2.45,60.46773246
1667141615.2151892,1597.07,1597.07,1.44285549,2.45,60.46773246
1667141625.2492652,1597.07,1596.3,1.38143099,1.68,56.41179272
1667141635.8117273,1597.07,1596.3,1.38143099,1.68,56.41179272
1667141645.9885547,1597.07,1596.3,1.38143099,1.68,56.41179272
1667141655.8519611,1595.85,1595.85,1.20710566,0.99,54.27108662
1667141665.982719,1595.85,1595.85,1.20710566,0.99,54.27108662
1667141675.9532392,1595.85,1595.85,1.20710566,0.99,54.27108662
1667141685.857824,1595.85,1597.3,1.32277518,2.44,59.59945013
1667141695.819916,1595.85,1597.3,1.32277518,2.44,59.59945013
1667141705.9386716,1595.85,1597.3,1.32277518,2.44,59.59945013
1667141716.1032877,1596.79,1596.79,1.21715032,0.31,57.87526793
1667141725.7862315,1596.79,1596.79,1.21715032,0.31,57.87526793
1667141736.266651,1596.79,1596.79,1.21715032,0.31,57.87526793
1667141745.801418,1596.79,1596.79,1.21715032,0.31,57.87526793
1667141755.8372998,1596.79,1596.79,1.21715032,0.31,57.87526793
1667141765.7424908,1596.79,1596.79,1.21715032,0.31,57.87526793
1667141775.8935246,1597.04,1597.04,1.18466099,1.59,58.81736384
1667141785.8016832,1597.04,1597.04,1.18466099,1.59,58.81736384
1667141795.8670442,1597.04,1597.04,1.18466099,1.59,58.81736384
1667141805.8205376,1597.04,1597.41,1.21417666,1.96,60.21406457
1667141816.6545484,1597.04,1597.41,1.21417666,1.96,60.21406457
1667141826.5049546,1597.04,1597.41,1.21417666,1.96,60.21406457
1667141836.6039338,1597.12,1597.12,1.14513097,-0.34,59.10616893
1667141846.4674504,1597.12,1597.12,1.14513097,-0.34,59.10616893
1667141856.360307,1597.12,1597.12,1.14513097,-0.34,59.10616893
1667141866.444695,1597.12,1597.57,1.18102841,0.11,60.9086495
1667141876.3665936,1597.12,1597.57,1.18102841,0.11,60.9086495
1667141886.5589008,1597.12,1597.57,1.18102841,0.11,60.9086495
1667141896.8352308,1598.01,1598.01,1.22191381,1.55,62.48091366
1667141906.437743,1598.01,1598.01,1.22191381,1.55,62.48091366
1667141916.5971763,1598.01,1598.01,1.22191381,1.55,62.48091366
1667141926.5423737,1598.01,1598.25,1.24105911,1.79,63.38625077
1667141936.4305923,1598.01,1598.25,1.24105911,1.79,63.38625077
1667141946.4690444,1598.01,1598.25,1.24105911,1.79,63.38625077
1667141956.3508298,1598.11,1598.11,1.22603306,0.97,62.87781861
1667141966.4881396,1598.11,1598.11,1.22603306,0.97,62.87781861
1667141976.5270846,1598.11,1598.11,1.22603306,0.97,62.87781861
1667141986.4289787,1598.11,1599.15,1.30899602,2.01,66.58943141
1667141997.5154142,1598.11,1599.15,1.30899602,2.01,66.58943141
1667142007.55786,1598.11,1599.15,1.30899602,2.01,66.58943141
1667142017.561108,1598.95,1598.95,1.32716714,0.93,65.93699957
1667142027.7185943,1598.95,1598.95,1.32716714,0.93,65.93699957
1667142037.5510292,1598.95,1598.95,1.32716714,0.93,65.93699957
1667142047.5708785,1598.95,1599.0,1.33115575,0.98,66.11583205
1667142057.518773,1598.95,1599.0,1.33115575,0.98,66.11583205
1667142067.5121987,1598.95,1599.0,1.33115575,0.98,66.11583205
1667142077.682268,1598.84,1598.84,1.32385438,1.11,65.21193323
1667142087.6785855,1598.84,1598.84,1.32385438,1.11,65.21193323
1667142097.6566443,1598.84,1598.84,1.32385438,1.11,65.21193323
1667142107.6297195,1598.84,1598.06,1.26163216,0.33,59.94669779
1667142117.7093415,1598.84,1598.06,1.26163216,0.33,59.94669779
1667142127.7494705,1598.84,1598.06,1.26163216,0.33,59.94669779
1667142137.8297293,1598.66,1598.66,1.28760195,1.6,63.91641701
1667142152.967964,1598.66,1598.66,1.28760195,1.6,63.91641701
1667142157.750267,1598.66,1598.66,1.28760195,1.6,63.91641701
1667142167.7930477,1598.66,1597.85,1.22298657,0.79,58.30327621
1667142178.4010625,1598.66,1597.85,1.22298657,0.79,58.30327621
1667142188.2279806,1598.66,1597.85,1.22298657,0.79,58.30327621
1667142198.2871668,1597.96,1597.96,1.1574376,2.1,59.00202392
1667142208.2383783,1597.96,1597.96,1.1574376,2.1,59.00202392
1667142218.2280478,1597.96,1597.96,1.1574376,2.1,59.00202392
1667142228.352775,1597.96,1597.73,1.13909002,1.87,57.44097411
1667142238.174523,1597.96,1597.73,1.13909002,1.87,57.44097411
1667142248.2866018,1597.96,1597.73,1.13909002,1.87,57.44097411
1667142258.373228,1598.06,1598.06,1.0989118,1.27,59.50663623
1667142268.182613,1598.06,1598.06,1.0989118,1.27,59.50663623
1667142278.2105885,1598.06,1598.06,1.0989118,1.27,59.50663623
1667142288.2525206,1598.06,1597.95,1.09013687,1.16,58.71452867
1667142298.2182794,1598.06,1597.95,1.09013687,1.16,58.71452867
1667142308.354093,1598.06,1597.95,1.09013687,1.16,58.71452867
1667142318.3974116,1597.95,1597.95,1.01874431,0.96,58.69681049
1667142328.5584333,1597.95,1597.95,1.01874431,0.96,58.69681049
1667142338.3557577,1597.95,1597.95,1.01874431,0.96,58.69681049
1667142348.6343973,1597.95,1597.95,1.01874431,0.96,58.69681049
1667142358.817049,1597.95,1597.95,1.01874431,0.96,58.69681049
1667142368.865002,1597.95,1597.95,1.01874431,0.96,58.69681049
1667142378.924163,1598.2,1598.2,0.98655006,1.07,60.03836179
1667142388.7747145,1598.2,1598.2,0.98655006,1.07,60.03836179
1667142398.8875806,1598.2,1598.2,0.98655006,1.07,60.03836179
1667142408.907565,1598.2,1597.44,0.92592328,0.31,54.29456402
1667142419.089664,1598.2,1597.44,0.92592328,0.31,54.29456402
1667142428.9075253,1598.2,1597.44,0.92592328,0.31,54.29456402
1667142438.756356,1597.07,1597.07,0.77534442,-0.95,51.86809988
1667142448.800181,1597.07,1597.07,0.77534442,-0.95,51.86809988
1667142458.8140671,1597.07,1597.07,0.77534442,-0.95,51.86809988
1667142468.7329917,1597.07,1597.5,0.80964641,-0.52,54.41766168
1667142478.8998346,1597.07,1597.5,0.80964641,-0.52,54.41766168
1667142488.8929603,1597.07,1597.5,0.80964641,-0.52,54.41766168
1667142503.756498,1597.51,1597.51,0.733858,-0.6,54.473744
1667142508.7759311,1597.51,1597.51,0.733858,-0.6,54.473744
1667142518.8994975,1597.51,1597.51,0.733858,-0.6,54.473744
1667142528.8607993,1597.51,1597.6,0.74103748,-0.51,55.01024464
1667142539.7550464,1597.51,1597.6,0.74103748,-0.51,55.01024464
1667142549.6904998,1597.51,1597.6,0.74103748,-0.51,55.01024464
1667142559.8154852,1597.36,1597.36,0.64428719,-1.58,53.41218125
1667142569.686545,1597.36,1597.36,0.64428719,-1.58,53.41218125
1667142579.713518,1597.36,1597.36,0.64428719,-1.58,53.41218125
1667142596.0343304,1597.36,1596.19,0.55095386,-2.75,45.8987459
1667142599.7634676,1597.36,1596.19,0.55095386,-2.75,45.8987459
1667142610.122883,1597.36,1596.19,0.55095386,-2.75,45.8987459
1667142619.7436132,1595.83,1595.83,0.35924274,-3.01,44.01330249
1667142634.718866,1595.83,1595.83,0.35924274,-3.01,44.01330249
1667142640.0423958,1595.83,1595.83,0.35924274,-3.01,44.01330249
1667142655.7834475,1595.83,1595.43,0.32733391,-3.41,41.91736738
1667142659.708337,1595.83,1595.43,0.32733391,-3.41,41.91736738
1667142669.7886057,1595.83,1595.43,0.32733391,-3.41,41.91736738
1667142679.7354934,1595.13,1595.13,0.12850295,-3.53,40.50823272
1667142689.831343,1595.13,1595.13,0.12850295,-3.53,40.50823272
1667142699.7932372,1595.13,1595.13,0.12850295,-3.53,40.50823272
1667142709.8364031,1595.13,1594.69,0.09340324,-3.97,38.40647588
1667142720.5468104,1595.13,1594.69,0.09340324,-3.97,38.40647588
1667142730.460486,1595.13,1594.69,0.09340324,-3.97,38.40647588
1667142740.4714024,1595.12,1595.12,-0.01077949,-2.85,40.43515299
1667142750.5380242,1595.12,1595.12,-0.01077949,-2.85,40.43515299
1667142760.8076143,1595.12,1595.12,-0.01077949,-2.85,40.43515299
1667142770.681537,1595.12,1593.68,-0.12565129,-4.29,33.96494668
1667142780.50976,1595.12,1593.68,-0.12565129,-4.29,33.96494668
1667142790.602568,1595.12,1593.68,-0.12565129,-4.29,33.96494668
1667142800.5507507,1594.69,1594.69,-0.17994194,-3.36,38.25882294
1667142810.7871556,1594.69,1594.69,-0.17994194,-3.36,38.25882294
1667142820.6403797,1594.69,1594.69,-0.17994194,-3.36,38.25882294
1667142830.6638684,1594.69,1594.54,-0.19190776,-3.51,37.50057527
1667142840.674297,1594.69,1594.54,-0.19190776,-3.51,37.50057527
1667142850.651617,1594.69,1594.54,-0.19190776,-3.51,37.50057527
1667142860.6747751,1594.43,1594.43,-0.31968957,-3.51,36.95965252
1667142870.6658394,1594.43,1594.43,-0.31968957,-3.51,36.95965252
1667142880.7043958,1594.43,1594.43,-0.31968957,-3.51,36.95965252
1667142890.64355,1594.43,1593.88,-0.36356421,-4.06,34.31307181
1667142901.2722583,1594.43,1593.88,-0.36356421,-4.06,34.31307181
1667142911.2500167,1594.43,1593.88,-0.36356421,-4.06,34.31307181
1667142921.313306,1593.6,1593.6,-0.52662535,-4.59,33.1029992
1667142931.3323743,1593.6,1593.6,-0.52662535,-4.59,33.1029992
1667142941.369267,1593.6,1593.6,-0.52662535,-4.59,33.1029992
1667142951.2812612,1593.6,1593.78,-0.51226638,-4.41,34.65254553
1667142961.254203,1593.6,1593.78,-0.51226638,-4.41,34.65254553
1667142971.4649563,1593.6,1593.78,-0.51226638,-4.41,34.65254553
1667142981.4745564,1593.98,1593.98,-0.57716986,-3.09,36.36986041
1667142991.371714,1593.98,1593.98,-0.57716986,-3.09,36.36986041
1667143001.4282625,1593.98,1593.98,-0.57716986,-3.09,36.36986041
1667143011.4210403,1593.98,1593.99,-0.57637214,-3.08,36.42031539
1667143021.4766078,1593.98,1593.99,-0.57637214,-3.08,36.42031539
1667143031.4438496,1593.98,1593.99,-0.57637214,-3.08,36.42031539
1667143041.338568,1594.48,1594.48,-0.56388639,-3.03,40.46714771
1667143051.3737285,1594.48,1594.48,-0.56388639,-3.03,40.46714771
1667143061.484396,1594.48,1594.48,-0.56388639,-3.03,40.46714771
1667143071.476422,1594.48,1595.47,-0.48491203,-2.04,47.70896957
1667143082.2028434,1594.48,1595.47,-0.48491203,-2.04,47.70896957
1667143092.3074713,1595.57,1595.57,-0.42421768,-1.79,48.34368546
1667143102.0680354,1595.57,1595.57,-0.42421768,-1.79,48.34368546
1667143112.2707708,1595.57,1595.57,-0.42421768,-1.79,48.34368546
1667143122.087857,1595.57,1595.06,-0.46490145,-2.3,45.32221628
1667143132.061989,1595.57,1595.06,-0.46490145,-2.3,45.32221628
1667143142.4515016,1595.57,1595.06,-0.46490145,-2.3,45.32221628
1667143152.2221012,1595.88,1595.88,-0.33425832,0.06,50.35541873
1667143162.1531565,1595.88,1595.88,-0.33425832,0.06,50.35541873
1667143172.0653849,1595.88,1595.88,-0.33425832,0.06,50.35541873
1667143187.0849748,1595.88,1595.91,-0.33186516,0.09,50.55609867
1667143197.1010158,1595.88,1595.91,-0.33186516,0.09,50.55609867
1667143202.3600094,1595.88,1595.91,-0.33186516,0.09,50.55609867
1667143212.0992768,1595.89,1595.89,-0.27792935,0.77,50.4224928
1667143222.223567,1595.89,1595.89,-0.27792935,0.77,50.4224928
1667143232.0931103,1595.89,1595.89,-0.27792935,0.77,50.4224928
1667143242.2221196,1595.89,1595.38,-0.31861311,0.26,46.9393242
1667143252.2327628,1595.89,1595.38,-0.31861311,0.26,46.9393242
1667143262.7227333,1595.89,1595.38,-0.31861311,0.26,46.9393242
1667143272.6400664,1594.9,1594.9,-0.37120353,-0.22,44.07381448
1667143282.7098598,1594.9,1594.9,-0.37120353,-0.22,44.07381448
1667143292.6290898,1594.9,1594.9,-0.37120353,-0.22,44.07381448
1667143302.7311928,1594.9,1594.86,-0.37439442,-0.26,43.83366796
1667143312.657034,1594.9,1594.86,-0.37439442,-0.26,43.83366796
1667143322.8272762,1594.9,1594.86,-0.37439442,-0.26,43.83366796
1667143332.821529,1595.53,1595.53,-0.28911849,0.84,48.516232
1667143342.7466922,1595.53,1595.53,-0.28911849,0.84,48.516232
1667143352.6918178,1595.53,1595.53,-0.28911849,0.84,48.516232
1667143362.6081066,1595.53,1596.96,-0.17504442,2.27,56.88744039
1667143372.703628,1595.53,1596.96,-0.17504442,2.27,56.88744039
1667143382.6949122,1595.53,1596.96,-0.17504442,2.27,56.88744039
1667143392.673911,1597.4,1597.4,0.00346112,2.96,58.94161037
1667143402.9466393,1597.4,1597.4,0.00346112,2.96,58.94161037
1667143413.1214013,1597.4,1597.4,0.00346112,2.96,58.94161037
1667143422.9046066,1597.4,1598.1,0.05930157,3.66,62.04034823
1667143432.825569,1597.4,1598.1,0.05930157,3.66,62.04034823
1667143443.5021963,1597.4,1598.1,0.05930157,3.66,62.04034823
1667143453.5630798,1599.11,1599.11,0.35750652,5.5,65.76802476
1667143463.4437685,1599.11,1599.11,0.35750652,5.5,65.76802476
1667143473.5531726,1599.11,1599.11,0.35750652,5.5,65.76802476
1667143483.7074947,1599.11,1598.46,0.30565467,4.85,61.57708163
1667143493.4150505,1599.11,1598.46,0.30565467,4.85,61.57708163
1667143503.4904633,1599.11,1598.46,0.30565467,4.85,61.57708163
1667143513.580373,1598.8,1598.8,0.47950596,4.81,63.67544285
1667143523.5256827,1598.8,1598.8,0.47950596,4.81,63.67544285
1667143533.674223,1598.8,1598.8,0.47950596,4.81,63.67544285
1667143543.5646465,1598.8,1598.12,0.42526095,4.13,59.30083734
1667143553.440286,1598.8,1598.12,0.42526095,4.13,59.30083734
1667143563.484167,1598.8,1598.12,0.42526095,4.13,59.30083734
1667143573.5752878,1598.82,1598.82,0.59245221,4.34,63.75444918
1667143583.4641583,1598.82,1598.82,0.59245221,4.34,63.75444918
1667143593.6036963,1598.82,1598.82,0.59245221,4.34,63.75444918
1667143603.4593625,1598.82,1598.06,0.53182542,3.58,58.54359162
1667143613.8832512,1598.82,1598.06,0.53182542,3.58,58.54359162
1667143624.1406193,1598.82,1598.06,0.53182542,3.58,58.54359162
1667143634.3688242,1598.85,1598.85,0.67656624,3.28,63.88459355
1667143644.1422973,1598.85,1598.85,0.67656624,3.28,63.88459355
1667143654.0933964,1598.85,1598.85,0.67656624,3.28,63.88459355
1667143664.2694805,1598.85,1597.96,0.60556909,2.39,57.47491894
1667143674.1249092,1598.85,1597.96,0.60556909,2.39,57.47491894
1667143684.2491093,1598.85,1597.96,0.60556909,2.39,57.47491894
1667143694.1397,1597.79,1597.79,0.58304726,1.91,56.37849658
1667143704.080891,1597.79,1597.79,0.58304726,1.91,56.37849658
1667143714.124849,1597.79,1597.79,0.58304726,1.91,56.37849658
1667143724.1096482,1597.79,1597.35,0.54794754,1.47,53.57210561
1667143734.0828118,1597.79,1597.35,0.54794754,1.47,53.57210561
1667143744.2843392,1597.79,1597.35,0.54794754,1.47,53.57210561
1667143754.1773248,1597.16,1597.16,0.48094908,1.27,52.43910526
1667143764.1187546,1597.16,1597.16,0.48094908,1.27,52.43910526
1667143774.1512916,1597.16,1597.16,0.48094908,1.27,52.43910526
1667143784.221435,1597.16,1596.92,0.46180378,1.03,50.97264328
1667143794.1728208,1597.16,1596.92,0.46180378,1.03,50.97264328
1667143805.616151,1597.16,1596.92,0.46180378,1.03,50.97264328
1667143815.6012335,1596.81,1596.81,0.38475863,1.91,50.33121242
1667143825.4447455,1596.81,1596.81,0.38475863,1.91,50.33121242
1667143835.556073,1596.81,1596.81,0.38475863,1.91,50.33121242
1667143845.587987,1596.81,1597.0,0.39991532,2.1,51.47087796
1667143855.4438765,1596.81,1597.0,0.39991532,2.1,51.47087796
1667143865.4950707,1596.81,1597.0,0.39991532,2.1,51.47087796
1667143875.5255735,1598.03,1598.03,0.50058899,2.5,56.8201675
1667143885.6438377,1598.03,1598.03,0.50058899,2.5,56.8201675
1667143895.4047124,1598.03,1598.03,0.50058899,2.5,56.8201675
1667143905.445223,1598.03,1598.67,0.55164312,3.14,59.81123648
1667143915.477269,1598.03,1598.67,0.55164312,3.14,59.81123648
1667143925.5816736,1598.03,1598.67,0.55164312,3.14,59.81123648
1667143935.78086,1598.49,1598.49,0.57440282,1.09,58.99197738
1667143945.5307708,1598.49,1598.49,0.57440282,1.09,58.99197738
1667143955.56591,1598.49,1598.49,0.57440282,1.09,58.99197738
1667143965.5127084,1598.49,1598.79,0.59833445,1.39,60.41790891
1667143975.5048404,1598.49,1598.79,0.59833445,1.39,60.41790891
1667143985.9976428,1598.49,1598.79,0.59833445,1.39,60.41790891
1667143996.0863934,1599.0,1599.0,0.66779248,-0.11,61.3485431
1667144006.1798997,1599.0,1599.0,0.66779248,-0.11,61.3485431
1667144016.2738452,1599.0,1599.0,0.66779248,-0.11,61.3485431
1667144026.06652,1599.0,1598.9,0.65981527,-0.21,60.64557473
1667144036.1313882,1599.0,1598.9,0.65981527,-0.21,60.64557473
1667144046.0845582,1599.0,1598.9,0.65981527,-0.21,60.64557473
1667144056.240541,1598.91,1598.91,0.68937847,0.12,60.71782177
1667144066.2706125,1598.91,1598.91,0.68937847,0.12,60.71782177
1667144076.3059435,1598.91,1598.91,0.68937847,0.12,60.71782177
1667144085.9477384,1598.91,1598.9,0.68858075,0.11,60.64002439
1667144096.107063,1598.91,1598.9,0.68858075,0.11,60.64002439
1667144106.387015,1598.91,1598.9,0.68858075,0.11,60.64002439
1667144116.148276,1598.56,1598.56,0.65458249,-0.26,58.10858229
1667144126.0406108,1598.56,1598.56,0.65458249,-0.26,58.10858229
1667144136.202767,1598.56,1598.56,0.65458249,-0.26,58.10858229
1667144146.2414362,1598.56,1598.1,0.61788733,-0.72,54.77685588
1667144156.1742485,1598.56,1598.1,0.61788733,-0.72,54.77685588
1667233242.1075213,1576.96,1577.69,2.37727431,16.03,60.84108573
1667233247.2096891,1576.96,1577.69,2.37727431,16.03,60.84108573
1667233257.1320689,1576.96,1577.69,2.37727431,16.03,60.84108573
1667233267.0947418,1576.96,1577.69,2.37727431,16.03,60.84108573
1667233277.0965877,1578.32,1578.32,2.62635478,16.04,61.569898
1667233287.047975,1578.32,1578.32,2.62635478,16.04,61.569898
1667233297.1203115,1578.32,1578.32,2.62635478,16.04,61.569898
1667233307.2021298,1578.32,1577.51,2.5617394,15.23,60.02310344
1667233317.1478024,1578.32,1577.51,2.5617394,15.23,60.02310344
1667233327.1495612,1578.32,1577.51,2.5617394,15.23,60.02310344
1667233337.2414482,1577.46,1577.46,2.63124282,11.79,59.92873759
1667233347.1834953,1577.46,1577.46,2.63124282,11.79,59.92873759
1667233357.174048,1577.46,1577.46,2.63124282,11.79,59.92873759
1667233367.1671937,1577.46,1580.92,2.90725421,15.25,64.08253643
1667233377.1040776,1577.46,1580.92,2.90725421,15.25,64.08253643
1667233388.1550508,1577.46,1580.92,2.90725421,15.25,64.08253643
1667233398.1921585,1581.26,1581.26,3.19538883,15.15,64.44419948
1667233408.168429,1581.26,1581.26,3.19538883,15.15,64.44419948
1667233418.1240363,1581.26,1581.26,3.19538883,15.15,64.44419948
1667233428.1582882,1581.26,1579.25,3.03504695,13.14,60.56180953
1667233438.162049,1581.26,1579.25,3.03504695,13.14,60.56180953
1667233448.1846704,1581.26,1579.25,3.03504695,13.14,60.56180953
1667233458.2923424,1578.29,1578.29,2.94300831,13.12,58.86373744
1667233468.2746038,1578.29,1578.29,2.94300831,13.12,58.86373744
1667233478.2423584,1578.29,1578.29,2.94300831,13.12,58.86373744
1667233488.2402215,1578.29,1577.36,2.86882028,12.19,57.20022904
1667233498.3287015,1578.29,1577.36,2.86882028,12.19,57.20022904
1667233508.252239,1578.29,1577.36,2.86882028,12.19,57.20022904
1667233518.2324574,1576.9,1576.9,2.70149036,6.76,56.40916728
1667233528.306061,1576.9,1576.9,2.70149036,6.76,56.40916728
1667233538.2738988,1576.9,1576.9,2.70149036,6.76,56.40916728
1667233548.301567,1576.9,1575.81,2.61453879,5.67,54.48628297
1667233558.2527368,1576.9,1575.81,2.61453879,5.67,54.48628297
1667233568.989117,1576.9,1575.81,2.61453879,5.67,54.48628297
1667233578.765342,1575.84,1575.84,2.41851074,-1.55,54.53745034
1667233588.6569026,1575.84,1575.84,2.41851074,-1.55,54.53745034
1667233598.6960845,1575.84,1575.84,2.41851074,-1.55,54.53745034
1667233608.728641,1575.84,1575.01,2.35229991,-2.38,53.0530277
1667233618.7118213,1575.84,1575.01,2.35229991,-2.38,53.0530277
1667233628.9802327,1575.84,1575.01,2.35229991,-2.38,53.0530277
1667233638.7095025,1576.22,1576.22,2.28859298,-3.33,55.1136139
1667233648.7226434,1576.22,1576.22,2.28859298,-3.33,55.1136139
1667233658.728583,1576.22,1576.22,2.28859298,-3.33,55.1136139
1667233668.7576163,1576.22,1575.24,2.21041634,-4.31,53.2455836
1667233678.6634204,1576.22,1575.24,2.21041634,-4.31,53.2455836
1667233688.7443264,1576.22,1575.24,2.21041634,-4.31,53.2455836
1667233698.852642,1575.86,1575.86,2.08670943,-6.42,54.41462368
1667233708.804567,1575.86,1575.86,2.08670943,-6.42,54.41462368
1667233718.746439,1575.86,1575.86,2.08670943,-6.42,54.41462368
1667233728.712655,1575.86,1574.08,1.94471512,-8.2,50.95562097
1667233738.768581,1575.86,1574.08,1.94471512,-8.2,50.95562097
1667233748.704885,1575.86,1574.08,1.94471512,-8.2,50.95562097
1667233758.881494,1573.18,1573.18,1.54840673,-3.78,49.36886223
1667233768.6956043,1573.18,1573.18,1.54840673,-3.78,49.36886223
1667233778.733501,1573.18,1573.18,1.54840673,-3.78,49.36886223
1667233788.7059276,1573.18,1574.01,1.61461756,-2.95,50.8877609
1667233798.695859,1573.18,1574.01,1.61461756,-2.95,50.8877609
1667233808.7548003,1573.18,1574.01,1.61461756,-2.95,50.8877609
1667233818.7668762,1571.13,1571.13,0.98671949,-7.19,45.86538066
1667233828.7560103,1571.13,1571.13,0.98671949,-7.19,45.86538066
1667233838.810345,1571.13,1571.13,0.98671949,-7.19,45.86538066
1667233848.7559898,1571.13,1571.22,0.99389897,-7.1,46.04640644
1667233858.732996,1571.13,1571.22,0.99389897,-7.1,46.04640644
1667233868.7771728,1571.13,1571.22,0.99389897,-7.1,46.04640644
1667233878.7888808,1568.91,1568.91,0.3497057,-8.56,42.35961771
1667233888.763524,1568.91,1568.91,0.3497057,-8.56,42.35961771
1667233898.788158,1568.91,1568.91,0.3497057,-8.56,42.35961771
1667233908.82707,1568.91,1571.15,0.52839516,-6.32,46.77992775
1667233918.7774334,1568.91,1571.15,0.52839516,-6.32,46.77992775
1667233929.993902,1568.91,1571.15,0.52839516,-6.32,46.77992775
1667233939.932803,1569.05,1569.05,0.00455929,-12.21,42.65891508
1667233949.918123,1569.05,1569.05,0.00455929,-12.21,42.65891508
1667233959.921914,1569.05,1569.05,0.00455929,-12.21,42.65891508
1667233969.983131,1569.05,1570.46,0.11703792,-10.8,45.7002877
1667233979.9465816,1569.05,1570.46,0.11703792,-10.8,45.7002877
1667233990.017733,1569.05,1570.46,0.11703792,-10.8,45.7002877
1667234000.201122,1570.15,1570.15,-0.11853272,-8.13,45.05961233
1667234009.9915452,1570.15,1570.15,-0.11853272,-8.13,45.05961233
1667234019.9686408,1570.15,1570.15,-0.11853272,-8.13,45.05961233
1667234030.0115814,1570.15,1569.01,-0.20947289,-9.27,43.04810164
1667234040.032652,1570.15,1569.01,-0.20947289,-9.27,43.04810164
1667234049.9983325,1570.15,1569.01,-0.20947289,-9.27,43.04810164
1667234060.066721,1569.18,1569.18,-0.41887668,-7.72,43.33527952
1667234069.9879973,1569.18,1569.18,-0.41887668,-7.72,43.33527952
1667234080.045625,1569.18,1569.18,-0.41887668,-7.72,43.33527952
1667234090.352078,1569.18,1566.91,-0.5999593,-9.99,39.52625436
1667234100.016055,1569.18,1566.91,-0.5999593,-9.99,39.52625436
1667234110.3898144,1565.95,1565.95,-1.0460167,-9.89,38.10963742
1667234120.4109006,1565.95,1565.95,-1.0460167,-9.89,38.10963742
1667234130.4084003,1565.95,1565.95,-1.0460167,-9.89,38.10963742
1667234140.4524574,1565.95,1565.64,-1.07074604,-10.2,37.64050296
1667234150.465962,1565.95,1565.64,-1.07074604,-10.2,37.64050296
1667234160.4463246,1565.95,1565.64,-1.07074604,-10.2,37.64050296
1667234170.4091296,1565.83,1565.83,-1.34115134,-10.38,37.93821889
1667234180.586397,1565.83,1565.83,-1.34115134,-10.38,37.93821889
1667234190.467765,1565.83,1565.83,-1.34115134,-10.38,37.93821889
1667234200.421573,1565.83,1568.45,-1.13214849,-7.76,44.2292478
1667234210.5123217,1565.83,1568.45,-1.13214849,-7.76,44.2292478
1667234220.4301405,1565.83,1568.45,-1.13214849,-7.76,44.2292478
1667234230.5003295,1566.54,1566.54,-1.44860611,-9.32,39.77907424
1667234240.5116067,1566.54,1566.54,-1.44860611,-9.32,39.77907424
1667234250.5539968,1566.54,1566.54,-1.44860611,-9.32,39.77907424
1667234260.5225887,1566.54,1566.16,-1.4789195,-9.7,39.11042569
1667234270.4865067,1566.54,1566.16,-1.4789195,-9.7,39.11042569
1667234280.4588492,1566.54,1566.16,-1.4789195,-9.7,39.11042569
1667234290.8725958,1566.54,1566.16,-1.4789195,-9.7,39.11042569
1667234300.7589374,1567.1,1567.1,-1.48088173,-6.08,41.26531062
1667234310.8176346,1567.1,1567.1,-1.48088173,-6.08,41.26531062
1667234320.8402596,1567.1,1567.1,-1.48088173,-6.08,41.26531062
1667234330.9061496,1567.1,1567.73,-1.43062532,-5.45,42.95556598
1667234340.8900795,1567.1,1567.73,-1.43062532,-5.45,42.95556598
1667234350.8272336,1566.52,1566.52,-1.6069077,-4.61,40.16533316
1667234360.8747797,1566.52,1566.52,-1.6069077,-4.61,40.16533316
1667234370.849826,1566.52,1566.52,-1.6069077,-4.61,40.16533316
1667234380.856164,1566.52,1566.18,-1.63403021,-4.95,39.50061411
1667234390.852816,1566.52,1566.18,-1.63403021,-4.95,39.50061411
1667234400.8570373,1566.52,1566.18,-1.63403021,-4.95,39.50061411
1667234410.8560126,1566.46,1566.46,-1.66018161,-2.45,40.05849616
1667234420.838969,1566.46,1566.46,-1.66018161,-2.45,40.05849616
1667234430.909816,1566.46,1566.46,-1.66018161,-2.45,40.05849616
1667234440.8793995,1566.46,1565.87,-1.70724714,-3.04,38.83036404
1667234450.9026735,1566.46,1565.87,-1.70724714,-3.04,38.83036404
1667234460.944703,1566.46,1565.87,-1.70724714,-3.04,38.83036404
1667234472.1667197,1565.67,1565.67,-1.79030238,-3.37,38.43426056
1667234482.269317,1565.67,1565.67,-1.79030238,-3.37,38.43426056
1667234492.199525,1565.67,1565.67,-1.79030238,-3.37,38.43426056
1667234502.372142,1565.67,1560.83,-2.17639925,-8.21,30.36240456
1667234512.3479872,1565.67,1560.83,-2.17639925,-8.21,30.36240456
1667234522.2275271,1565.67,1560.83,-2.17639925,-8.21,30.36240456
1667234532.2291696,1562.01,1562.01,-2.33985866,-8.14,32.00093371
1667234542.3739254,1562.01,1562.01,-2.33985866,-8.14,32.00093371
1667234552.6289642,1562.01,1562.01,-2.33985866,-8.14,32.00093371
1667234562.325478,1562.01,1558.12,-2.65017205,-12.03,26.85568353
1667234572.2829783,1562.01,1558.12,-2.65017205,-12.03,26.85568353
1667234582.2992587,1562.01,1558.12,-2.65017205,-12.03,26.85568353
1667234592.229591,1556.44,1556.44,-3.30301446,-12.75,25.13338274
1667234602.246219,1556.44,1556.44,-3.30301446,-12.75,25.13338274
1667234612.2268617,1556.44,1556.44,-3.30301446,-12.75,25.13338274
1667234622.251067,1556.44,1556.74,-3.27908284,-12.45,26.05595186
1667234632.2758973,1556.44,1556.74,-3.27908284,-12.45,26.05595186
1667234642.211923,1556.44,1556.74,-3.27908284,-12.45,26.05595186
1667234652.648307,1556.44,1556.74,-3.27908284,-12.45,26.05595186
1667234662.653311,1558.14,1558.14,-3.43030321,-7.81,30.09155153
1667234672.967631,1558.14,1558.14,-3.43030321,-7.81,30.09155153
1667234682.7502353,1558.14,1559.22,-3.34414937,-6.73,33.09742548
1667234692.6457338,1558.14,1559.22,-3.34414937,-6.73,33.09742548
1667234702.7639844,1558.14,1559.22,-3.34414937,-6.73,33.09742548
1667234712.640768,1560.37,1560.37,-3.28319078,-5.45,36.04312998
1667234722.7397816,1560.37,1560.37,-3.28319078,-5.45,36.04312998
1667234732.7249966,1560.37,1560.37,-3.28319078,-5.45,36.04312998
1667234742.7417738,1560.37,1560.59,-3.26564092,-5.23,36.61768756
1667234752.7244363,1560.37,1560.59,-3.26564092,-5.23,36.61768756
1667234762.6808913,1560.37,1560.59,-3.26564092,-5.23,36.61768756
1667234772.852054,1561.42,1561.42,-3.12145064,-5.12,38.69730587
1667234782.758431,1561.42,1561.42,-3.12145064,-5.12,38.69730587
1667234792.9606428,1561.42,1561.42,-3.12145064,-5.12,38.69730587
1667234802.7348304,1561.42,1563.08,-2.98902898,-3.46,42.74007288
1667234812.8053317,1561.42,1563.08,-2.98902898,-3.46,42.74007288
1667234822.7163248,1561.42,1563.08,-2.98902898,-3.46,42.74007288
1667234833.6285665,1562.55,1562.55,-2.86503483,-4.56,41.5103271
1667234843.3805532,1562.55,1562.55,-2.86503483,-4.56,41.5103271
1667234853.574818,1562.55,1562.55,-2.86503483,-4.56,41.5103271
1667234863.3605134,1562.55,1563.32,-2.80361033,-3.79,43.41447307
1667234873.364322,1562.55,1563.32,-2.80361033,-3.79,43.41447307
1667234883.3270102,1562.55,1563.32,-2.80361033,-3.79,43.41447307
1667234893.410451,1563.79,1563.79,-2.52619923,-2.73,44.51699728
1667234903.4111755,1563.79,1563.79,-2.52619923,-2.73,44.51699728
1667234913.449329,1563.79,1563.79,-2.52619923,-2.73,44.51699728
1667234923.4214497,1563.79,1564.82,-2.44403398,-1.7,46.95616539
1667234933.5437672,1563.79,1564.82,-2.44403398,-1.7,46.95616539
1667234943.446391,1563.79,1564.82,-2.44403398,-1.7,46.95616539
1667234953.4258587,1565.1,1565.1,-2.12425565,-1.35,47.5826033
1667234963.4190574,1565.1,1565.1,-2.12425565,-1.35,47.5826033
1667234973.432932,1565.1,1565.1,-2.12425565,-1.35,47.5826033
1667234983.4455616,1565.1,1565.1,-2.12425565,-1.35,47.5826033
1667234993.422539,1565.1,1565.04,-2.12904198,-1.41,47.45327689
1667235003.5173922,1565.1,1565.04,-2.12904198,-1.41,47.45327689
1667235014.5550263,1564.16,1564.16,-1.99988963,-1.51,45.63416038
1667235024.5251086,1564.16,1564.16,-1.99988963,-1.51,45.63416038
1667235034.488683,1564.16,1564.16,-1.99988963,-1.51,45.63416038
1667235044.5440414,1564.16,1563.86,-2.02382126,-1.81,45.00081881
1667235054.4688234,1564.16,1563.86,-2.02382126,-1.81,45.00081881
1667235064.421812,1564.16,1563.86,-2.02382126,-1.81,45.00081881
1667235074.457014,1564.16,1563.86,-2.02382126,-1.81,45.00081881
1667235084.4977782,1565.53,1565.53,-1.62724497,3.52,48.91730979
1667235094.483451,1565.53,1565.53,-1.62724497,3.52,48.91730979
1667235104.6445832,1565.53,1564.38,-1.71898286,2.37,46.3850706
1667235114.5242362,1565.53,1564.38,-1.71898286,2.37,46.3850706
1667235124.5512612,1565.53,1564.38,-1.71898286,2.37,46.3850706
1667235134.5457904,1564.97,1564.97,-1.48153009,8.54,47.65057745
1667235144.478125,1564.97,1564.97,-1.48153009,8.54,47.65057745
1667235154.5981684,1564.97,1564.97,-1.48153009,8.54,47.65057745
1667235164.510966,1564.97,1564.85,-1.49110274,8.42,47.36751595
1667235174.5293517,1564.97,1564.85,-1.49110274,8.42,47.36751595
1667235184.7438917,1564.97,1564.85,-1.49110274,8.42,47.36751595
1667235195.6875677,1564.35,1564.35,-1.40312751,6.2,46.22341737
1667235205.5834231,1564.35,1564.35,-1.40312751,6.2,46.22341737
1667235215.605157,1564.35,1564.35,-1.40312751,6.2,46.22341737
1667235225.824878,1564.35,1563.05,-1.50683121,4.9,43.29534331
1667235235.7206786,1564.35,1563.05,-1.50683121,4.9,43.29534331
1667235245.6648092,1564.35,1563.05,-1.50683121,4.9,43.29534331
1667235255.7341392,1562.02,1562.02,-1.61571994,1.66,41.22474399
1667235265.656112,1562.02,1562.02,-1.61571994,1.66,41.22474399
1667235275.6811776,1562.02,1562.02,-1.61571994,1.66,41.22474399
1667235285.7350748,1562.02,1562.58,-1.57104757,2.22,42.81759794
1667235295.8921244,1562.02,1562.58,-1.57104757,2.22,42.81759794
1667235305.6620193,1562.02,1562.58,-1.57104757,2.22,42.81759794
1667235315.7188694,1562.87,1562.87,-1.49871126,1.46,43.61319077
1667235325.7364872,1562.87,1562.87,-1.49871126,1.46,43.61319077
1667235335.6939538,1562.87,1562.87,-1.49871126,1.46,43.61319077
1667235345.6870484,1562.87,1564.28,-1.38623262,2.87,47.44207698
1667235355.7313366,1562.87,1564.28,-1.38623262,2.87,47.44207698
1667235365.6076252,1562.87,1564.28,-1.38623262,2.87,47.44207698
1667235376.3750446,1564.5,1564.5,-1.21266217,1.96,47.99308711
1667235386.4122522,1564.5,1564.5,-1.21266217,1.96,47.99308711
1667235396.301588,1564.5,1564.5,-1.21266217,1.96,47.99308711
1667235406.3637035,1564.5,1565.25,-1.15283311,2.71,49.92062769
1667235416.5786614,1564.5,1565.25,-1.15283311,2.71,49.92062769
1667235426.4055514,1564.5,1565.25,-1.15283311,2.71,49.92062769
1667235436.3833072,1563.77,1563.77,-1.18041482,-0.02,46.26577177
1667235446.4044795,1563.77,1563.77,-1.18041482,-0.02,46.26577177
1667235456.447659,1563.77,1563.77,-1.18041482,-0.02,46.26577177
1667235466.384075,1563.77,1563.0,-1.24183932,-0.79,44.43888111
1667235476.309566,1563.77,1563.0,-1.24183932,-0.79,44.43888111
1667235486.3525057,1563.77,1563.0,-1.24183932,-0.79,44.43888111
1667235496.4568653,1562.45,1562.45,-1.28143074,-2.65,43.22069424
1667235506.3215053,1562.45,1562.45,-1.28143074,-2.65,43.22069424
1667235516.6428282,1562.45,1562.45,-1.28143074,-2.65,43.22069424
1667235526.4498563,1562.45,1562.57,-1.27185809,-2.53,43.57672384
1667235536.435869,1562.45,1562.57,-1.27185809,-2.53,43.57672384
1667235546.492052,1562.45,1562.57,-1.27185809,-2.53,43.57672384
1667235556.9834836,1563.59,1563.59,-1.10294349,-0.57,46.48680598
1667235567.056728,1563.59,1563.59,-1.10294349,-0.57,46.48680598
1667235577.045752,1563.59,1563.59,-1.10294349,-0.57,46.48680598
1667235587.1004198,1563.59,1563.8,-1.08619135,-0.36,47.09183121
1667235597.0440938,1563.59,1563.8,-1.08619135,-0.36,47.09183121
1667235607.121781,1563.59,1563.8,-1.08619135,-0.36,47.09183121
1667235617.1038148,1563.82,1563.82,-0.98926995,-1.71,47.14873991
1667235627.117465,1563.82,1563.82,-0.98926995,-1.71,47.14873991
1667235637.148367,1563.82,1563.82,-0.98926995,-1.71,47.14873991
1667235647.0800953,1563.82,1563.35,-1.02676282,-2.18,45.89930235
1667235657.13974,1563.82,1563.35,-1.02676282,-2.18,45.89930235
1667235667.1055017,1563.82,1563.35,-1.02676282,-2.18,45.89930235
1667235677.1596563,1562.3,1562.3,-1.11756571,-2.67,43.33207995
1667235687.0519283,1562.3,1562.3,-1.11756571,-2.67,43.33207995
1667235697.1846485,1562.3,1562.3,-1.11756571,-2.67,43.33207995
1667235707.3052552,1562.3,1563.89,-0.9907281,-1.08,48.06359304
1667235717.1282818,1562.3,1563.89,-0.9907281,-1.08,48.06359304
1667235727.157869,1562.3,1563.89,-0.9907281,-1.08,48.06359304
1667235738.057915,1565.31,1565.31,-0.68608712,0.96,51.67444211
1667235747.992231,1565.31,1565.31,-0.68608712,0.96,51.67444211
1667235758.0708532,1565.31,1565.31,-0.68608712,0.96,51.67444211
1667235768.0408945,1565.31,1566.94,-0.55605863,2.59,55.49717344
1667235778.0998042,1565.31,1566.94,-0.55605863,2.59,55.49717344
1667235788.0581815,1565.31,1566.94,-0.55605863,2.59,55.49717344
1667413177.3910174,1609.27,1609.27,9.49221736,14.09,69.11258533
1667413182.4560645,1609.27,1609.27,9.49221736,14.09,69.11258533
1667413192.35359,1609.27,1608.11,9.39968174,12.93,67.58865465
1667413202.339648,1609.27,1608.11,9.39968174,12.93,67.58865465
1667413212.3896265,1609.27,1608.11,9.39968174,12.93,67.58865465
1667413222.3667045,1612.42,1612.42,9.88506294,21.61,70.90260218
1667413232.370217,1612.42,1612.42,9.88506294,21.61,70.90260218
1667413242.3711305,1612.42,1612.42,9.88506294,21.61,70.90260218
1667413252.338894,1612.42,1612.2,9.86751308,21.39,70.60309089
1667413262.4773738,1612.42,1612.2,9.86751308,21.39,70.60309089
1667413273.8682542,1611.95,1611.95,9.81689297,21.75,70.24904916
1667413283.7718694,1611.95,1611.95,9.81689297,21.75,70.24904916
1667413293.7891452,1611.95,1611.95,9.81689297,21.75,70.24904916
1667413303.8870285,1611.95,1612.42,9.85438585,22.22,70.54166867
1667413313.8162043,1611.95,1612.42,9.85438585,22.22,70.54166867
1667413323.8038986,1611.95,1612.42,9.85438585,22.22,70.54166867
1667413333.8414166,1609.46,1609.46,9.32961718,15.06,66.74370278
1667413343.8117332,1609.46,1609.46,9.32961718,15.06,66.74370278
1667413353.775786,1609.46,1609.46,9.32961718,15.06,66.74370278
1667413364.0782747,1609.46,1610.01,9.37349183,15.61,67.1347081
1667413373.8856988,1609.46,1610.01,9.37349183,15.61,67.1347081
1667413383.882939,1609.46,1610.01,9.37349183,15.61,67.1347081
1667413393.8178248,1609.46,1610.01,9.37349183,15.61,67.1347081
1667413403.802907,1612.0,1612.0,9.35559654,14.83,68.47625189
1667413413.8288546,1612.0,1612.0,9.35559654,14.83,68.47625189
1667413423.91699,1612.0,1610.9,9.26784725,13.73,66.85968968
1667413433.818509,1612.0,1610.9,9.26784725,13.73,66.85968968
1667413443.810573,1612.0,1610.9,9.26784725,13.73,66.85968968
1667413454.2246246,1608.96,1608.96,8.68146856,11.44,64.17459006
1667413464.294934,1608.96,1608.96,8.68146856,11.44,64.17459006
1667413474.256878,1608.96,1608.96,8.68146856,11.44,64.17459006
1667413484.2996626,1608.96,1609.38,8.71497283,11.86,64.50692191
1667413494.3340604,1608.96,1609.38,8.71497283,11.86,64.50692191
1667413504.3416567,1608.96,1609.38,8.71497283,11.86,64.50692191
1667413514.3009715,1606.27,1606.27,7.86348896,3.62,60.54000626
1667413524.7232864,1606.27,1606.27,7.86348896,3.62,60.54000626
1667413534.3517914,1606.27,1606.27,7.86348896,3.62,60.54000626
1667413544.3550146,1606.27,1609.92,8.15465705,7.27,63.55195579
1667413554.3443074,1606.27,1609.92,8.15465705,7.27,63.55195579
1667413564.3145478,1606.27,1609.92,8.15465705,7.27,63.55195579
1667413574.3261087,1611.83,1611.83,8.08834932,-0.35,64.94483821
1667413584.2766292,1611.83,1611.83,8.08834932,-0.35,64.94483821
1667413594.2892394,1611.83,1611.83,8.08834932,-0.35,64.94483821
1667413604.3823156,1611.83,1611.83,8.08834932,-0.35,64.94483821
1667413614.3506896,1611.83,1614.99,8.34042909,2.81,67.19618277
1667413624.3617578,1611.83,1614.99,8.34042909,2.81,67.19618277
1667413635.0842576,1611.83,1614.99,8.34042909,2.81,67.19618277
1667413645.0554247,1613.81,1613.81,8.10350669,7.15,66.39291129
1667413655.026379,1613.81,1613.81,8.10350669,7.15,66.39291129
1667413665.14483,1613.81,1612.01,7.95991695,5.35,63.82976831
1667413675.1857164,1613.81,1612.01,7.95991695,5.35,63.82976831
1667413685.326689,1613.81,1612.01,7.95991695,5.35,63.82976831
1667413695.0845735,1615.46,1615.46,8.13315858,6.2,67.58883222
1667413705.0541673,1615.46,1615.46,8.13315858,6.2,67.58883222
1667413715.328647,1615.46,1615.46,8.13315858,6.2,67.58883222
1667413725.103853,1615.46,1615.46,8.13315858,6.2,67.58883222
1667413735.1632638,1615.46,1617.78,8.3182298,8.52,69.24598345
1667413745.1271489,1615.46,1617.78,8.3182298,8.52,69.24598345
1667413755.1444166,1614.52,1614.52,7.82831554,2.11,66.14358173
1667413765.2043774,1614.52,1614.52,7.82831554,2.11,66.14358173
1667413775.1151044,1614.52,1614.52,7.82831554,2.11,66.14358173
1667413785.1343324,1614.52,1614.9,7.85862893,2.49,66.46358079
1667413795.1502962,1614.52,1614.9,7.85862893,2.49,66.46358079
1667413805.2995515,1614.52,1614.9,7.85862893,2.49,66.46358079
1667413816.252395,1614.53,1614.53,7.55980499,2.59,66.15977609
1667413826.2003732,1614.53,1614.53,7.55980499,2.59,66.15977609
1667413836.178518,1614.53,1614.53,7.55980499,2.59,66.15977609
1667413846.2333145,1614.53,1614.53,7.55980499,2.59,66.15977609
1667413856.178526,1614.53,1618.3,7.86054573,6.36,69.21947144
1667413866.215192,1614.53,1618.3,7.86054573,6.36,69.21947144
1667413876.580877,1617.41,1617.41,7.66978082,7.95,68.54813532
1667413886.2476332,1617.41,1617.41,7.66978082,7.95,68.54813532
1667413896.1790636,1617.41,1617.41,7.66978082,7.95,68.54813532
1667413906.2204268,1617.41,1610.09,7.0858492,0.63,57.44979191
1667413916.3212152,1617.41,1610.09,7.0858492,0.63,57.44979191
1667413926.1801908,1617.41,1610.09,7.0858492,0.63,57.44979191
1667413936.1691043,1607.35,1607.35,6.06643414,-4.64,54.16704686
1667413946.2019446,1607.35,1607.35,6.06643414,-4.64,54.16704686
1667413956.1880963,1607.35,1607.35,6.06643414,-4.64,54.16704686
1667413966.1448236,1607.35,1609.47,6.23555095,-2.52,56.2500789
1667413976.2465072,1607.35,1609.47,6.23555095,-2.52,56.2500789
1667413986.2229483,1607.35,1609.47,6.23555095,-2.52,56.2500789
1667413997.0283446,1613.78,1613.78,6.27882339,4.82,59.95054265
1667414006.976386,1613.78,1613.78,6.27882339,4.82,59.95054265
1667414017.022495,1613.78,1613.78,6.27882339,4.82,59.95054265
1667414026.9888935,1613.78,1612.72,6.19426498,3.76,58.63694166
1667414036.968915,1613.78,1612.72,6.19426498,3.76,58.63694166
1667414046.9377077,1613.78,1612.72,6.19426498,3.76,58.63694166
1667414056.929088,1610.22,1610.22,5.46854948,3.96,55.75561117
1667414066.9582949,1610.22,1610.22,5.46854948,3.96,55.75561117
1667414076.8760026,1610.22,1610.22,5.46854948,3.96,55.75561117
1667414087.0068953,1610.22,1610.54,5.49407654,4.28,56.05328648
1667414097.0224056,1610.22,1610.54,5.49407654,4.28,56.05328648
1667414106.9858894,1610.22,1610.54,5.49407654,4.28,56.05328648
1667414117.0541534,1609.36,1609.36,4.8729422,-2.48,54.757911
1667414127.0344758,1609.36,1609.36,4.8729422,-2.48,54.757911
1667414137.0480995,1609.36,1609.36,4.8729422,-2.48,54.757911
1667414147.0585923,1609.36,1611.11,5.01254334,-0.73,56.46638668
1667414156.979087,1609.36,1611.11,5.01254334,-0.73,56.46638668
1667414167.0450792,1609.36,1611.11,5.01254334,-0.73,56.46638668
1667414177.5090885,1616.12,1616.12,5.3595012,2.32,60.70903347
1667414187.5501397,1616.12,1616.12,5.3595012,2.32,60.70903347
1667414197.5525494,1616.12,1616.12,5.3595012,2.32,60.70903347
1667414207.4064922,1616.12,1605.87,4.54183739,-7.93,49.97758689
1667414217.4736118,1616.12,1605.87,4.54183739,-7.93,49.97758689
1667414227.5386877,1616.12,1605.87,4.54183739,-7.93,49.97758689
1667414237.5240738,1593.84,1593.84,2.13591023,-21.62,41.36956753
1667414247.4933927,1593.84,1593.84,2.13591023,-21.62,41.36956753
1667414257.462742,1593.84,1593.84,2.13591023,-21.62,41.36956753
1667414267.4730475,1593.84,1596.39,2.33932904,-19.07,43.49274648
1667414277.4530442,1593.84,1596.39,2.33932904,-19.07,43.49274648
1667414287.5021164,1593.84,1596.39,2.33932904,-19.07,43.49274648
1667414297.9446604,1586.23,1586.23,-0.1266816,-28.3,37.0408177
1667414307.6778836,1586.23,1586.23,-0.1266816,-28.3,37.0408177
1667414317.4436717,1586.23,1586.23,-0.1266816,-28.3,37.0408177
1667414327.897417,1586.23,1587.82,0.000156,-26.71,38.49000585
1667414337.4984386,1586.23,1587.82,0.000156,-26.71,38.49000585
1667414347.497548,1586.23,1587.82,0.000156,-26.71,38.49000585
1667414358.0376034,1588.76,1588.76,-1.06403062,-25.77,39.31580048
1667414368.004804,1588.76,1588.76,-1.06403062,-25.77,39.31580048
1667414378.1022327,1588.76,1588.76,-1.06403062,-25.77,39.31580048
1667414387.9604409,1588.76,1585.38,-1.33366025,-29.15,37.37287389
1667517152.2942986,1529.02,1529.02,-0.69970466,-4.84,37.24335673
1667517162.3030329,1529.02,1529.02,-0.69970466,-4.84,37.24335673
1667517172.3787558,1529.02,1529.48,-0.66300951,-4.38,39.9977983
1667517182.2907865,1529.02,1529.48,-0.66300951,-4.38,39.9977983
1667517192.543492,1529.21,1529.21,-0.7497795,-3.93,38.3966202
1667517202.335966,1529.21,1529.21,-0.7497795,-3.93,38.3966202
1667517212.4332583,1529.21,1529.21,-0.7497795,-3.93,38.3966202
1667517222.396686,1529.21,1529.08,-0.76014987,-4.06,37.87258356
1667517232.3047273,1529.21,1529.08,-0.76014987,-4.06,37.87258356
1667517242.7407997,1529.21,1529.08,-0.76014987,-4.06,37.87258356
1667517252.4079683,1528.92,1528.92,-0.83395336,-4.5,37.27817955
1667517262.377541,1528.92,1528.92,-0.83395336,-4.5,37.27817955
1667517272.352672,1528.92,1528.92,-0.83395336,-4.5,37.27817955
1667517282.3127518,1528.92,1528.11,-0.89856874,-5.31,34.17191607
1667517292.3802748,1528.92,1528.11,-0.89856874,-5.31,34.17191607
1667517302.3779128,1528.92,1528.11,-0.89856874,-5.31,34.17191607
1667517312.352626,1527.05,1527.05,-1.1366117,-4.0,30.87746655
1667517322.3107958,1527.05,1527.05,-1.1366117,-4.0,30.87746655
1667517332.480537,1527.05,1527.05,-1.1366117,-4.0,30.87746655
1667517342.3919036,1527.05,1527.15,-1.1286345,-3.9,31.55473498
1667517352.433978,1527.05,1527.15,-1.1286345,-3.9,31.55473498
1667517362.343832,1527.05,1527.15,-1.1286345,-3.9,31.55473498
1667517372.3731856,1526.67,1526.67,-1.29761895,-4.19,29.76366489
1667517382.592693,1526.67,1526.67,-1.29761895,-4.19,29.76366489
1667517392.3875377,1526.67,1526.67,-1.29761895,-4.19,29.76366489
1667517402.378098,1526.67,1525.68,-1.37659331,-5.18,26.97403527
1667517412.4524992,1526.67,1525.68,-1.37659331,-5.18,26.97403527
1667517422.4312189,1526.67,1525.68,-1.37659331,-5.18,26.97403527
1667517432.3866086,1525.65,1525.65,-1.52817559,-5.35,26.89674644
1667517442.5478046,1525.65,1525.65,-1.52817559,-5.35,26.89674644
1667517452.4179122,1525.65,1525.65,-1.52817559,-5.35,26.89674644
1667517462.432521,1525.65,1525.53,-1.53774824,-5.47,26.57691244
1667517472.462066,1525.65,1525.53,-1.53774824,-5.47,26.57691244
1667517482.5397675,1525.65,1525.53,-1.53774824,-5.47,26.57691244
1667517492.3941758,1526.43,1526.43,-1.51800879,-4.52,32.16706226
1667517502.43617,1526.43,1526.43,-1.51800879,-4.52,32.16706226
1667517512.6799722,1526.43,1526.43,-1.51800879,-4.52,32.16706226
1667517522.3453214,1526.43,1526.9,-1.48051591,-4.05,35.22231359
1667517532.4337945,1526.43,1526.9,-1.48051591,-4.05,35.22231359
1667517542.429124,1526.43,1526.9,-1.48051591,-4.05,35.22231359
1667517552.494538,1527.4,1527.4,-1.40375619,-4.0,38.20315112
1667517562.4590297,1527.4,1527.4,-1.40375619,-4.0,38.20315112
1667517572.4465835,1527.4,1527.4,-1.40375619,-4.0,38.20315112
1667517582.5566506,1527.4,1526.79,-1.45241716,-4.61,36.04201758
1667517592.453822,1527.4,1526.79,-1.45241716,-4.61,36.04201758
1667517602.4920626,1527.4,1526.79,-1.45241716,-4.61,36.04201758
1667517612.4050145,1526.94,1526.94,-1.42513698,-2.43,36.58028307
1667517623.6412196,1526.94,1526.94,-1.42513698,-2.43,36.58028307
1667517633.321763,1526.94,1526.94,-1.42513698,-2.43,36.58028307
1667517643.7055526,1526.94,1526.73,-1.44188911,-2.64,35.79179941
1667517653.3211224,1526.94,1526.73,-1.44188911,-2.64,35.79179941
1667517663.3410788,1526.94,1526.73,-1.44188911,-2.64,35.79179941
1667517673.3195474,1526.67,1526.67,-1.43382463,-2.36,35.57737739
1667517683.382712,1526.67,1526.67,-1.43382463,-2.36,35.57737739
1667517693.3875077,1526.67,1526.67,-1.43382463,-2.36,35.57737739
1667517703.3093314,1526.67,1527.43,-1.37319785,-1.6,40.36838696
1667517713.480102,1526.67,1527.43,-1.37319785,-1.6,40.36838696
1667517723.8195806,1526.67,1527.43,-1.37319785,-1.6,40.36838696
1667517733.3764746,1527.45,1527.45,-1.29777871,-1.76,40.48555081
1667517744.2074716,1527.45,1527.45,-1.29777871,-1.76,40.48555081
1667517753.4295664,1527.45,1527.45,-1.29777871,-1.76,40.48555081
1667517763.4649692,1527.45,1528.15,-1.24193826,-1.06,44.58914734
1667517773.4373896,1527.45,1528.15,-1.24193826,-1.06,44.58914734
1667517783.743426,1527.45,1528.15,-1.24193826,-1.06,44.58914734
1667517793.3436434,1529.0,1529.0,-1.00603827,0.09,48.87007853
1667517804.2849026,1529.0,1529.0,-1.00603827,0.09,48.87007853
1667517814.308645,1529.0,1529.0,-1.00603827,0.09,48.87007853
1667517824.2846882,1529.0,1529.77,-0.94461377,0.86,52.45365774
1667517834.3870318,1529.0,1529.77,-0.94461377,0.86,52.45365774
1667517844.2784674,1529.0,1529.77,-0.94461377,0.86,52.45365774
1667517854.3171563,1528.82,1528.82,-0.88893724,1.78,48.03157586
1667517864.2701523,1528.82,1528.82,-0.88893724,1.78,48.03157586
1667517874.342526,1528.82,1528.82,-0.88893724,1.78,48.03157586
1667517884.237462,1528.82,1529.27,-0.85303981,2.23,50.34175556
1667517894.3703756,1528.82,1529.27,-0.85303981,2.23,50.34175556
1667517904.3056204,1528.82,1529.27,-0.85303981,2.23,50.34175556
1667517914.307191,1529.31,1529.31,-0.70530266,2.65,50.53233168
1667517924.3163168,1529.31,1529.31,-0.70530266,2.65,50.53233168
1667517934.359133,1529.31,1529.31,-0.70530266,2.65,50.53233168
1667517944.3769927,1529.31,1529.31,-0.70530266,2.65,50.53233168
1667517954.28169,1529.31,1529.31,-0.70530266,2.65,50.53233168
1667517964.316905,1529.31,1529.31,-0.70530266,2.65,50.53233168
1667517974.506109,1528.51,1528.51,-0.69773151,2.85,46.59076496
1667517989.904799,1528.51,1528.51,-0.69773151,2.85,46.59076496
1667517995.2162468,1528.51,1528.51,-0.69773151,2.85,46.59076496
1667518004.9867032,1528.51,1528.03,-0.73602211,2.37,44.35523564
1667518019.949288,1528.51,1528.03,-0.73602211,2.37,44.35523564
1667518024.9685862,1528.51,1528.03,-0.73602211,2.37,44.35523564
1667518034.9928875,1527.8,1527.8,-0.73421611,1.37,43.35836226
1667518045.105064,1527.8,1527.8,-0.73421611,1.37,43.35836226
1667518055.27744,1527.8,1527.8,-0.73421611,1.37,43.35836226
1667518065.1909163,1527.8,1528.03,-0.71586853,1.6,44.69689593
1667518075.1486864,1527.8,1528.03,-0.71586853,1.6,44.69689593
1667518085.213777,1527.8,1528.03,-0.71586853,1.6,44.69689593
1667518095.3208716,1527.96,1527.96,-0.68744114,0.55,44.29626171
1667518105.198064,1527.96,1527.96,-0.68744114,0.55,44.29626171
1667518115.3830905,1527.96,1527.96,-0.68744114,0.55,44.29626171
1667518125.2218864,1527.96,1527.42,-0.73051806,0.01,41.78168501
1667518135.3477778,1527.96,1527.42,-0.73051806,0.01,41.78168501
1667518145.4095745,1527.96,1527.42,-0.73051806,0.01,41.78168501
1667518155.2246745,1527.73,1527.73,-0.68547329,0.8,43.18915938
1667518165.9049246,1527.73,1527.73,-0.68547329,0.8,43.18915938
1667518175.9245892,1527.73,1527.73,-0.68547329,0.8,43.18915938
1667518185.9267318,1527.73,1528.07,-0.65835078,1.14,45.36307509
1667518196.193949,1527.73,1528.07,-0.65835078,1.14,45.36307509
1667518206.0052516,1527.73,1528.07,-0.65835078,1.14,45.36307509
1667518215.8669596,1528.08,1528.08,-0.61226811,1.4,45.42449798
1667518225.9115064,1528.08,1528.08,-0.61226811,1.4,45.42449798
1667518235.8903875,1528.08,1528.08,-0.61226811,1.4,45.42449798
1667518246.137236,1528.08,1528.71,-0.5620117,2.03,49.29212597
1667518256.0328546,1528.08,1528.71,-0.5620117,2.03,49.29212597
1667518265.8314738,1528.08,1528.71,-0.5620117,2.03,49.29212597
1667518275.8944936,1529.1,1529.1,-0.4262372,1.65,51.42723281
1667518285.885631,1529.1,1529.1,-0.4262372,1.65,51.42723281
1667518296.0024266,1529.1,1529.1,-0.4262372,1.65,51.42723281
1667518305.9150245,1529.1,1529.73,-0.37598079,2.28,54.73625418
1667518315.9308245,1529.1,1529.73,-0.37598079,2.28,54.73625418
1667518326.0046284,1529.1,1529.73,-0.37598079,2.28,54.73625418
1667518335.902662,1529.82,1529.82,-0.23758848,0.82,55.17621435
1667518346.564067,1529.82,1529.82,-0.23758848,0.82,55.17621435
1667518356.5554004,1529.82,1529.82,-0.23758848,0.82,55.17621435
1667518366.4360106,1529.82,1530.06,-0.21844318,1.06,56.38339429
1667518381.4764202,1529.82,1530.06,-0.21844318,1.06,56.38339429
1667518386.6163275,1529.82,1530.06,-0.21844318,1.06,56.38339429
1667518396.4570568,1529.89,1529.89,-0.12155848,1.08,55.53515589
1667518406.493323,1529.89,1529.89,-0.12155848,1.08,55.53515589
1667518416.4900982,1529.89,1529.89,-0.12155848,1.08,55.53515589
1667518426.5262125,1529.89,1529.63,-0.14229922,0.82,53.81150113
1667518436.4972105,1529.89,1529.63,-0.14229922,0.82,53.81150113
1667518446.571993,1529.89,1529.63,-0.14229922,0.82,53.81150113
1667518456.559249,1530.16,1530.16,0.0039105,0.84,56.97053648
1667518466.4506702,1530.16,1530.16,0.0039105,0.84,56.97053648
1667518476.486689,1530.16,1530.16,0.0039105,0.84,56.97053648
1667518486.5119913,1530.16,1528.34,-0.14127469,-0.98,46.17167007
1667518496.5147576,1530.16,1528.34,-0.14127469,-0.98,46.17167007
1667518506.4375706,1530.16,1528.34,-0.14127469,-0.98,46.17167007
1667518516.539039,1529.6,1529.6,0.00613908,1.09,53.1534741
1667518527.0777872,1529.6,1529.6,0.00613908,1.09,53.1534741
1667518537.2235873,1529.6,1529.6,0.00613908,1.09,53.1534741
1667518547.1653776,1529.6,1529.97,0.03565475,1.46,55.28730025
1667518557.1936896,1529.6,1529.97,0.03565475,1.46,55.28730025
1667518572.1535046,1530.2,1530.2,0.12887326,2.4,56.49769473
1667518577.0616894,1530.2,1530.2,0.12887326,2.4,56.49769473
1667518587.117205,1530.2,1530.2,0.12887326,2.4,56.49769473
1667518597.1034536,1530.2,1530.2,0.12887326,2.4,56.49769473
1667518607.0819745,1530.2,1530.68,0.16716386,2.88,59.04891023
1667518617.059493,1530.2,1530.68,0.16716386,2.88,59.04891023
1667518627.1348011,1530.2,1530.68,0.16716386,2.88,59.04891023
1667518637.1123528,1530.95,1530.95,0.29084515,2.99,60.35242255
1667518647.081146,1530.95,1530.95,0.29084515,2.99,60.35242255
1667518657.0817916,1530.95,1530.95,0.29084515,2.99,60.35242255
1667518667.1448598,1530.95,1530.06,0.219848,2.1,54.25054063
1667518677.1243362,1530.95,1530.06,0.219848,2.1,54.25054063
1667518687.0911813,1530.95,1530.06,0.219848,2.1,54.25054063
1667518697.1187792,1530.33,1530.33,0.28115327,2.6,55.96895654
1667518713.1435864,1530.33,1530.33,0.28115327,2.6,55.96895654
1667518718.1693847,1530.33,1530.33,0.28115327,2.6,55.96895654
1667518728.0908065,1530.33,1530.35,0.28274871,2.62,56.09565876
1667518738.136158,1530.33,1530.35,0.28274871,2.62,56.09565876
1667518748.40111,1530.33,1530.35,0.28274871,2.62,56.09565876
1667518758.615909,1530.36,1530.36,0.31272145,2.28,56.15121614
1667518768.1747117,1530.36,1530.36,0.31272145,2.28,56.15121614
1667518778.4846008,1530.36,1530.36,0.31272145,2.28,56.15121614
1667518788.1224537,1530.36,1530.09,0.29118299,2.01,54.15848261
1667518798.05877,1530.36,1530.09,0.29118299,2.01,54.15848261
1667518808.18134,1530.36,1530.09,0.29118299,2.01,54.15848261
1667518818.104005,1529.71,1529.71,0.23951407,0.62,51.58280769
1667518828.2456098,1529.71,1529.71,0.23951407,0.62,51.58280769
1667518838.1105564,1529.71,1529.71,0.23951407,0.62,51.58280769
1667518853.1348476,1529.71,1529.58,0.2291437,0.49,50.69844099
1667518858.0836546,1529.71,1529.58,0.2291437,0.49,50.69844099
1667518868.1620257,1529.71,1529.58,0.2291437,0.49,50.69844099
1667518878.046393,1529.2,1529.2,0.14919906,-0.61,48.26333285
1667518888.7257905,1529.2,1529.2,0.14919906,-0.61,48.26333285
1667518898.8860495,1529.2,1529.2,0.14919906,-0.61,48.26333285
1667518908.6883907,1529.2,1529.54,0.17632157,-0.27,50.54885383
1667518918.726135,1529.2,1529.54,0.17632157,-0.27,50.54885383
1667518928.7151198,1529.2,1529.54,0.17632157,-0.27,50.54885383
1667518938.833865,1530.17,1530.17,0.24449462,0.28,54.30150847
1667518948.7948976,1530.17,1530.17,0.24449462,0.28,54.30150847
1667518958.7969935,1530.17,1530.17,0.24449462,0.28,54.30150847
1667518968.805308,1530.17,1530.01,0.23173109,0.12,53.20684757
1667518978.8458197,1530.17,1530.01,0.23173109,0.12,53.20684757
1667518988.762539,1530.17,1530.01,0.23173109,0.12,53.20684757
1667518998.7292202,1529.4,1529.4,0.14690558,-0.75,49.38025748
1667519008.768762,1529.4,1529.4,0.14690558,-0.75,49.38025748
1667519018.8024228,1529.4,1529.4,0.14690558,-0.75,49.38025748
1667519028.8077765,1529.4,1529.29,0.13813065,-0.86,48.69740266
1667519038.847017,1529.4,1529.29,0.13813065,-0.86,48.69740266
1667519054.1570532,1529.31,1529.31,0.10418387,-0.28,48.8277673
1667519058.8592253,1529.31,1529.31,0.10418387,-0.28,48.8277673
1667519069.770984,1529.31,1529.31,0.10418387,-0.28,48.8277673
1667519079.771951,1529.31,1529.31,0.10418387,-0.28,48.8277673
1667519090.0578687,1529.31,1529.68,0.13369954,0.09,51.2632953
1667519099.897115,1529.31,1529.68,0.13369954,0.09,51.2632953
1667519114.9561365,1529.66,1529.66,0.12525199,-0.55,51.13758758
1667519119.76555,1529.66,1529.66,0.12525199,-0.55,51.13758758
1667519129.7137551,1529.66,1529.66,0.12525199,-0.55,51.13758758
1667519139.843862,1529.66,1529.66,0.12525199,-0.55,51.13758758
1667519149.8157396,1529.66,1529.63,0.12285883,-0.58,50.92540185
1667519159.818935,1529.66,1529.63,0.12285883,-0.58,50.92540185
1667519169.7710495,1529.66,1529.63,0.12285883,-0.58,50.92540185
1667519185.207707,1529.52,1529.52,0.09928131,-1.42,50.1569704
1667519189.8395436,1529.52,1529.52,0.09928131,-1.42,50.1569704
1667519199.8526638,1529.52,1529.52,0.09928131,-1.42,50.1569704
1667519210.1087887,1529.52,1529.61,0.1064608,-1.33,50.80882374
1667519219.6971602,1529.52,1529.61,0.1064608,-1.33,50.80882374
1667519229.8528223,1529.52,1529.61,0.1064608,-1.33,50.80882374
1667519239.698714,1529.38,1529.38,0.06613669,-0.96,49.14756358
1667519250.0851746,1529.38,1529.38,0.06613669,-0.96,49.14756358
1667519260.225397,1529.38,1529.38,0.06613669,-0.96,49.14756358
1667519270.1312811,1529.38,1529.35,0.06374352,-0.99,48.92036661
1667519280.1882448,1529.38,1529.35,0.06374352,-0.99,48.92036661
1667519290.1685278,1529.38,1529.35,0.06374352,-0.99,48.92036661
1667519300.2349818,1530.16,1530.16,0.15842765,-0.2,54.62641231
1667519310.4634876,1530.16,1530.16,0.15842765,-0.2,54.62641231
1667519320.1993513,1530.16,1530.16,0.15842765,-0.2,54.62641231
1667519330.1678782,1530.16,1530.05,0.14965272,-0.31,53.74695617
1667519340.1862705,1530.16,1530.05,0.14965272,-0.31,53.74695617
1667519350.1852329,1530.16,1530.05,0.14965272,-0.31,53.74695617
1667519360.1680818,1530.05,1530.05,0.16401456,0.35,53.74121297
1667519370.2096262,1530.05,1530.05,0.16401456,0.35,53.74121297
1667519380.1806622,1530.05,1530.05,0.16401456,0.35,53.74121297
1667519390.2505744,1530.05,1529.66,0.13290345,-0.04,50.63979414
1667519400.1701915,1530.05,1529.66,0.13290345,-0.04,50.63979414
1667519410.1844158,1530.05,1529.66,0.13290345,-0.04,50.63979414
1667519420.242139,1530.74,1530.74,0.27156272,1.53,58.26624735
1667519431.0103352,1530.74,1530.74,0.27156272,1.53,58.26624735
1667519440.8424356,1530.74,1530.7,0.26837183,1.49,57.91257906
1667519450.9171865,1530.74,1530.7,0.26837183,1.49,57.91257906
1667519460.8244996,1530.74,1530.7,0.26837183,1.49,57.91257906
1667519470.795822,1529.58,1529.58,0.14562422,-0.58,49.49978217
1667519480.8702457,1529.58,1529.58,0.14562422,-0.58,49.49978217
1667519490.7953956,1529.58,1529.58,0.14562422,-0.58,49.49978217
1667519500.8265407,1529.58,1529.3,0.12328804,-0.86,47.63669236
1667519510.864454,1529.58,1529.3,0.12328804,-0.86,47.63669236
1667519520.808642,1529.58,1529.3,0.12328804,-0.86,47.63669236
1667519530.820637,1529.12,1529.12,0.05276759,-0.27,46.51130129
1667519541.263532,1529.12,1529.12,0.05276759,-0.27,46.51130129
1667519550.9868495,1529.12,1529.12,0.05276759,-0.27,46.51130129
1667519560.8535502,1529.12,1529.62,0.09265363,0.23,50.04191218
1667519570.8772244,1529.12,1529.62,0.09265363,0.23,50.04191218
1667519580.8208838,1529.12,1529.62,0.09265363,0.23,50.04191218
1667519590.8643854,1530.59,1530.59,0.21596796,1.29,55.71299355
1667519600.799652,1530.59,1530.59,0.21596796,1.29,55.71299355
1667519611.7809465,1530.59,1530.59,0.21596796,1.29,55.71299355
1667519621.764176,1530.59,1531.09,0.255854,1.79,58.33830004
1667519637.688941,1530.59,1531.09,0.255854,1.79,58.33830004
1667519646.785302,1530.59,1531.09,0.255854,1.79,58.33830004
1667519651.7800386,1530.59,1531.09,0.255854,1.79,58.33830004
1667519662.039265,1531.04,1531.04,0.31372509,1.38,58.06529396
1667519671.7292883,1531.04,1531.04,0.31372509,1.38,58.06529396
1667519681.9473095,1531.04,1531.32,0.33606127,1.66,59.54117692
1667519691.7715683,1531.04,1531.32,0.33606127,1.66,59.54117692
1667519701.714821,1531.04,1531.32,0.33606127,1.66,59.54117692
1667519717.0876355,1531.43,1531.43,0.41312182,1.9,60.08557574
1667519721.7011564,1531.43,1531.43,0.41312182,1.9,60.08557574
1667519731.6503456,1531.43,1531.43,0.41312182,1.9,60.08557574
1667519741.6401834,1531.43,1531.54,0.42189675,2.01,60.65570119
1667519751.699889,1531.43,1531.54,0.42189675,2.01,60.65570119
1667519761.6277857,1531.43,1531.54,0.42189675,2.01,60.65570119
1667519771.7585788,1531.37,1531.37,0.45343226,1.99,59.61438338
1667519782.0875568,1531.37,1531.37,0.45343226,1.99,59.61438338
1667519792.629509,1531.37,1531.37,0.45343226,1.99,59.61438338
1667519802.563449,1531.37,1530.77,0.40556901,1.39,54.9718696
1667519812.391166,1531.37,1530.77,0.40556901,1.39,54.9718696
1667519827.3302147,1531.37,1530.77,0.40556901,1.39,54.9718696
1667519832.4090283,1530.86,1530.86,0.41088639,0.7,55.61135133
1667519842.4076118,1530.86,1530.86,0.41088639,0.7,55.61135133
1667519857.3549783,1530.86,1530.86,0.41088639,0.7,55.61135133
1667519862.447554,1530.86,1530.86,0.41088639,0.7,55.61135133
1667519872.3833728,1530.86,1531.16,0.43481802,1.0,57.41333371
1667519882.4309125,1530.86,1531.16,0.43481802,1.0,57.41333371
1667519892.732931,1531.32,1531.32,0.47101265,1.28,58.28794267
1667519902.3547554,1531.32,1531.32,0.47101265,1.28,58.28794267
1667519912.3567238,1531.32,1531.32,0.47101265,1.28,58.28794267
1667519922.4497242,1531.32,1531.12,0.45505824,1.08,56.67554511
1667519932.3935726,1531.32,1531.12,0.45505824,1.08,56.67554511
1667519942.4106455,1531.32,1531.12,0.45505824,1.08,56.67554511
1667519952.3614535,1531.13,1531.13,0.45590292,0.39,56.73998203
1667519962.4461937,1531.13,1531.13,0.45590292,0.39,56.73998203
1667519978.3505769,1531.13,1531.13,0.45590292,0.39,56.73998203
1667519983.4212673,1531.13,1531.0,0.44553255,0.26,55.68029807
1667519993.4461694,1531.13,1531.0,0.44553255,0.26,55.68029807
1667520008.423421,1531.13,1531.0,0.44553255,0.26,55.68029807
1667520013.5106578,1531.01,1531.01,0.43440573,1.43,55.76189832
1667520023.4546125,1531.01,1531.01,0.43440573,1.43,55.76189832
1667520033.8787673,1531.01,1531.01,0.43440573,1.43,55.76189832
1667520043.4736023,1531.01,1530.63,0.40409234,1.05,52.60688769
1667520053.4862528,1531.01,1530.63,0.40409234,1.05,52.60688769
1667520063.453555,1531.01,1530.63,0.40409234,1.05,52.60688769
1667520073.636646,1530.8,1530.8,0.39104244,1.68,53.96671896
1667520083.4206555,1530.8,1530.8,0.39104244,1.68,53.96671896
1667520093.4226952,1530.8,1530.8,0.39104244,1.68,53.96671896
1667520103.573103,1530.8,1531.81,0.47161224,2.69,60.55479307
1667520113.614557,1530.8,1531.81,0.47161224,2.69,60.55479307
1667520123.460917,1530.8,1531.81,0.47161224,2.69,60.55479307
1667520133.3582823,1531.52,1531.52,0.46750881,0.93,58.83469016
1667520143.4024937,1531.52,1531.52,0.46750881,0.93,58.83469016
1667520154.435326,1531.52,1531.52,0.46750881,0.93,58.83469016
1667520164.5108242,1531.52,1531.3,0.44995896,0.71,56.85382496
1667520174.4128938,1531.52,1531.3,0.44995896,0.71,56.85382496
1667520184.5025554,1531.52,1531.3,0.44995896,0.71,56.85382496
1667520194.4905157,1530.44,1530.44,0.32441042,-0.61,50.23619821
1667520204.425057,1530.44,1530.44,0.32441042,-0.61,50.23619821
1667520214.673016,1530.44,1530.44,0.32441042,-0.61,50.23619821
1667520224.4727376,1530.44,1530.66,0.34196028,-0.39,51.78607029
1667520234.4731705,1530.44,1530.66,0.34196028,-0.39,51.78607029
1667520249.5802002,1530.44,1530.66,0.34196028,-0.39,51.78607029
1667520254.5130403,1529.61,1529.61,0.1587588,-1.82,44.81445379
1667520264.592082,1529.61,1529.61,0.1587588,-1.82,44.81445379
1667520274.534402,1529.61,1529.61,0.1587588,-1.82,44.81445379
1667520284.5795877,1529.61,1529.49,0.14918615,-1.94,44.07451576
1667520294.5326314,1529.61,1529.49,0.14918615,-1.94,44.07451576
1667520304.5293767,1529.61,1529.49,0.14918615,-1.94,44.07451576
1667520314.6966667,1529.52,1529.52,0.06569252,-1.85,44.25720004
1667520324.7607794,1529.52,1529.52,0.06569252,-1.85,44.25720004
1667520335.0875278,1529.52,1529.52,0.06569252,-1.85,44.25720004
1667520344.99722,1529.52,1530.7,0.15982357,-0.67,52.58246472
1667520355.1881263,1529.52,1530.7,0.15982357,-0.67,52.58246472
1667520365.0386765,1529.52,1530.7,0.15982357,-0.67,52.58246472
1667520375.150396,1529.56,1529.56,0.00330816,-1.29,44.58699858
1667520385.1915302,1529.56,1529.56,0.00330816,-1.29,44.58699858
1667520401.13827,1529.56,1529.55,0.00251044,-1.3,44.51608954
1667520410.165281,1529.56,1529.55,0.00251044,-1.3,44.51608954
1667520415.203462,1529.56,1529.55,0.00251044,-1.3,44.51608954
1667520425.1500125,1529.56,1529.55,0.00251044,-1.3,44.51608954
1667520435.421577,1529.3,1529.3,-0.08547631,-2.03,42.84248159
1667520445.2584414,1529.3,1529.3,-0.08547631,-2.03,42.84248159
1667520455.1728628,1529.3,1529.3,-0.08547631,-2.03,42.84248159
1667520465.1078193,1529.3,1530.12,-0.0200632,-1.21,49.62508208
1667520475.182802,1529.3,1530.12,-0.0200632,-1.21,49.62508208
1667520485.1774075,1529.3,1530.12,-0.0200632,-1.21,49.62508208
1667520495.1583571,1529.78,1529.78,-0.06933384,-1.34,47.01824256
1667520505.1668286,1529.78,1529.78,-0.06933384,-1.34,47.01824256
1667520515.8337154,1529.78,1529.78,-0.06933384,-1.34,47.01824256
1667520525.782875,1529.78,1528.96,-0.13474695,-2.16,41.44744555
1667520535.8286912,1529.78,1528.96,-0.13474695,-2.16,41.44744555
1667520546.1724353,1529.78,1528.96,-0.13474695,-2.16,41.44744555
1667520555.8040717,1528.74,1528.74,-0.23291323,-2.27,40.17051531
1667520565.9296253,1528.74,1528.74,-0.23291323,-2.27,40.17051531
1667520575.9837065,1528.74,1528.74,-0.23291323,-2.27,40.17051531
1667520585.8530495,1528.74,1528.97,-0.21456565,-2.04,42.17621433
1667520595.892455,1528.74,1528.97,-0.21456565,-2.04,42.17621433
1667520606.196927,1528.74,1528.97,-0.21456565,-2.04,42.17621433
1667520615.9131556,1528.87,1528.87,-0.27504283,-1.94,41.32093925
1667520625.7984643,1528.87,1528.87,-0.27504283,-1.94,41.32093925
1667520635.9970243,1528.87,1528.87,-0.27504283,-1.94,41.32093925
1667520646.2236965,1528.87,1528.54,-0.30136762,-2.27,39.25736966
1667520656.1636744,1528.87,1528.54,-0.30136762,-2.27,39.25736966
1667520665.9061985,1528.87,1528.54,-0.30136762,-2.27,39.25736966
1667520675.9291618,1528.56,1528.56,-0.35686328,-2.97,39.37654946
1667520685.963184,1528.56,1528.56,-0.35686328,-2.97,39.37654946
1667520696.8074763,1528.56,1528.56,-0.35686328,-2.97,39.37654946
1667520706.729453,1528.56,1529.51,-0.2810798,-2.02,47.52560343
1667520716.4539487,1528.56,1529.51,-0.2810798,-2.02,47.52560343
1667520726.4503148,1528.56,1529.51,-0.2810798,-2.02,47.52560343
1667520736.7744727,1529.62,1529.62,-0.24829762,-0.83,48.33536185
1667520746.566006,1529.62,1529.62,-0.24829762,-0.83,48.33536185
1667520756.520245,1529.62,1529.62,-0.24829762,-0.83,48.33536185
1667520766.5141604,1529.62,1529.95,-0.22197283,-0.5,50.77258091
1667520776.583705,1529.62,1529.95,-0.22197283,-0.5,50.77258091
1667520786.712785,1529.62,1529.95,-0.22197283,-0.5,50.77258091
1667520796.538113,1530.89,1530.89,-0.04588765,1.27,56.58181463
1667520806.574879,1530.89,1530.89,-0.04588765,1.27,56.58181463
1667520816.7149491,1530.89,1530.89,-0.04588765,1.27,56.58181463
1667520826.6723125,1530.89,1532.24,0.06180466,2.62,63.32040507
1667520836.572646,1530.89,1532.24,0.06180466,2.62,63.32040507
1667520846.624231,1530.89,1532.24,0.06180466,2.62,63.32040507
1667520856.753328,1532.7,1532.7,0.28846944,3.18,65.16172597
1667520866.515216,1532.7,1532.7,0.28846944,3.18,65.16172597
1667520877.3395069,1532.7,1532.7,0.28846944,3.18,65.16172597
1667520887.2317662,1532.7,1532.56,0.27730135,3.04,64.14131869
1667520897.1336782,1532.7,1532.56,0.27730135,3.04,64.14131869
1667520907.167737,1532.7,1532.56,0.27730135,3.04,64.14131869
1667520917.1701252,1532.21,1532.21,0.36476012,2.65,61.62243484
1667520927.2021997,1532.21,1532.21,0.36476012,2.65,61.62243484
1667520942.680091,1532.21,1531.69,0.32327863,2.13,58.03603286
1667520947.1444802,1532.21,1531.69,0.32327863,2.13,58.03603286
1667520957.1929595,1532.21,1531.69,0.32327863,2.13,58.03603286
1667520972.4471138,1533.17,1533.17,0.58733294,3.88,65.57127168
1667520977.2663217,1533.17,1533.17,0.58733294,3.88,65.57127168
1667520987.1531177,1533.17,1533.17,0.58733294,3.88,65.57127168
1667520997.4544585,1533.17,1533.17,0.58733294,3.88,65.57127168
1667521007.1646955,1533.17,1533.28,0.59610787,3.99,66.00292929
1667521017.2990627,1533.17,1533.28,0.59610787,3.99,66.00292929
1667521027.1593726,1533.17,1533.28,0.59610787,3.99,66.00292929
1667521037.189231,1532.96,1532.96,0.66533446,3.18,64.0194687
1667521047.1605916,1532.96,1532.96,0.66533446,3.18,64.0194687
1667521057.7247176,1532.96,1532.96,0.66533446,3.18,64.0194687
1667521072.662326,1532.96,1532.68,0.64299828,2.9,61.91546951
1667521077.8700614,1532.96,1532.68,0.64299828,2.9,61.91546951
1667521087.7287734,1532.96,1532.68,0.64299828,2.9,61.91546951
1667521097.722945,1533.26,1533.26,0.77439825,4.52,65.28346553
1667521107.667285,1533.26,1533.26,0.77439825,4.52,65.28346553
1667521117.659648,1533.26,1533.26,0.77439825,4.52,65.28346553
1667521127.723318,1533.26,1533.16,0.76642104,4.42,64.47044315
1667521137.6743848,1533.26,1533.16,0.76642104,4.42,64.47044315
1667521147.7148178,1533.26,1533.16,0.76642104,4.42,64.47044315
1667521157.792786,1533.79,1533.79,0.90719431,4.92,67.458449
1667521167.6737475,1533.79,1533.79,0.90719431,4.92,67.458449
1667521177.6002674,1533.79,1533.79,0.90719431,4.92,67.458449
1667521187.6396542,1533.79,1534.23,0.94229402,5.36,69.1844875
1667521197.681481,1533.79,1534.23,0.94229402,5.36,69.1844875
1667521207.720975,1533.79,1534.23,0.94229402,5.36,69.1844875
1667521217.6428716,1536.81,1536.81,1.3953043,8.25,76.44086178
1667521227.6832051,1536.81,1536.81,1.3953043,8.25,76.44086178
1667521238.2635722,1536.81,1536.81,1.3953043,8.25,76.44086178
1667521248.359071,1536.81,1537.52,1.45194247,8.96,78.03744972
1667521258.1753514,1536.81,1537.52,1.45194247,8.96,78.03744972
1667521268.440615,1536.81,1537.52,1.45194247,8.96,78.03744972
1667521278.243611,1536.19,1536.19,1.48542345,6.58,72.02206312
1667521288.2121394,1536.19,1536.19,1.48542345,6.58,72.02206312
1667521298.5516686,1536.19,1536.19,1.48542345,6.58,72.02206312
1667521308.2900188,1536.19,1535.65,1.44234652,6.04,68.32217507
1667521318.1485035,1536.19,1535.65,1.44234652,6.04,68.32217507
1667521328.2034,1536.19,1535.65,1.44234652,6.04,68.32217507
1667521338.258786,1537.06,1537.06,1.70021177,6.16,74.31203324
1667521348.284859,1537.06,1537.06,1.70021177,6.16,74.31203324
1667521358.325696,1537.06,1537.06,1.70021177,6.16,74.31203324
1667521368.4886384,1537.06,1538.49,1.81428584,7.59,77.51221129
1667521378.2912817,1537.06,1538.49,1.81428584,7.59,77.51221129
1667521388.283883,1537.06,1538.49,1.81428584,7.59,77.51221129
1667521398.3043072,1539.05,1539.05,2.07605438,6.36,78.55827038
1667521408.2646196,1539.05,1539.05,2.07605438,6.36,78.55827038
1667521424.855244,1539.05,1538.6,2.04015695,5.91,75.51828999
1667521429.105169,1539.05,1538.6,2.04015695,5.91,75.51828999
1667521439.0108511,1539.05,1538.6,2.04015695,5.91,75.51828999
1667521456.192953,1538.68,1538.68,2.16956521,6.48,75.997992
1667521458.950539,1538.68,1538.68,2.16956521,6.48,75.997992
1667521469.2462237,1538.68,1538.68,2.16956521,6.48,75.997992
1667521478.996279,1538.68,1538.68,2.16956521,6.48,75.997992
1667521488.9473352,1538.68,1539.2,2.21104669,7.0,77.10612383
1667521499.0459397,1538.68,1539.2,2.21104669,7.0,77.10612383
1667521508.9872763,1538.68,1539.2,2.21104669,7.0,77.10612383
1667596414.343916,1643.64,1643.64,-0.24941699,-0.36,48.93804872
1667596423.6752074,1643.64,1643.56,-0.25579875,-0.44,48.53730972
1667596433.4590352,1643.64,1643.56,-0.25579875,-0.44,48.53730972
1667596443.4591882,1643.64,1643.56,-0.25579875,-0.44,48.53730972
1667596456.3207426,1643.46,1643.46,-0.25191638,0.66,48.05351487
1667596467.9749808,1643.46,1643.46,-0.25191638,0.66,48.05351487
1667596476.4033449,1643.46,1643.46,-0.25191638,0.66,48.05351487
1667596483.8386776,1643.46,1643.06,-0.28382521,0.26,46.03965223
1667596495.3531632,1643.46,1643.06,-0.28382521,0.26,46.03965223
1667596505.512847,1643.46,1643.06,-0.28382521,0.26,46.03965223
1667596515.4219837,1643.46,1643.06,-0.28382521,0.26,46.03965223
1667596525.4530408,1643.56,1643.56,-0.2256085,0.84,48.61730664
1667596535.271952,1643.56,1643.56,-0.2256085,0.84,48.61730664
1667596545.2897637,1643.56,1643.79,-0.20726092,1.07,49.95245616
1667596555.9434965,1643.56,1643.79,-0.20726092,1.07,49.95245616
1667596565.6139023,1643.56,1643.79,-0.20726092,1.07,49.95245616
1667596575.742091,1644.15,1644.15,-0.12464696,3.19,51.90840237
1667596585.55768,1644.15,1644.15,-0.12464696,3.19,51.90840237
1667596596.39547,1644.15,1644.15,-0.12464696,3.19,51.90840237
1667596606.1752117,1644.15,1644.24,-0.11746748,3.28,52.40915387
1667596616.0965092,1644.15,1644.24,-0.11746748,3.28,52.40915387
1667596626.3537138,1644.15,1644.24,-0.11746748,3.28,52.40915387
1667596636.1514506,1643.82,1643.82,-0.12703399,2.45,49.97580569
1667596646.205654,1643.82,1643.82,-0.12703399,2.45,49.97580569
1667596658.4954908,1643.82,1643.82,-0.12703399,2.45,49.97580569
1667596666.5270464,1643.82,1643.55,-0.14857245,2.18,48.392005
1667596676.4335313,1643.82,1643.55,-0.14857245,2.18,48.392005
1667596686.5693135,1643.82,1643.55,-0.14857245,2.18,48.392005
1667596696.7010007,1643.71,1643.71,-0.12300651,1.65,49.31820375
1667596706.549885,1643.71,1643.71,-0.12300651,1.65,49.31820375
1667596716.436875,1643.71,1643.71,-0.12300651,1.65,49.31820375
1667596727.2758822,1643.71,1643.56,-0.13497233,1.5,48.38326807
1667596736.6366348,1643.71,1643.56,-0.13497233,1.5,48.38326807
1667596746.5751872,1643.71,1643.56,-0.13497233,1.5,48.38326807
1667596757.7038624,1643.2,1643.2,-0.18366923,-0.1,46.27775468
1667596767.1034694,1643.2,1643.2,-0.18366923,-0.1,46.27775468
1667596778.7007678,1643.2,1643.2,-0.18366923,-0.1,46.27775468
1667596789.1654313,1643.2,1641.76,-0.29854102,-1.54,38.97206955
1667596800.254011,1643.2,1641.76,-0.29854102,-1.54,38.97206955
1667596808.9786742,1643.2,1641.76,-0.29854102,-1.54,38.97206955
1667596818.7893865,1643.37,1643.37,-0.17258163,-0.73,47.44278641
1667596828.856188,1643.37,1643.37,-0.17258163,-0.73,47.44278641
1667596838.95644,1643.37,1643.37,-0.17258163,-0.73,47.44278641
1667596848.837264,1643.37,1643.37,-0.17258163,-0.73,47.44278641
1667596859.0257845,1643.37,1643.37,-0.17258163,-0.73,47.44278641
1667596870.822088,1643.37,1643.37,-0.17258163,-0.73,47.44278641
1667596879.1519938,1643.47,1643.47,-0.15904169,-0.81,48.14704871
1667596889.0206037,1643.47,1643.47,-0.15904169,-0.81,48.14704871
1667596899.250894,1643.47,1643.47,-0.15904169,-0.81,48.14704871
1667596909.1141715,1643.47,1643.63,-0.14627815,-0.65,49.32850426
1667596919.342965,1643.47,1643.63,-0.14627815,-0.65,49.32850426
1667596929.0695226,1643.47,1643.63,-0.14627815,-0.65,49.32850426
1667596939.2472718,1643.46,1643.46,-0.1549005,-0.18,48.08836256
1667596949.1028476,1643.46,1643.46,-0.1549005,-0.18,48.08836256
1667596959.7614686,1643.46,1643.46,-0.1549005,-0.18,48.08836256
1667596969.679579,1643.46,1643.57,-0.14612558,-0.07,48.96542913
1667596979.7341287,1643.46,1643.57,-0.14612558,-0.07,48.96542913
1667596989.6496189,1643.46,1643.57,-0.14612558,-0.07,48.96542913
1667596999.6058743,1643.36,1643.36,-0.1633929,-0.09,47.35484599
1667597009.710328,1643.36,1643.36,-0.1633929,-0.09,47.35484599
1667597019.6883924,1643.36,1643.36,-0.1633929,-0.09,47.35484599
1667597029.6793098,1643.36,1642.44,-0.23678322,-1.01,41.06695277
1667597039.9664156,1643.36,1642.44,-0.23678322,-1.01,41.06695277
1667597049.6623,1643.36,1642.44,-0.23678322,-1.01,41.06695277
1667597059.702299,1642.43,1642.43,-0.29216073,-1.12,41.00329824
1667597069.7618606,1642.43,1642.43,-0.29216073,-1.12,41.00329824
1667597079.9288256,1642.43,1642.43,-0.29216073,-1.12,41.00329824
1667597089.7362547,1642.43,1642.22,-0.30891287,-1.33,39.71069963
1667597099.7496996,1642.43,1642.22,-0.30891287,-1.33,39.71069963
1667597109.7704203,1642.43,1642.22,-0.30891287,-1.33,39.71069963
1667597119.71426,1641.08,1641.08,-0.52244166,-3.07,33.9046281
1667597129.744979,1641.08,1641.08,-0.52244166,-3.07,33.9046281
1667597140.349455,1641.08,1641.09,-0.52164394,-3.06,33.95149007
1667597150.3280149,1641.08,1641.09,-0.52164394,-3.06,33.95149007
1667597160.36229,1641.08,1641.09,-0.52164394,-3.06,33.95149007
1667597170.3675177,1641.08,1641.09,-0.52164394,-3.06,33.95149007
1667597180.353644,1640.94,1640.94,-0.63233297,-2.89,33.25842193
1667597190.3018377,1640.94,1640.94,-0.63233297,-2.89,33.25842193
1667597200.3421955,1640.94,1641.06,-0.62276032,-2.77,34.36131406
1667597210.3665054,1640.94,1641.06,-0.62276032,-2.77,34.36131406
1667597220.3608673,1640.94,1641.06,-0.62276032,-2.77,34.36131406
1667597230.278688,1640.94,1641.06,-0.62276032,-2.77,34.36131406
1667597240.2696252,1640.95,1640.95,-0.70106961,-2.76,33.35186116
1667597250.3959358,1640.95,1640.95,-0.70106961,-2.76,33.35186116
1667597260.3098297,1640.95,1640.95,-0.70106961,-2.76,33.35186116
1667597270.317804,1640.95,1640.86,-0.70824909,-2.85,32.88780586
1667597280.3258317,1640.95,1640.86,-0.70824909,-2.85,32.88780586
1667597290.3919814,1640.95,1640.86,-0.70824909,-2.85,32.88780586
1667597300.345053,1640.6,1640.6,-0.79766056,-2.6,31.61693826
1667597310.2879496,1640.6,1640.6,-0.79766056,-2.6,31.61693826
1667597320.9318883,1640.6,1640.6,-0.79766056,-2.6,31.61693826
1667597330.962426,1640.6,1641.58,-0.71948393,-1.62,40.88890426
1667597340.934938,1640.6,1641.58,-0.71948393,-1.62,40.88890426
1667597350.8823273,1641.66,1641.66,-0.69314393,-1.72,41.542164
1667597360.9808743,1641.66,1641.66,-0.69314393,-1.72,41.542164
1667597370.9163651,1641.66,1641.66,-0.69314393,-1.72,41.542164
1667597380.9088929,1641.66,1641.75,-0.68596445,-1.63,42.30726585
1667597390.9705825,1641.66,1641.75,-0.68596445,-1.63,42.30726585
1667597400.9282067,1641.66,1641.75,-0.68596445,-1.63,42.30726585
1667597410.979926,1641.87,1641.87,-0.63929695,-1.6,43.29678216
1667597420.9245198,1641.87,1641.87,-0.63929695,-1.6,43.29678216
1667597430.9085991,1641.87,1641.87,-0.63929695,-1.6,43.29678216
1667597440.9500737,1641.87,1641.4,-0.67678983,-2.07,40.37582905
1667597451.141098,1641.87,1641.4,-0.67678983,-2.07,40.37582905
1667597460.9646287,1641.87,1641.4,-0.67678983,-2.07,40.37582905
1667597470.9418344,1641.41,1641.41,-0.66797535,-2.04,40.43386758
1667597480.9566262,1641.41,1641.41,-0.66797535,-2.04,40.43386758
1667597490.9572935,1641.41,1641.41,-0.66797535,-2.04,40.43386758
1667597501.7792096,1641.41,1641.39,-0.66957079,-2.06,40.30906821
1667597511.754619,1641.41,1641.39,-0.66957079,-2.06,40.30906821
1667597521.7506244,1641.41,1641.39,-0.66957079,-2.06,40.30906821
1667597531.76818,1641.39,1641.39,-0.65629351,-1.96,40.30428362
1667597541.7208035,1641.39,1641.39,-0.65629351,-1.96,40.30428362
1667597551.7142072,1641.39,1641.39,-0.65629351,-1.96,40.30428362
1667597561.7754354,1641.39,1640.73,-0.70894308,-2.62,36.320746
1667597571.7076368,1641.39,1640.73,-0.70894308,-2.62,36.320746
1667597581.7460654,1641.39,1640.73,-0.70894308,-2.62,36.320746
1667597591.7162652,1641.39,1640.73,-0.70894308,-2.62,36.320746
1667597601.746984,1640.26,1640.26,-0.79939246,-2.18,33.98437465
1667597611.681944,1640.26,1640.26,-0.79939246,-2.18,33.98437465
1667597621.7551453,1640.26,1641.04,-0.73717024,-1.4,40.90869398
1667597631.788435,1640.26,1641.04,-0.73717024,-1.4,40.90869398
1667597641.7753105,1640.26,1641.04,-0.73717024,-1.4,40.90869398
1667597651.802401,1640.97,1640.97,-0.73078035,-0.12,40.34717453
1667597661.8138275,1640.97,1640.97,-0.73078035,-0.12,40.34717453
1667597671.8228574,1640.97,1640.97,-0.73078035,-0.12,40.34717453
1667597682.4836495,1640.97,1641.1,-0.72040997,0.01,41.4597407
1667597692.4786503,1640.97,1641.1,-0.72040997,0.01,41.4597407
1667597702.4165084,1640.97,1641.1,-0.72040997,0.01,41.4597407
1667597712.4286976,1641.14,1641.14,-0.68965536,0.19,41.80015346
1667597722.4689968,1641.14,1641.14,-0.68965536,0.19,41.80015346
1667597732.4957263,1641.14,1641.14,-0.68965536,0.19,41.80015346
1667597742.4780052,1641.14,1642.14,-0.60988328,1.19,49.54955806
1667597752.5351708,1641.14,1642.14,-0.60988328,1.19,49.54955806
1667597762.5496714,1641.14,1642.14,-0.60988328,1.19,49.54955806
1667597772.5186007,1641.69,1641.69,-0.58121025,0.73,46.33930629
1667597782.5109403,1641.69,1641.69,-0.58121025,0.73,46.33930629
1667597792.4351728,1641.69,1641.69,-0.58121025,0.73,46.33930629
1667597802.5151696,1641.69,1641.52,-0.5947715,0.56,45.17141487
1667597812.5029955,1641.69,1641.52,-0.5947715,0.56,45.17141487
1667597822.5010617,1641.69,1641.52,-0.5947715,0.56,45.17141487
1667597832.5153694,1641.83,1641.83,-0.50483162,1.23,47.45044015
1667597842.482389,1641.83,1641.83,-0.50483162,1.23,47.45044015
1667597852.5121984,1641.83,1641.83,-0.50483162,1.23,47.45044015
1667597863.1737983,1641.83,1641.97,-0.49366353,1.37,48.60773955
1667597873.178026,1641.83,1641.97,-0.49366353,1.37,48.60773955
1667597883.206766,1641.83,1641.97,-0.49366353,1.37,48.60773955
1667597893.168771,1642.66,1642.66,-0.33065682,1.01,53.63977021
1667597903.2294855,1642.66,1642.66,-0.33065682,1.01,53.63977021
1667597913.176309,1642.66,1642.66,-0.33065682,1.01,53.63977021
1667597923.424969,1642.66,1643.28,-0.28119813,1.63,57.65216834
1667597933.2626898,1642.66,1643.28,-0.28119813,1.63,57.65216834
1667597943.2428052,1642.66,1643.28,-0.28119813,1.63,57.65216834
1667597953.2601078,1643.42,1643.42,-0.13486599,1.55,58.4639147
1667597963.2248442,1643.42,1643.42,-0.13486599,1.55,58.4639147
1667597973.2490697,1643.42,1643.42,-0.13486599,1.55,58.4639147
1667597983.27426,1643.42,1643.57,-0.12290018,1.7,59.36271207
1667597993.4848237,1643.42,1643.57,-0.12290018,1.7,59.36271207
1667598003.2519417,1643.42,1643.57,-0.12290018,1.7,59.36271207
1667598013.2616954,1644.21,1644.21,0.08362916,2.8,62.80125831
1667598023.2889574,1644.21,1644.21,0.08362916,2.8,62.80125831
1667598033.202523,1644.21,1644.21,0.08362916,2.8,62.80125831
1667598043.6396935,1644.21,1644.99,0.14585139,3.58,66.51551115
1667598053.611574,1644.21,1644.99,0.14585139,3.58,66.51551115
1667598063.6679225,1644.21,1644.99,0.14585139,3.58,66.51551115
1667598073.639186,1645.0,1645.0,0.31617264,3.6,66.56160879
1667598083.65492,1645.0,1645.0,0.31617264,3.6,66.56160879
1667598093.6391928,1645.0,1645.0,0.31617264,3.6,66.56160879
1667598103.8573606,1645.0,1644.99,0.31537492,3.59,66.51551115
1667598113.598528,1645.0,1644.99,0.31537492,3.59,66.51551115
1667598123.6289542,1645.0,1644.99,0.31537492,3.59,66.51551115
1667598133.6352816,1645.0,1645.0,0.44601212,4.75,66.56160879
1667598143.6222467,1645.0,1645.0,0.44601212,4.75,66.56160879
1667598153.61969,1645.0,1645.0,0.44601212,4.75,66.56160879
1667598163.6116152,1645.0,1645.02,0.44760756,4.77,66.66046619
1667598173.657909,1645.0,1645.02,0.44760756,4.77,66.66046619
1667598183.594486,1645.0,1645.02,0.44760756,4.77,66.66046619
1667598193.6798563,1643.94,1643.94,0.39342711,2.97,57.51615357
1667598203.6465268,1643.94,1643.94,0.39342711,2.97,57.51615357
1667598213.7032957,1643.94,1643.94,0.39342711,2.97,57.51615357
1667598224.4970076,1643.94,1644.07,0.40379748,3.1,58.28716146
1667598234.49148,1643.94,1644.07,0.40379748,3.1,58.28716146
1667598244.5876482,1643.94,1644.07,0.40379748,3.1,58.28716146
1667598255.52802,1644.07,1644.07,0.43113021,2.94,58.29152169
1667598264.533862,1644.07,1644.07,0.43113021,2.94,58.29152169
1667598274.5205507,1644.07,1644.07,0.43113021,2.94,58.29152169
1667598284.530808,1644.07,1643.28,0.36811027,2.15,52.25672743
1667598294.5206387,1644.07,1643.28,0.36811027,2.15,52.25672743
1667598304.5140672,1644.07,1643.28,0.36811027,2.15,52.25672743
1667598314.4847105,1643.01,1643.01,0.29779644,1.31,50.4683355
1667598324.537898,1643.01,1643.01,0.29779644,1.31,50.4683355
1667598334.4973197,1643.01,1643.01,0.29779644,1.31,50.4683355
1667598344.4621007,1643.01,1642.79,0.28024658,1.09,48.99511709
1667598354.5077147,1643.01,1642.79,0.28024658,1.09,48.99511709
1667598364.5221975,1643.01,1642.79,0.28024658,1.09,48.99511709
1667598374.6294403,1642.21,1642.21,0.14310752,0.38,45.50749522
1667598384.9920516,1642.21,1642.21,0.14310752,0.38,45.50749522
1667598394.5205526,1642.21,1642.21,0.14310752,0.38,45.50749522
1667598405.1036134,1642.21,1642.2,0.1423098,0.37,45.435226
1667598415.2617116,1642.21,1642.2,0.1423098,0.37,45.435226
1667598425.124899,1642.21,1642.2,0.1423098,0.37,45.435226
1667598435.151445,1642.39,1642.39,0.09696739,-0.27,46.78004356
1667598445.042829,1642.39,1642.39,0.09696739,-0.27,46.78004356
1667598455.106525,1642.39,1642.39,0.09696739,-0.27,46.78004356
1667598465.1134083,1642.39,1642.4,0.09776511,-0.26,46.84513031
1667598475.0854528,1642.39,1642.4,0.09776511,-0.26,46.84513031
1667598485.1064365,1642.39,1642.4,0.09776511,-0.26,46.84513031
1667598495.1249774,1641.88,1641.88,-0.0236412,-1.54,43.6802153
1667598505.0699878,1641.88,1641.88,-0.0236412,-1.54,43.6802153
1667598515.243196,1641.88,1641.88,-0.0236412,-1.54,43.6802153
1667598525.25413,1641.88,1641.4,-0.0619318,-2.02,40.93502021
1667598535.125208,1641.88,1641.4,-0.0619318,-2.02,40.93502021
1667598545.3549984,1641.88,1641.4,-0.0619318,-2.02,40.93502021
1667598555.1372137,1641.23,1641.23,-0.17788566,-2.97,40.039762
1667598565.153922,1641.23,1641.23,-0.17788566,-2.97,40.039762
1667598575.215541,1641.23,1641.23,-0.17788566,-2.97,40.039762
1667598585.7781954,1641.23,1641.34,-0.16911073,-2.86,40.91114241
1667598595.807914,1641.23,1641.34,-0.16911073,-2.86,40.91114241
1667598605.77847,1641.23,1641.34,-0.16911073,-2.86,40.91114241
1667598615.8376238,1641.33,1641.33,-0.24256934,-3.66,40.83053623
1667598625.82612,1641.33,1641.33,-0.24256934,-3.66,40.83053623
1667598635.7371008,1641.33,1641.33,-0.24256934,-3.66,40.83053623
1667598645.906012,1641.33,1641.34,-0.24177162,-3.65,40.91733379
1667598655.796681,1641.33,1641.34,-0.24177162,-3.65,40.91733379
1667598665.8302205,1641.33,1641.34,-0.24177162,-3.65,40.91733379
1667598675.8072212,1641.56,1641.56,-0.2642197,-3.44,42.7644674
1667598685.8166213,1641.56,1641.56,-0.2642197,-3.44,42.7644674
1667598695.8205776,1641.56,1641.56,-0.2642197,-3.44,42.7644674
1667598706.1539862,1641.56,1642.24,-0.20997469,-2.76,48.15932278
1667598715.8669126,1641.56,1642.24,-0.20997469,-2.76,48.15932278
1667598725.7904546,1641.56,1642.24,-0.20997469,-2.76,48.15932278
1667598735.9085948,1642.88,1642.88,-0.10533167,-1.07,52.37233423
1667598745.8764398,1642.88,1642.88,-0.10533167,-1.07,52.37233423
1667598755.7696755,1642.88,1642.88,-0.10533167,-1.07,52.37233423
1667598766.551845,1642.88,1643.14,-0.08459093,-0.81,54.01821543
1667598776.5725546,1642.88,1643.14,-0.08459093,-0.81,54.01821543
1667598786.5351243,1642.88,1643.14,-0.08459093,-0.81,54.01821543
1667598796.7836,1643.69,1643.69,0.0523488,-0.37,57.11645512
1667598806.51758,1643.69,1643.69,0.0523488,-0.37,57.11645512
1667598816.497883,1643.69,1643.69,0.0523488,-0.37,57.11645512
1667598826.5695202,1643.69,1647.68,0.3706394,3.62,71.99060769
1667598836.5720644,1643.69,1647.68,0.3706394,3.62,71.99060769
1667598846.551336,1643.69,1647.68,0.3706394,3.62,71.99060769
1667598856.6013691,1648.15,1648.15,0.75451819,5.15,73.08918898
1667598866.488873,1648.15,1648.15,0.75451819,5.15,73.08918898
1667598876.5141785,1648.15,1648.15,0.75451819,5.15,73.08918898
1667598886.6057415,1648.15,1649.41,0.85503101,6.41,75.82650719
1667598897.0549808,1648.15,1649.41,0.85503101,6.41,75.82650719
1667598906.5305903,1648.15,1649.41,0.85503101,6.41,75.82650719
1667598916.5909417,1648.17,1648.17,1.02013191,5.97,73.13747175
1667598926.5127168,1648.17,1648.17,1.02013191,5.97,73.13747175
1667598936.5915196,1648.17,1648.17,1.02013191,5.97,73.13747175
1667598947.75707,1648.17,1650.08,1.17249658,7.88,77.32209543
1667598957.7418053,1648.17,1650.08,1.17249658,7.88,77.32209543
1667598967.8014944,1648.17,1650.08,1.17249658,7.88,77.32209543
1667598978.0090532,1650.24,1650.24,1.50797876,7.84,77.61422019
1667598987.8302307,1650.24,1650.24,1.50797876,7.84,77.61422019
1667598997.830366,1650.24,1650.24,1.50797876,7.84,77.61422019
1667599007.8470857,1650.24,1650.15,1.50079927,7.75,77.01327036
1667599017.801571,1650.24,1650.15,1.50079927,7.75,77.01327036
1667599027.7949784,1650.24,1650.15,1.50079927,7.75,77.01327036
1667599037.830181,1650.01,1650.01,1.71112268,8.12,76.09673657
1667599047.8279717,1650.01,1650.01,1.71112268,8.12,76.09673657
1667599058.0769775,1650.01,1650.01,1.71112268,8.12,76.09673657
1667599067.7774725,1650.01,1648.61,1.59944177,6.72,67.45181184
1667599077.879928,1650.01,1648.61,1.59944177,6.72,67.45181184
1667599087.8502734,1650.01,1648.61,1.59944177,6.72,67.45181184
1667599097.7943716,1648.84,1648.84,1.69914592,7.6,68.70570182
1667599107.910365,1648.84,1648.84,1.69914592,7.6,68.70570182
1667599117.8095796,1648.84,1648.84,1.69914592,7.6,68.70570182
1667599128.4802864,1648.84,1647.78,1.61458752,6.54,62.80983319
1667599138.4712434,1648.84,1647.78,1.61458752,6.54,62.80983319
1667599148.5566986,1648.84,1647.78,1.61458752,6.54,62.80983319
1667599158.439123,1648.15,1648.15,1.64660822,6.82,64.75964194
1667599168.5152676,1648.15,1648.15,1.64660822,6.82,64.75964194
1667599178.5535498,1648.15,1648.15,1.64660822,6.82,64.75964194
1667599188.524238,1648.15,1648.46,1.67133756,7.13,65.71982073
1667599198.5135255,1648.15,1648.46,1.67133756,7.13,65.71982073
1667599208.528554,1648.15,1648.46,1.67133756,7.13,65.71982073
1667599218.6753192,1648.36,1648.36,1.66010811,6.8,65.3841108
1667599228.5144854,1648.36,1648.36,1.66010811,6.8,65.3841108
1667599238.4912674,1648.36,1648.36,1.66010811,6.8,65.3841108
1667599249.0644107,1648.36,1648.38,1.66170355,6.82,65.47942765
1667599258.555347,1648.36,1648.38,1.66170355,6.82,65.47942765
1667599268.5461218,1648.36,1648.38,1.66170355,6.82,65.47942765
1667599278.6000311,1649.65,1649.65,1.82037406,6.76,69.2069949
1667599288.5798254,1649.65,1649.65,1.82037406,6.76,69.2069949
1667599298.8418283,1649.65,1649.65,1.82037406,6.76,69.2069949
1667599308.8893385,1649.65,1650.78,1.91051651,7.89,72.09434308
1667599318.982745,1649.65,1650.78,1.91051651,7.89,72.09434308
1667599328.9140792,1649.65,1650.78,1.91051651,7.89,72.09434308
1667599338.9776316,1652.34,1652.34,2.2248343,8.64,75.29264522
1667599348.9795556,1652.34,1652.34,2.2248343,8.64,75.29264522
1667599358.9801116,1652.34,1652.34,2.2248343,8.64,75.29264522
1667599368.9000337,1652.34,1648.97,1.95600239,5.27,59.44304615
1667599378.951984,1652.34,1648.97,1.95600239,5.27,59.44304615
1667599388.9451838,1652.34,1648.97,1.95600239,5.27,59.44304615
1667599399.011037,1646.47,1646.47,1.51844342,-1.68,51.41410757
1667599409.1533875,1646.47,1646.47,1.51844342,-1.68,51.41410757
1667599418.972594,1646.47,1646.47,1.51844342,-1.68,51.41410757
1667599428.9409754,1646.47,1645.97,1.47855738,-2.18,49.9606582
1667599438.9611156,1646.47,1645.97,1.47855738,-2.18,49.9606582
1667599449.000389,1646.47,1645.97,1.47855738,-2.18,49.9606582
1667599458.9863229,1646.21,1646.21,1.27720094,-1.96,50.64934868
1667599469.0048852,1646.21,1646.21,1.27720094,-1.96,50.64934868
1667599478.934078,1646.21,1646.21,1.27720094,-1.96,50.64934868
1667599489.5920656,1646.21,1644.66,1.15355422,-3.51,46.22718051
1667599499.6333442,1646.21,1644.66,1.15355422,-3.51,46.22718051
1667599509.5542338,1646.21,1644.66,1.15355422,-3.51,46.22718051
1667599519.4860585,1644.48,1644.48,0.84595606,-5.76,45.76310407
1667599529.5657887,1644.48,1644.48,0.84595606,-5.76,45.76310407
1667599539.5284977,1644.48,1644.48,0.84595606,-5.76,45.76310407
1667599549.5173302,1644.48,1644.52,0.84914694,-5.72,45.89309617
1667599559.577614,1644.48,1644.52,0.84914694,-5.72,45.89309617
1667599569.562152,1644.48,1644.52,0.84914694,-5.72,45.89309617
1667599579.5411208,1644.04,1644.04,0.54437025,-5.97,44.58483591
1667599589.5874617,1644.04,1644.04,0.54437025,-5.97,44.58483591
1667599600.008491,1644.04,1644.04,0.54437025,-5.97,44.58483591
1667599609.5938468,1644.04,1645.0,0.62095144,-5.01,47.74603026
1667599619.5127492,1644.04,1645.0,0.62095144,-5.01,47.74603026
1667599629.5719974,1644.04,1645.0,0.62095144,-5.01,47.74603026
1667599639.5402143,1644.05,1644.05,0.33079481,-4.78,44.61973513
1667599649.6432102,1644.05,1644.05,0.33079481,-4.78,44.61973513
1667599659.552612,1644.05,1644.05,0.33079481,-4.78,44.61973513
1667599670.028945,1644.05,1644.05,0.33079481,-4.78,44.61973513
1667599680.0581715,1644.05,1644.05,0.33079481,-4.78,44.61973513
1667599690.0304174,1644.05,1644.05,0.33079481,-4.78,44.61973513
1667599700.028267,1646.97,1646.97,0.57123146,-1.18,53.77632001
1667599710.089667,1646.97,1646.97,0.57123146,-1.18,53.77632001
1667599720.2758512,1646.97,1646.97,0.57123146,-1.18,53.77632001
1667599730.050179,1646.97,1648.65,0.70524856,0.5,58.07063146
1667599740.011201,1646.97,1648.65,0.70524856,0.5,58.07063146
1667599750.074576,1646.97,1648.65,0.70524856,0.5,58.07063146
1667599760.290423,1650.64,1650.64,1.09064071,2.27,62.21279481
1667599770.093537,1650.64,1650.64,1.09064071,2.27,62.21279481
1667599780.1610346,1650.64,1650.64,1.09064071,2.27,62.21279481
1667599790.049144,1650.64,1649.76,1.02044128,1.39,59.41082946
1667599800.0354197,1650.64,1649.76,1.02044128,1.39,59.41082946
1667599810.0887165,1650.64,1649.76,1.02044128,1.39,59.41082946
1667599820.009652,1650.17,1650.17,1.18933372,0.52,60.68177497
1667599830.0466926,1650.17,1650.17,1.18933372,0.52,60.68177497
1667599840.1333408,1650.17,1650.17,1.18933372,0.52,60.68177497
1667599850.5634823,1650.17,1650.18,1.19013144,0.53,60.71595564
1667599860.4848506,1650.17,1650.18,1.19013144,0.53,60.71595564
1667599870.4533842,1650.17,1650.18,1.19013144,0.53,60.71595564
1667599880.4937546,1649.63,1649.63,1.20613357,-2.71,58.88900764
1667599890.5175557,1649.63,1649.63,1.20613357,-2.71,58.88900764
1667599900.5191326,1649.63,1649.34,1.18299967,-3.0,57.90108472
1667599910.5647588,1649.63,1649.34,1.18299967,-3.0,57.90108472
1667599920.5354838,1649.63,1649.34,1.18299967,-3.0,57.90108472
1667599930.4961834,1649.67,1649.67,1.24371407,3.2,58.99794607
1667599940.4765763,1649.67,1649.67,1.24371407,3.2,58.99794607
1667599950.9720364,1649.67,1649.67,1.24371407,3.2,58.99794607
1667599960.53432,1649.67,1650.0,1.27003885,3.53,59.83670273
1667599970.819873,1649.67,1650.0,1.27003885,3.53,59.83670273
1667599980.567192,1649.67,1650.0,1.27003885,3.53,59.83670273
1667599990.541083,1649.66,1649.66,1.25507958,3.46,58.96262996
1667600000.5473697,1649.66,1649.66,1.25507958,3.46,58.96262996
1667600010.4897847,1649.66,1649.66,1.25507958,3.46,58.96262996
1667600020.6189632,1649.66,1649.46,1.23912516,3.26,58.18128197
1667600031.113385,1649.66,1649.46,1.23912516,3.26,58.18128197
1667600041.137868,1649.66,1649.46,1.23912516,3.26,58.18128197
1667600051.1325674,1649.59,1649.59,1.2416518,5.11,58.69158911
1667600061.1540618,1649.59,1649.59,1.2416518,5.11,58.69158911
1667600071.058451,1649.59,1649.59,1.2416518,5.11,58.69158911
1667600081.0903542,1649.59,1650.0,1.27435835,5.52,59.9075442
1667600091.0561988,1649.59,1650.0,1.27435835,5.52,59.9075442
1667600101.0955398,1649.59,1650.0,1.27435835,5.52,59.9075442
1667600111.347612,1649.99,1649.99,1.27727655,5.95,59.87903193
1667600121.1859558,1649.99,1649.99,1.27727655,5.95,59.87903193
1667600131.1465816,1649.99,1649.99,1.27727655,5.95,59.87903193
1667600141.1961367,1649.99,1649.8,1.26211985,5.76,59.02020013
1667600151.0913224,1649.99,1649.8,1.26211985,5.76,59.02020013
1667600161.1395447,1649.99,1649.8,1.26211985,5.76,59.02020013
1667600171.2099006,1650.81,1650.81,1.38093336,6.76,62.25188155
1667600181.1729336,1650.81,1650.81,1.38093336,6.76,62.25188155
1667600191.1569998,1650.81,1650.81,1.38093336,6.76,62.25188155
1667600201.1931608,1650.81,1653.24,1.57477951,9.19,68.24068232
1667600211.637915,1650.81,1653.24,1.57477951,9.19,68.24068232
1667600221.5897355,1650.81,1653.24,1.57477951,9.19,68.24068232
1667600231.5898664,1650.81,1653.24,1.57477951,9.19,68.24068232
1667600241.576517,1652.64,1652.64,1.65386169,5.68,66.94757145
1667600251.6106994,1652.64,1652.64,1.65386169,5.68,66.94757145
1667600261.5880306,1652.64,1652.09,1.60998704,5.13,64.37769702
1667600271.5793464,1652.64,1652.09,1.60998704,5.13,64.37769702
1667600281.589325,1652.64,1652.09,1.60998704,5.13,64.37769702
1667600291.6025422,1652.42,1652.42,1.70338227,1.77,65.8887991
1667600301.8140724,1652.42,1652.42,1.70338227,1.77,65.8887991
1667600311.5948734,1652.42,1652.42,1.70338227,1.77,65.8887991
1667600321.546079,1652.42,1651.53,1.63238512,0.88,61.65171673
1667600331.602258,1652.42,1651.53,1.63238512,0.88,61.65171673
1667600341.6082675,1652.42,1651.53,1.63238512,0.88,61.65171673
1667600351.606535,1650.32,1650.32,1.44089824,0.14,56.66725038
1667600361.6691833,1650.32,1650.32,1.44089824,0.14,56.66725038
1667600371.660415,1650.32,1650.32,1.44089824,0.14,56.66725038
1667600381.605091,1650.32,1650.01,1.4161689,-0.17,55.4315435
1667600392.2068667,1650.32,1650.01,1.4161689,-0.17,55.4315435
1667600402.2710814,1650.32,1650.01,1.4161689,-0.17,55.4315435
1667600412.256153,1650.0,1650.0,1.30483172,0.36,55.3895836
1667600422.2280464,1650.0,1650.0,1.30483172,0.36,55.3895836
1667600432.233634,1650.0,1650.0,1.30483172,0.36,55.3895836
1667600442.3240826,1650.0,1650.57,1.3503018,0.93,57.24529689
1667600452.2675846,1650.0,1650.57,1.3503018,0.93,57.24529689
1667600462.800027,1650.0,1650.57,1.3503018,0.93,57.24529689
1667600472.2635002,1651.0,1651.0,1.34471025,1.34,58.52565072
1667600482.2701056,1651.0,1651.0,1.34471025,1.34,58.52565072
1667600492.2917314,1651.0,1651.0,1.34471025,1.34,58.52565072
1667600502.307949,1651.0,1651.71,1.40134843,2.05,60.65849829
1667600512.3025813,1651.0,1651.71,1.40134843,2.05,60.65849829
1667600522.3575757,1651.0,1651.71,1.40134843,2.05,60.65849829
1667600532.3526585,1652.1,1652.1,1.45300403,2.45,61.73323166
1667600542.23149,1652.1,1652.1,1.45300403,2.45,61.73323166
1667600552.5267622,1652.1,1652.1,1.45300403,2.45,61.73323166
1667600562.363722,1652.1,1650.63,1.33573907,0.98,55.57103318
1667600573.130295,1652.1,1650.63,1.33573907,0.98,55.57103318
1667600583.1716566,1652.1,1650.63,1.33573907,0.98,55.57103318
1667600593.1614244,1650.23,1650.23,1.18819384,0.63,54.10153546
1667600603.1495538,1650.23,1650.23,1.18819384,0.63,54.10153546
1667600613.1907654,1650.23,1650.23,1.18819384,0.63,54.10153546
1667600623.6144671,1650.23,1649.48,1.12836478,-0.12,51.35917559
1667600633.1095428,1650.23,1649.48,1.12836478,-0.12,51.35917559
1667600643.168039,1650.23,1649.48,1.12836478,-0.12,51.35917559
1667600653.2211287,1649.0,1649.0,0.91079489,-0.99,49.74287857
1667600663.1850245,1649.0,1649.0,0.91079489,-0.99,49.74287857
1667600673.1115396,1649.0,1649.0,0.91079489,-0.99,49.74287857
1667600683.1993988,1649.0,1649.0,0.91079489,-0.99,49.74287857
1667600693.15673,1649.0,1649.0,0.91079489,-0.99,49.74287857
1667600703.1523614,1649.0,1649.0,0.91079489,-0.99,49.74287857
1667600713.116033,1649.9,1649.9,0.88717163,-0.9,52.73849884
1667600723.2089188,1649.9,1649.9,0.88717163,-0.9,52.73849884
1667600733.244101,1649.9,1649.9,0.88717163,-0.9,52.73849884
1667600743.258428,1649.9,1650.64,0.94620297,-0.16,55.11671473
1667600754.326882,1649.9,1650.64,0.94620297,-0.16,55.11671473
1667600764.326136,1649.9,1650.64,0.94620297,-0.16,55.11671473
1667600774.333633,1650.37,1650.37,0.86811899,-2.26,54.27857589
1667600784.7542777,1650.37,1650.37,0.86811899,-2.26,54.27857589
1667600794.2993443,1650.37,1650.37,0.86811899,-2.26,54.27857589
1667600804.356213,1650.37,1649.58,0.80509904,-3.05,51.26225826
1667600814.3115654,1650.37,1649.58,0.80509904,-3.05,51.26225826
1667600824.5327778,1650.37,1649.58,0.80509904,-3.05,51.26225826
1667600834.2357044,1649.29,1649.29,0.66063646,-3.12,50.23974773
1667600844.587443,1649.29,1649.29,0.66063646,-3.12,50.23974773
1667600854.309857,1649.29,1649.29,0.66063646,-3.12,50.23974773
1667600864.329413,1649.29,1649.01,0.63830027,-3.4,49.21697112
1667600874.3241768,1649.29,1649.01,0.63830027,-3.4,49.21697112
1667600884.348993,1649.29,1649.01,0.63830027,-3.4,49.21697112
1667600894.3157427,1648.56,1648.56,0.45548013,-1.77,47.65718772
1667600904.3265502,1648.56,1648.56,0.45548013,-1.77,47.65718772
1667600914.3821497,1648.56,1648.56,0.45548013,-1.77,47.65718772
1667600924.3845403,1648.56,1648.55,0.45468241,-1.78,47.62106996
1667600934.9194603,1648.56,1648.55,0.45468241,-1.78,47.62106996
1667600945.0703645,1648.56,1648.55,0.45468241,-1.78,47.62106996
1667600954.8845017,1646.95,1646.95,0.10758548,-3.06,42.47108821
1667600964.8561983,1646.95,1646.95,0.10758548,-3.06,42.47108821
1667600974.8881292,1646.95,1646.95,0.10758548,-3.06,42.47108821
1667600984.902433,1646.95,1647.14,0.12274217,-2.87,43.25586442
1667600994.862882,1646.95,1647.14,0.12274217,-2.87,43.25586442
1667601004.9227962,1646.95,1647.14,0.12274217,-2.87,43.25586442
1667601014.889143,1647.43,1647.43,0.00288648,-3.58,44.41869072
1667601024.86447,1647.43,1647.43,0.00288648,-3.58,44.41869072
1667601034.951293,1647.43,1647.43,0.00288648,-3.58,44.41869072
1667601045.0537667,1647.43,1647.49,0.00767281,-3.52,44.66173734
1667601054.907102,1647.43,1647.49,0.00767281,-3.52,44.66173734
1667601064.8730173,1647.43,1647.49,0.00767281,-3.52,44.66173734
1667601074.9170363,1648.4,1648.4,0.02793723,-3.7,48.21500422
1667601084.9329536,1648.4,1648.4,0.02793723,-3.7,48.21500422
1667601094.9409208,1648.4,1648.4,0.02793723,-3.7,48.21500422
1667601105.1349134,1648.4,1648.86,0.06463238,-3.24,49.96150628
1667601115.526222,1648.4,1648.86,0.06463238,-3.24,49.96150628
1667601125.4647143,1648.4,1648.86,0.06463238,-3.24,49.96150628
1667601135.8267226,1648.57,1648.57,0.00941172,-1.66,48.8757557
1667601145.4839232,1648.57,1648.57,0.00941172,-1.66,48.8757557
1667601155.6083636,1648.57,1648.57,0.00941172,-1.66,48.8757557
1667601165.6664517,1648.57,1648.94,0.03892739,-1.29,50.35964876
1667601175.4985354,1648.57,1648.94,0.03892739,-1.29,50.35964876
1667601185.5037158,1648.57,1648.94,0.03892739,-1.29,50.35964876
1667601195.4880073,1649.41,1649.41,0.10291885,0.4,52.12758809
1667601205.5849626,1649.41,1649.41,0.10291885,0.4,52.12758809
1667601215.4545271,1649.41,1649.41,0.10291885,0.4,52.12758809
1667601225.490599,1649.41,1648.77,0.05186472,-0.24,49.5435368
1667601235.5096784,1649.41,1648.77,0.05186472,-0.24,49.5435368
1667601245.450627,1649.41,1648.77,0.05186472,-0.24,49.5435368
1667601255.442459,1649.16,1649.16,0.08779135,-0.75,51.08878405
1667601265.6989625,1649.16,1649.16,0.08779135,-0.75,51.08878405
1667601275.4766035,1649.16,1649.16,0.08779135,-0.75,51.08878405
1667601285.5654984,1649.16,1649.04,0.0782187,-0.87,50.5661804
1667601296.6147077,1649.16,1649.04,0.0782187,-0.87,50.5661804
1667601306.3502097,1649.16,1649.04,0.0782187,-0.87,50.5661804
1667601316.3780117,1648.87,1648.87,0.05018451,-1.5,49.8406445
1667601326.427243,1648.87,1648.87,0.05018451,-1.5,49.8406445
1667601336.4340138,1648.87,1648.87,0.05018451,-1.5,49.8406445
1667601346.4519825,1648.87,1649.03,0.06294804,-1.34,50.5574581
1667601356.4820085,1648.87,1649.03,0.06294804,-1.34,50.5574581
1667601366.4131854,1648.87,1649.03,0.06294804,-1.34,50.5574581
1667601376.447794,1649.04,1649.04,0.06106413,-0.24,50.60498884
1667601386.445184,1649.04,1649.04,0.06106413,-0.24,50.60498884
1667601396.4531603,1649.04,1649.04,0.06106413,-0.24,50.60498884
1667601406.498957,1649.04,1650.69,0.19268806,1.41,57.36737284
1667601416.5251632,1649.04,1650.69,0.19268806,1.41,57.36737284
1667601426.4587014,1649.04,1650.69,0.19268806,1.41,57.36737284
1667601436.4894018,1651.38,1651.38,0.38906457,2.82,59.67839239
1667601446.4202185,1651.38,1651.38,0.38906457,2.82,59.67839239
1667601456.714529,1651.38,1651.38,0.38906457,2.82,59.67839239
1667601466.473915,1651.38,1650.92,0.35236941,2.36,57.45733951
1667601477.290918,1651.38,1650.92,0.35236941,2.36,57.45733951
1667601487.4106293,1651.38,1650.92,0.35236941,2.36,57.45733951
1667601497.2323952,1650.63,1650.63,0.38934959,3.68,56.1239279
1667601507.239364,1650.63,1650.63,0.38934959,3.68,56.1239279
1667601517.2429557,1650.63,1650.63,0.38934959,3.68,56.1239279
1667601527.228856,1650.63,1651.62,0.46832395,4.67,59.55100935
1667601537.219797,1650.63,1651.62,0.46832395,4.67,59.55100935
1667601547.2317052,1650.63,1651.62,0.46832395,4.67,59.55100935
1667601557.2160397,1651.8,1651.8,0.59741369,4.36,60.11978822
1667601567.2836857,1651.8,1651.8,0.59741369,4.36,60.11978822
1667601577.2429,1651.8,1651.8,0.59741369,4.36,60.11978822
1667601587.246263,1651.8,1652.19,0.6285248,4.75,61.38148816
1667601597.304755,1651.8,1652.19,0.6285248,4.75,61.38148816
1667601607.270166,1651.8,1652.19,0.6285248,4.75,61.38148816
1667601617.2851954,1652.25,1652.25,0.74473245,3.84,61.56854436
1667601627.2351089,1652.25,1652.25,0.74473245,3.84,61.56854436
1667601637.290119,1652.25,1652.25,0.74473245,3.84,61.56854436
1667601647.4779758,1652.25,1651.41,0.67772391,3.0,57.37832145
1667601657.7817209,1652.25,1651.41,0.67772391,3.0,57.37832145
1667601667.8474813,1652.25,1651.41,0.67772391,3.0,57.37832145
1667601678.098913,1652.07,1652.07,0.79871204,3.51,60.61592101
1667601687.780443,1652.07,1652.07,0.79871204,3.51,60.61592101
1667601697.825154,1652.07,1652.07,0.79871204,3.51,60.61592101
1667601707.833284,1652.07,1652.07,0.79871204,3.51,60.61592101
1667601717.84386,1652.07,1652.07,0.79871204,3.51,60.61592101
1667601727.8370245,1652.07,1652.07,0.79871204,3.51,60.61592101
1667601737.8427649,1652.07,1652.07,0.84252652,2.67,60.61592101
1667601747.8109636,1652.07,1652.07,0.84252652,2.67,60.61592101
1667601757.8267968,1652.07,1652.07,0.84252652,2.67,60.61592101
1667601767.8016171,1652.07,1652.19,0.85209917,2.79,61.07954547
1667601777.7559028,1652.07,1652.19,0.85209917,2.79,61.07954547
1667601787.8154373,1652.07,1652.19,0.85209917,2.79,61.07954547
1667601797.8169746,1651.84,1651.84,0.83535519,2.68,59.25843528
1667601807.8175478,1651.84,1651.84,0.83535519,2.68,59.25843528
1667601818.0696018,1651.84,1651.84,0.83535519,2.68,59.25843528
1667601827.7868323,1651.84,1652.11,0.85689365,2.95,60.39764914
1667601838.719962,1651.84,1652.11,0.85689365,2.95,60.39764914
1667601848.79317,1651.84,1652.11,0.85689365,2.95,60.39764914
1667601858.5395682,1650.48,1650.48,0.64109791,1.6,51.8839548
1667601868.669306,1650.48,1650.48,0.64109791,1.6,51.8839548
1667601878.54574,1650.48,1650.48,0.64109791,1.6,51.8839548
1667601888.5987504,1650.48,1651.29,0.7057133,2.41,55.4344062
1667601898.5488837,1650.48,1651.29,0.7057133,2.41,55.4344062
1667601908.5231197,1650.48,1651.29,0.7057133,2.41,55.4344062
1667601918.5232449,1651.57,1651.57,0.7213055,2.54,56.5428854
1667601928.7582552,1651.57,1651.57,0.7213055,2.54,56.5428854
1667601938.5295825,1651.57,1651.57,0.7213055,2.54,56.5428854
1667601948.59198,1651.57,1650.58,0.64233114,1.55,51.6510807
1667601958.584617,1651.57,1650.58,0.64233114,1.55,51.6510807
1667601968.570474,1651.57,1650.58,0.64233114,1.55,51.6510807
1667601978.5466018,1650.8,1650.8,0.59895263,-0.57,52.66356639
1667601988.5607083,1650.8,1650.8,0.59895263,-0.57,52.66356639
1667601998.760354,1650.8,1650.8,0.59895263,-0.57,52.66356639
1667602008.4772496,1650.8,1650.69,0.5901777,-0.68,52.11350088
1667602019.2099724,1650.8,1650.69,0.5901777,-0.68,52.11350088
1667602029.5425436,1650.8,1650.69,0.5901777,-0.68,52.11350088
1667602039.1779523,1650.22,1650.22,0.46301672,-0.4,49.88364046
1667602049.227767,1650.22,1650.22,0.46301672,-0.4,49.88364046
1667602059.1821835,1650.22,1650.22,0.46301672,-0.4,49.88364046
1667602069.2053611,1650.22,1650.01,0.44626458,-0.61,48.8789207
1667602079.2344608,1650.22,1650.01,0.44626458,-0.61,48.8789207
1667602089.2599018,1650.22,1650.01,0.44626458,-0.61,48.8789207
1667602099.230782,1650.41,1650.41,0.41372127,-1.38,50.80020662
1667602109.4968872,1650.41,1650.41,0.41372127,-1.38,50.80020662
1667602119.214219,1650.41,1650.41,0.41372127,-1.38,50.80020662
1667602129.296566,1650.41,1650.06,0.38580104,-1.73,49.02121598
1667602139.274592,1650.41,1650.06,0.38580104,-1.73,49.02121598
1667602149.379502,1650.41,1650.06,0.38580104,-1.73,49.02121598
1667602159.327419,1650.01,1650.01,0.3013489,-2.24,48.78353955
1667602169.236713,1650.01,1650.01,0.3013489,-2.24,48.78353955
1667602179.2240577,1650.01,1650.01,0.3013489,-2.24,48.78353955
1667602189.4688,1650.01,1650.65,0.35240303,-1.6,52.06589131
1667602199.955384,1650.01,1650.65,0.35240303,-1.6,52.06589131
1667602210.0064,1650.01,1650.65,0.35240303,-1.6,52.06589131
1667602220.3596942,1650.14,1650.14,0.2538756,-1.94,49.48614953
1667602229.9878695,1650.14,1650.14,0.2538756,-1.94,49.48614953
1667602239.9738295,1650.14,1650.14,0.2538756,-1.94,49.48614953
1667602250.0483065,1650.14,1650.3,0.26663914,-1.78,50.38824124
1667602259.9451275,1650.14,1650.3,0.26663914,-1.78,50.38824124
1667602269.9460735,1650.14,1650.3,0.26663914,-1.78,50.38824124
1667602280.002398,1650.2,1650.2,0.21476098,-1.87,49.82432281
1667602289.917564,1650.2,1650.2,0.21476098,-1.87,49.82432281
1667602300.0164683,1650.2,1650.2,0.21476098,-1.87,49.82432281
1667602309.9541545,1650.2,1650.49,0.23789488,-1.58,51.53259255
1667602319.992054,1650.2,1650.49,0.23789488,-1.58,51.53259255
1667602330.0260527,1650.2,1650.49,0.23789488,-1.58,51.53259255
1667602340.0685005,1650.31,1650.31,0.19222721,-1.54,50.49058601
1667602350.002935,1650.31,1650.31,0.19222721,-1.54,50.49058601
1667602359.9668202,1650.31,1650.31,0.19222721,-1.54,50.49058601
1667602369.90684,1650.31,1649.76,0.14835256,-2.09,47.13435311
1667602380.5966723,1650.31,1649.76,0.14835256,-2.09,47.13435311
1667602390.3557365,1650.31,1649.76,0.14835256,-2.09,47.13435311
1667602400.345389,1651.16,1651.16,0.28690599,0.69,55.3715188
1667602410.3203328,1651.16,1651.16,0.28690599,0.69,55.3715188
1667602420.367501,1651.16,1651.16,0.28690599,0.69,55.3715188
1667602430.40465,1651.16,1652.3,0.37784616,1.83,60.96381398
1667602440.3822622,1651.16,1652.3,0.37784616,1.83,60.96381398
1667602450.472458,1652.28,1652.28,0.46239136,0.71,60.87799009
1667602460.5263803,1652.28,1652.28,0.46239136,0.71,60.87799009
1667602470.381801,1652.28,1652.28,0.46239136,0.71,60.87799009
1667602480.3925457,1652.28,1652.28,0.46239136,0.71,60.87799009
1667602490.590129,1652.28,1652.28,0.46239136,0.71,60.87799009
1667602500.4463978,1652.28,1652.28,0.46239136,0.71,60.87799009
1667602510.391429,1652.28,1652.28,0.46239136,0.71,60.87799009
1667602520.4570532,1652.03,1652.03,0.48988633,1.23,59.12279769
1667602530.4033723,1652.03,1652.03,0.48988633,1.23,59.12279769
1667602540.773793,1652.03,1651.52,0.44920257,0.72,55.61118062
1667602550.4432707,1652.03,1651.52,0.44920257,0.72,55.61118062
1667602561.0851202,1652.03,1651.52,0.44920257,0.72,55.61118062
1667602571.0942333,1651.5,1651.5,0.44592299,1.27,55.48195051
1667602581.063228,1651.5,1651.5,0.44592299,1.27,55.48195051
1667602591.0743773,1651.5,1651.5,0.44592299,1.27,55.48195051
1667602601.0860596,1651.5,1652.65,0.53766088,2.42,61.08214402
1667602611.0727437,1651.5,1652.65,0.53766088,2.42,61.08214402
1667602621.0470984,1651.5,1652.65,0.53766088,2.42,61.08214402
1667602631.0388482,1652.7,1652.7,0.60977265,2.29,61.26420687
1667602641.1513686,1652.7,1652.7,0.60977265,2.29,61.26420687
1667602651.0915358,1652.7,1652.7,0.60977265,2.29,61.26420687
1667602661.1645732,1652.7,1650.79,0.45740798,0.38,50.08216411
1667602671.1101458,1652.7,1650.79,0.45740798,0.38,50.08216411
1667602681.105117,1652.7,1650.79,0.45740798,0.38,50.08216411
1667602691.1393116,1650.79,1650.79,0.38618508,0.79,50.07848292
1667602701.5406604,1650.79,1650.79,0.38618508,0.79,50.07848292
1667602711.0599637,1650.79,1650.79,0.38618508,0.79,50.07848292
1667602721.0817797,1650.79,1650.46,0.35986029,0.46,48.43374862
1667602731.058541,1650.79,1650.46,0.35986029,0.46,48.43374862
1667602741.6233227,1650.79,1650.46,0.35986029,0.46,48.43374862
1667602751.685174,1650.79,1650.46,0.35986029,0.46,48.43374862
1667602761.668512,1649.62,1649.62,0.15934768,-0.52,44.71066663
1667602771.607479,1649.62,1649.62,0.15934768,-0.52,44.71066663
1667602781.658717,1649.62,1649.51,0.15057275,-0.63,44.21905418
1667602791.6627855,1649.62,1649.51,0.15057275,-0.63,44.21905418
1667602801.6808224,1649.62,1649.51,0.15057275,-0.63,44.21905418
1667602811.6243606,1649.67,1649.67,0.06001177,-0.54,44.98639981
1667602821.671043,1649.67,1649.67,0.06001177,-0.54,44.98639981
1667602831.6966226,1649.67,1649.67,0.06001177,-0.54,44.98639981
1667602841.6678436,1649.67,1651.42,0.19961291,1.21,53.57999712
1667602851.64315,1649.67,1651.42,0.19961291,1.21,53.57999712
1667602862.0631971,1649.67,1651.42,0.19961291,1.21,53.57999712
1667602871.6756434,1652.39,1652.39,0.36350658,2.09,57.27896361
1667602881.6858318,1652.39,1652.39,0.36350658,2.09,57.27896361
1667602891.5691917,1652.39,1652.39,0.36350658,2.09,57.27896361
1667602901.6814027,1652.39,1652.17,0.34595672,1.87,56.18542398
1667602911.801567,1652.39,1652.17,0.34595672,1.87,56.18542398
1667602922.3680055,1652.39,1652.17,0.34595672,1.87,56.18542398
1667602932.2948627,1652.04,1652.04,0.3776694,0.87,55.5586489
1667602942.2942317,1652.04,1652.04,0.3776694,0.87,55.5586489
1667602952.2829428,1652.04,1652.04,0.3776694,0.87,55.5586489
1667602962.3585055,1652.04,1650.1,0.22291157,-1.07,47.11235919
1667602972.3210828,1652.04,1650.1,0.22291157,-1.07,47.11235919
1667602982.276781,1652.04,1650.1,0.22291157,-1.07,47.11235919
1667602992.3321157,1649.85,1649.85,0.09613677,-2.43,46.21611999
1667603002.3525474,1649.85,1649.85,0.09613677,-2.43,46.21611999
1667603012.4042406,1649.85,1649.85,0.09613677,-2.43,46.21611999
1667603022.8797696,1649.85,1649.49,0.06741882,-2.79,44.8727009
1667603032.3557396,1649.85,1649.49,0.06741882,-2.79,44.8727009
1667603042.3590028,1649.85,1649.49,0.06741882,-2.79,44.8727009
1667603052.3483973,1650.29,1650.29,0.07478148,-1.75,48.10319721
1667603062.375251,1650.29,1650.29,0.07478148,-1.75,48.10319721
1667603072.3937657,1650.29,1650.29,0.07478148,-1.75,48.10319721
1667603082.4899836,1650.29,1650.1,0.05962479,-1.94,47.33221527
1667603092.5163653,1650.29,1650.1,0.05962479,-1.94,47.33221527
1667603103.2263927,1650.29,1650.1,0.05962479,-1.94,47.33221527
1667603113.2979977,1649.92,1649.92,-0.02261507,-1.58,46.62128757
1667603123.2695422,1649.92,1649.92,-0.02261507,-1.58,46.62128757
1667603133.4078865,1649.92,1649.92,-0.02261507,-1.58,46.62128757
1667603143.27702,1649.92,1651.64,0.11459291,0.14,53.74668309
1667603153.2771225,1649.92,1651.64,0.11459291,0.14,53.74668309
1667603163.2487326,1649.92,1651.64,0.11459291,0.14,53.74668309
1667603173.2855518,1651.72,1651.72,0.17828711,-0.99,54.03229414
1667603183.2796469,1651.72,1651.72,0.17828711,-0.99,54.03229414
1667603193.2454777,1651.72,1651.72,0.17828711,-0.99,54.03229414
1667603203.242338,1651.72,1651.95,0.19663469,-0.76,54.89464261
1667603213.598548,1651.72,1651.95,0.19663469,-0.76,54.89464261
1667603223.2272842,1651.72,1651.95,0.19663469,-0.76,54.89464261
1667603233.3158154,1651.88,1651.88,0.24439215,1.08,54.62459917
1667603243.2391052,1651.88,1651.88,0.24439215,1.08,54.62459917
1667603253.3076534,1651.88,1651.88,0.24439215,1.08,54.62459917
1667603263.1782465,1651.88,1651.88,0.24439215,1.08,54.62459917
1667603273.1968071,1651.88,1650.53,0.13669984,-0.27,48.8129062
1667603284.063664,1651.88,1650.53,0.13669984,-0.27,48.8129062
1667603294.0201018,1649.56,1649.56,-0.04580303,-0.05,45.35625336
1667603304.1282222,1649.56,1649.56,-0.04580303,-0.05,45.35625336
1667603314.2683828,1649.56,1649.56,-0.04580303,-0.05,45.35625336
1667603324.0996678,1649.56,1649.94,-0.01548964,0.33,46.94346855
1667603334.1313117,1649.56,1649.94,-0.01548964,0.33,46.94346855
1667603344.0991874,1649.56,1649.94,-0.01548964,0.33,46.94346855
1667603354.153889,1649.84,1649.84,-0.08805255,0.18,46.5379566
1667603364.1417713,1649.84,1649.84,-0.08805255,0.18,46.5379566
1667603374.1721034,1649.84,1649.84,-0.08805255,0.18,46.5379566
1667603384.1808932,1649.84,1649.39,-0.12394999,-0.27,44.85514234
1667603394.0924275,1649.84,1649.39,-0.12394999,-0.27,44.85514234
1667603404.3839824,1649.84,1649.39,-0.12394999,-0.27,44.85514234
1667603414.1573951,1648.25,1648.25,-0.3624077,-4.14,41.11871173
1667603424.1036515,1648.25,1648.25,-0.3624077,-4.14,41.11871173
1667603434.0886536,1648.25,1648.25,-0.3624077,-4.14,41.11871173
1667603444.172586,1648.25,1648.65,-0.33049887,-3.74,42.92048736
1667603454.0700796,1648.25,1648.65,-0.33049887,-3.74,42.92048736
1667603464.5262983,1648.25,1648.65,-0.33049887,-3.74,42.92048736
1667603474.5260673,1647.72,1647.72,-0.54815125,-4.32,39.45198312
1667603484.4984505,1647.72,1647.72,-0.54815125,-4.32,39.45198312
1667603494.5267217,1647.72,1647.72,-0.54815125,-4.32,39.45198312
1667603504.7037468,1647.72,1647.31,-0.5808578,-4.73,38.17333016
1667603514.5539036,1647.72,1647.31,-0.5808578,-4.73,38.17333016
1667603524.5095484,1647.72,1647.31,-0.5808578,-4.73,38.17333016
1667603534.529263,1646.59,1646.59,-0.81404496,-3.25,36.11766599
1667603544.4976587,1646.59,1646.59,-0.81404496,-3.25,36.11766599
1667603554.5528584,1646.59,1646.59,-0.81404496,-3.25,36.11766599
1667603564.5052383,1646.59,1646.63,-0.81085408,-3.21,36.32282382
1667603574.7004206,1646.59,1646.63,-0.81085408,-3.21,36.32282382
1667603584.589516,1646.59,1646.63,-0.81085408,-3.21,36.32282382
1667603594.9215748,1646.63,1646.63,-0.93742636,-3.67,36.32675625
1667603604.5685124,1646.63,1646.63,-0.93742636,-3.67,36.32675625
1667603614.5679672,1646.63,1646.63,-0.93742636,-3.67,36.32675625
1667603624.681399,1646.63,1646.35,-0.95976254,-3.95,35.44355963
1667603634.583079,1646.63,1646.35,-0.95976254,-3.95,35.44355963
1667603645.2532818,1646.63,1646.35,-0.95976254,-3.95,35.44355963
1667603655.2228787,1645.21,1645.21,-1.22601949,-4.72,32.32735623
1667603665.2485244,1645.21,1645.21,-1.22601949,-4.72,32.32735623
1667603675.215068,1645.21,1645.21,-1.22601949,-4.72,32.32735623
1667603685.3262022,1645.21,1645.24,-1.22362633,-4.69,32.49555465
1667603695.3368866,1645.21,1645.24,-1.22362633,-4.69,32.49555465
1667603705.3396,1645.21,1645.24,-1.22362633,-4.69,32.49555465
1667603715.2632532,1644.78,1644.78,-1.41080599,-6.94,31.24695053
1667603725.2950046,1644.78,1644.78,-1.41080599,-6.94,31.24695053
1667603735.3230553,1644.78,1644.78,-1.41080599,-6.94,31.24695053
1667603745.3317835,1644.78,1646.33,-1.28715926,-5.39,39.35171986
1667603755.277079,1644.78,1646.33,-1.28715926,-5.39,39.35171986
1667603765.3488522,1644.78,1646.33,-1.28715926,-5.39,39.35171986
1667603775.2851925,1646.34,1646.34,-1.29086301,-5.55,39.41159917
1667603785.597689,1646.34,1646.34,-1.29086301,-5.55,39.41159917
1667603795.6282265,1646.34,1646.34,-1.29086301,-5.55,39.41159917
1667603805.3205774,1646.34,1646.39,-1.2868744,-5.5,39.64127253
1667603815.3191147,1646.34,1646.39,-1.2868744,-5.5,39.64127253
1667603826.048429,1646.34,1646.39,-1.2868744,-5.5,39.64127253
1667603835.9924042,1645.63,1645.63,-1.38128737,-3.92,37.27387267
1667603846.0490727,1645.63,1645.63,-1.38128737,-3.92,37.27387267
1667603856.0094984,1645.63,1645.63,-1.38128737,-3.92,37.27387267
1667603866.077667,1645.63,1644.81,-1.44670048,-4.74,34.87409983
1667603876.079456,1645.63,1644.81,-1.44670048,-4.74,34.87409983
1667603886.0845487,1645.63,1644.81,-1.44670048,-4.74,34.87409983
1667603896.054675,1644.94,1644.94,-1.48954789,-4.89,35.25783831
1667603906.057367,1644.94,1644.94,-1.48954789,-4.89,35.25783831
1667603916.163122,1644.94,1644.94,-1.48954789,-4.89,35.25783831
1667603926.1047966,1644.94,1646.41,-1.37228293,-3.42,42.41691193
1667603936.098977,1644.94,1646.41,-1.37228293,-3.42,42.41691193
1667603946.1061475,1644.94,1646.41,-1.37228293,-3.42,42.41691193
1667603956.3017657,1644.94,1644.94,-1.51425874,-3.3,35.26205004
1667603966.092873,1644.94,1644.94,-1.51425874,-3.3,35.26205004
1667603976.586061,1644.94,1644.94,-1.51425874,-3.3,35.26205004
1667603986.0715103,1644.94,1643.82,-1.60360347,-4.42,31.96829749
1667603996.1551774,1644.94,1643.82,-1.60360347,-4.42,31.96829749
1667604006.6390555,1644.94,1643.82,-1.60360347,-4.42,31.96829749
1667604016.630658,1644.64,1644.64,-1.55876224,-3.08,34.32870103
1667604026.7293515,1644.64,1644.64,-1.55876224,-3.08,34.32870103
1667604036.6403153,1644.64,1644.64,-1.55876224,-3.08,34.32870103
1667604046.676798,1644.64,1645.61,-1.48138332,-2.11,39.89458943
1667604056.7187035,1644.64,1645.61,-1.48138332,-2.11,39.89458943
1667604066.6770885,1644.64,1645.61,-1.48138332,-2.11,39.89458943
1667604076.697094,1646.12,1646.12,-1.34665875,-0.47,42.46856852
1667604086.7485378,1646.12,1646.12,-1.34665875,-0.47,42.46856852
1667604096.6871183,1646.12,1646.12,-1.34665875,-0.47,42.46856852
1667604106.7369328,1646.12,1646.12,-1.34665875,-0.47,42.46856852
1667604116.7356403,1646.12,1646.12,-1.34665875,-0.47,42.46856852
1667604126.7648242,1646.12,1646.12,-1.34665875,-0.47,42.46856852
1667604137.11801,1645.86,1645.86,-1.29562866,-0.76,41.51717016
1667604146.7461207,1645.86,1645.86,-1.29562866,-0.76,41.51717016
1667604156.763631,1645.86,1645.86,-1.29562866,-0.76,41.51717016
1667604166.720926,1645.86,1645.24,-1.34508735,-1.38,39.20099847
1667604176.7803528,1645.86,1645.24,-1.34508735,-1.38,39.20099847
1667604187.4125395,1645.86,1645.24,-1.34508735,-1.38,39.20099847
1667604197.3364463,1645.45,1645.45,-1.28135067,0.24,39.9481707
1667604207.379712,1645.45,1645.45,-1.28135067,0.24,39.9481707
1667604217.3898942,1645.45,1645.45,-1.28135067,0.24,39.9481707
1667604227.3748071,1645.45,1645.49,-1.27815979,0.28,40.16367637
1667604237.4251764,1645.45,1645.49,-1.27815979,0.28,40.16367637
1667604247.4381092,1645.45,1645.49,-1.27815979,0.28,40.16367637
1667604257.4221115,1645.3,1645.3,-1.2511506,0.53,39.36591229
1667604267.342919,1645.3,1645.3,-1.2511506,0.53,39.36591229
1667604277.391355,1645.3,1645.3,-1.2511506,0.53,39.36591229
1667604287.408986,1645.3,1645.71,-1.21844405,0.94,41.83181032
1667604297.7580657,1645.3,1645.71,-1.21844405,0.94,41.83181032
1667604307.429736,1645.3,1645.71,-1.21844405,0.94,41.83181032
1667604317.4547224,1646.1,1646.1,-1.09077563,-0.25,44.02446007
1667604327.4202862,1646.1,1646.1,-1.09077563,-0.25,44.02446007
1667604337.4026878,1646.1,1646.1,-1.09077563,-0.25,44.02446007
1667604347.4231336,1646.1,1645.0,-1.17852491,-1.35,39.52496498
1667604357.5304828,1646.1,1645.0,-1.17852491,-1.35,39.52496498
1667604368.2583578,1646.1,1645.0,-1.17852491,-1.35,39.52496498
1667604378.2425356,1645.01,1645.01,-1.15802083,-0.61,39.58541599
1667604388.276312,1645.01,1645.01,-1.15802083,-0.61,39.58541599
1667604398.3864503,1645.01,1645.01,-1.15802083,-0.61,39.58541599
1667604408.1708484,1645.01,1646.36,-1.05032852,0.74,46.76877586
1667604418.23393,1645.01,1646.36,-1.05032852,0.74,46.76877586
1667604428.2070708,1645.01,1646.36,-1.05032852,0.74,46.76877586
1667604438.1418116,1646.35,1646.35,-0.93933383,1.42,46.7218512
1667604448.1788487,1646.35,1646.35,-0.93933383,1.42,46.7218512
1667604458.2844794,1646.35,1646.35,-0.93933383,1.42,46.7218512
1667604468.19041,1646.35,1646.26,-0.94651331,1.33,46.32604087
1667604478.200041,1646.35,1646.26,-0.94651331,1.33,46.32604087
1667604488.4091666,1646.35,1646.26,-0.94651331,1.33,46.32604087
1667604498.2344525,1645.88,1645.88,-0.90748288,0.95,44.72622356
1667604508.1945872,1645.88,1645.88,-0.90748288,0.95,44.72622356
1667604518.2502067,1645.88,1645.88,-0.90748288,0.95,44.72622356
1667604528.324294,1645.88,1646.1,-0.88993303,1.17,45.89125182
1667604538.209355,1645.88,1646.1,-0.88993303,1.17,45.89125182
1667604548.8535223,1645.88,1646.1,-0.88993303,1.17,45.89125182
1667604558.8763018,1646.47,1646.47,-0.75940813,1.84,47.7436545
1667604568.8577218,1646.47,1646.47,-0.75940813,1.84,47.7436545
1667604578.8840888,1646.47,1646.47,-0.75940813,1.84,47.7436545
1667604588.8620892,1646.47,1646.47,-0.75940813,1.84,47.7436545
1667604598.8816774,1646.47,1646.47,-0.75940813,1.84,47.7436545
1667604608.9194326,1646.47,1646.47,-0.75940813,1.84,47.7436545
1667604618.8754249,1646.68,1646.68,-0.6425454,0.55,48.81856073
1667604628.9005065,1646.68,1646.68,-0.6425454,0.55,48.81856073
1667604638.87336,1646.68,1646.68,-0.6425454,0.55,48.81856073
1667604648.8338082,1646.68,1645.87,-0.70716078,-0.26,44.97885561
1667604658.8641589,1646.68,1645.87,-0.70716078,-0.26,44.97885561
1667604668.8767183,1646.68,1645.87,-0.70716078,-0.26,44.97885561
1667604679.0998392,1645.8,1645.8,-0.68056272,-0.05,44.6753724
1667604688.9651167,1645.8,1645.8,-0.68056272,-0.05,44.6753724
1667604698.9293685,1645.8,1645.8,-0.68056272,-0.05,44.6753724
1667604709.0018282,1645.8,1644.77,-0.76272796,-1.08,40.36015247
1667604718.860751,1645.8,1644.77,-0.76272796,-1.08,40.36015247
1667604729.6717904,1645.8,1644.77,-0.76272796,-1.08,40.36015247
1667604739.6280808,1644.99,1644.99,-0.76148082,-0.47,41.20732818
1667604749.6803515,1644.99,1644.99,-0.76148082,-0.47,41.20732818
1667604759.633401,1644.99,1644.99,-0.76148082,-0.47,41.20732818
1667604769.5770032,1644.99,1644.03,-0.83806202,-1.43,37.49576139
1667604779.6440923,1644.99,1644.03,-0.83806202,-1.43,37.49576139
1667604789.730641,1644.99,1644.03,-0.83806202,-1.43,37.49576139
1667604799.6713436,1643.79,1643.79,-0.93583575,-1.52,36.67003873
1667604809.7513742,1643.79,1643.79,-0.93583575,-1.52,36.67003873
1667604819.7086592,1643.79,1643.79,-0.93583575,-1.52,36.67003873
1667604829.7478614,1643.79,1643.08,-0.99247392,-2.23,34.26597018
1667604839.647257,1643.79,1643.08,-0.99247392,-2.23,34.26597018
1667604849.7345595,1643.79,1643.08,-0.99247392,-2.23,34.26597018
1667604859.6804304,1644.46,1644.46,-0.89267746,-1.65,40.60676807
1667604869.667009,1644.46,1644.46,-0.89267746,-1.65,40.60676807
1667604879.6710618,1644.46,1644.46,-0.89267746,-1.65,40.60676807
1667604889.7394884,1644.46,1644.22,-0.91182276,-1.89,39.63668853
1667604900.142512,1644.46,1644.22,-0.91182276,-1.89,39.63668853
1667604910.2753236,1644.46,1644.22,-0.91182276,-1.89,39.63668853
1667604920.41381,1644.41,1644.41,-0.89700881,-0.59,40.38604851
1667604930.58098,1644.41,1644.41,-0.89700881,-0.59,40.38604851
1667604940.3019269,1644.41,1644.41,-0.89700881,-0.59,40.38604851
1667604950.291818,1644.41,1644.3,-0.90578374,-0.7,39.91554918
1667604960.3241673,1644.41,1644.3,-0.90578374,-0.7,39.91554918
1667604970.351237,1644.41,1644.3,-0.90578374,-0.7,39.91554918
1667604980.324509,1644.32,1644.32,-0.89977765,-2.03,40.00027738
1667604990.3177593,1644.32,1644.32,-0.89977765,-2.03,40.00027738
1667605000.3255997,1644.32,1644.32,-0.89977765,-2.03,40.00027738
1667605010.3297048,1644.32,1645.46,-0.80883748,-0.89,46.91700685
1667605020.3045518,1644.32,1645.46,-0.80883748,-0.89,46.91700685
1667605030.3731456,1644.32,1645.46,-0.80883748,-0.89,46.91700685
1667605040.4339042,1645.3,1645.3,-0.74753289,-0.58,46.04402294
1667605050.355797,1645.3,1645.3,-0.74753289,-0.58,46.04402294
1667605060.3003304,1645.3,1645.3,-0.74753289,-0.58,46.04402294
1667605070.3223977,1645.3,1644.33,-0.82491181,-1.55,41.57957913
1667605080.3562796,1645.3,1644.33,-0.82491181,-1.55,41.57957913
1667605091.311637,1644.23,1644.23,-0.83224129,-2.24,41.16806682
1667605100.889673,1644.23,1644.23,-0.83224129,-2.24,41.16806682
1667605110.906729,1644.23,1644.23,-0.83224129,-2.24,41.16806682
1667605120.9354784,1644.23,1643.36,-0.901643,-3.11,37.67460947
1667605130.8463044,1644.23,1643.36,-0.901643,-3.11,37.67460947
1667605140.9185398,1644.23,1643.36,-0.901643,-3.11,37.67460947
1667605150.9168496,1643.54,1643.54,-0.91978969,-3.13,38.34787997
1667605160.9578643,1643.54,1643.54,-0.91978969,-3.13,38.34787997
1667605170.8479388,1643.54,1643.54,-0.91978969,-3.13,38.34787997
1667605180.861205,1643.54,1643.4,-0.93095779,-3.27,37.78233155
1667605190.895892,1643.54,1643.4,-0.93095779,-3.27,37.78233155
1667605200.8961277,1643.54,1643.4,-0.93095779,-3.27,37.78233155
1667605210.888815,1642.71,1642.71,-1.05149013,-3.09,35.21951922
1667605220.9209251,1642.71,1642.71,-1.05149013,-3.09,35.21951922
1667605230.92618,1642.71,1642.71,-1.05149013,-3.09,35.21951922
1667605240.8949986,1642.71,1642.71,-1.05149013,-3.09,35.21951922
1667605251.3696978,1642.71,1643.4,-0.99644739,-2.4,39.60443935
1667605260.8967495,1642.71,1643.4,-0.99644739,-2.4,39.60443935
1667605271.857831,1643.14,1643.14,-1.03065598,-1.86,38.01287208
1667605281.9396322,1643.14,1643.14,-1.03065598,-1.86,38.01287208
1667605291.9576814,1643.14,1643.14,-1.03065598,-1.86,38.01287208
1667605301.982768,1643.14,1643.14,-1.03065598,-1.86,38.01287208
1667605311.8979533,1643.14,1643.28,-1.01948789,-1.72,38.94585672
1667605321.94087,1643.14,1643.28,-1.01948789,-1.72,38.94585672
1667605331.983444,1642.3,1642.3,-1.14759093,-1.49,34.81760598
1667605341.946005,1642.3,1642.3,-1.14759093,-1.49,34.81760598
1667605351.9903784,1642.3,1642.3,-1.14759093,-1.49,34.81760598
1667605361.9563491,1642.3,1642.57,-1.12605247,-1.22,36.63096809
1667605371.971382,1642.3,1642.57,-1.12605247,-1.22,36.63096809
1667605381.9604928,1642.3,1642.57,-1.12605247,-1.22,36.63096809
1667605391.9462266,1642.03,1642.03,-1.21303787,-2.42,33.87311144
1667605401.9875305,1642.03,1642.03,-1.21303787,-2.42,33.87311144
1667605412.5094595,1642.03,1642.03,-1.21303787,-2.42,33.87311144
1667605421.9088426,1642.03,1642.23,-1.19708346,-2.22,35.32733756
1667605431.983437,1642.03,1642.23,-1.19708346,-2.22,35.32733756
1667605441.9437778,1642.03,1642.23,-1.19708346,-2.22,35.32733756
1667605452.883759,1642.29,1642.29,-1.19562016,-2.12,35.77927673
1667605462.890455,1642.29,1642.29,-1.19562016,-2.12,35.77927673
1667605472.900875,1642.29,1642.29,-1.19562016,-2.12,35.77927673
1667605482.879011,1642.29,1642.29,-1.19562016,-2.12,35.77927673
1667605492.8930817,1642.29,1642.22,-1.20120421,-2.19,35.48770562
1667605502.8368142,1642.29,1642.22,-1.20120421,-2.19,35.48770562
1667605512.9084244,1642.08,1642.08,-1.2155254,-2.24,34.95878156
1667605522.8439748,1642.08,1642.08,-1.2155254,-2.24,34.95878156
1667605532.89852,1642.08,1642.08,-1.2155254,-2.24,34.95878156
1667605542.8761911,1642.08,1644.47,-1.02487013,0.15,49.74148632
1667605553.0825343,1642.08,1644.47,-1.02487013,0.15,49.74148632
1667605562.8538077,1642.08,1644.47,-1.02487013,0.15,49.74148632
1667605573.160847,1642.08,1644.47,-1.02487013,0.15,49.74148632
1667605582.8941867,1643.95,1643.95,-0.93855488,-1.35,47.129002
1667605592.889351,1643.95,1643.95,-0.93855488,-1.35,47.129002
1667605602.9513106,1643.95,1643.57,-0.96886827,-1.73,45.2790653
1667605612.954641,1643.95,1643.57,-0.96886827,-1.73,45.2790653
1667605622.8643184,1643.95,1643.57,-0.96886827,-1.73,45.2790653
1667605633.7091017,1643.45,1643.45,-0.8996556,-0.78,44.7397491
1667605643.744667,1643.45,1643.45,-0.8996556,-0.78,44.7397491
1667605653.748531,1643.45,1643.45,-0.8996556,-0.78,44.7397491
1667605663.7722538,1643.45,1643.09,-0.92837355,-1.14,43.02607747
1667605673.8439443,1643.45,1643.09,-0.92837355,-1.14,43.02607747
1667605683.8037057,1643.45,1643.09,-0.92837355,-1.14,43.02607747
1667605693.8345826,1642.99,1642.99,-0.89146257,-0.55,42.57259337
1667605703.8302205,1642.99,1642.99,-0.89146257,-0.55,42.57259337
1667605713.954987,1642.99,1642.99,-0.89146257,-0.55,42.57259337
1667605723.9880152,1642.99,1643.0,-0.89066485,-0.54,42.6206006
1667605733.8518958,1642.99,1643.0,-0.89066485,-0.54,42.6206006
1667605743.793673,1642.99,1643.0,-0.89066485,-0.54,42.6206006
1667605753.869023,1643.18,1643.18,-0.81990076,0.46,43.76210623
1667605764.028583,1643.18,1643.18,-0.81990076,0.46,43.76210623
1667605773.754361,1643.18,1643.18,-0.81990076,0.46,43.76210623
1667605783.7650287,1643.18,1643.76,-0.77363296,1.04,47.39372134
1667605794.040329,1643.18,1643.76,-0.77363296,1.04,47.39372134
1667605803.729453,1643.18,1643.76,-0.77363296,1.04,47.39372134
1667605814.2895331,1642.86,1642.86,-0.81098522,-0.28,42.15274761
1667605824.392628,1642.86,1642.86,-0.81098522,-0.28,42.15274761
1667605834.3141055,1642.86,1642.86,-0.81098522,-0.28,42.15274761
1667605844.3153148,1642.86,1642.99,-0.80061485,-0.15,43.04966924
1667605854.3102477,1642.86,1642.99,-0.80061485,-0.15,43.04966924
1667605864.2546918,1642.86,1642.99,-0.80061485,-0.15,43.04966924
1667605874.325837,1643.04,1643.04,-0.74993802,0.73,43.39442951
1667605884.3408537,1643.04,1643.04,-0.74993802,0.73,43.39442951
1667605894.2558014,1643.04,1643.04,-0.74993802,0.73,43.39442951
1667605904.318943,1643.04,1644.26,-0.65261608,1.95,51.16305148
1667605914.348937,1643.04,1644.26,-0.65261608,1.95,51.16305148
1667605924.2673616,1643.04,1644.26,-0.65261608,1.95,51.16305148
1667605934.2704775,1644.87,1644.87,-0.44611927,2.85,54.29907838
1667605944.3198082,1644.87,1644.87,-0.44611927,2.85,54.29907838
1667605954.601953,1644.87,1644.87,-0.44611927,2.85,54.29907838
1667605964.356225,1644.87,1644.74,-0.45648964,2.72,53.51045776
1667605974.4475996,1644.87,1644.74,-0.45648964,2.72,53.51045776
1667605984.3480968,1644.87,1644.74,-0.45648964,2.72,53.51045776
1667605995.1488657,1644.74,1644.74,-0.33513595,2.44,53.50585954
1667606005.1960423,1644.74,1644.74,-0.33513595,2.44,53.50585954
1667606015.176702,1644.74,1644.74,-0.33513595,2.44,53.50585954
1667606025.1844237,1644.74,1645.38,-0.28408182,3.08,56.84502457
1667606035.1697855,1644.74,1645.38,-0.28408182,3.08,56.84502457
1667606045.1446128,1644.74,1645.38,-0.28408182,3.08,56.84502457
1667606055.1616771,1645.41,1645.41,-0.14276709,3.34,56.99317113
1667606065.0813308,1645.41,1645.41,-0.14276709,3.34,56.99317113
1667606075.1858945,1645.41,1645.41,-0.14276709,3.34,56.99317113
1667606085.1366386,1645.41,1644.97,-0.1778668,2.9,54.14087733
1667606095.1854672,1645.41,1644.97,-0.1778668,2.9,54.14087733
1667606105.1973522,1645.41,1644.97,-0.1778668,2.9,54.14087733
1667606115.2297568,1645.24,1645.24,-0.05632096,1.28,55.85634423
1667606125.1998825,1645.24,1645.24,-0.05632096,1.28,55.85634423
1667606135.213624,1645.24,1645.24,-0.05632096,1.28,55.85634423
1667606145.6808722,1645.24,1645.86,-0.00686227,1.9,59.07361612
1667606155.2506986,1645.24,1645.86,-0.00686227,1.9,59.07361612
1667606165.3059216,1645.24,1645.86,-0.00686227,1.9,59.07361612
1667606175.7979937,1644.98,1644.98,-0.01345502,1.54,54.08377516
1667606185.718125,1644.98,1644.98,-0.01345502,1.54,54.08377516
1667606195.758405,1644.98,1644.98,-0.01345502,1.54,54.08377516
1667606205.8035204,1644.98,1644.58,-0.04536385,1.14,51.36135414
1667606215.73471,1644.98,1644.58,-0.04536385,1.14,51.36135414
1667606225.700582,1644.98,1644.58,-0.04536385,1.14,51.36135414
1667606235.8307474,1645.29,1645.29,0.08035499,2.29,55.89554484
1667606245.8026123,1645.29,1645.29,0.08035499,2.29,55.89554484
1667606255.704532,1645.29,1645.29,0.08035499,2.29,55.89554484
1667606265.744613,1645.29,1645.0,0.05722108,2.0,53.75854113
1667606275.7685757,1645.29,1645.0,0.05722108,2.0,53.75854113
1667606285.796279,1645.29,1645.0,0.05722108,2.0,53.75854113
1667606295.704737,1644.91,1644.91,0.07922863,1.73,53.12472398
1667606305.968433,1644.91,1644.91,0.07922863,1.73,53.12472398
1667606315.8421907,1644.91,1644.91,0.07922863,1.73,53.12472398
1667606325.8146603,1644.91,1644.77,0.06806054,1.59,52.1097696
1667606335.7928376,1644.91,1644.77,0.06806054,1.59,52.1097696
1667606345.8212674,1644.91,1644.77,0.06806054,1.59,52.1097696
1667606356.205062,1644.64,1644.64,0.06549791,1.77,51.17790241
1667606366.1718009,1644.64,1644.64,0.06549791,1.77,51.17790241
1667606376.142582,1644.64,1644.64,0.06549791,1.77,51.17790241
1667606386.125207,1644.64,1645.01,0.09501358,2.14,53.70359858
1667606396.21687,1644.64,1645.01,0.09501358,2.14,53.70359858
1667606406.4812982,1644.64,1645.01,0.09501358,2.14,53.70359858
1667606416.185664,1644.64,1645.01,0.09501358,2.14,53.70359858
1667606426.1848414,1644.78,1644.78,0.08878444,1.74,52.17151815
1667606436.232902,1644.78,1644.78,0.08878444,1.74,52.17151815
1667606446.0943444,1644.78,1645.36,0.13505224,2.32,56.1154618
1667606456.2556112,1644.78,1645.36,0.13505224,2.32,56.1154618
1667606466.370509,1644.78,1645.36,0.13505224,2.32,56.1154618
1667606476.1528728,1644.97,1644.97,0.12412602,0.1,53.53934188
1667606486.1644514,1644.97,1644.97,0.12412602,0.1,53.53934188
1667606496.4457903,1644.97,1644.97,0.12412602,0.1,53.53934188
1667606506.2037878,1644.97,1645.5,0.16640522,0.63,57.2150539
1667606516.182539,1644.97,1645.5,0.16640522,0.63,57.2150539
1667606526.2721183,1644.97,1645.5,0.16640522,0.63,57.2150539
1667606537.048473,1646.24,1646.24,0.31744031,1.49,61.47501528
1667606546.812823,1646.24,1646.24,0.31744031,1.49,61.47501528
1667606556.818812,1646.24,1646.24,0.31744031,1.49,61.47501528
1667606566.7613046,1646.24,1647.48,0.41635769,2.73,67.33756644
1667606576.8075156,1646.24,1647.48,0.41635769,2.73,67.33756644
1667606586.8407822,1646.24,1647.48,0.41635769,2.73,67.33756644
1667606596.8369071,1648.83,1648.83,0.75327521,3.43,71.92780841
1667606606.8392048,1648.83,1648.83,0.75327521,3.43,71.92780841
1667606616.7431428,1648.83,1648.83,0.75327521,3.43,71.92780841
1667606626.779505,1648.83,1647.2,0.62324672,1.8,60.72914967
1667606636.782607,1648.83,1647.2,0.62324672,1.8,60.72914967
1667606646.7842782,1648.83,1647.2,0.62324672,1.8,60.72914967
1667606657.0175383,1644.62,1644.62,0.3285222,-0.61,48.72230016
1667606666.8482769,1644.62,1644.62,0.3285222,-0.61,48.72230016
1667606676.7809494,1644.62,1644.62,0.3285222,-0.61,48.72230016
1667606686.926942,1644.62,1642.96,0.19610055,-2.27,42.85181311
1667606696.817421,1644.62,1642.96,0.19610055,-2.27,42.85181311
1667606706.8546042,1644.62,1642.96,0.19610055,-2.27,42.85181311
1667606717.5234964,1641.69,1641.69,-0.15845866,-3.29,39.23307386
1667606727.491835,1641.69,1641.69,-0.15845866,-3.29,39.23307386
1667606737.515435,1641.69,1641.69,-0.15845866,-3.29,39.23307386
1667606747.5080154,1641.69,1641.41,-0.18079484,-3.57,38.46234805
1667606757.503193,1641.69,1641.41,-0.18079484,-3.57,38.46234805
1667606767.5912807,1641.69,1641.41,-0.18079484,-3.57,38.46234805
1667606777.529618,1640.78,1640.78,-0.48433191,-4.51,36.8342451
1667606787.478318,1640.78,1640.78,-0.48433191,-4.51,36.8342451
1667606797.5271814,1640.78,1640.78,-0.48433191,-4.51,36.8342451
1667606807.5997498,1640.78,1638.41,-0.67339174,-6.88,31.44222165
1667606817.517138,1640.78,1638.41,-0.67339174,-6.88,31.44222165
1667606827.5502667,1640.78,1638.41,-0.67339174,-6.88,31.44222165
1667606837.4523792,1639.0,1639.0,-0.92887696,-5.9,32.63137834
1667606848.0655272,1639.0,1639.0,-0.92887696,-5.9,32.63137834
1667606857.5472474,1639.0,1639.0,-0.92887696,-5.9,32.63137834
1667606867.5547955,1639.0,1639.36,-0.90015901,-5.54,34.26502281
1667606877.5016286,1639.0,1639.36,-0.90015901,-5.54,34.26502281
1667606887.5416014,1639.0,1639.36,-0.90015901,-5.54,34.26502281
1667606898.1126423,1639.99,1639.99,-1.01476788,-4.68,36.95603576
1667606908.1323562,1639.99,1639.99,-1.01476788,-4.68,36.95603576
1667606918.1734862,1639.99,1639.99,-1.01476788,-4.68,36.95603576
1667606928.092996,1639.99,1640.26,-0.99322942,-4.41,38.10094036
1667606938.1220317,1639.99,1640.26,-0.99322942,-4.41,38.10094036
1667606948.2042267,1639.99,1640.26,-0.99322942,-4.41,38.10094036
1667606958.0760329,1638.33,1638.33,-1.36827416,-6.45,33.15789697
1667606968.0434504,1638.33,1638.33,-1.36827416,-6.45,33.15789697
1667606978.1788192,1638.33,1638.33,-1.36827416,-6.45,33.15789697
1667606988.0964043,1638.33,1637.35,-1.4464508,-7.43,31.09074546
1667606998.1012006,1638.33,1637.35,-1.4464508,-7.43,31.09074546
1667607008.722717,1638.33,1637.35,-1.4464508,-7.43,31.09074546
1667607018.1264286,1636.92,1636.92,-1.72459186,-8.05,30.27118979
1667607028.077999,1636.92,1636.92,-1.72459186,-8.05,30.27118979
1667607038.1361148,1636.92,1636.92,-1.72459186,-8.05,30.27118979
1667607048.1339223,1636.92,1637.43,-1.6839081,-7.54,32.54243684
1667607058.130086,1636.92,1637.43,-1.6839081,-7.54,32.54243684
1667607068.1331625,1636.92,1637.43,-1.6839081,-7.54,32.54243684
1667607079.1888063,1639.57,1639.57,-1.5207539,-6.66,40.66245004
1667607089.3687546,1639.57,1639.57,-1.5207539,-6.66,40.66245004
1667607099.1729512,1639.57,1639.57,-1.5207539,-6.66,40.66245004
1667607109.1649694,1639.57,1639.46,-1.52952882,-6.77,40.39389616
1667607119.135494,1639.57,1639.46,-1.52952882,-6.77,40.39389616
1667607129.130775,1639.57,1639.46,-1.52952882,-6.77,40.39389616
1667607139.1848795,1639.01,1639.01,-1.58974881,-9.83,39.34641783
1667607149.2626796,1639.01,1639.01,-1.58974881,-9.83,39.34641783
1667607159.1905203,1639.01,1639.01,-1.58974881,-9.83,39.34641783
1667607169.3874383,1639.01,1637.93,-1.67590265,-10.91,36.82872928
1667607179.1504302,1639.01,1637.93,-1.67590265,-10.91,36.82872928
1667607189.209895,1639.01,1637.93,-1.67590265,-10.91,36.82872928
1667607199.1088274,1638.36,1638.36,-1.68133285,-6.26,37.78484253
1667607209.1038308,1638.36,1638.36,-1.68133285,-6.26,37.78484253
1667607219.126639,1638.36,1638.36,-1.68133285,-6.26,37.78484253
1667607229.3696876,1638.36,1637.95,-1.71403941,-6.67,36.80202694
1667607239.1639206,1638.36,1637.95,-1.71403941,-6.67,36.80202694
1667607249.173102,1638.36,1637.95,-1.71403941,-6.67,36.80202694
1667607260.1742702,1637.7,1637.7,-1.78784172,-4.0,36.2476892
1667607270.6205192,1637.7,1637.7,-1.78784172,-4.0,36.2476892
1667607280.1738143,1637.7,1637.7,-1.78784172,-4.0,36.2476892
1667607290.1853764,1637.7,1636.93,-1.84926622,-4.77,34.44532066
1667607300.239081,1637.7,1636.93,-1.84926622,-4.77,34.44532066
1667607310.2535875,1637.7,1636.93,-1.84926622,-4.77,34.44532066
1667607320.2748046,1636.48,1636.48,-1.98211806,-4.3,33.50554042
1667607330.2766318,1636.48,1636.48,-1.98211806,-4.3,33.50554042
1667607340.2262366,1636.48,1636.48,-1.98211806,-4.3,33.50554042
1667607350.5104122,1636.48,1638.73,-1.80263088,-2.05,42.19974219
1667607360.436983,1636.48,1638.73,-1.80263088,-2.05,42.19974219
1667607370.2093315,1636.48,1638.73,-1.80263088,-2.05,42.19974219
1667607380.1664891,1639.17,1639.17,-1.65460115,0.17,43.64079297
1667607390.4405715,1639.17,1639.17,-1.65460115,0.17,43.64079297
1667607400.232003,1639.17,1639.17,-1.65460115,0.17,43.64079297
1667607410.1578224,1639.17,1640.08,-1.58200855,1.08,46.60574351
1667607420.2524889,1639.17,1640.08,-1.58200855,1.08,46.60574351
1667607430.2629557,1639.17,1640.08,-1.58200855,1.08,46.60574351
1667607440.75086,1639.83,1639.83,-1.45396812,-0.17,45.82273173
1667607450.7639873,1639.83,1639.83,-1.45396812,-0.17,45.82273173
1667607460.7398434,1639.83,1638.64,-1.5488969,-1.36,42.6189142
1667607470.8146567,1639.83,1638.64,-1.5488969,-1.36,42.6189142
1667607480.801916,1639.83,1638.64,-1.5488969,-1.36,42.6189142
1667607490.8117952,1639.78,1639.78,-1.32852535,1.46,45.67845382
1667607500.824487,1639.78,1639.78,-1.32852535,1.46,45.67845382
1667607510.7919033,1639.78,1639.78,-1.32852535,1.46,45.67845382
1667607520.836234,1639.78,1640.77,-1.249551,2.45,49.09604606
1667607530.81004,1639.78,1640.77,-1.249551,2.45,49.09604606
1667607540.7134762,1639.78,1640.77,-1.249551,2.45,49.09604606
1667607551.0098524,1640.93,1640.93,-1.04879635,4.01,49.606519
1667607560.823254,1640.93,1640.93,-1.04879635,4.01,49.606519
1667607570.8188882,1640.93,1640.93,-1.04879635,4.01,49.606519
1667607580.8079317,1640.93,1641.25,-1.02326929,4.33,50.67538231
1667607590.791833,1640.93,1641.25,-1.02326929,4.33,50.67538231
1667607600.894705,1640.93,1641.25,-1.02326929,4.33,50.67538231
1667607610.792746,1641.21,1641.21,-0.85121718,1.63,50.54672582
1667607621.180582,1641.21,1641.21,-0.85121718,1.63,50.54672582
1667607631.268422,1641.21,1641.21,-0.85121718,1.63,50.54672582
1667607641.2402272,1641.21,1641.27,-0.84643086,1.69,50.75827451
1667607651.365601,1641.21,1641.27,-0.84643086,1.69,50.75827451
1667607661.2619314,1641.21,1641.27,-0.84643086,1.69,50.75827451
1667607671.2613008,1641.21,1641.27,-0.84643086,1.69,50.75827451
1667607681.2996967,1640.06,1640.06,-0.86615993,1.06,46.69686255
1667607691.300236,1640.06,1640.06,-0.86615993,1.06,46.69686255
1667607701.183481,1640.06,1640.06,-0.86615993,1.06,46.69686255
1667607711.30638,1640.06,1640.8,-0.80712859,1.8,49.36964443
1667607721.3003535,1640.06,1640.8,-0.80712859,1.8,49.36964443
1667607731.2845547,1641.69,1641.69,-0.56508526,3.32,52.24391517
1667607741.5131328,1641.69,1641.69,-0.56508526,3.32,52.24391517
1667607751.335925,1641.69,1641.69,-0.56508526,3.32,52.24391517
1667607761.2783458,1641.69,1641.69,-0.56508526,3.32,52.24391517
1667607771.2981093,1641.69,1640.7,-0.64405962,2.33,48.91549892
1667607781.238014,1641.69,1640.7,-0.64405962,2.33,48.91549892
1667607791.2836678,1641.0,1641.0,-0.52280012,3.31,49.87844254
1667607802.0657036,1641.0,1641.0,-0.52280012,3.31,49.87844254
1667607811.828928,1641.0,1641.0,-0.52280012,3.31,49.87844254
1667607821.8492205,1641.0,1641.0,-0.52280012,3.31,49.87844254
1667607831.8666463,1641.0,1641.3,-0.49886849,3.61,50.91896808
1667607841.7916417,1641.0,1641.3,-0.49886849,3.61,50.91896808
1667607851.811352,1641.16,1641.16,-0.41735434,4.69,50.43549881
1667607861.8741848,1641.16,1641.16,-0.41735434,4.69,50.43549881
1667607872.0369978,1641.16,1641.16,-0.41735434,4.69,50.43549881
1667607881.8660104,1641.16,1641.36,-0.40139993,4.89,51.171091
1667607891.8650162,1641.16,1641.36,-0.40139993,4.89,51.171091
1667607902.1208377,1641.16,1641.36,-0.40139993,4.89,51.171091
1667607911.8237164,1641.45,1641.45,-0.29961375,2.28,51.49474891
1667607921.8711271,1641.45,1641.45,-0.29961375,2.28,51.49474891
1667607931.8246057,1641.45,1641.45,-0.29961375,2.28,51.49474891
1667607941.854741,1641.45,1640.69,-0.36024053,1.52,48.5671754
1667607951.8473785,1641.45,1640.69,-0.36024053,1.52,48.5671754
1667607961.8618753,1641.45,1640.69,-0.36024053,1.52,48.5671754
1667607972.1867502,1640.1,1640.1,-0.41230075,0.27,46.51170423
1667607983.0338373,1640.1,1640.1,-0.41230075,0.27,46.51170423
1667607993.066663,1640.1,1640.1,-0.41230075,0.27,46.51170423
1667608003.0170488,1640.1,1640.69,-0.36523523,0.86,48.83869514
1667608013.032592,1640.1,1640.69,-0.36523523,0.86,48.83869514
1667608023.0997195,1640.1,1640.69,-0.36523523,0.86,48.83869514
1667608033.0131888,1640.1,1640.69,-0.36523523,0.86,48.83869514
1667608043.045808,1640.72,1640.72,-0.32449565,0.94,48.95186901
1667608053.030943,1640.72,1640.72,-0.32449565,0.94,48.95186901
1667608063.1035216,1640.72,1641.27,-0.280621,1.49,51.08808589
1667608073.113339,1640.72,1641.27,-0.280621,1.49,51.08808589
1667608083.0138628,1640.72,1641.27,-0.280621,1.49,51.08808589
1667608093.3371906,1643.24,1643.24,0.06547927,2.3,57.4637858
1667608103.0301056,1643.24,1643.24,0.06547927,2.3,57.4637858
1667608113.0036745,1643.24,1643.24,0.06547927,2.3,57.4637858
1667608123.0789306,1643.24,1643.89,0.11733113,2.95,59.34674267
1667608133.0055325,1643.24,1643.89,0.11733113,2.95,59.34674267
1667608143.0145197,1643.24,1643.89,0.11733113,2.95,59.34674267
1667608153.0975473,1644.24,1644.24,0.35474865,3.04,60.27644463
1667608163.8896327,1644.24,1644.24,0.35474865,3.04,60.27644463
1667608173.8984318,1644.24,1644.24,0.35474865,3.04,60.27644463
1667608184.008328,1644.24,1643.91,0.32842386,2.71,58.886328
1667608193.9181042,1644.24,1643.91,0.32842386,2.71,58.886328
1667608203.869674,1644.24,1643.91,0.32842386,2.71,58.886328
1667608213.8966296,1643.7,1643.7,0.43726534,3.64,58.02577789
1667608223.9055803,1643.7,1643.7,0.43726534,3.64,58.02577789
1667608233.8660758,1643.7,1643.7,0.43726534,3.64,58.02577789
1667608244.0597496,1643.7,1643.79,0.44444483,3.73,58.30372738
1667608253.9985104,1643.7,1643.79,0.44444483,3.73,58.30372738
1667608264.0015218,1643.7,1643.79,0.44444483,3.73,58.30372738
1667608273.9701395,1643.99,1643.99,0.57291784,2.29,58.89222448
1667608284.4127734,1643.99,1643.99,0.57291784,2.29,58.89222448
1667608294.0644312,1643.99,1643.99,0.57291784,2.29,58.89222448
1667608303.9507182,1643.99,1643.79,0.55696342,2.09,57.98796003
1667608313.942385,1643.99,1643.79,0.55696342,2.09,57.98796003
1667608323.9416142,1643.99,1643.79,0.55696342,2.09,57.98796003
1667608333.934459,1643.48,1643.48,0.58120869,2.48,56.63250762
1667608344.621294,1643.48,1643.48,0.58120869,2.48,56.63250762
1667608354.631389,1643.48,1643.48,0.58120869,2.48,56.63250762
1667608364.6148312,1643.48,1643.46,0.57961325,2.46,56.55187675
1667608374.5676708,1643.48,1643.46,0.57961325,2.46,56.55187675
1667608384.656406,1643.48,1643.46,0.57961325,2.46,56.55187675
1667608394.5702567,1643.47,1643.47,0.61155111,2.3,56.58957143
1667608404.602535,1643.47,1643.47,0.61155111,2.3,56.58957143
1667608414.6253889,1643.47,1643.47,0.61155111,2.3,56.58957143
1667608424.6916234,1643.47,1643.92,0.64744855,2.75,58.22068045
1667608434.6891782,1643.47,1643.92,0.64744855,2.75,58.22068045
1667608444.9534118,1643.47,1643.92,0.64744855,2.75,58.22068045
1667608454.6515024,1644.27,1644.27,0.74331031,2.82,59.38804517
1667608464.6615975,1644.27,1644.27,0.74331031,2.82,59.38804517
1667608474.6132402,1644.27,1644.27,0.74331031,2.82,59.38804517
1667608484.6807473,1644.27,1645.16,0.81430746,3.71,62.33347934
1667608494.6944394,1644.27,1645.16,0.81430746,3.71,62.33347934
1667608504.7162988,1644.27,1645.16,0.81430746,3.71,62.33347934
1667608514.6606684,1645.88,1645.88,1.01442279,5.77,64.41290773
1667608525.3959398,1645.88,1645.88,1.01442279,5.77,64.41290773
1667608535.7510486,1645.88,1645.88,1.01442279,5.77,64.41290773
1667608545.4294684,1645.88,1646.59,1.07106097,6.48,66.38174758
1667608555.461646,1645.88,1646.59,1.07106097,6.48,66.38174758
1667608565.4587889,1645.88,1646.59,1.07106097,6.48,66.38174758
1667608575.671516,1646.59,1646.59,1.21625656,5.87,66.35228641
1667608585.616331,1646.59,1646.59,1.21625656,5.87,66.35228641
1667608595.4358895,1646.59,1646.59,1.21625656,5.87,66.35228641
1667608605.9487476,1646.59,1647.54,1.29204004,6.82,68.86219043
1667608615.4671302,1646.59,1647.54,1.29204004,6.82,68.86219043
1667608625.4733272,1646.59,1647.54,1.29204004,6.82,68.86219043
1667608635.506682,1647.74,1647.74,1.47871109,4.5,69.30518413
1667608645.511186,1647.74,1647.74,1.47871109,4.5,69.30518413
1667608655.506323,1647.74,1647.74,1.47871109,4.5,69.30518413
1667608665.508065,1647.74,1648.04,1.50264272,4.8,70.07694757
1667608675.6056905,1647.74,1648.04,1.50264272,4.8,70.07694757
1667608685.776904,1647.74,1648.04,1.50264272,4.8,70.07694757
1667608695.4672449,1651.22,1651.22,2.0863126,6.97,76.17313969
1667608705.812743,1651.22,1651.22,2.0863126,6.97,76.17313969
1667608715.861519,1651.22,1651.22,2.0863126,6.97,76.17313969
1667608725.8921857,1651.22,1653.45,2.26420434,9.2,79.34956939
1667608736.0346825,1651.22,1653.45,2.26420434,9.2,79.34956939
1667608745.9442072,1651.22,1653.45,2.26420434,9.2,79.34956939
1667608755.8958316,1657.5,1657.5,3.21007712,13.81,83.33961294
1667608766.233707,1657.5,1657.5,3.21007712,13.81,83.33961294
1667608775.9689872,1657.5,1657.5,3.21007712,13.81,83.33961294
1667608785.931664,1657.5,1655.58,3.05691473,11.89,75.80350861
1667608795.9196074,1657.5,1655.58,3.05691473,11.89,75.80350861
1667608805.847253,1657.5,1655.58,3.05691473,11.89,75.80350861
1667608815.9648478,1656.77,1656.77,3.55823681,12.77,80.30112007
1667608825.9366171,1656.77,1656.77,3.55823681,12.77,80.30112007
1667608836.0308416,1656.77,1656.77,3.55823681,12.77,80.30112007
1667608845.940076,1656.77,1658.19,3.67151316,14.19,81.72919772
1667608855.9215171,1656.77,1658.19,3.67151316,14.19,81.72919772
1667608865.8774543,1656.77,1658.19,3.67151316,14.19,81.72919772
1667608875.9976892,1658.76,1658.76,4.11677278,15.29,82.23519562
1667608887.110681,1658.76,1658.76,4.11677278,15.29,82.23519562
1667608897.102661,1658.76,1658.76,4.11677278,15.29,82.23519562
1667608907.0859983,1658.76,1658.01,4.05694372,14.54,79.12990102
1667608917.1177545,1658.76,1658.01,4.05694372,14.54,79.12990102
1667608927.4368362,1658.76,1658.01,4.05694372,14.54,79.12990102
1667608937.1083057,1654.74,1654.74,3.81419029,11.28,67.92930564
1667608947.1228254,1654.74,1654.74,3.81419029,11.28,67.92930564
1667608957.116799,1654.74,1654.74,3.81419029,11.28,67.92930564
1667608967.020274,1654.74,1658.4,4.1061561,14.94,72.59483635
1667608977.1521387,1654.74,1658.4,4.1061561,14.94,72.59483635
1667608987.1612215,1654.74,1658.4,4.1061561,14.94,72.59483635
1667608997.1044888,1655.32,1655.32,3.86752088,11.04,68.77179152
1667609007.1676545,1655.32,1655.32,3.86752088,11.04,68.77179152
1667609017.0229342,1655.32,1655.32,3.86752088,11.04,68.77179152
1667609027.0636697,1655.32,1658.08,4.08769182,13.8,72.47702377
1667609037.1465104,1655.32,1658.08,4.08769182,13.8,72.47702377
1667609047.1688385,1655.32,1658.08,4.08769182,13.8,72.47702377
1667609057.1299636,1659.88,1659.88,4.47359304,14.01,74.45380248
1667609068.0314138,1659.88,1659.88,4.47359304,14.01,74.45380248
1667609078.004092,1659.88,1659.88,4.47359304,14.01,74.45380248
1667609088.582235,1659.88,1660.84,4.55017424,14.97,75.46588621
1667609098.1330216,1659.88,1660.84,4.55017424,14.97,75.46588621
1667609108.001124,1659.88,1660.84,4.55017424,14.97,75.46588621
1667609118.0678966,1659.08,1659.08,4.4987512,12.48,71.96203378
1667609128.1082006,1659.08,1659.08,4.4987512,12.48,71.96203378
1667609138.000337,1659.08,1659.08,4.4987512,12.48,71.96203378
1667609148.065638,1659.08,1663.24,4.83060306,16.64,76.35825106
1667609158.142214,1659.08,1663.24,4.83060306,16.64,76.35825106
1667609168.0565124,1659.08,1663.24,4.83060306,16.64,76.35825106
1667609178.0835738,1663.58,1663.58,5.15333408,15.83,76.65805458
1667609188.1039126,1663.58,1663.58,5.15333408,15.83,76.65805458
1667609198.1111605,1663.58,1663.58,5.15333408,15.83,76.65805458
1667609208.0738883,1663.58,1662.41,5.06000075,14.66,73.24244762
1667609218.0644734,1663.58,1662.41,5.06000075,14.66,73.24244762
1667609228.1314964,1663.58,1662.41,5.06000075,14.66,73.24244762
1667609238.1163404,1663.24,1663.24,5.27877049,12.03,75.64785311
1667609249.0890758,1663.24,1663.24,5.27877049,12.03,75.64785311
1667609258.6575222,1663.24,1663.24,5.27877049,12.03,75.64785311
1667609268.6724594,1663.24,1663.72,5.31706109,12.51,76.13596255
1667609278.7315187,1663.24,1663.72,5.31706109,12.51,76.13596255
1667609288.6892312,1663.24,1663.72,5.31706109,12.51,76.13596255
1667609298.6507723,1662.78,1662.78,5.27249713,5.27,74.17417055
1667609308.7029076,1662.78,1662.78,5.27249713,5.27,74.17417055
1667609318.7648318,1662.78,1662.78,5.27249713,5.27,74.17417055
1667609328.705372,1662.78,1661.97,5.20788174,4.46,71.58609171
1667609338.679386,1662.78,1661.97,5.20788174,4.46,71.58609171
1667609348.7510018,1662.78,1661.97,5.20788174,4.46,71.58609171
1667609358.7099204,1661.45,1661.45,5.04885931,4.67,70.00527015
1667609368.777347,1661.45,1661.45,5.04885931,4.67,70.00527015
1667609378.7005725,1661.45,1661.45,5.04885931,4.67,70.00527015
1667609388.724341,1661.45,1662.01,5.09353168,5.23,70.75427723
1667609398.781239,1661.45,1662.01,5.09353168,5.23,70.75427723
1667609409.3128183,1661.45,1662.01,5.09353168,5.23,70.75427723
1667609418.660763,1659.89,1659.89,4.67870649,1.13,65.34338307
1667609429.122866,1659.89,1659.89,4.67870649,1.13,65.34338307
1667609439.191742,1659.89,1659.89,4.67870649,1.13,65.34338307
1667609449.1197555,1659.89,1661.23,4.78560107,2.47,67.35442105
1667609459.1120644,1659.89,1661.23,4.78560107,2.47,67.35442105
1667609469.0983586,1659.89,1661.23,4.78560107,2.47,67.35442105
1667609479.1661112,1660.01,1660.01,4.44922892,5.28,65.53473332
1667609489.086715,1660.01,1660.01,4.44922892,5.28,65.53473332
1667609499.1498554,1660.01,1660.01,4.44922892,5.28,65.53473332
1667609509.1642878,1660.01,1659.59,4.41572465,4.86,64.22074312
1667609519.1684167,1660.01,1659.59,4.41572465,4.86,64.22074312
1667609529.1644022,1660.01,1659.59,4.41572465,4.86,64.22074312
1667609539.1744435,1658.26,1658.26,3.96386014,2.94,60.3375121
1667609549.1983335,1658.26,1658.26,3.96386014,2.94,60.3375121
1667609559.4122033,1658.26,1658.26,3.96386014,2.94,60.3375121
1667609569.824278,1658.26,1657.65,3.91519917,2.33,58.6009658
1667609579.1142628,1658.26,1657.65,3.91519917,2.33,58.6009658
1667609589.1655498,1658.26,1657.65,3.91519917,2.33,58.6009658
1667609599.2034886,1658.26,1658.26,3.64841236,-1.62,60.3375121
1667609609.6657343,1658.26,1658.26,3.64841236,-1.62,60.3375121
1667609619.5180273,1658.26,1658.26,3.64841236,-1.62,60.3375121
1667609629.5526602,1658.26,1657.41,3.5806061,-2.47,57.75672103
1667609639.5355985,1658.26,1657.41,3.5806061,-2.47,57.75672103
1667609649.5529904,1658.26,1657.41,3.5806061,-2.47,57.75672103
1667609659.5513597,1657.9,1657.9,3.30941473,-1.17,59.21448855
1667609669.5583098,1657.9,1657.9,3.30941473,-1.17,59.21448855
1667609679.8393257,1657.9,1657.9,3.30941473,-1.17,59.21448855
1667609689.5357175,1657.9,1656.21,3.17459992,-2.86,54.13177503
1667609699.6556787,1657.9,1656.21,3.17459992,-2.86,54.13177503
1667609709.6388743,1657.9,1656.21,3.17459992,-2.86,54.13177503
1667609719.5958183,1656.56,1656.56,2.83855325,-7.01,55.11147024
1667609730.1245234,1656.56,1656.56,2.83855325,-7.01,55.11147024
1667609739.988618,1656.56,1656.56,2.83855325,-7.01,55.11147024
1667609749.9995863,1656.56,1657.3,2.89758459,-6.27,56.88805013
1667609760.1645112,1656.56,1657.3,2.89758459,-6.27,56.88805013
1667609770.0307586,1656.56,1657.3,2.89758459,-6.27,56.88805013
1667609780.0423985,1658.76,1658.76,2.8314274,-4.48,60.01216601
1667609790.70052,1658.76,1658.76,2.8314274,-4.48,60.01216601
1667609800.732341,1658.76,1659.32,2.87609976,-3.92,61.17373804
1667609810.6240897,1658.76,1659.32,2.87609976,-3.92,61.17373804
1667609820.7516346,1658.76,1659.32,2.87609976,-3.92,61.17373804
1667609830.6277063,1656.91,1656.91,2.39456708,-5.86,54.61612693
1667609840.7069552,1656.91,1656.91,2.39456708,-5.86,54.61612693
1667609850.6880364,1656.91,1656.91,2.39456708,-5.86,54.61612693
1667609860.7160327,1656.91,1657.01,2.40254429,-5.76,54.8525026
1667609870.6636505,1656.91,1657.01,2.40254429,-5.76,54.8525026
1667609880.6674745,1656.91,1657.01,2.40254429,-5.76,54.8525026
1667609891.026466,1657.35,1657.35,2.20284174,-4.1,55.63982896
1667609900.855199,1657.35,1657.35,2.20284174,-4.1,55.63982896
1667609910.674649,1657.35,1657.35,2.20284174,-4.1,55.63982896
1667609920.705968,1657.35,1659.35,2.3623859,-2.1,60.04393829
1667609930.7049282,1657.35,1659.35,2.3623859,-2.1,60.04393829
1667609940.6250598,1657.35,1659.35,2.3623859,-2.1,60.04393829
1667609950.577429,1658.63,1658.63,2.18097927,-1.26,58.56457464
1667609960.6491475,1658.63,1658.63,2.18097927,-1.26,58.56457464
1667609971.194734,1658.63,1658.63,2.18097927,-1.26,58.56457464
1667609981.0507576,1658.63,1658.63,2.18097927,-1.26,58.56457464
1667609991.0718348,1658.63,1657.48,2.08924137,-2.41,55.05990311
1667610000.9950886,1658.63,1657.48,2.08924137,-2.41,55.05990311
1667610011.220338,1658.63,1657.48,2.08924137,-2.41,55.05990311
1667610021.0082183,1658.28,1658.28,2.01014486,-1.72,57.45796666
1667610031.067152,1658.28,1658.28,2.01014486,-1.72,57.45796666
1667610040.9649088,1658.28,1655.8,1.8123101,-4.2,50.16399989
1667610051.2668796,1658.28,1655.8,1.8123101,-4.2,50.16399989
1667610061.0525866,1658.28,1655.8,1.8123101,-4.2,50.16399989
1667610070.9981773,1658.28,1655.8,1.8123101,-4.2,50.16399989
1667610081.1903625,1656.31,1656.31,1.59616741,-1.94,51.50903344
1667610090.9717274,1656.31,1656.31,1.59616741,-1.94,51.50903344
1667610101.0323384,1656.31,1656.43,1.60574006,-1.82,51.83582151
1667610111.050092,1656.31,1656.43,1.60574006,-1.82,51.83582151
1667610121.109645,1656.31,1656.43,1.60574006,-1.82,51.83582151
1667610131.008168,1656.31,1656.43,1.60574006,-1.82,51.83582151
1667610141.0937726,1656.42,1656.42,1.39231914,-1.84,51.81084043
1667610151.5204802,1656.42,1656.42,1.39231914,-1.84,51.81084043
1667610161.6045144,1656.42,1656.42,1.39231914,-1.84,51.81084043
1667610171.571111,1656.42,1655.91,1.35163538,-2.35,50.26009911
1667610181.4952383,1656.42,1655.91,1.35163538,-2.35,50.26009911
1667610191.509031,1655.78,1655.78,1.12002012,-2.13,49.87902842
1667610201.5543537,1655.78,1655.78,1.12002012,-2.13,49.87902842
1667610211.5597377,1655.78,1655.78,1.12002012,-2.13,49.87902842
1667610221.6933842,1655.78,1654.54,1.02110274,-3.37,46.2749735
1667610231.599989,1655.78,1654.54,1.02110274,-3.37,46.2749735
1667610242.225099,1655.78,1654.54,1.02110274,-3.37,46.2749735
1667610251.5099387,1655.79,1655.79,0.93594588,-0.77,49.90819472
1667610261.5528672,1655.79,1655.79,0.93594588,-0.77,49.90819472
1667610271.6204076,1655.79,1655.79,0.93594588,-0.77,49.90819472
1667610281.6436343,1655.79,1654.26,0.8138946,-2.3,45.23576199
1667610291.61271,1655.79,1654.26,0.8138946,-2.3,45.23576199
1667610301.6000774,1655.79,1654.26,0.8138946,-2.3,45.23576199
1667610311.7704003,1653.99,1653.99,0.52535965,-4.76,44.50055612
1667610321.7836382,1653.99,1653.99,0.52535965,-4.76,44.50055612
1667610332.3761785,1653.99,1653.99,0.52535965,-4.76,44.50055612
1667610342.381352,1653.99,1652.28,0.38894939,-6.47,40.05983736
1667610352.422248,1653.99,1652.28,0.38894939,-6.47,40.05983736
1667610362.4718852,1653.99,1652.28,0.38894939,-6.47,40.05983736
1667610372.3843074,1650.71,1650.71,-0.1534816,-6.19,36.69759528
1667610382.4378548,1650.71,1650.71,-0.1534816,-6.19,36.69759528
1667610392.4188151,1650.71,1650.71,-0.1534816,-6.19,36.69759528
1667610402.6215613,1650.71,1650.37,-0.18060411,-6.53,35.99306036
1667610412.376294,1650.71,1650.37,-0.18060411,-6.53,35.99306036
1667610422.364625,1650.71,1650.37,-0.18060411,-6.53,35.99306036
1667610432.3862016,1650.7,1650.7,-0.48000349,-6.64,36.67648021
1667610442.3539658,1650.7,1650.7,-0.48000349,-6.64,36.67648021
1667610452.4137511,1650.7,1650.7,-0.48000349,-6.64,36.67648021
1667610462.428588,1650.7,1650.74,-0.47681261,-6.6,36.83304334
1667610472.4156706,1650.7,1650.74,-0.47681261,-6.6,36.83304334
1667610482.4079487,1650.7,1650.74,-0.47681261,-6.6,36.83304334
1667610492.3967617,1650.43,1650.43,-0.76789824,-8.19,36.07296918
1667610502.6633368,1650.43,1650.43,-0.76789824,-8.19,36.07296918
1667610513.0881667,1650.43,1650.43,-0.76789824,-8.19,36.07296918
1667610523.082321,1650.43,1650.43,-0.76789824,-8.19,36.07296918
1667610533.097149,1650.43,1649.96,-0.80539112,-8.66,34.99351574
1667610543.199675,1650.43,1649.96,-0.80539112,-8.66,34.99351574
1667610553.0949504,1650.84,1650.84,-0.90925644,-7.44,37.76191021
1667610563.1451807,1650.84,1650.84,-0.90925644,-7.44,37.76191021
1667610573.1570315,1650.84,1650.84,-0.90925644,-7.44,37.76191021
1667610583.118047,1650.84,1650.99,-0.89729063,-7.29,38.38126677
1667610593.5689678,1650.84,1650.99,-0.89729063,-7.29,38.38126677
1667610603.2271187,1650.84,1650.99,-0.89729063,-7.29,38.38126677
1667610613.189152,1651.83,1651.83,-0.89533028,-4.47,41.72531489
1667610623.1764836,1651.83,1651.83,-0.89533028,-4.47,41.72531489
1667610633.1449602,1651.83,1651.83,-0.89533028,-4.47,41.72531489
1667610643.2073774,1651.83,1651.23,-0.94319353,-5.07,40.05951298
1667610653.086051,1651.83,1651.23,-0.94319353,-5.07,40.05951298
1667610663.3167984,1651.83,1651.23,-0.94319353,-5.07,40.05951298
1667610673.1743915,1652.62,1652.62,-0.82503941,-3.79,44.74339342
1667610683.174088,1652.62,1652.62,-0.82503941,-3.79,44.74339342
1667610693.552401,1652.62,1652.62,-0.82503941,-3.79,44.74339342
1667610703.5631013,1652.62,1654.25,-0.69501092,-2.16,50.46445659
1667610713.562106,1652.62,1654.25,-0.69501092,-2.16,50.46445659
1667610723.811004,1652.62,1654.25,-0.69501092,-2.16,50.46445659
1667610733.4993367,1653.16,1653.16,-0.73360491,-2.62,46.77970055
1667610743.5879898,1653.16,1653.16,-0.73360491,-2.62,46.77970055
1667610753.9758096,1653.16,1653.16,-0.73360491,-2.62,46.77970055
1667610763.652397,1653.16,1652.8,-0.76232286,-2.98,45.57391836
1667610773.5595086,1653.16,1652.8,-0.76232286,-2.98,45.57391836
1667610783.5600932,1653.16,1652.8,-0.76232286,-2.98,45.57391836
1667610793.570932,1652.82,1652.82,-0.735421,-2.98,45.63927318
1667610803.5991726,1652.82,1652.82,-0.735421,-2.98,45.63927318
1667610813.6251876,1652.82,1652.82,-0.735421,-2.98,45.63927318
1667610823.526644,1652.82,1654.19,-0.62613325,-1.61,50.83983061
1667610833.56563,1652.82,1654.19,-0.62613325,-1.61,50.83983061
1667610843.5653126,1652.82,1654.19,-0.62613325,-1.61,50.83983061
1667610853.5727987,1653.63,1653.63,-0.59270955,-0.36,48.83918792
1667610863.5078528,1653.63,1653.63,-0.59270955,-0.36,48.83918792
1667610874.1160316,1653.63,1653.63,-0.59270955,-0.36,48.83918792
1667610884.1592634,1653.63,1654.7,-0.50735342,0.71,52.79238659
1667610894.158541,1653.63,1654.7,-0.50735342,0.71,52.79238659
1667610904.1054535,1653.63,1654.7,-0.50735342,0.71,52.79238659
1667610914.4410264,1654.27,1654.27,-0.43368075,3.56,51.27465592
1667610924.226314,1654.27,1654.27,-0.43368075,3.56,51.27465592
1667610934.1642494,1654.27,1654.27,-0.43368075,3.56,51.27465592
1667610944.1900747,1654.27,1654.27,-0.43368075,3.56,51.27465592
1667610954.1225116,1654.27,1653.89,-0.46399414,3.18,49.75935647
1667610964.1767902,1654.27,1653.89,-0.46399414,3.18,49.75935647
1667610974.224233,1653.54,1653.54,-0.4479626,2.84,48.44082147
1667610984.1955757,1653.54,1653.54,-0.4479626,2.84,48.44082147
1667610994.186325,1653.54,1653.54,-0.4479626,2.84,48.44082147
1667611004.2226565,1653.54,1653.52,-0.44955804,2.82,48.36195954
1667611014.189258,1653.54,1653.52,-0.44955804,2.82,48.36195954
1667611024.2131684,1653.54,1653.52,-0.44955804,2.82,48.36195954
1667611034.2343688,1653.31,1653.31,-0.44155174,2.88,47.55629159
1667611044.203826,1653.31,1653.31,-0.44155174,2.88,47.55629159
1667611054.7399929,1653.31,1653.31,-0.44155174,2.88,47.55629159
1667611064.7604864,1653.31,1653.56,-0.42160872,3.13,48.66067127
1667611074.903952,1653.31,1653.56,-0.42160872,3.13,48.66067127
1667611084.7682738,1653.31,1653.56,-0.42160872,3.13,48.66067127
1667611094.7642477,1653.59,1653.59,-0.37691568,2.74,48.79007904
1667611104.7100525,1653.59,1653.59,-0.37691568,2.74,48.79007904
1667611114.7011034,1653.59,1653.59,-0.37691568,2.74,48.79007904
1667611124.753195,1653.59,1652.47,-0.46626041,1.62,44.30055036
1667611134.7691698,1653.59,1652.47,-0.46626041,1.62,44.30055036
1667611144.739508,1653.59,1652.47,-0.46626041,1.62,44.30055036
1667611154.7262702,1651.93,1651.93,-0.57414115,0.09,42.4186285
1667611164.77297,1651.93,1651.93,-0.57414115,0.09,42.4186285
1667611174.775132,1651.93,1651.93,-0.57414115,0.09,42.4186285
1667611184.7433498,1651.93,1651.41,-0.61562263,-0.43,40.62876325
1667611194.7572267,1651.93,1651.41,-0.61562263,-0.43,40.62876325
1667611204.921038,1651.93,1651.41,-0.61562263,-0.43,40.62876325
1667611214.9789736,1651.84,1651.84,-0.63047717,-0.78,42.09492175
1667611224.7592618,1651.84,1651.84,-0.63047717,-0.78,42.09492175
1667611235.10271,1651.84,1651.84,-0.63047717,-0.78,42.09492175
1667611245.1200984,1651.84,1651.99,-0.61851136,-0.63,42.85803528
1667611255.1708596,1651.84,1651.99,-0.61851136,-0.63,42.85803528
1667611265.805678,1651.84,1651.99,-0.61851136,-0.63,42.85803528
1667611275.1902962,1652.72,1652.72,-0.5374153,-0.44,46.36507272
1667611285.1731956,1652.72,1652.72,-0.5374153,-0.44,46.36507272
1667611295.248759,1652.72,1652.72,-0.5374153,-0.44,46.36507272
1667611305.1718268,1652.72,1653.11,-0.50630419,-0.05,48.18658173
1667611315.1779118,1652.72,1653.11,-0.50630419,-0.05,48.18658173
1667611325.212617,1652.72,1653.11,-0.50630419,-0.05,48.18658173
1667611335.2072978,1653.35,1653.35,-0.42556127,0.53,49.2542388
1667611345.1219292,1653.35,1653.35,-0.42556127,0.53,49.2542388
1667611355.2080932,1653.35,1653.35,-0.42556127,0.53,49.2542388
1667611365.2416306,1653.35,1652.82,-0.46784047,0.0,46.95495776
1667611375.1729646,1653.35,1652.82,-0.46784047,0.0,46.95495776
1667611385.2558732,1653.35,1652.82,-0.46784047,0.0,46.95495776
1667611395.238525,1652.91,1652.91,-0.43340992,-0.72,47.32670298
1667611405.2172997,1652.91,1652.91,-0.43340992,-0.72,47.32670298
1667611415.857789,1652.91,1652.91,-0.43340992,-0.72,47.32670298
1667611426.127601,1652.91,1653.05,-0.42224183,-0.58,48.01828063
1667611435.913947,1652.91,1653.05,-0.42224183,-0.58,48.01828063
1667611445.944352,1652.91,1653.05,-0.42224183,-0.58,48.01828063
1667611455.892038,1652.96,1652.96,-0.4006771,-1.32,47.57253817
1667611465.8812804,1652.96,1652.96,-0.4006771,-1.32,47.57253817
1667611475.95181,1652.96,1652.96,-0.4006771,-1.32,47.57253817
1667611485.8882706,1652.96,1653.43,-0.36318422,-0.85,49.98454016
1667611495.9498086,1652.96,1653.43,-0.36318422,-0.85,49.98454016
1667611505.9992948,1652.96,1653.43,-0.36318422,-0.85,49.98454016
1667611515.935719,1652.85,1652.85,-0.38914046,-0.69,47.04159231
1667611525.96494,1652.85,1652.85,-0.38914046,-0.69,47.04159231
1667611535.8944404,1652.85,1652.85,-0.38914046,-0.69,47.04159231
1667611546.179848,1652.85,1652.79,-0.39392678,-0.75,46.73519761
1667611556.182517,1652.85,1652.79,-0.39392678,-0.75,46.73519761
1667611566.1354413,1652.85,1652.79,-0.39392678,-0.75,46.73519761
1667611576.146692,1653.14,1653.14,-0.32841296,-0.16,48.67233655
1667611586.30245,1653.14,1653.14,-0.32841296,-0.16,48.67233655
1667611596.7380974,1653.14,1653.14,-0.32841296,-0.16,48.67233655
1667611606.7562313,1653.14,1653.4,-0.30767222,0.1,50.15049626
1667611617.167601,1653.14,1653.4,-0.30767222,0.1,50.15049626
1667611626.7999878,1653.14,1653.4,-0.30767222,0.1,50.15049626
1667611636.73293,1653.82,1653.82,-0.19908111,0.23,52.37031834
1667611646.779192,1653.82,1653.82,-0.19908111,0.23,52.37031834
1667611656.9223957,1653.82,1653.82,-0.19908111,0.23,52.37031834
1667611666.7672095,1653.82,1653.74,-0.20546288,0.15,51.90142791
1667611676.6966605,1653.82,1653.74,-0.20546288,0.15,51.90142791
1667611686.7263253,1653.82,1653.74,-0.20546288,0.15,51.90142791
1667611696.7379315,1652.89,1652.89,-0.26944169,0.96,47.3555346
1667611706.7748537,1652.89,1652.89,-0.26944169,0.96,47.3555346
1667611716.7346883,1652.89,1652.89,-0.26944169,0.96,47.3555346
1667611726.7341912,1652.89,1653.71,-0.20402859,1.78,51.74629808
1667611736.7122488,1652.89,1653.71,-0.20402859,1.78,51.74629808
1667611746.8027785,1652.89,1653.71,-0.20402859,1.78,51.74629808
1667611756.760436,1653.26,1653.26,-0.21044329,1.41,49.43176283
1667611766.7988307,1653.26,1653.26,-0.21044329,1.41,49.43176283
1667611777.6467185,1653.26,1653.26,-0.21044329,1.41,49.43176283
1667611787.6036625,1653.26,1653.83,-0.16497321,1.98,52.53727246
1667611797.6704967,1653.26,1653.83,-0.16497321,1.98,52.53727246
1667611807.9434724,1653.26,1653.83,-0.16497321,1.98,52.53727246
1667611817.6177108,1654.52,1654.52,-0.00682934,1.79,55.82154948
1667611827.671831,1654.52,1654.52,-0.00682934,1.79,55.82154948
1667611837.6754787,1654.52,1654.52,-0.00682934,1.79,55.82154948
1667611847.6307433,1654.52,1654.98,0.02986581,2.25,57.91245361
1667611857.667436,1654.52,1654.98,0.02986581,2.25,57.91245361
1667611867.7769892,1654.52,1654.98,0.02986581,2.25,57.91245361
1667611877.66942,1654.19,1654.19,0.0273761,0.85,53.90053902
1667611887.683303,1654.19,1654.19,0.0273761,0.85,53.90053902
1667611897.644892,1654.19,1654.19,0.0273761,0.85,53.90053902
1667611907.633989,1654.19,1653.56,-0.02288031,0.22,50.33895395
1667611917.6967506,1654.19,1653.56,-0.02288031,0.22,50.33895395
1667611927.6610136,1654.19,1653.56,-0.02288031,0.22,50.33895395
1667611937.889778,1652.88,1652.88,-0.11008086,-0.04,46.98419462
1667611947.6321137,1652.88,1652.88,-0.11008086,-0.04,46.98419462
1667611958.238271,1652.88,1652.88,-0.11008086,-0.04,46.98419462
1667611968.799235,1652.88,1652.11,-0.17150536,-0.81,43.45652678
1667611978.2626588,1652.88,1652.11,-0.17150536,-0.81,43.45652678
1667611988.4352186,1652.88,1652.11,-0.17150536,-0.81,43.45652678
1667611998.281149,1651.86,1651.86,-0.27946098,-1.1,42.42238459
1667612008.298548,1651.86,1651.86,-0.27946098,-1.1,42.42238459
1667612018.224887,1651.86,1651.86,-0.27946098,-1.1,42.42238459
1667612028.333752,1651.86,1652.57,-0.2228228,-0.39,46.3287258
1667612038.2700984,1651.86,1652.57,-0.2228228,-0.39,46.3287258
1667612048.260972,1651.86,1652.57,-0.2228228,-0.39,46.3287258
1667612058.317068,1652.66,1652.66,-0.23214198,-0.19,46.78636539
1667612068.3532093,1652.66,1652.66,-0.23214198,-0.19,46.78636539
1667612078.2391553,1652.66,1652.66,-0.23214198,-0.19,46.78636539
1667612088.3405378,1652.66,1652.66,-0.23214198,-0.19,46.78636539
1667612098.5799398,1652.66,1652.66,-0.23214198,-0.19,46.78636539
1667612108.2632368,1652.66,1652.66,-0.23214198,-0.19,46.78636539
1667612118.3471062,1652.98,1652.98,-0.1971868,-0.15,48.46882211
1667612128.31749,1652.98,1652.98,-0.1971868,-0.15,48.46882211
1667612139.2160044,1652.98,1652.98,-0.1971868,-0.15,48.46882211
1667612149.2148678,1652.98,1653.58,-0.14932355,0.45,51.56125186
1667612159.2035615,1652.98,1653.58,-0.14932355,0.45,51.56125186
1667612169.230307,1652.98,1653.58,-0.14932355,0.45,51.56125186
1667612179.269529,1652.92,1652.92,-0.19603471,-0.89,48.1613501
1667612189.1779125,1652.92,1652.92,-0.19603471,-0.89,48.1613501
1667612199.2067978,1652.92,1652.92,-0.19603471,-0.89,48.1613501
1667612209.2284653,1652.92,1652.09,-0.26224553,-1.72,44.00286106
1667612219.1768277,1652.92,1652.09,-0.26224553,-1.72,44.00286106
1667612229.1854465,1652.92,1652.09,-0.26224553,-1.72,44.00286106
1667612239.1574228,1652.04,1652.04,-0.31354708,-0.84,43.77516443
1667612249.2212632,1652.04,1652.04,-0.31354708,-0.84,43.77516443
1667612259.453166,1652.04,1652.04,-0.31354708,-0.84,43.77516443
1667612269.288457,1652.04,1651.32,-0.37098298,-1.56,40.52333299
1667612279.1750965,1652.04,1651.32,-0.37098298,-1.56,40.52333299
1667612289.4575858,1652.04,1651.32,-0.37098298,-1.56,40.52333299
1667612299.221582,1651.62,1651.62,-0.40641468,-1.64,41.81767449
1667612309.1845176,1651.62,1651.62,-0.40641468,-1.64,41.81767449
1667612319.8914068,1651.62,1651.62,-0.40641468,-1.64,41.81767449
1667612329.8898544,1651.62,1650.95,-0.45986197,-2.31,38.83436598
1667612339.8820367,1651.62,1650.95,-0.45986197,-2.31,38.83436598
1667612349.8674178,1651.62,1650.95,-0.45986197,-2.31,38.83436598
1667612359.9416049,1650.65,1650.65,-0.58541452,-3.87,37.63225387
1667612369.928825,1650.65,1650.65,-0.58541452,-3.87,37.63225387
1667612379.8943872,1650.65,1650.65,-0.58541452,-3.87,37.63225387
1667612390.000219,1650.65,1650.18,-0.62290739,-4.34,35.76440783
1667612399.9345963,1650.65,1650.18,-0.62290739,-4.34,35.76440783
1667612409.934229,1650.65,1650.18,-0.62290739,-4.34,35.76440783
1667612419.9979596,1651.01,1651.01,-0.60685426,-3.18,40.04917007
1667612429.914913,1651.01,1651.01,-0.60685426,-3.18,40.04917007
1667612439.9976077,1651.01,1651.01,-0.60685426,-3.18,40.04917007
1667612450.422438,1651.01,1651.19,-0.59249528,-3.0,41.24331629
1667612460.0081863,1651.01,1651.19,-0.59249528,-3.0,41.24331629
1667612469.986071,1651.01,1651.19,-0.59249528,-3.0,41.24331629
1667612480.2154984,1649.59,1649.59,-0.84121151,-3.3,34.47083145
1667612490.0321028,1649.59,1649.59,-0.84121151,-3.3,34.47083145
1667612500.2966998,1649.59,1649.59,-0.84121151,-3.3,34.47083145
1667612510.3189223,1649.59,1649.46,-0.85158188,-3.43,33.96832378
1667612520.3192358,1649.59,1649.46,-0.85158188,-3.43,33.96832378
1667612530.4295974,1649.29,1649.29,-0.96827275,-2.57,33.3733558
1667612540.3859692,1649.29,1649.29,-0.96827275,-2.57,33.3733558
1667612550.4409978,1649.29,1649.29,-0.96827275,-2.57,33.3733558
1667612560.3251965,1649.29,1649.38,-0.96109326,-2.48,34.03212043
1667612570.319202,1649.29,1649.38,-0.96109326,-2.48,34.03212043
1667612580.332687,1649.29,1649.38,-0.96109326,-2.48,34.03212043
1667612590.3911772,1649.29,1649.38,-0.96109326,-2.48,34.03212043
1667612600.407127,1649.75,1649.75,-0.97301112,-2.91,36.60885761
1667612611.2138069,1649.75,1649.75,-0.97301112,-2.91,36.60885761
1667612620.3319025,1649.75,1649.74,-0.97380884,-2.92,36.56728443
1667612630.4017415,1649.75,1649.74,-0.97380884,-2.92,36.56728443
1667612640.3923922,1649.75,1649.74,-0.97380884,-2.92,36.56728443
1667612650.379616,1649.77,1649.77,-0.99155759,-3.21,36.75266883
1667612660.4238863,1649.77,1649.77,-0.99155759,-3.21,36.75266883
1667612670.3841918,1649.77,1649.77,-0.99155759,-3.21,36.75266883
1667612681.1952958,1649.77,1649.55,-1.00910745,-3.43,35.79080624
1667612691.1745496,1649.77,1649.55,-1.00910745,-3.43,35.79080624
1667612701.1667638,1649.77,1649.55,-1.00910745,-3.43,35.79080624
1667612711.0799572,1649.55,1649.55,-1.02713823,-3.37,35.79080624
1667612721.1611514,1649.55,1649.55,-1.02713823,-3.37,35.79080624
1667612731.131101,1649.55,1649.55,-1.02713823,-3.37,35.79080624
1667612741.2059932,1649.55,1649.59,-1.02394735,-3.33,36.11816467
1667612751.166178,1649.55,1649.59,-1.02394735,-3.33,36.11816467
1667612761.2332463,1649.55,1649.59,-1.02394735,-3.33,36.11816467
1667612771.5844612,1649.63,1649.63,-1.01886655,-2.41,36.44840136
1667612781.1674373,1649.63,1649.63,-1.01886655,-2.41,36.44840136
1667612791.1487234,1649.63,1649.63,-1.01886655,-2.41,36.44840136
1667612801.2027223,1649.63,1650.0,-0.98935088,-2.04,39.50488536
1667612811.1198733,1649.63,1650.0,-0.98935088,-2.04,39.50488536
1667612821.1571405,1649.63,1650.0,-0.98935088,-2.04,39.50488536
1667612831.1416123,1650.96,1650.96,-0.81652181,-0.66,46.22094984
1667612841.139195,1650.96,1650.96,-0.81652181,-0.66,46.22094984
1667612851.1331277,1650.96,1650.96,-0.81652181,-0.66,46.22094984
1667612861.9210155,1650.96,1650.96,-0.81652181,-0.66,46.22094984
1667612871.97274,1650.96,1651.11,-0.804556,-0.51,47.19735516
1667612882.018819,1650.96,1651.11,-0.804556,-0.51,47.19735516
1667612891.9733596,1650.96,1651.11,-0.804556,-0.51,47.19735516
1667612902.0375671,1650.42,1650.42,-0.80815368,-0.23,43.31293115
1667612912.084361,1650.42,1650.42,-0.80815368,-0.23,43.31293115
1667612921.9487708,1650.42,1650.73,-0.78342434,0.08,45.421358
1667612932.3929262,1650.42,1650.73,-0.78342434,0.08,45.421358
1667612942.028848,1650.42,1650.73,-0.78342434,0.08,45.421358
1667612952.00886,1650.73,1650.73,-0.71482472,-0.29,45.42818789
1667612962.0329409,1650.73,1650.73,-0.71482472,-0.29,45.42818789
1667612972.0150695,1650.73,1650.73,-0.71482472,-0.29,45.42818789
1667612982.0138848,1650.73,1650.73,-0.71482472,-0.29,45.42818789
1667612991.971264,1650.73,1650.61,-0.72439737,-0.41,44.7310533
1667613001.953358,1650.73,1650.61,-0.72439737,-0.41,44.7310533
1667613012.037864,1651.48,1651.48,-0.54691966,1.9,50.26743633
1667613021.980832,1651.48,1651.48,-0.54691966,1.9,50.26743633
1667613031.9709587,1651.48,1651.48,-0.54691966,1.9,50.26743633
1667613042.8649073,1651.48,1651.57,-0.53974017,1.99,50.83347863
1667613052.8085947,1651.48,1651.57,-0.53974017,1.99,50.83347863
1667613062.8400462,1651.48,1651.57,-0.53974017,1.99,50.83347863
1667613072.7631423,1651.07,1651.07,-0.51397973,1.78,47.76692346
1667613082.8280473,1651.07,1651.07,-0.51397973,1.78,47.76692346
1667613093.1837604,1651.07,1651.07,-0.51397973,1.78,47.76692346
1667613102.8462832,1651.07,1651.32,-0.49403671,2.03,49.41467411
1667613112.836748,1651.07,1651.32,-0.49403671,2.03,49.41467411
1667613123.1582234,1651.07,1651.32,-0.49403671,2.03,49.41467411
1667613132.8208814,1651.35,1651.35,-0.41834939,1.6,49.61098585
1667613142.8053102,1651.35,1651.35,-0.41834939,1.6,49.61098585
1667613152.794185,1651.35,1651.35,-0.41834939,1.6,49.61098585
1667613162.8316507,1651.35,1652.36,-0.33777959,2.61,55.68975071
1667613172.8406544,1651.35,1652.36,-0.33777959,2.61,55.68975071
1667613182.82865,1651.35,1652.36,-0.33777959,2.61,55.68975071
1667613192.7774403,1651.89,1651.89,-0.27919694,2.12,53.05432001
1667613202.8692665,1651.89,1651.89,-0.27919694,2.12,53.05432001
1667613212.8900783,1651.89,1651.89,-0.27919694,2.12,53.05432001
1667613223.9992394,1651.89,1651.9,-0.27839922,2.13,53.11821082
1667613234.0147636,1651.89,1651.9,-0.27839922,2.13,53.11821082
1667613244.0543995,1651.89,1651.9,-0.27839922,2.13,53.11821082
1667613254.10958,1651.57,1651.57,-0.24597835,2.02,50.83731431
1667613264.0639937,1651.57,1651.57,-0.24597835,2.02,50.83731431
1667613274.121493,1651.57,1651.57,-0.24597835,2.02,50.83731431
1667613284.3894238,1651.57,1651.56,-0.24677607,2.01,50.76592173
1667613294.0516832,1651.57,1651.56,-0.24677607,2.01,50.76592173
1667613304.1083407,1651.57,1651.56,-0.24677607,2.01,50.76592173
1667613314.1189787,1651.24,1651.24,-0.2431831,1.62,48.57765775
1667613324.1366076,1651.24,1651.24,-0.2431831,1.62,48.57765775
1667613334.0961287,1651.24,1651.24,-0.2431831,1.62,48.57765775
1667613344.162241,1651.24,1651.35,-0.23440817,1.73,49.38165466
1667613354.135986,1651.24,1651.35,-0.23440817,1.73,49.38165466
1667613364.060341,1651.24,1651.35,-0.23440817,1.73,49.38165466
1667613374.1553285,1651.34,1651.34,-0.20408569,0.37,49.3092397
1667613384.0221145,1651.34,1651.34,-0.20408569,0.37,49.3092397
1667613394.082429,1651.34,1651.34,-0.20408569,0.37,49.3092397
1667613405.3378644,1651.34,1651.56,-0.18653583,0.59,50.97104567
1667613415.3647163,1651.34,1651.56,-0.18653583,0.59,50.97104567
1667613425.3944442,1651.34,1651.56,-0.18653583,0.59,50.97104567
1667613435.3389957,1652.18,1652.18,-0.0586335,1.75,55.11768066
1667613445.296498,1652.18,1652.18,-0.0586335,1.75,55.11768066
1667613455.3454854,1652.18,1652.18,-0.0586335,1.75,55.11768066
1667613465.350294,1652.18,1653.28,0.02911578,2.85,61.36148497
1667613475.5493543,1652.18,1653.28,0.02911578,2.85,61.36148497
1667613485.350666,1652.18,1653.28,0.02911578,2.85,61.36148497
1667613495.294543,1653.44,1653.44,0.18161011,2.7,62.12782504
1667613505.321566,1653.44,1653.44,0.18161011,2.7,62.12782504
1667613515.3304796,1653.44,1653.44,0.18161011,2.7,62.12782504
1667613525.3704967,1653.44,1652.93,0.14092635,2.19,58.16762335
1667613535.425213,1653.44,1652.93,0.14092635,2.19,58.16762335
1667613545.283889,1653.44,1652.93,0.14092635,2.19,58.16762335
1667613555.3219967,1652.99,1652.99,0.22601895,1.5,58.60145049
1667613565.3698988,1652.99,1652.99,0.22601895,1.5,58.60145049
1667613575.3659718,1652.99,1652.99,0.22601895,1.5,58.60145049
1667613585.843071,1652.99,1653.74,0.28584801,2.25,62.45379019
1667613595.8579023,1652.99,1653.74,0.28584801,2.25,62.45379019
1667613605.7848575,1652.99,1653.74,0.28584801,2.25,62.45379019
1667613615.809247,1653.73,1653.73,0.38972861,2.65,62.41097701
1667613625.8330114,1653.73,1653.73,0.38972861,2.65,62.41097701
1667613635.875655,1653.73,1653.73,0.38972861,2.65,62.41097701
1667613645.779348,1653.73,1654.68,0.46551208,3.6,66.62850068
1667613655.843953,1653.73,1654.68,0.46551208,3.6,66.62850068
1667613666.1282332,1653.73,1654.68,0.46551208,3.6,66.62850068
1667613675.8206573,1654.82,1654.82,0.62262619,3.48,67.12552497
1667613685.8871958,1654.82,1654.82,0.62262619,3.48,67.12552497
1667613695.8239262,1654.82,1654.82,0.62262619,3.48,67.12552497
1667613705.8305807,1654.82,1654.48,0.59550369,3.14,64.39274649
1667613715.9113245,1654.82,1654.48,0.59550369,3.14,64.39274649
1667613725.8730645,1654.82,1654.48,0.59550369,3.14,64.39274649
1667613735.94109,1654.46,1654.46,0.67836042,2.57,64.23890766
1667613745.8130062,1654.46,1654.46,0.67836042,2.57,64.23890766
1667613755.813849,1654.46,1654.46,0.67836042,2.57,64.23890766
1667613766.410751,1654.46,1654.36,0.67038321,2.47,63.42301953
1667613776.4478185,1654.46,1654.36,0.67038321,2.47,63.42301953
1667613786.400557,1654.46,1654.36,0.67038321,2.47,63.42301953
1667613796.6668825,1654.06,1654.06,0.67963515,2.49,61.07171251
1667613806.6016629,1654.06,1654.06,0.67963515,2.49,61.07171251
1667613816.4220574,1654.06,1654.06,0.67963515,2.49,61.07171251
1667613826.4842489,1654.06,1654.05,0.67883743,2.48,61.02048407
1667613836.410144,1654.06,1654.05,0.67883743,2.48,61.02048407
1667613846.4126632,1654.06,1654.05,0.67883743,2.48,61.02048407
1667613856.4216037,1653.58,1653.58,0.63004363,2.33,57.45175454
1667613866.4058197,1653.58,1653.58,0.63004363,2.33,57.45175454
1667613876.4090278,1653.58,1653.58,0.63004363,2.33,57.45175454
1667613886.428427,1653.58,1653.07,0.58935987,1.82,53.8086956
1667613896.3970692,1653.58,1653.07,0.58935987,1.82,53.8086956
1667613906.4169755,1653.58,1653.07,0.58935987,1.82,53.8086956
1667613916.3483293,1653.98,1653.98,0.67056374,2.64,59.60678555
1667613926.4214869,1653.98,1653.98,0.67056374,2.64,59.60678555
1667613936.4242682,1653.98,1653.98,0.67056374,2.64,59.60678555
1667613947.1249285,1653.98,1653.88,0.66258653,2.54,58.83013578
1667613957.1964817,1653.98,1653.88,0.66258653,2.54,58.83013578
1667613967.2055264,1653.98,1653.88,0.66258653,2.54,58.83013578
1667613977.1615314,1653.54,1653.54,0.60809421,1.36,56.25500563
1667613987.2443695,1653.54,1653.54,0.60809421,1.36,56.25500563
1667613997.1714132,1653.54,1653.54,0.60809421,1.36,56.25500563
1667614007.245599,1653.54,1653.64,0.61607142,1.46,56.85321545
1667614017.7375107,1653.54,1653.64,0.61607142,1.46,56.85321545
1667614027.2153134,1653.54,1653.64,0.61607142,1.46,56.85321545
1667614037.1756177,1652.94,1652.94,0.49490328,-0.5,51.93470454
1667614047.214776,1652.94,1652.94,0.49490328,-0.5,51.93470454
1667614057.1885486,1652.94,1652.94,0.49490328,-0.5,51.93470454
1667614067.2518108,1652.94,1653.12,0.50926226,-0.32,53.09841856
1667614077.2120233,1652.94,1653.12,0.50926226,-0.32,53.09841856
1667614087.1256018,1652.94,1653.12,0.50926226,-0.32,53.09841856
1667614097.17353,1653.24,1653.24,0.48048945,0.24,53.84341983
1667614107.231279,1653.24,1653.24,0.48048945,0.24,53.84341983
1667614117.1828306,1653.24,1653.24,0.48048945,0.24,53.84341983
1667614127.975068,1653.24,1654.2,0.55707065,1.2,59.39957965
1667614137.942428,1653.24,1654.2,0.55707065,1.2,59.39957965
1667614147.9491873,1653.24,1654.2,0.55707065,1.2,59.39957965
1667614158.0313563,1654.85,1654.85,0.67318057,1.13,62.4249462
1667614167.941028,1654.85,1654.85,0.67318057,1.13,62.4249462
1667614178.0659876,1654.85,1654.85,0.67318057,1.13,62.4249462
1667614187.9291878,1654.85,1655.27,0.70668484,1.55,64.32689592
1667614197.9860992,1654.85,1655.27,0.70668484,1.55,64.32689592
1667614208.0366032,1654.85,1655.27,0.70668484,1.55,64.32689592
1667614217.993642,1654.87,1654.87,0.71743998,0.04,62.55309506
1667614227.9437516,1654.87,1654.87,0.71743998,0.04,62.55309506
1667614237.9198394,1654.87,1654.87,0.71743998,0.04,62.55309506
1667614247.9515407,1654.87,1655.57,0.77328044,0.74,65.76723415
1667614258.0182655,1654.87,1655.57,0.77328044,0.74,65.76723415
1667614268.0098064,1654.87,1655.57,0.77328044,0.74,65.76723415
1667614277.9775774,1655.18,1655.18,0.78713758,0.72,64.04798615
1667614288.0399864,1655.18,1655.18,0.78713758,0.72,64.04798615
1667614297.985815,1655.18,1655.18,0.78713758,0.72,64.04798615
1667614309.054469,1655.18,1655.31,0.79750795,0.85,64.68466914
1667614319.176319,1655.18,1655.31,0.79750795,0.85,64.68466914
1667614329.1643994,1655.18,1655.31,0.79750795,0.85,64.68466914
1667614339.1332607,1655.03,1655.03,0.79219452,0.98,62.74280202
1667614349.207129,1655.03,1655.03,0.79219452,0.98,62.74280202
1667614359.1559608,1655.03,1655.03,0.79219452,0.98,62.74280202
1667614369.6105828,1655.03,1653.59,0.67732273,-0.46,51.82445351
1667614379.1397543,1655.03,1653.59,0.67732273,-0.46,51.82445351
1667614389.1164277,1655.03,1653.59,0.67732273,-0.46,51.82445351
1667614399.1776285,1653.32,1653.32,0.55415781,-0.25,50.19097636
1667614409.1435366,1653.32,1653.32,0.55415781,-0.25,50.19097636
1667614419.19769,1653.32,1653.32,0.55415781,-0.25,50.19097636
1667614429.1660612,1653.32,1653.53,0.57090995,-0.04,51.47220537
1667614439.1975482,1653.32,1653.53,0.57090995,-0.04,51.47220537
1667614449.1531622,1653.32,1653.53,0.57090995,-0.04,51.47220537
1667614459.1269722,1652.79,1652.79,0.39330774,-1.18,47.06030237
1667614469.159659,1652.79,1652.79,0.39330774,-1.18,47.06030237
1667614479.1625483,1652.79,1652.79,0.39330774,-1.18,47.06030237
1667614490.257414,1652.79,1652.58,0.3765556,-1.39,45.82819654
1667614500.2913709,1652.79,1652.58,0.3765556,-1.39,45.82819654
1667614510.2957065,1652.79,1652.58,0.3765556,-1.39,45.82819654
1667614520.213134,1652.69,1652.69,0.28180103,-0.85,46.47563642
1667614530.8905125,1652.69,1652.69,0.28180103,-0.85,46.47563642
1667614540.3807127,1652.69,1651.97,0.22436513,-1.57,42.34060658
1667614550.3043432,1652.69,1651.97,0.22436513,-1.57,42.34060658
1667614560.3689845,1652.69,1651.97,0.22436513,-1.57,42.34060658
1667614570.358821,1652.69,1651.97,0.22436513,-1.57,42.34060658
1667614580.3335755,1652.26,1652.26,0.13793179,-0.68,43.90656752
1667614590.3030477,1652.26,1652.26,0.13793179,-0.68,43.90656752
1667614600.3452332,1652.26,1652.05,0.12117966,-0.89,42.67252071
1667614610.3047912,1652.26,1652.05,0.12117966,-0.89,42.67252071
1667614620.3910584,1652.26,1652.05,0.12117966,-0.89,42.67252071
1667614630.4440167,1652.29,1652.29,0.05413252,-0.95,44.12122746
1667614640.3851545,1652.29,1652.29,0.05413252,-0.95,44.12122746
1667614650.4167142,1652.29,1652.29,0.05413252,-0.95,44.12122746
1667614660.3919554,1652.29,1652.29,0.05413252,-0.95,44.12122746
1667614671.181271,1652.29,1651.97,0.02860546,-1.27,42.12486424
1667614681.394256,1652.29,1651.97,0.02860546,-1.27,42.12486424
1667614691.5559494,1652.29,1651.97,0.02860546,-1.27,42.12486424
1667614701.1226492,1652.29,1652.29,-0.01401406,-2.57,44.12122746
1667614711.194256,1652.29,1652.29,-0.01401406,-2.57,44.12122746
1667614721.2520812,1652.29,1652.63,0.01310845,-2.23,46.99549665
1667614731.16515,1652.29,1652.63,0.01310845,-2.23,46.99549665
1667614741.1837814,1652.29,1652.63,0.01310845,-2.23,46.99549665
1667614751.1833818,1652.45,1652.45,-0.04524346,-2.41,45.51820711
1667614761.2495685,1652.45,1652.45,-0.04524346,-2.41,45.51820711
1667614771.271697,1652.45,1652.45,-0.04524346,-2.41,45.51820711
1667614781.240364,1652.45,1652.45,-0.04524346,-2.41,45.51820711
1667614791.1290424,1652.45,1651.77,-0.09948847,-3.09,40.83713077
1667614801.18006,1652.45,1651.77,-0.09948847,-3.09,40.83713077
1667614811.1689289,1651.36,1651.36,-0.23203947,-3.82,38.45509856
1667614821.1986334,1651.36,1651.36,-0.23203947,-3.82,38.45509856
1667614831.2696056,1651.36,1651.36,-0.23203947,-3.82,38.45509856
1667614841.1856778,1651.36,1650.71,-0.28389132,-4.47,34.97821471
1667614852.1844969,1651.36,1650.71,-0.28389132,-4.47,34.97821471
1667614861.9316947,1651.36,1650.71,-0.28389132,-4.47,34.97821471
1667614871.9311135,1651.36,1650.71,-0.28389132,-4.47,34.97821471
1667614881.975345,1651.27,1651.27,-0.32096847,-3.76,37.93301614
1667614891.938913,1651.27,1651.27,-0.32096847,-3.76,37.93301614
1667614901.985834,1651.27,1651.75,-0.28267787,-3.28,42.42273921
1667614911.9568725,1651.27,1651.75,-0.28267787,-3.28,42.42273921
1667614921.8936546,1651.27,1651.75,-0.28267787,-3.28,42.42273921
1667614931.9158256,1651.97,1651.97,-0.28178983,-1.34,44.28212879
1667614941.9925334,1651.97,1651.97,-0.28178983,-1.34,44.28212879
1667614951.9687018,1651.97,1651.97,-0.28178983,-1.34,44.28212879
1667614961.9627109,1651.97,1650.86,-0.37033684,-2.45,37.72420303
1667614972.0165226,1651.97,1650.86,-0.37033684,-2.45,37.72420303
1667614981.9723876,1651.97,1650.86,-0.37033684,-2.45,37.72420303
1667614991.9904742,1650.79,1650.79,-0.45906541,-1.99,37.37514634
1667615002.0002909,1650.79,1650.79,-0.45906541,-1.99,37.37514634
1667615012.1902304,1650.79,1650.79,-0.45906541,-1.99,37.37514634
1667615021.9457853,1650.79,1651.02,-0.44071783,-1.76,39.36053588
1667615032.571071,1650.79,1651.02,-0.44071783,-1.76,39.36053588
1667615043.036368,1650.79,1651.02,-0.44071783,-1.76,39.36053588
1667615052.5236597,1650.5,1650.5,-0.55935483,-2.18,35.88962168
1667615062.5858245,1650.5,1650.5,-0.55935483,-2.18,35.88962168
1667615072.589361,1650.5,1650.5,-0.55935483,-2.18,35.88962168
1667615082.5898914,1650.5,1650.63,-0.54898446,-2.05,37.05607786
1667615092.6077895,1650.5,1650.63,-0.54898446,-2.05,37.05607786
1667615102.543916,1650.5,1650.63,-0.54898446,-2.05,37.05607786
1667615112.5899308,1651.08,1651.08,-0.53268056,-1.19,40.91435374
1667615122.6911712,1651.08,1651.08,-0.53268056,-1.19,40.91435374
1667615132.6702085,1651.08,1651.08,-0.53268056,-1.19,40.91435374
1667615142.5725772,1651.08,1651.61,-0.49040135,-0.66,45.16998627
1667615152.719558,1651.08,1651.61,-0.49040135,-0.66,45.16998627
1667615162.620217,1651.08,1651.61,-0.49040135,-0.66,45.16998627
1667615172.8086648,1651.08,1651.61,-0.49040135,-0.66,45.16998627
1667615182.6132014,1651.7,1651.7,-0.45369144,-0.59,45.83248897
1667615192.6537752,1651.7,1651.7,-0.45369144,-0.59,45.83248897
1667615203.004313,1651.7,1651.7,-0.45369144,-0.59,45.83248897
1667615212.9495056,1651.7,1652.07,-0.42417577,-0.22,48.58303929
1667615222.9840727,1651.7,1652.07,-0.42417577,-0.22,48.58303929
1667615233.223317,1652.35,1652.35,-0.33349918,0.06,50.48572665
1667615242.9439929,1652.35,1652.35,-0.33349918,0.06,50.48572665
1667615252.948944,1652.35,1652.35,-0.33349918,0.06,50.48572665
1667615262.975617,1652.35,1652.35,-0.33349918,0.06,50.48572665
1667615272.9716485,1652.35,1652.69,-0.30637667,0.4,52.7711867
1667615283.0722246,1652.35,1652.69,-0.30637667,0.4,52.7711867
1667615292.9900289,1652.73,1652.73,-0.22182191,0.29,53.01262671
1667615303.0137024,1652.73,1652.73,-0.22182191,0.29,53.01262671
1667615312.9884243,1652.73,1652.73,-0.22182191,0.29,53.01262671
1667615323.0974357,1652.73,1653.0,-0.20028345,0.56,54.79631296
1667615333.0432312,1652.73,1653.0,-0.20028345,0.56,54.79631296
1667615343.0280774,1652.73,1653.0,-0.20028345,0.56,54.79631296
1667615353.0474968,1652.19,1652.19,-0.23250814,0.82,49.16304666
1667615363.4908967,1652.19,1652.19,-0.23250814,0.82,49.16304666
1667615373.0681074,1652.19,1652.19,-0.23250814,0.82,49.16304666
1667615383.0541525,1652.19,1652.19,-0.23250814,0.82,49.16304666
1667615394.268521,1652.19,1652.19,-0.23250814,0.82,49.16304666
1667615403.9986718,1652.19,1652.19,-0.23250814,0.82,49.16304666
1667615413.9094694,1651.56,1651.56,-0.29415542,0.29,45.07132087
1667615423.8933675,1651.56,1651.56,-0.29415542,0.29,45.07132087
1667615433.9248114,1651.56,1651.56,-0.29415542,0.29,45.07132087
1667615443.9642382,1651.56,1651.72,-0.28139188,0.45,46.29599976
1667615453.9644094,1651.56,1651.72,-0.28139188,0.45,46.29599976
1667615463.935123,1651.56,1651.72,-0.28139188,0.45,46.29599976
1667615474.017491,1651.5,1651.5,-0.30696854,-0.48,44.66923503
1667615483.9410453,1651.5,1651.5,-0.30696854,-0.48,44.66923503
1667615494.037921,1651.5,1651.5,-0.30696854,-0.48,44.66923503
1667615503.948469,1651.5,1651.63,-0.29659817,-0.35,45.73278776
1667615514.036308,1651.5,1651.63,-0.29659817,-0.35,45.73278776
1667615524.3901546,1651.5,1651.63,-0.29659817,-0.35,45.73278776
1667615534.0421376,1651.51,1651.51,-0.3095864,0.72,44.76001756
1667615544.3594306,1651.51,1651.51,-0.3095864,0.72,44.76001756
1667615553.9834569,1651.51,1651.51,-0.3095864,0.72,44.76001756
1667615564.0262778,1651.51,1651.51,-0.3095864,0.72,44.76001756
1667615574.5729702,1651.51,1651.51,-0.3095864,0.72,44.76001756
1667615584.6000414,1651.51,1651.51,-0.3095864,0.72,44.76001756
1667615594.5806203,1651.63,1651.63,-0.29114588,1.12,45.82662047
1667615604.558085,1651.63,1651.63,-0.29114588,1.12,45.82662047
1667615614.6798978,1651.63,1651.63,-0.29114588,1.12,45.82662047
1667615624.5701966,1651.63,1651.62,-0.2919436,1.11,45.7473487
1667615634.6335232,1651.63,1651.62,-0.2919436,1.11,45.7473487
1667615644.5534017,1651.63,1651.62,-0.2919436,1.11,45.7473487
1667615654.5461133,1650.78,1650.78,-0.40042242,-0.29,39.93874213
1667615664.5526702,1650.78,1650.78,-0.40042242,-0.29,39.93874213
1667615674.6690483,1650.78,1650.78,-0.40042242,-0.29,39.93874213
1667615684.7393851,1650.78,1650.6,-0.4147814,-0.47,38.80281711
1667615694.5980198,1650.78,1650.6,-0.4147814,-0.47,38.80281711
1667615704.5978122,1650.78,1650.6,-0.4147814,-0.47,38.80281711
1667615714.890621,1650.35,1650.35,-0.49037694,-1.35,37.37397047
1667615724.616954,1650.35,1650.35,-0.49037694,-1.35,37.37397047
1667615734.6091015,1650.35,1650.35,-0.49037694,-1.35,37.37397047
1667615744.5667806,1650.35,1649.89,-0.52707209,-1.81,34.71802636
1667615755.2872145,1650.35,1649.89,-0.52707209,-1.81,34.71802636
1667615765.2194493,1650.35,1649.89,-0.52707209,-1.81,34.71802636
1667615775.297789,1649.81,1649.81,-0.60471765,-2.54,34.3549093
1667615785.2049067,1649.81,1649.81,-0.60471765,-2.54,34.3549093
1667615795.2266457,1649.81,1649.81,-0.60471765,-2.54,34.3549093
1667615805.2887442,1649.81,1650.46,-0.5528658,-1.89,40.59080071
1667615815.287705,1649.81,1650.46,-0.5528658,-1.89,40.59080071
1667615825.251439,1649.81,1650.46,-0.5528658,-1.89,40.59080071
1667615835.5268931,1650.14,1650.14,-0.60700102,-2.6,37.68349454
1667615845.3180091,1650.14,1650.14,-0.60700102,-2.6,37.68349454
1667615855.2663157,1650.14,1650.14,-0.60700102,-2.6,37.68349454
1667615865.2888105,1650.14,1649.04,-0.69475031,-3.7,31.84124946
1667615875.6855729,1650.14,1649.04,-0.69475031,-3.7,31.84124946
1667615885.349297,1650.14,1649.04,-0.69475031,-3.7,31.84124946
1667615895.2596357,1648.63,1648.63,-0.83532979,-3.56,30.11151591
1667615905.2468777,1648.63,1648.63,-0.83532979,-3.56,30.11151591
1667615915.2725368,1648.63,1648.63,-0.83532979,-3.56,30.11151591
1667615925.237538,1648.63,1648.84,-0.81857765,-3.35,32.1447741
1667615935.7865288,1648.63,1648.84,-0.81857765,-3.35,32.1447741
1667615945.636428,1648.63,1648.84,-0.81857765,-3.35,32.1447741
1667615955.6431687,1649.14,1649.14,-0.83761542,-2.41,34.88902023
1667615965.64485,1649.14,1649.14,-0.83761542,-2.41,34.88902023
1667615975.6382089,1649.14,1649.14,-0.83761542,-2.41,34.88902023
1667615985.6807518,1649.14,1649.8,-0.78496584,-1.75,40.47384939
1667615995.7413447,1649.14,1649.8,-0.78496584,-1.75,40.47384939
1667616005.6914656,1649.14,1649.8,-0.78496584,-1.75,40.47384939
1667616015.7351727,1649.3,1649.3,-0.84035832,-2.21,36.31251885
1667616025.69872,1649.3,1649.3,-0.84035832,-2.21,36.31251885
1667616035.943257,1649.3,1649.3,-0.84035832,-2.21,36.31251885
1667616045.7800405,1649.3,1648.96,-0.86748083,-2.55,34.49700459
1667616055.7057545,1649.3,1648.96,-0.86748083,-2.55,34.49700459
1667616065.7756634,1649.3,1648.96,-0.86748083,-2.55,34.49700459
1667616075.7137086,1648.91,1648.91,-0.89805278,-2.59,34.30269968
1667616085.741342,1648.91,1648.91,-0.89805278,-2.59,34.30269968
1667616095.7563145,1648.91,1648.91,-0.89805278,-2.59,34.30269968
1667616105.7100155,1648.91,1649.81,-0.82625791,-1.69,42.27094355
1667616116.504707,1648.91,1649.81,-0.82625791,-1.69,42.27094355
1667616126.353433,1648.91,1649.81,-0.82625791,-1.69,42.27094355
1667616136.4732213,1648.95,1648.95,-0.90175057,-2.68,34.74569856
1667616146.3494694,1648.95,1648.95,-0.90175057,-2.68,34.74569856
1667616156.3716178,1648.95,1648.95,-0.90175057,-2.68,34.74569856
1667616166.4339268,1648.95,1649.7,-0.84192151,-1.93,41.85504215
1667616176.336279,1648.95,1649.7,-0.84192151,-1.93,41.85504215
1667616186.2935705,1648.95,1649.7,-0.84192151,-1.93,41.85504215
1667616196.378509,1649.24,1649.24,-0.8571171,-1.55,37.67100046
1667616206.4509714,1649.24,1649.24,-0.8571171,-1.55,37.67100046
1667616216.8567753,1649.24,1649.24,-0.8571171,-1.55,37.67100046
1667616226.798521,1649.24,1649.57,-0.83079232,-1.22,40.95881028
1667616236.349244,1649.24,1649.57,-0.83079232,-1.22,40.95881028
1667616246.4259725,1649.24,1649.57,-0.83079232,-1.22,40.95881028
1667616256.426038,1650.05,1650.05,-0.71599229,-0.29,45.17227609
1667616266.3857062,1650.05,1650.05,-0.71599229,-0.29,45.17227609
1667616276.3348372,1650.05,1650.05,-0.71599229,-0.29,45.17227609
1667616286.3170748,1650.05,1650.24,-0.70083559,-0.1,46.78846377
1667616297.3243177,1650.05,1650.24,-0.70083559,-0.1,46.78846377
1667616307.4720812,1650.05,1650.24,-0.70083559,-0.1,46.78846377
1667616317.435975,1649.99,1649.99,-0.6557463,0.19,44.72642505
1667616327.4501789,1649.99,1649.99,-0.6557463,0.19,44.72642505
1667616337.401512,1649.99,1649.99,-0.6557463,0.19,44.72642505
1667616347.390793,1649.99,1649.86,-0.66611667,0.06,43.75344373
1667616357.4095752,1649.99,1649.86,-0.66611667,0.06,43.75344373
1667616367.3781953,1649.99,1649.86,-0.66611667,0.06,43.75344373
1667616377.458251,1649.03,1649.03,-0.73303016,-1.1,38.41757641
1667616387.4492967,1649.03,1649.03,-0.73303016,-1.1,38.41757641
1667616397.3788755,1649.03,1649.03,-0.73303016,-1.1,38.41757641
1667616407.3866503,1649.03,1648.89,-0.74419825,-1.24,37.5849665
1667616417.8453193,1649.03,1648.89,-0.74419825,-1.24,37.5849665
1667616427.4433637,1649.03,1648.89,-0.74419825,-1.24,37.5849665
1667616437.6707902,1648.58,1648.58,-0.78945608,-0.05,35.91278073
1667616449.0225024,1648.58,1648.58,-0.78945608,-0.05,35.91278073
1667616457.4462423,1648.58,1648.58,-0.78945608,-0.05,35.91278073
1667616467.482104,1648.58,1648.24,-0.81657859,-0.39,34.02732229
1667616478.3771904,1648.58,1648.24,-0.81657859,-0.39,34.02732229
1667616488.374557,1648.58,1648.24,-0.81657859,-0.39,34.02732229
1667616498.4055216,1648.52,1648.52,-0.80501566,-0.63,35.58205774
1667616508.35157,1648.52,1648.52,-0.80501566,-0.63,35.58205774
1667616518.3774571,1648.52,1648.52,-0.80501566,-0.63,35.58205774
1667616528.3006327,1648.52,1648.25,-0.82655412,-0.9,33.97604151
1667616538.3618283,1648.52,1648.25,-0.82655412,-0.9,33.97604151
1667616548.5607562,1648.52,1648.25,-0.82655412,-0.9,33.97604151
1667616558.3752277,1648.01,1648.01,-0.87575215,-1.28,32.70224413
1667616568.3478837,1648.01,1648.01,-0.87575215,-1.28,32.70224413
1667616578.6696267,1648.01,1648.01,-0.87575215,-1.28,32.70224413
1667616588.3842337,1648.01,1648.07,-0.87096582,-1.22,33.37474239
1667616598.4148889,1648.01,1648.07,-0.87096582,-1.22,33.37474239
1667616608.4486043,1648.01,1648.07,-0.87096582,-1.22,33.37474239
1667616618.6499798,1648.6,1648.6,-0.80529788,-0.3,38.80845277
1667616628.450992,1648.6,1648.6,-0.80529788,-0.3,38.80845277
1667616638.4212146,1648.6,1648.6,-0.80529788,-0.3,38.80845277
1667616648.4128509,1648.6,1647.76,-0.87230643,-1.14,34.10224374
1667616659.5610824,1648.6,1647.76,-0.87230643,-1.14,34.10224374
1667616669.3865075,1648.6,1647.76,-0.87230643,-1.14,34.10224374
1667616679.6010995,1647.94,1647.94,-0.87110452,-1.02,35.00807306
1667616689.363522,1647.94,1647.94,-0.87110452,-1.02,35.00807306
1667616699.4535267,1647.94,1647.94,-0.87110452,-1.02,35.00807306
1667616709.3847997,1647.94,1648.0,-0.86631819,-0.96,35.57894059
1667616719.564749,1647.94,1648.0,-0.86631819,-0.96,35.57894059
1667616729.3755803,1647.94,1648.0,-0.86631819,-0.96,35.57894059
1667616739.4804146,1647.0,1647.0,-1.00499138,-2.23,30.44114316
1667616749.3767898,1647.0,1647.0,-1.00499138,-2.23,30.44114316
1667616759.4032133,1647.0,1647.0,-1.00499138,-2.23,30.44114316
1667616769.904191,1647.0,1647.05,-1.00100277,-2.18,30.95708659
1667616779.520747,1647.0,1647.05,-1.00100277,-2.18,30.95708659
1667616789.4369872,1647.0,1647.05,-1.00100277,-2.18,30.95708659
1667616799.433017,1647.05,1647.05,-1.03323385,-2.99,30.9649644
1667616809.450214,1647.05,1647.05,-1.03323385,-2.99,30.9649644
1667616819.3871863,1647.05,1647.05,-1.03323385,-2.99,30.9649644
1667616829.4572148,1647.05,1647.58,-0.99095465,-2.46,36.35343604
1667616840.2992036,1647.05,1647.58,-0.99095465,-2.46,36.35343604
1667616850.27256,1647.05,1647.58,-0.99095465,-2.46,36.35343604
1667616860.297728,1647.59,1647.59,-0.97036654,-2.4,36.45422004
1667616870.2586498,1647.59,1647.59,-0.97036654,-2.4,36.45422004
1667616880.2699642,1647.59,1647.59,-0.97036654,-2.4,36.45422004
1667616890.2235503,1647.59,1647.77,-0.95600757,-2.22,38.21526446
1667616900.34343,1647.59,1647.77,-0.95600757,-2.22,38.21526446
1667616910.191957,1647.59,1647.77,-0.95600757,-2.22,38.21526446
1667616920.2590723,1647.7,1647.7,-0.92701217,-1.33,37.57631203
1667616930.8705652,1647.7,1647.7,-0.92701217,-1.33,37.57631203
1667616940.3290412,1647.7,1647.7,-0.92701217,-1.33,37.57631203
1667616950.2814207,1647.7,1647.6,-0.93498938,-1.43,36.9588384
1667616960.2920463,1647.7,1647.6,-0.93498938,-1.43,36.9588384
1667616970.1983352,1647.7,1647.6,-0.93498938,-1.43,36.9588384
1667616980.2927396,1646.97,1646.97,-0.99317539,-1.6,33.49162167
1667616990.313917,1646.97,1646.97,-0.99317539,-1.6,33.49162167
1667617000.2773595,1646.97,1646.97,-0.99317539,-1.6,33.49162167
1667617010.2502077,1646.97,1647.48,-0.95249163,-1.09,38.51981697
1667617020.8552833,1646.97,1647.48,-0.95249163,-1.09,38.51981697
1667617030.81769,1648.91,1648.91,-0.71382657,0.4,49.27307724
1667617040.8356197,1648.91,1648.91,-0.71382657,0.4,49.27307724
1667617050.7666545,1648.91,1648.91,-0.71382657,0.4,49.27307724
1667617060.8248627,1648.91,1648.61,-0.73775819,0.1,47.40001012
1667617070.8001778,1648.91,1648.61,-0.73775819,0.1,47.40001012
1667617080.8507645,1648.91,1648.61,-0.73775819,0.1,47.40001012
1667617091.37589,1648.49,1648.49,-0.66806592,0.48,46.70340603
1667617100.9380784,1648.49,1648.49,-0.66806592,0.48,46.70340603
1667617110.8577464,1648.49,1648.49,-0.66806592,0.48,46.70340603
1667617120.8519545,1648.49,1648.3,-0.68322262,0.29,45.53159238
1667617130.8501325,1648.49,1648.3,-0.68322262,0.29,45.53159238
1667617140.9420784,1648.49,1648.3,-0.68322262,0.29,45.53159238
1667617150.8346386,1648.74,1648.74,-0.56238488,0.13,48.43183059
1667617160.8867917,1648.74,1648.74,-0.56238488,0.13,48.43183059
1667617170.8646705,1648.74,1648.74,-0.56238488,0.13,48.43183059
1667617180.884693,1648.74,1649.07,-0.53606009,0.46,50.70440293
1667617190.9103143,1648.74,1649.07,-0.53606009,0.46,50.70440293
1667617201.317728,1648.74,1649.07,-0.53606009,0.46,50.70440293
1667617211.3104396,1648.74,1649.07,-0.53606009,0.46,50.70440293
1667617221.3285086,1648.96,1648.96,-0.45708661,1.01,49.96435381
1667617231.3485222,1648.96,1648.96,-0.45708661,1.01,49.96435381
1667617241.339259,1648.96,1649.16,-0.4411322,1.21,51.38360712
1667617251.8970432,1648.96,1649.16,-0.4411322,1.21,51.38360712
1667617261.3436751,1648.96,1649.16,-0.4411322,1.21,51.38360712
1667617271.293663,1648.96,1649.16,-0.4411322,1.21,51.38360712
1667617281.3150916,1647.58,1647.58,-0.57883412,0.58,41.60716578
1667617291.2979653,1647.58,1647.58,-0.57883412,0.58,41.60716578
1667617301.2868454,1647.58,1647.58,-0.57883412,0.58,41.60716578
1667617311.494337,1647.58,1646.7,-0.64903355,-0.3,37.32035836
1667617321.4455633,1647.58,1646.7,-0.64903355,-0.3,37.32035836
1667617331.4111547,1647.37,1647.37,-0.61106078,0.33,40.4971
1667617341.4236531,1647.37,1647.37,-0.61106078,0.33,40.4971
1667617351.448447,1647.37,1647.37,-0.61106078,0.33,40.4971
1667617361.5392227,1647.37,1647.5,-0.6006904,0.46,41.53695022
1667617371.5258188,1647.37,1647.5,-0.6006904,0.46,41.53695022
1667617382.036811,1647.37,1647.5,-0.6006904,0.46,41.53695022
1667617391.9705272,1648.2,1648.2,-0.49950606,0.62,46.57019359
1667617401.933727,1648.2,1648.2,-0.49950606,0.62,46.57019359
1667617412.394683,1648.2,1648.2,-0.49950606,0.62,46.57019359
1667617421.9057522,1648.2,1648.21,-0.49870834,0.63,46.64079047
1667617431.9057157,1648.2,1648.21,-0.49870834,0.63,46.64079047
1667617441.9389007,1648.2,1648.21,-0.49870834,0.63,46.64079047
1667617452.1646256,1648.05,1648.05,-0.47825133,0.34,45.64811158
1667617462.00695,1648.05,1648.05,-0.47825133,0.34,45.64811158
1667617471.9904146,1648.05,1648.05,-0.47825133,0.34,45.64811158
1667617481.8954942,1648.05,1648.85,-0.41443366,1.14,51.12731824
1667617491.9653754,1648.05,1648.85,-0.41443366,1.14,51.12731824
1667617501.9974756,1648.05,1648.85,-0.41443366,1.14,51.12731824
1667617511.8971376,1649.13,1649.13,-0.29534308,2.16,52.80060066
1667617521.930408,1649.13,1649.13,-0.29534308,2.16,52.80060066
1667617531.9699,1649.13,1649.13,-0.29534308,2.16,52.80060066
1667617542.1732442,1649.13,1648.99,-0.30651118,2.02,51.85215752
1667617551.9134176,1649.13,1648.99,-0.30651118,2.02,51.85215752
1667617562.8463247,1649.13,1648.99,-0.30651118,2.02,51.85215752
1667617572.903592,1648.83,1648.83,-0.25734047,-0.08,50.7963538
1667617582.7872434,1648.83,1648.83,-0.25734047,-0.08,50.7963538
1667617592.8743408,1648.83,1648.83,-0.25734047,-0.08,50.7963538
1667617603.1560075,1648.83,1649.08,-0.23739745,0.17,52.42520913
1667617612.8663032,1648.83,1649.08,-0.23739745,0.17,52.42520913
1667617622.9009848,1648.83,1649.08,-0.23739745,0.17,52.42520913
1667617632.851792,1649.18,1649.18,-0.15764787,0.7,53.05086965
1667617642.9279568,1649.18,1649.18,-0.15764787,0.7,53.05086965
1667617652.860978,1649.18,1649.18,-0.15764787,0.7,53.05086965
1667617662.8108218,1649.18,1649.57,-0.12653676,1.09,55.49056339
1667617672.8594322,1649.18,1649.57,-0.12653676,1.09,55.49056339
1667617682.9720762,1649.18,1649.57,-0.12653676,1.09,55.49056339
1667617692.858977,1650.64,1650.64,0.10677893,1.9,61.04793594
1667617703.0124366,1650.64,1650.64,0.10677893,1.9,61.04793594
1667617712.8811088,1650.64,1650.64,0.10677893,1.9,61.04793594
1667617722.8849988,1650.64,1650.63,0.10598121,1.89,60.99896004
1667617732.8886838,1650.64,1650.63,0.10598121,1.89,60.99896004
1667617743.798382,1650.64,1650.63,0.10598121,1.89,60.99896004
1667617753.6170835,1651.06,1651.06,0.28148205,2.09,62.99941585
1667617763.827469,1651.06,1651.06,0.28148205,2.09,62.99941585
1667617773.625642,1651.06,1651.06,0.28148205,2.09,62.99941585
1667617783.657732,1651.06,1651.82,0.34210883,2.85,66.29047183
1667617793.656744,1651.06,1651.82,0.34210883,2.85,66.29047183
1667617803.644356,1651.06,1651.82,0.34210883,2.85,66.29047183
1667617813.6771104,1651.93,1651.93,0.51188552,4.35,66.71892477
1667617823.713909,1651.93,1651.93,0.51188552,4.35,66.71892477
1667617833.868828,1651.93,1651.93,0.51188552,4.35,66.71892477
1667617843.6623385,1651.93,1651.57,0.48316757,3.99,63.85829109
1667617853.611181,1651.93,1651.57,0.48316757,3.99,63.85829109
1667617863.666056,1651.93,1651.57,0.48316757,3.99,63.85829109
1667617873.6705036,1651.45,1651.45,0.56433905,4.08,62.95849053
1667617883.6783612,1651.45,1651.45,0.56433905,4.08,62.95849053
1667617893.6674688,1651.45,1651.45,0.56433905,4.08,62.95849053
1667617903.6546865,1651.45,1650.88,0.51886896,3.51,58.72562102
1667617913.61342,1651.45,1650.88,0.51886896,3.51,58.72562102
1667617924.0796638,1651.45,1650.88,0.51886896,3.51,58.72562102
1667617934.0896468,1650.6,1650.6,0.50884555,2.41,56.84812137
1667617944.109823,1650.6,1650.6,0.50884555,2.41,56.84812137
1667617954.5572,1650.6,1650.6,0.50884555,2.41,56.84812137
1667617964.0847106,1650.6,1650.32,0.48650937,2.13,54.95598713
1667617974.039471,1650.6,1650.32,0.48650937,2.13,54.95598713
1667617984.1093876,1650.6,1650.32,0.48650937,2.13,54.95598713
1667617994.1227536,1650.6,1650.32,0.48650937,2.13,54.95598713
1667618004.0945446,1650.47,1650.47,0.49431637,2.41,55.95368197
1667618014.172173,1650.47,1650.47,0.49431637,2.41,55.95368197
1667618024.1597216,1650.47,1650.37,0.48633916,2.31,55.23376766
1667618034.1314669,1650.47,1650.37,0.48633916,2.31,55.23376766
1667618044.1630085,1650.47,1650.37,0.48633916,2.31,55.23376766
1667618054.139807,1650.18,1650.18,0.44442969,1.06,53.91574953
1667618064.1364284,1650.18,1650.18,0.44442969,1.06,53.91574953
1667618074.1901548,1650.18,1650.18,0.44442969,1.06,53.91574953
1667618084.166921,1650.18,1650.47,0.46756359,1.35,55.65510916
1667618094.1341772,1650.18,1650.47,0.46756359,1.35,55.65510916
1667618104.790719,1650.18,1650.47,0.46756359,1.35,55.65510916
1667618114.8385887,1651.08,1651.08,0.54563105,2.24,58.91673155
1667618124.7451422,1651.08,1651.08,0.54563105,2.24,58.91673155
1667618134.7904446,1651.08,1651.08,0.54563105,2.24,58.91673155
1667618145.032101,1651.08,1650.58,0.50574501,1.74,55.32474763
1667618154.741001,1651.08,1650.58,0.50574501,1.74,55.32474763
1667618164.7444818,1651.08,1650.58,0.50574501,1.74,55.32474763
1667618174.74603,1650.59,1650.59,0.49256878,1.42,55.38333547
1667618184.7558317,1650.59,1650.59,0.49256878,1.42,55.38333547
1667618194.777942,1650.59,1650.59,0.49256878,1.42,55.38333547
1667618204.77134,1650.59,1651.71,0.58191351,2.54,61.09730837
1667618214.8420987,1650.59,1651.71,0.58191351,2.54,61.09730837
1667618224.8013668,1650.59,1651.71,0.58191351,2.54,61.09730837
1667618234.781393,1652.54,1652.54,0.75167315,1.91,64.47228474
1667618244.826486,1652.54,1652.54,0.75167315,1.91,64.47228474
1667618254.8396883,1652.54,1652.54,0.75167315,1.91,64.47228474
1667618264.806492,1652.54,1652.34,0.73571873,1.71,63.08285971
1667618274.832985,1652.54,1652.34,0.73571873,1.71,63.08285971
1667618285.289534,1652.54,1652.34,0.73571873,1.71,63.08285971
1667618295.2706904,1652.81,1652.81,0.86364383,1.75,65.47996949
1667618305.5923684,1652.81,1652.81,0.86364383,1.75,65.47996949
1667618315.2349198,1652.81,1652.81,0.86364383,1.75,65.47996949
1667618325.1982837,1652.81,1653.17,0.89236178,2.11,66.91640505
1667618335.2580426,1652.81,1653.17,0.89236178,2.11,66.91640505
1667618345.2874608,1652.81,1653.17,0.89236178,2.11,66.91640505
1667618355.234829,1653.25,1653.25,0.9862277,1.32,67.21222495
1667618365.2152448,1653.25,1653.25,0.9862277,1.32,67.21222495
1667618375.2149477,1653.25,1653.25,0.9862277,1.32,67.21222495
1667618385.2285292,1653.25,1654.01,1.04685448,2.08,69.960242
1667618395.2871954,1653.25,1654.01,1.04685448,2.08,69.960242
1667618405.2912755,1653.25,1654.01,1.04685448,2.08,69.960242
1667618415.297496,1654.21,1654.21,1.17862243,2.76,70.61093598
1667618425.2632,1654.21,1654.21,1.17862243,2.76,70.61093598
1667618435.26215,1654.21,1654.21,1.17862243,2.76,70.61093598
1667618445.2562888,1654.21,1653.56,1.12677058,2.11,65.68652203
1667618455.2797134,1654.21,1653.56,1.12677058,2.11,65.68652203
1667618465.872355,1654.21,1653.56,1.12677058,2.11,65.68652203
1667618475.897739,1653.48,1653.48,1.15335832,2.88,65.12248405
1667618486.200569,1653.48,1653.48,1.15335832,2.88,65.12248405
1667618496.4537184,1653.48,1653.48,1.15335832,2.88,65.12248405
1667618505.8898742,1653.48,1653.28,1.1374039,2.68,63.65097864
1667618515.946044,1653.48,1653.28,1.1374039,2.68,63.65097864
1667618526.261865,1653.48,1653.28,1.1374039,2.68,63.65097864
1667618535.903185,1652.7,1652.7,1.0557827,2.23,59.73654443
1667618545.9702344,1652.7,1652.7,1.0557827,2.23,59.73654443
1667618555.9745011,1652.7,1652.7,1.0557827,2.23,59.73654443
1667618565.9081132,1652.7,1652.54,1.04301917,2.07,58.66473469
1667618575.9734545,1652.7,1652.54,1.04301917,2.07,58.66473469
1667618586.1410244,1652.7,1652.54,1.04301917,2.07,58.66473469
1667618595.965249,1653.69,1653.69,1.15661723,3.51,63.79255468
1667618605.9528348,1653.69,1653.69,1.15661723,3.51,63.79255468
1667618615.9453845,1653.69,1653.69,1.15661723,3.51,63.79255468
1667618626.0259671,1653.69,1652.5,1.06168845,2.32,56.39398935
1667618635.9782553,1653.69,1652.5,1.06168845,2.32,56.39398935
1667618647.0469646,1653.69,1652.5,1.06168845,2.32,56.39398935
1667618656.8196564,1652.7,1652.7,1.02060536,1.62,57.5106868
1667618666.702267,1652.7,1652.7,1.02060536,1.62,57.5106868
1667618676.7112892,1652.7,1652.7,1.02060536,1.62,57.5106868
1667618686.9938667,1652.7,1652.07,0.97034895,0.99,53.8775687
1667618696.772959,1652.7,1652.07,0.97034895,0.99,53.8775687
1667618706.7518024,1652.7,1652.07,0.97034895,0.99,53.8775687
1667618716.785452,1651.54,1651.54,0.80029745,0.96,51.1549679
1667618726.718738,1651.54,1651.54,0.80029745,0.96,51.1549679
1667618736.7593052,1651.54,1651.54,0.80029745,0.96,51.1549679
1667618746.7958553,1651.54,1651.76,0.8178473,1.18,52.23693715
1667618756.8384702,1651.54,1651.76,0.8178473,1.18,52.23693715
1667618766.8023872,1651.54,1651.76,0.8178473,1.18,52.23693715
1667618776.7921531,1650.77,1650.77,0.58098073,-1.76,47.42060347
1667618787.1034358,1650.77,1650.77,0.58098073,-1.76,47.42060347
1667618796.798472,1650.77,1650.77,0.58098073,-1.76,47.42060347
1667618806.946938,1650.77,1650.29,0.54269013,-2.24,45.19506895
1667618816.9570854,1650.77,1650.29,0.54269013,-2.24,45.19506895
1667618827.5597663,1650.77,1650.29,0.54269013,-2.24,45.19506895
1667618837.5554538,1648.86,1648.86,0.18127778,-3.96,39.66214078
1667618848.1091342,1648.86,1648.86,0.18127778,-3.96,39.66214078
1667618857.5678806,1648.86,1648.86,0.18127778,-3.96,39.66214078
1667618867.457286,1648.86,1647.76,0.09352849,-5.06,36.01014567
1667618877.541844,1648.86,1647.76,0.09352849,-5.06,36.01014567
1667618887.5912087,1648.86,1647.76,0.09352849,-5.06,36.01014567
1667618897.4802575,1645.13,1645.13,-0.54123779,-8.12,29.51134633
1667618907.4841394,1645.13,1645.13,-0.54123779,-8.12,29.51134633
1667618917.8124764,1645.13,1645.13,-0.54123779,-8.12,29.51134633
1667618927.5408597,1645.13,1645.62,-0.50214948,-7.63,31.94813821
1667618937.536847,1645.13,1645.62,-0.50214948,-7.63,31.94813821
1667618947.7222729,1645.13,1645.62,-0.50214948,-7.63,31.94813821
1667618957.5985234,1645.61,1645.61,-0.80017529,-8.59,31.92359209
1667618967.7930367,1645.61,1645.61,-0.80017529,-8.59,31.92359209
1667618977.5816798,1645.61,1645.61,-0.80017529,-8.59,31.92359209
1667618987.5824325,1645.61,1644.54,-0.88553141,-9.66,29.49853745
1667618997.6199198,1645.61,1644.54,-0.88553141,-9.66,29.49853745
1667619008.7764368,1645.61,1644.54,-0.88553141,-9.66,29.49853745
1667619018.2365232,1644.18,1644.18,-1.22670084,-9.3,28.76339972
1667619028.3067074,1644.18,1644.18,-1.22670084,-9.3,28.76339972
1667619038.170691,1644.18,1644.18,-1.22670084,-9.3,28.76339972
1667619048.98193,1644.18,1645.83,-1.09507691,-7.65,36.56627352
1667619058.2019522,1644.18,1645.83,-1.09507691,-7.65,36.56627352
1667619068.2079957,1644.18,1645.83,-1.09507691,-7.65,36.56627352
1667619078.2369103,1647.07,1647.07,-1.04836602,-5.63,41.39939964
1667619088.189078,1647.07,1647.07,-1.04836602,-5.63,41.39939964
1667619098.210024,1647.07,1647.07,-1.04836602,-5.63,41.39939964
1667619108.183997,1647.07,1648.0,-0.97417799,-4.7,44.78034167
1667619118.1495354,1647.07,1648.0,-0.97417799,-4.7,44.78034167
1667619128.2534597,1647.07,1648.0,-0.97417799,-4.7,44.78034167
1667619138.4907246,1647.53,1647.53,-1.0123037,-6.17,43.12319937
1667619148.4425232,1647.53,1647.53,-1.0123037,-6.17,43.12319937
1667619158.2583337,1647.53,1647.53,-1.0123037,-6.17,43.12319937
1667619168.9744997,1647.53,1646.81,-1.06973959,-6.89,41.08368463
1667619178.1857228,1647.53,1646.81,-1.06973959,-6.89,41.08368463
1667619188.6978242,1647.53,1646.81,-1.06973959,-6.89,41.08368463
1667619198.6416333,1647.11,1647.11,-1.06187642,-5.6,41.92338375
1667619208.65603,1647.11,1647.11,-1.06187642,-5.6,41.92338375
1667619218.6766384,1647.11,1647.11,-1.06187642,-5.6,41.92338375
1667619228.6845703,1647.11,1646.69,-1.0953807,-6.02,40.67876022
1667619238.675691,1647.11,1646.69,-1.0953807,-6.02,40.67876022
1667619248.7227252,1647.11,1646.69,-1.0953807,-6.02,40.67876022
1667619258.7380214,1646.51,1646.51,-1.14717291,-5.04,40.18903186
1667619268.6196568,1646.51,1646.51,-1.14717291,-5.04,40.18903186
1667619278.6504183,1646.51,1646.51,-1.14717291,-5.04,40.18903186
1667619288.7227368,1646.51,1646.24,-1.16871138,-5.31,39.38228231
1667619298.9535477,1646.51,1646.24,-1.16871138,-5.31,39.38228231
1667619308.641631,1646.51,1646.24,-1.16871138,-5.31,39.38228231
1667619318.721825,1646.89,1646.89,-1.10908502,-3.87,41.83319584
1667619329.3686602,1646.89,1646.89,-1.10908502,-3.87,41.83319584
1667619338.7338614,1646.89,1646.89,-1.10908502,-3.87,41.83319584
1667619348.7236004,1646.89,1645.93,-1.18566621,-4.83,38.92224732
1667619358.7087476,1646.89,1645.93,-1.18566621,-4.83,38.92224732
1667619369.424283,1646.89,1645.93,-1.18566621,-4.83,38.92224732
1667619379.360115,1645.07,1645.07,-1.34825037,-3.79,36.6598784
1667619389.326002,1645.07,1645.07,-1.34825037,-3.79,36.6598784
1667619399.4401631,1645.07,1645.07,-1.34825037,-3.79,36.6598784
1667619409.3491488,1645.07,1645.07,-1.34825037,-3.79,36.6598784
1667619419.3459256,1645.07,1645.07,-1.34825037,-3.79,36.6598784
1667619429.3181784,1645.07,1645.07,-1.34825037,-3.79,36.6598784
1667619439.3284636,1645.0,1645.0,-1.41578726,-0.14,36.45276645
1667619449.3140206,1645.0,1645.0,-1.41578726,-0.14,36.45276645
1667619459.6050887,1645.0,1645.0,-1.41578726,-0.14,36.45276645
1667619469.7407548,1645.0,1645.04,-1.41259637,-0.1,36.65226296
1667619479.2945378,1645.0,1645.04,-1.41259637,-0.1,36.65226296
1667619489.839416,1645.0,1645.04,-1.41259637,-0.1,36.65226296
1667619499.5374007,1644.96,1644.96,-1.45384598,-0.66,36.33832875
1667619509.3536985,1644.96,1644.96,-1.45384598,-0.66,36.33832875
1667619519.3655682,1644.96,1644.96,-1.45384598,-0.66,36.33832875
1667619529.3504653,1644.96,1645.48,-1.4123645,-0.14,39.01851325
1667619539.3639395,1644.96,1645.48,-1.4123645,-0.14,39.01851325
1667619549.8571336,1644.96,1645.48,-1.4123645,-0.14,39.01851325
1667619559.9550965,1645.11,1645.11,-1.44339167,0.93,37.13533405
1667619569.9886055,1645.11,1645.11,-1.44339167,0.93,37.13533405
1667619579.8620467,1645.11,1645.11,-1.44339167,0.93,37.13533405
1667619589.808962,1645.11,1645.19,-1.4370099,1.01,37.58414302
1667619599.803887,1645.11,1645.19,-1.4370099,1.01,37.58414302
1667619609.808775,1645.11,1645.19,-1.4370099,1.01,37.58414302
1667619619.838812,1645.55,1645.55,-1.36531158,-1.53,39.54240245
1667619629.822492,1645.55,1645.55,-1.36531158,-1.53,39.54240245
1667619639.811471,1645.55,1645.55,-1.36531158,-1.53,39.54240245
1667619650.3292596,1645.55,1645.49,-1.37009791,-1.59,39.32310358
1667619659.864791,1645.55,1645.49,-1.37009791,-1.59,39.32310358
1667619669.861457,1645.55,1645.49,-1.37009791,-1.59,39.32310358
1667619679.8323786,1645.54,1645.54,-1.31873293,-2.0,39.52944858
1667619689.8192642,1645.54,1645.54,-1.31873293,-2.0,39.52944858
1667619699.804643,1645.54,1645.54,-1.31873293,-2.0,39.52944858
1667619709.826523,1645.54,1645.5,-1.32192381,-2.04,39.35108278
1667619719.835782,1645.54,1645.5,-1.32192381,-2.04,39.35108278
1667619730.4799037,1645.37,1645.37,-1.28999301,-1.73,38.84801345
1667619740.580789,1645.37,1645.37,-1.28999301,-1.73,38.84801345
1667619750.4306405,1645.37,1645.37,-1.28999301,-1.73,38.84801345
1667619760.5054238,1645.37,1644.62,-1.34982207,-2.48,35.98944314
1667619770.5207891,1645.37,1644.62,-1.34982207,-2.48,35.98944314
1667619780.5272803,1645.37,1644.62,-1.34982207,-2.48,35.98944314
1667619790.4778602,1645.15,1645.15,-1.27325004,-1.35,37.96350603
1667619800.4681904,1645.15,1645.15,-1.27325004,-1.35,37.96350603
1667619810.5923722,1645.15,1645.15,-1.27325004,-1.35,37.96350603
1667619820.4880433,1645.15,1645.37,-1.25570019,-1.13,39.4482249
1667619830.411768,1645.15,1645.37,-1.25570019,-1.13,39.4482249
1667619840.5573645,1645.15,1645.37,-1.25570019,-1.13,39.4482249
1667619850.7552266,1645.28,1645.28,-1.21349535,-1.61,38.84951461
1667619860.7290275,1645.28,1645.28,-1.21349535,-1.61,38.84951461
1667619870.5210853,1645.28,1645.28,-1.21349535,-1.61,38.84951461
1667619880.550296,1645.28,1644.81,-1.25098823,-2.08,36.80300783
1667619890.6834452,1645.28,1644.81,-1.25098823,-2.08,36.80300783
1667619900.7960167,1645.28,1644.81,-1.25098823,-2.08,36.80300783
1667619911.5754757,1644.25,1644.25,-1.30596238,-0.81,34.62667789
1667619921.590602,1644.25,1644.25,-1.30596238,-0.81,34.62667789
1667619931.3499317,1644.25,1644.25,-1.30596238,-0.81,34.62667789
1667619941.2653933,1644.25,1643.95,-1.329894,-1.11,33.48583887
1667619951.323849,1644.25,1643.95,-1.329894,-1.11,33.48583887
1667619961.2985294,1644.25,1643.95,-1.329894,-1.11,33.48583887
1667619971.5249836,1645.29,1645.29,-1.15275883,0.29,41.51489967
1667619981.3206236,1645.29,1645.29,-1.15275883,0.29,41.51489967
1667619991.2911918,1645.29,1645.29,-1.15275883,0.29,41.51489967
1667620001.3073318,1645.29,1645.33,-1.14956794,0.33,41.77018848
1667620011.3169956,1645.29,1645.33,-1.14956794,0.33,41.77018848
1667620021.3265717,1645.29,1645.33,-1.14956794,0.33,41.77018848
1667620031.5537148,1646.05,1646.05,-0.97715468,1.09,46.01204445
1667620041.4176743,1646.05,1646.05,-0.97715468,1.09,46.01204445
1667620051.3644488,1646.05,1646.05,-0.97715468,1.09,46.01204445
1667620061.3908494,1646.05,1645.73,-1.00268175,0.77,44.46180153
1667620071.3425632,1646.05,1645.73,-1.00268175,0.77,44.46180153
1667620081.429839,1646.05,1645.73,-1.00268175,0.77,44.46180153
1667620092.1087942,1646.56,1646.56,-0.80322626,1.45,48.85265881
1667620102.1318476,1646.56,1646.56,-0.80322626,1.45,48.85265881
1667620112.1480243,1646.56,1646.56,-0.80322626,1.45,48.85265881
1667620122.1328108,1646.56,1646.35,-0.8199784,1.24,47.74057472
1667620132.1142888,1646.56,1646.35,-0.8199784,1.24,47.74057472
1667620142.2593606,1646.56,1646.35,-0.8199784,1.24,47.74057472
1667620152.202786,1645.46,1645.46,-0.84641836,-0.1,43.55703308
1667620162.219827,1645.46,1645.46,-0.84641836,-0.1,43.55703308
1667620172.102379,1645.46,1645.46,-0.84641836,-0.1,43.55703308
1667620182.210498,1645.46,1645.5,-0.84322747,-0.06,43.79589823
1667620192.4378445,1645.46,1645.5,-0.84322747,-0.06,43.79589823
1667620202.1506956,1645.46,1645.5,-0.84322747,-0.06,43.79589823
1667620212.2201142,1645.37,1645.37,-0.81396071,-0.16,43.13000773
1667620222.2673469,1645.37,1645.37,-0.81396071,-0.16,43.13000773
1667620232.226155,1645.37,1645.37,-0.81396071,-0.16,43.13000773
1667620242.220032,1645.37,1645.9,-0.77168151,0.37,46.35897979
1667620252.3618214,1645.37,1645.9,-0.77168151,0.37,46.35897979
1667620262.3016214,1645.37,1645.9,-0.77168151,0.37,46.35897979
1667620272.8375657,1645.28,1645.28,-0.7863527,-0.09,42.69359578
1667620282.9575572,1645.28,1645.28,-0.7863527,-0.09,42.69359578
1667620292.8294938,1645.28,1645.28,-0.7863527,-0.09,42.69359578
1667620302.8253002,1645.28,1646.0,-0.7289168,0.63,47.28870124
1667620312.7616403,1645.28,1646.0,-0.7289168,0.63,47.28870124
1667620322.7558613,1645.28,1646.0,-0.7289168,0.63,47.28870124
1667620332.7572875,1645.6,1645.6,-0.70551616,0.45,44.83602995
1667620342.776973,1645.6,1645.6,-0.70551616,0.45,44.83602995
1667620352.79978,1645.6,1645.6,-0.70551616,0.45,44.83602995
1667620362.8348188,1645.6,1645.19,-0.73822271,0.04,42.62402905
1667620372.9058466,1645.6,1645.19,-0.73822271,0.04,42.62402905
1667620382.8731904,1645.6,1645.19,-0.73822271,0.04,42.62402905
1667620392.8217218,1645.19,1645.19,-0.71209198,-0.09,42.64690519
1667620403.130869,1645.19,1645.19,-0.71209198,-0.09,42.64690519
1667620412.8145046,1645.19,1645.19,-0.71209198,-0.09,42.64690519
1667620423.050686,1645.19,1644.9,-0.73522588,-0.38,41.09219354
1667620433.126032,1645.19,1644.9,-0.73522588,-0.38,41.09219354
1667620442.8851123,1645.19,1644.9,-0.73522588,-0.38,41.09219354
1667620453.4960742,1644.9,1644.9,-0.7232584,0.64,41.08826704
1667620463.5305896,1644.9,1644.9,-0.7232584,0.64,41.08826704
1667620473.417279,1644.9,1644.9,-0.7232584,0.64,41.08826704
1667620483.435434,1644.9,1644.77,-0.73362877,0.51,40.38592731
1667620493.3911133,1644.9,1644.77,-0.73362877,0.51,40.38592731
1667620503.4817984,1644.9,1644.77,-0.73362877,0.51,40.38592731
1667620513.4710884,1644.79,1644.79,-0.72243068,-0.5,40.52343102
1667620523.5431175,1644.79,1644.79,-0.72243068,-0.5,40.52343102
1667620533.652073,1644.79,1644.79,-0.72243068,-0.5,40.52343102
1667620543.4445949,1644.79,1644.79,-0.72243068,-0.5,40.52343102
1667620553.533392,1644.79,1644.56,-0.74077826,-0.73,39.21581912
1667620563.5827792,1644.79,1644.56,-0.74077826,-0.73,39.21581912
1667620573.4899762,1644.68,1644.68,-0.72159929,-1.37,39.87373465
1667620583.5462868,1644.68,1644.68,-0.72159929,-1.37,39.87373465
1667620593.52766,1644.68,1644.68,-0.72159929,-1.37,39.87373465
1667620604.0808089,1644.68,1644.82,-0.7104312,-1.23,41.11494505
1667620613.4924662,1644.68,1644.82,-0.7104312,-1.23,41.11494505
1667620623.8483212,1644.68,1644.82,-0.7104312,-1.23,41.11494505
1667620634.5587173,1645.83,1645.83,-0.54389866,-0.74,48.75285953
1667620643.9729984,1645.83,1645.83,-0.54389866,-0.74,48.75285953
1667620654.1010227,1645.83,1645.83,-0.54389866,-0.74,48.75285953
1667620663.8420908,1645.83,1646.68,-0.47609239,0.11,54.13996729
1667620673.9767416,1645.83,1646.68,-0.47609239,0.11,54.13996729
1667620683.9541974,1645.83,1646.68,-0.47609239,0.11,54.13996729
1667620693.937366,1646.49,1646.49,-0.37704232,1.04,53.04101832
1667620703.949497,1646.49,1646.49,-0.37704232,1.04,53.04101832
1667620714.212643,1646.49,1646.49,-0.37704232,1.04,53.04101832
1667620723.9523263,1646.49,1647.26,-0.31561782,1.81,57.50353288
1667620733.9623551,1646.49,1647.26,-0.31561782,1.81,57.50353288
1667620743.9333663,1646.49,1647.26,-0.31561782,1.81,57.50353288
1667620754.0213754,1647.61,1647.61,-0.12431633,2.24,59.26317936
1667620763.9014597,1647.61,1647.61,-0.12431633,2.24,59.26317936
1667620773.9621978,1647.61,1647.61,-0.12431633,2.24,59.26317936
1667620784.0055504,1647.61,1646.95,-0.1769659,1.58,54.66640011
1667620793.9609308,1647.61,1646.95,-0.1769659,1.58,54.66640011
1667620803.972306,1647.61,1646.95,-0.1769659,1.58,54.66640011
1667620814.5846052,1646.76,1646.76,-0.11566838,1.48,53.46853019
1667620824.301698,1646.76,1646.76,-0.11566838,1.48,53.46853019
1667620834.365767,1646.76,1646.76,-0.11566838,1.48,53.46853019
1667620844.3732665,1646.76,1647.03,-0.09412992,1.75,54.9701071
1667620854.511494,1646.76,1647.03,-0.09412992,1.75,54.9701071
1667620864.362533,1646.76,1647.03,-0.09412992,1.75,54.9701071
1667620874.455802,1647.07,1647.07,-0.01000282,1.48,55.18435996
1667620884.4599187,1647.07,1647.07,-0.01000282,1.48,55.18435996
1667620894.329383,1647.07,1647.07,-0.01000282,1.48,55.18435996
1667620904.4819863,1647.07,1646.95,-0.01957547,1.36,54.3489061
1667620914.4733918,1647.07,1646.95,-0.01957547,1.36,54.3489061
1667620924.3765764,1647.07,1646.95,-0.01957547,1.36,54.3489061
1667620934.4734735,1647.63,1647.63,0.13330163,2.45,58.15922385
1667620944.43893,1647.63,1647.63,0.13330163,2.45,58.15922385
1667620954.602569,1647.63,1647.63,0.13330163,2.45,58.15922385
1667620964.3951676,1647.63,1647.16,0.09580875,1.98,54.8491465
1667620974.431559,1647.63,1647.16,0.09580875,1.98,54.8491465
1667620984.43222,1647.63,1647.16,0.09580875,1.98,54.8491465
1667620994.860815,1646.91,1646.91,0.10603648,2.0,53.23409136
1667621004.8508935,1646.91,1646.91,0.10603648,2.0,53.23409136
1667621014.8457382,1646.91,1646.91,0.10603648,2.0,53.23409136
1667621024.8280938,1646.91,1646.01,0.03424161,1.1,47.79681857
1667621034.9081657,1646.91,1646.01,0.03424161,1.1,47.79681857
1667621044.7846453,1646.91,1646.01,0.03424161,1.1,47.79681857
1667621054.8664577,1645.74,1645.74,-0.03691888,0.96,46.38643848
1667621064.881626,1645.74,1645.74,-0.03691888,0.96,46.38643848
1667621075.1192029,1645.74,1645.74,-0.03691888,0.96,46.38643848
1667621084.7926202,1645.74,1645.86,-0.02734623,1.08,47.13793503
1667621094.831067,1645.74,1645.86,-0.02734623,1.08,47.13793503
1667621104.7915552,1645.74,1645.86,-0.02734623,1.08,47.13793503
1667621114.901661,1645.56,1645.56,-0.09958016,0.88,45.40321906
1667621124.825273,1645.56,1645.56,-0.09958016,0.88,45.40321906
1667621134.875924,1645.56,1645.56,-0.09958016,0.88,45.40321906
1667621144.8632529,1645.56,1645.78,-0.0820303,1.1,46.85902933
1667621154.9985664,1645.56,1645.78,-0.0820303,1.1,46.85902933
1667621164.8707128,1645.56,1645.78,-0.0820303,1.1,46.85902933
1667621176.1763842,1645.56,1645.56,-0.13691402,-0.26,45.40321906
1667621186.223988,1645.56,1645.56,-0.13691402,-0.26,45.40321906
1667621196.0825362,1645.56,1645.56,-0.13691402,-0.26,45.40321906
1667621206.248264,1645.56,1645.57,-0.1361163,-0.25,45.4767312
1667621216.3593087,1645.56,1645.57,-0.1361163,-0.25,45.4767312
1667621226.1975346,1645.56,1645.57,-0.1361163,-0.25,45.4767312
1667621236.1839852,1645.88,1645.88,-0.11936793,-0.6,47.6613528
1667621246.2250483,1645.88,1645.88,-0.11936793,-0.6,47.6613528
1667621256.19671,1645.88,1645.88,-0.11936793,-0.6,47.6613528
1667621266.207357,1645.88,1646.62,-0.06033659,0.14,52.54894456
1667621276.298626,1645.88,1646.62,-0.06033659,0.14,52.54894456
1667621286.213489,1645.88,1646.62,-0.06033659,0.14,52.54894456
1667621296.4482136,1646.29,1646.29,-0.06630189,-1.32,50.48701532
1667621306.2874925,1646.29,1646.29,-0.06630189,-1.32,50.48701532
1667621316.379384,1646.29,1646.29,-0.06630189,-1.32,50.48701532
1667621326.2419305,1646.29,1646.3,-0.06550417,-1.31,50.55712893
1667621336.273491,1646.29,1646.3,-0.06550417,-1.31,50.55712893
1667621346.3541625,1646.29,1646.3,-0.06550417,-1.31,50.55712893
1667621356.8537807,1647.82,1647.82,0.16668946,1.07,59.31437875
1667621366.6480958,1647.82,1647.82,0.16668946,1.07,59.31437875
1667621376.5858705,1647.82,1647.82,0.16668946,1.07,59.31437875
1667621386.6218345,1647.82,1648.03,0.1834416,1.28,60.35902389
1667621396.576875,1647.82,1648.03,0.1834416,1.28,60.35902389
1667621406.688013,1647.82,1648.03,0.1834416,1.28,60.35902389
1667621416.6623063,1647.92,1647.92,0.26646088,0.85,59.78864768
1667621426.6196897,1647.92,1647.92,0.26646088,0.85,59.78864768
1667621436.6132398,1647.92,1647.92,0.26646088,0.85,59.78864768
1667621446.6352353,1647.92,1648.24,0.29198794,1.17,61.46091868
1667621456.58762,1647.92,1648.24,0.29198794,1.17,61.46091868
1667621466.6459036,1647.92,1648.24,0.29198794,1.17,61.46091868
1667621476.713116,1648.56,1648.56,0.42518982,0.92,62.97750087
1667621486.712186,1648.56,1648.56,0.42518982,0.92,62.97750087
1667621496.650004,1648.56,1648.56,0.42518982,0.92,62.97750087
1667621506.6089213,1648.56,1649.65,0.51214139,2.01,67.64765828
1667621516.699613,1648.56,1649.65,0.51214139,2.01,67.64765828
1667621526.6825423,1648.56,1649.65,0.51214139,2.01,67.64765828
1667621537.0724068,1649.82,1649.82,0.6828217,2.92,68.27187108
1667621547.1029248,1649.82,1649.82,0.6828217,2.92,68.27187108
1667621557.0526073,1649.82,1649.82,0.6828217,2.92,68.27187108
1667621567.0791268,1649.82,1650.04,0.70037156,3.14,69.10268941
1667621577.1073346,1649.82,1650.04,0.70037156,3.14,69.10268941
1667621587.6189833,1649.82,1650.04,0.70037156,3.14,69.10268941
1667621597.1463175,1650.44,1650.44,0.88639988,4.71,70.45422419
1667621607.1222005,1650.44,1650.44,0.88639988,4.71,70.45422419
1667621617.110989,1650.44,1650.44,0.88639988,4.71,70.45422419
1667621627.1772747,1650.44,1649.69,0.82657082,3.96,64.54507802
1667621637.3252912,1650.44,1649.69,0.82657082,3.96,64.54507802
1667621647.1534455,1650.44,1649.69,0.82657082,3.96,64.54507802
1667621657.2096455,1649.69,1649.69,0.89040048,4.12,64.54507802
1667621667.1723115,1649.69,1649.69,0.89040048,4.12,64.54507802
1667621677.108863,1649.69,1649.69,0.89040048,4.12,64.54507802
1667621687.128554,1649.69,1650.02,0.91672527,4.45,65.90028553
1667621697.1516385,1649.69,1650.02,0.91672527,4.45,65.90028553
1667621707.3528075,1649.69,1650.02,0.91672527,4.45,65.90028553
1667621717.7592402,1650.29,1650.29,1.01507996,4.73,66.93436971
1667621727.7489536,1650.29,1650.29,1.01507996,4.73,66.93436971
1667621737.7224536,1650.29,1650.29,1.01507996,4.73,66.93436971
1667621747.9287045,1650.29,1650.19,1.00710275,4.63,66.13443649
1667621757.789147,1650.29,1650.19,1.00710275,4.63,66.13443649
1667621767.732262,1650.29,1650.19,1.00710275,4.63,66.13443649
1667621777.7417152,1650.0,1650.0,1.02270062,4.12,64.66606949
1667621787.9894552,1650.0,1650.0,1.02270062,4.12,64.66606949
1667621798.0043705,1650.0,1650.0,1.02270062,4.12,64.66606949
1667621807.834166,1650.0,1649.86,1.01153253,3.98,63.54648314
1667621817.8268352,1650.0,1649.86,1.01153253,3.98,63.54648314
1667621827.8217423,1650.0,1649.86,1.01153253,3.98,63.54648314
1667621837.8170755,1649.86,1649.86,1.01535063,3.57,63.54648314
1667621847.7906747,1649.86,1649.86,1.01535063,3.57,63.54648314
1667621857.8137724,1649.86,1649.86,1.01535063,3.57,63.54648314
1667621867.9325955,1649.86,1649.32,0.97227371,3.03,59.28302598
1667621877.8372898,1649.86,1649.32,0.97227371,3.03,59.28302598
1667621887.9395125,1649.86,1649.32,0.97227371,3.03,59.28302598
1667621898.2597754,1649.49,1649.49,0.95446695,1.67,60.56219265
1667621908.1950722,1649.49,1649.49,0.95446695,1.67,60.56219265
1667621918.242481,1649.49,1649.49,0.95446695,1.67,60.56219265
1667621928.1578858,1649.49,1649.61,0.9640396,1.79,61.19863747
1667621938.2469273,1649.49,1649.61,0.9640396,1.79,61.19863747
1667621948.187912,1649.49,1649.61,0.9640396,1.79,61.19863747
1667621958.3859518,1649.47,1649.47,0.91618651,1.54,60.39708071
1667621968.1977134,1649.47,1649.47,0.91618651,1.54,60.39708071
1667621978.2658064,1649.47,1649.47,0.91618651,1.54,60.39708071
1667621988.1657803,1649.47,1649.76,0.93932041,1.83,62.0142314
1667621998.223822,1649.47,1649.76,0.93932041,1.83,62.0142314
1667622008.1984978,1649.47,1649.76,0.93932041,1.83,62.0142314
1667622018.2627833,1649.47,1649.47,0.87638792,0.91,60.37110583
1667622028.263234,1649.47,1649.47,0.87638792,0.91,60.37110583
1667622038.2469132,1649.47,1649.47,0.87638792,0.91,60.37110583
1667622048.361356,1649.47,1649.99,0.9178694,1.43,63.37302197
1667622058.292737,1649.47,1649.99,0.9178694,1.43,63.37302197
1667622068.2985525,1649.47,1649.99,0.9178694,1.43,63.37302197
1667622078.600425,1650.47,1650.47,0.97720685,0.65,65.76673879
1667622088.645062,1650.47,1650.47,0.97720685,0.65,65.76673879
1667622098.6433053,1650.47,1650.47,0.97720685,0.65,65.76673879
1667622108.6502907,1650.47,1649.4,0.89185072,-0.42,56.84781092
1667622118.7554722,1650.47,1649.4,0.89185072,-0.42,56.84781092
1667622128.7940204,1650.47,1649.4,0.89185072,-0.42,56.84781092
1667622138.6357183,1648.71,1648.71,0.73437821,-1.74,52.27145164
1667622148.583667,1648.71,1648.71,0.73437821,-1.74,52.27145164
1667622158.6706347,1648.71,1648.71,0.73437821,-1.74,52.27145164
1667622168.94336,1648.71,1648.31,0.70246937,-2.14,49.77277579
1667622178.6905148,1648.71,1648.31,0.70246937,-2.14,49.77277579
1667622188.6884842,1648.71,1648.31,0.70246937,-2.14,49.77277579
1667622198.6965716,1647.34,1647.34,0.45146637,-2.35,44.60247234
1667622208.6365848,1647.34,1647.34,0.45146637,-2.35,44.60247234
1667622218.623987,1647.34,1647.34,0.45146637,-2.35,44.60247234
1667622228.7578971,1647.34,1648.27,0.5256544,-1.42,49.96861924
1667622238.8151257,1647.34,1648.27,0.5256544,-1.42,49.96861924
1667622248.8808482,1647.34,1648.27,0.5256544,-1.42,49.96861924
1667622259.587049,1648.25,1648.25,0.43893105,-2.04,49.86417912
1667622269.4906788,1648.25,1648.25,0.43893105,-2.04,49.86417912
1667622279.5773785,1648.25,1648.25,0.43893105,-2.04,49.86417912
1667622289.7528508,1648.25,1648.13,0.4293584,-2.16,49.20054198
1667622299.5239298,1648.25,1648.13,0.4293584,-2.16,49.20054198
1667622309.8512986,1648.25,1648.13,0.4293584,-2.16,49.20054198
1667622319.5984664,1648.14,1648.14,0.35168345,-1.86,49.25516964
1667622329.688733,1648.14,1648.14,0.35168345,-1.86,49.25516964
1667622339.5102024,1648.14,1648.14,0.35168345,-1.86,49.25516964
1667622349.582656,1648.14,1648.02,0.3421108,-1.98,48.55842566
1667622359.822713,1648.14,1648.02,0.3421108,-1.98,48.55842566
1667622369.6400895,1648.14,1648.02,0.3421108,-1.98,48.55842566
1667622379.7644224,1647.53,1647.53,0.19996311,-2.33,45.90679396
1667622389.601272,1647.53,1647.53,0.19996311,-2.33,45.90679396
1667622399.547723,1647.53,1647.53,0.19996311,-2.33,45.90679396
1667622409.5435014,1647.53,1648.41,0.27016254,-1.45,51.07404102
1667622419.5435772,1647.53,1648.41,0.27016254,-1.45,51.07404102
1667622429.5996218,1647.53,1648.41,0.27016254,-1.45,51.07404102
1667622440.1646538,1648.29,1648.29,0.22375939,-1.2,50.43250784
1667622450.1727252,1648.29,1648.29,0.22375939,-1.2,50.43250784
1667622460.2243762,1648.29,1648.29,0.22375939,-1.2,50.43250784
1667622470.236143,1648.29,1648.66,0.25327506,-0.83,52.51339697
1667622480.2761075,1648.29,1648.66,0.25327506,-0.83,52.51339697
1667622490.2746398,1648.29,1648.66,0.25327506,-0.83,52.51339697
1667622500.3233683,1648.5,1648.5,0.22204884,-0.97,51.6396889
1667622510.5656216,1648.5,1648.5,0.22204884,-0.97,51.6396889
1667622520.206771,1648.5,1648.5,0.22204884,-0.97,51.6396889
1667622530.3016975,1648.5,1648.54,0.22523972,-0.93,51.87921104
1667622540.2758164,1648.5,1648.54,0.22523972,-0.93,51.87921104
1667622550.1538837,1648.5,1648.54,0.22523972,-0.93,51.87921104
1667622560.1522307,1648.56,1648.56,0.21416004,-0.9,51.99808457
1667622570.194888,1648.56,1648.56,0.21416004,-0.9,51.99808457
1667622580.884714,1648.56,1648.56,0.21416004,-0.9,51.99808457
1667622590.1446254,1648.56,1648.54,0.2125646,-0.92,51.86011903
1667622600.2831895,1648.56,1648.54,0.2125646,-0.92,51.86011903
1667622610.2591507,1648.56,1648.54,0.2125646,-0.92,51.86011903
1667622621.088213,1648.96,1648.96,0.25894972,-1.51,54.40666937
1667622630.9541254,1648.96,1648.96,0.25894972,-1.51,54.40666937
1667622640.959375,1648.96,1649.38,0.29245399,-1.09,56.88201863
1667622651.0112195,1648.96,1649.38,0.29245399,-1.09,56.88201863
1667622660.9690418,1648.96,1649.38,0.29245399,-1.09,56.88201863
1667622670.9845994,1649.17,1649.17,0.29453578,0.45,55.68905218
1667622681.1045916,1649.17,1649.17,0.29453578,0.45,55.68905218
1667622691.064549,1649.17,1649.17,0.29453578,0.45,55.68905218
1667622700.9649234,1649.17,1648.58,0.24747025,-0.14,51.37634852
1667622710.9524424,1649.17,1648.58,0.24747025,-0.14,51.37634852
1667622721.687253,1649.17,1648.58,0.24747025,-0.14,51.37634852
1667622730.973787,1648.42,1648.42,0.2011542,1.08,50.31097955
1667622740.9044075,1648.42,1648.42,0.2011542,1.08,50.31097955
1667622751.0002365,1648.42,1648.42,0.2011542,1.08,50.31097955
1667622760.9950788,1648.42,1648.41,0.20035648,1.07,50.24119191
1667622770.9806693,1648.42,1648.41,0.20035648,1.07,50.24119191
1667622780.9698982,1648.42,1648.41,0.20035648,1.07,50.24119191
1667622791.0035875,1648.37,1648.37,0.16549704,0.12,49.95866549
1667622801.8688226,1648.37,1648.37,0.16549704,0.12,49.95866549
1667622811.9228082,1648.37,1648.37,0.16549704,0.12,49.95866549
1667622821.730426,1648.37,1648.37,0.16549704,0.12,49.95866549
1667622831.685794,1648.37,1648.37,0.16549704,0.12,49.95866549
1667622841.6082537,1648.37,1648.37,0.16549704,0.12,49.95866549
1667622851.7114737,1647.89,1647.89,0.07093641,-0.25,46.628689
1667622861.8773131,1647.89,1647.89,0.07093641,-0.25,46.628689
1667622871.5874624,1647.89,1647.89,0.07093641,-0.25,46.628689
1667622881.665248,1647.89,1647.32,0.02546632,-0.82,42.97160615
1667622891.6524646,1647.89,1647.32,0.02546632,-0.82,42.97160615
1667622901.637019,1647.89,1647.32,0.02546632,-0.82,42.97160615
1667622911.6812522,1647.31,1647.31,-0.05657343,-0.22,42.91256006
1667622922.088518,1647.31,1647.31,-0.05657343,-0.22,42.91256006
1667622931.586771,1647.31,1647.31,-0.05657343,-0.22,42.91256006
1667622941.6834114,1647.31,1647.31,-0.05657343,-0.22,42.91256006
1667622951.6914802,1647.31,1647.31,-0.05657343,-0.22,42.91256006
1667622961.7694664,1647.31,1647.31,-0.05657343,-0.22,42.91256006
1667622971.690241,1646.95,1646.95,-0.16985448,-1.33,40.73775259
1667622982.557441,1646.95,1646.95,-0.16985448,-1.33,40.73775259
1667622992.5638175,1646.95,1646.95,-0.16985448,-1.33,40.73775259
1667623002.501619,1646.95,1647.92,-0.09247556,-0.36,48.31689712
1667623012.5267165,1646.95,1647.92,-0.09247556,-0.36,48.31689712
1667623022.473152,1646.95,1647.92,-0.09247556,-0.36,48.31689712
1667623032.5811596,1647.92,1647.92,-0.09767534,-0.57,48.31689712
1667623042.5164216,1647.92,1647.92,-0.09767534,-0.57,48.31689712
1667623052.4973838,1647.92,1647.92,-0.09767534,-0.57,48.31689712
1667623062.604042,1647.92,1647.93,-0.09687762,-0.56,48.39041402
1667623072.6015394,1647.92,1647.93,-0.09687762,-0.56,48.39041402
1667623082.5058506,1647.92,1647.93,-0.09687762,-0.56,48.39041402
1667623092.45689,1646.88,1646.88,-0.24765312,-1.68,42.08253482
1667623102.5392814,1646.88,1646.88,-0.24765312,-1.68,42.08253482
1667623112.5537553,1646.88,1646.88,-0.24765312,-1.68,42.08253482
1667623122.5065749,1646.88,1646.47,-0.28035967,-2.09,39.8969489
1667623133.137744,1646.88,1646.47,-0.28035967,-2.09,39.8969489
1667623142.5776098,1646.88,1646.47,-0.28035967,-2.09,39.8969489
1667623152.5758078,1646.42,1646.42,-0.36174618,-2.55,39.64200867
1667623163.1421366,1646.42,1646.42,-0.36174618,-2.55,39.64200867
1667623173.1820984,1646.42,1646.42,-0.36174618,-2.55,39.64200867
1667623183.264531,1646.42,1646.25,-0.37530744,-2.72,38.74912755
1667623194.2743783,1646.42,1646.25,-0.37530744,-2.72,38.74912755
1667623203.091349,1646.42,1646.25,-0.37530744,-2.72,38.74912755
1667623213.060805,1646.26,1646.26,-0.44212201,-2.9,38.83639792
1667623223.103251,1646.26,1646.26,-0.44212201,-2.9,38.83639792
1667623233.0993602,1646.26,1646.26,-0.44212201,-2.9,38.83639792
1667623243.166703,1646.26,1646.92,-0.38947243,-2.24,44.09365881
1667623253.1740232,1646.26,1646.92,-0.38947243,-2.24,44.09365881
1667623263.1278796,1646.26,1646.92,-0.38947243,-2.24,44.09365881
1667623273.3307931,1647.1,1647.1,-0.37130259,-1.33,45.37954451
1667623283.1228054,1647.1,1647.1,-0.37130259,-1.33,45.37954451
1667623293.257636,1647.1,1647.1,-0.37130259,-1.33,45.37954451
1667623303.6712136,1647.1,1647.87,-0.30987809,-0.56,50.59251149
1667623313.1607869,1647.1,1647.87,-0.30987809,-0.56,50.59251149
1667623323.4934134,1647.1,1647.87,-0.30987809,-0.56,50.59251149
1667623333.17641,1647.96,1647.96,-0.24127285,-0.42,51.12999512
1667623343.9077916,1647.96,1647.96,-0.24127285,-0.42,51.12999512
1667623353.9845014,1647.96,1647.96,-0.24127285,-0.42,51.12999512
1667623363.9647405,1647.96,1647.32,-0.29232699,-1.06,47.15607521
1667623373.9112678,1647.96,1647.32,-0.29232699,-1.06,47.15607521
1667623383.937217,1647.96,1647.32,-0.29232699,-1.06,47.15607521
1667623393.8777597,1647.32,1647.32,-0.28149471,-0.58,47.15607521
1667623403.8801968,1647.32,1647.32,-0.28149471,-0.58,47.15607521
1667623413.9883654,1647.32,1647.32,-0.28149471,-0.58,47.15607521
1667623423.900623,1647.32,1647.44,-0.27192206,-0.46,47.97258531
1667623433.8777423,1647.32,1647.44,-0.27192206,-0.46,47.97258531
1667623444.1493342,1647.32,1647.44,-0.27192206,-0.46,47.97258531
1667623453.9142878,1647.89,1647.89,-0.18922335,0.58,50.82208041
1667623464.0048313,1647.89,1647.89,-0.18922335,0.58,50.82208041
1667623474.137282,1647.89,1647.89,-0.18922335,0.58,50.82208041
1667623484.0015106,1647.89,1647.96,-0.1836393,0.65,51.26918543
1667623494.2037983,1647.89,1647.96,-0.1836393,0.65,51.26918543
1667623503.9127605,1647.89,1647.96,-0.1836393,0.65,51.26918543
1667623514.1678526,1647.97,1647.97,-0.13909029,1.01,51.33239478
1667623524.589859,1647.97,1647.97,-0.13909029,1.01,51.33239478
1667623534.667465,1647.97,1647.97,-0.13909029,1.01,51.33239478
1667623544.7608678,1647.97,1647.98,-0.13829257,1.02,51.40028326
1667623554.6819203,1647.97,1647.98,-0.13829257,1.02,51.40028326
1667623564.7220032,1647.97,1647.98,-0.13829257,1.02,51.40028326
1667623574.8894072,1647.96,1647.96,-0.10402486,0.04,51.25528922
1667623584.6891162,1647.96,1647.96,-0.10402486,0.04,51.25528922
1667623594.727439,1647.96,1647.96,-0.10402486,0.04,51.25528922
1667623604.8989012,1647.96,1648.23,-0.0824864,0.31,53.16427724
1667623614.7224245,1647.96,1648.23,-0.0824864,0.31,53.16427724
1667623624.7093964,1647.96,1648.23,-0.0824864,0.31,53.16427724
1667623634.6674948,1648.23,1648.23,-0.03781451,1.35,53.16949242
1667623644.7215962,1648.23,1648.23,-0.03781451,1.35,53.16949242
1667623654.7656565,1648.23,1648.23,-0.03781451,1.35,53.16949242
1667623664.6402438,1648.23,1648.11,-0.04738716,1.23,52.19985367
1667623674.7329135,1648.23,1648.11,-0.04738716,1.23,52.19985367
1667623684.7020538,1648.23,1648.11,-0.04738716,1.23,52.19985367
1667623694.7220352,1648.02,1648.02,-0.03144536,1.59,51.48854887
1667623705.1971405,1648.02,1648.02,-0.03144536,1.59,51.48854887
1667623715.2555244,1648.02,1648.02,-0.03144536,1.59,51.48854887
1667623725.2446096,1648.02,1648.01,-0.03224308,1.58,51.40473195
1667623735.2088544,1648.02,1648.01,-0.03224308,1.58,51.40473195
1667623745.497409,1648.02,1648.01,-0.03224308,1.58,51.40473195
1667623755.3211434,1648.01,1648.01,-0.01376976,1.76,51.39829579
1667623765.30814,1648.01,1648.01,-0.01376976,1.76,51.39829579
1667623775.1950984,1648.01,1648.01,-0.01376976,1.76,51.39829579
1667623785.3751483,1648.01,1647.99,-0.0153652,1.74,51.21873553
1667623795.385512,1648.01,1647.99,-0.0153652,1.74,51.21873553
1667623805.3507628,1648.01,1647.99,-0.0153652,1.74,51.21873553
1667623815.350703,1648.19,1648.19,0.02506491,1.1,52.90087745
1667623825.3386402,1648.19,1648.19,0.02506491,1.1,52.90087745
1667623835.4005623,1648.19,1648.19,0.02506491,1.1,52.90087745
1667623845.281675,1648.19,1648.82,0.07532132,1.73,57.78386446
1667623855.356705,1648.19,1648.82,0.07532132,1.73,57.78386446
1667623865.3485568,1648.19,1648.82,0.07532132,1.73,57.78386446
1667623875.5562158,1648.42,1648.42,0.07770965,0.45,54.78488721
1667623885.9120674,1648.42,1648.42,0.07770965,0.45,54.78488721
1667623895.8463824,1648.42,1648.42,0.07770965,0.45,54.78488721
1667623905.8783257,1648.42,1648.27,0.06574384,0.3,53.27441533
1667623915.8743622,1648.42,1648.27,0.06574384,0.3,53.27441533
1667623925.9011028,1648.42,1648.27,0.06574384,0.3,53.27441533
1667623935.8515666,1647.96,1647.96,0.03804333,0.64,50.40248277
1667623946.008313,1647.96,1647.96,0.03804333,0.64,50.40248277
1667623956.0533123,1647.96,1647.96,0.03804333,0.64,50.40248277
1667623965.9761636,1647.96,1648.4,0.07314305,1.08,54.17823128
1667623975.8639066,1647.96,1648.4,0.07314305,1.08,54.17823128
1667623985.8811378,1647.96,1648.4,0.07314305,1.08,54.17823128
1667623995.810063,1646.77,1646.77,-0.13293941,-1.12,41.21700194
1667624005.9529605,1646.77,1646.77,-0.13293941,-1.12,41.21700194
1667624015.874189,1646.77,1646.77,-0.13293941,-1.12,41.21700194
1667624025.8389535,1646.77,1646.57,-0.14889382,-1.32,39.90086818
1667624035.8650506,1646.77,1646.57,-0.14889382,-1.32,39.90086818
1667624045.8699155,1646.77,1646.57,-0.14889382,-1.32,39.90086818
1667624055.837738,1646.57,1646.57,-0.21928336,-1.4,39.90086818
1667624066.792877,1646.57,1646.57,-0.21928336,-1.4,39.90086818
1667624076.786665,1646.57,1646.57,-0.21928336,-1.4,39.90086818
1667624086.864254,1646.57,1646.48,-0.22646285,-1.49,39.29282547
1667624096.7845745,1646.57,1646.48,-0.22646285,-1.49,39.29282547
1667624106.79295,1646.57,1646.48,-0.22646285,-1.49,39.29282547
1667624116.869901,1646.17,1646.17,-0.32909381,-1.8,37.38157886
1667624126.794885,1646.17,1646.17,-0.32909381,-1.8,37.38157886
1667624136.8462431,1646.17,1646.17,-0.32909381,-1.8,37.38157886
1667624146.8299892,1646.17,1646.03,-0.3402619,-1.94,36.45355388
1667624156.7430696,1646.17,1646.03,-0.3402619,-1.94,36.45355388
1667624166.934841,1646.17,1646.03,-0.3402619,-1.94,36.45355388
1667624177.456947,1645.3,1645.3,-0.50935376,-2.92,32.50711138
1667624187.1671429,1645.3,1645.3,-0.50935376,-2.92,32.50711138
1667624196.859524,1645.3,1645.3,-0.50935376,-2.92,32.50711138
1667624206.8573446,1645.3,1645.24,-0.51414008,-2.98,32.13765677
1667624217.024968,1645.3,1645.24,-0.51414008,-2.98,32.13765677
1667624226.8346496,1645.3,1645.24,-0.51414008,-2.98,32.13765677
1667624236.850417,1645.24,1645.24,-0.59887656,-2.78,32.20320073
1667624247.9982736,1645.24,1645.24,-0.59887656,-2.78,32.20320073
1667624257.934967,1645.24,1645.24,-0.59887656,-2.78,32.20320073
1667624267.9152389,1645.24,1644.97,-0.62041502,-3.05,30.7073793
1667624277.872727,1645.24,1644.97,-0.62041502,-3.05,30.7073793
1667624288.128946,1645.24,1644.97,-0.62041502,-3.05,30.7073793
1667624298.1742516,1644.53,1644.53,-0.758799,-3.49,28.69983735
1667624307.971584,1644.53,1644.53,-0.758799,-3.49,28.69983735
1667624317.940225,1644.53,1644.53,-0.758799,-3.49,28.69983735
1667624327.976177,1644.53,1644.44,-0.76597849,-3.58,28.20788196
1667624337.9725726,1644.53,1644.44,-0.76597849,-3.58,28.20788196
1667624347.955636,1644.53,1644.44,-0.76597849,-3.58,28.20788196
1667624357.9826686,1644.44,1644.44,-0.84378598,-3.74,28.28789739
1667624368.37837,1644.44,1644.44,-0.84378598,-3.74,28.28789739
1667624377.9360814,1644.44,1644.44,-0.84378598,-3.74,28.28789739
1667624387.9823997,1644.44,1644.43,-0.8445837,-3.75,28.16183868
1667624397.9410946,1644.44,1644.43,-0.8445837,-3.75,28.16183868
1667624407.929628,1644.44,1644.43,-0.8445837,-3.75,28.16183868
1667624417.9564688,1643.67,1643.67,-1.00335459,-4.76,24.84291989
1667624428.6606386,1643.67,1643.67,-1.00335459,-4.76,24.84291989
1667624438.6546493,1643.67,1643.67,-1.00335459,-4.76,24.84291989
1667624448.6861567,1643.67,1644.57,-0.93155972,-3.86,34.66286986
1667624458.6873112,1643.67,1644.57,-0.93155972,-3.86,34.66286986
1667624468.7814689,1643.67,1644.57,-0.93155972,-3.86,34.66286986
1667624478.7424726,1645.07,1645.07,-0.8702905,-2.89,39.11002402
1667624488.7603917,1645.07,1645.07,-0.8702905,-2.89,39.11002402
1667624498.8437788,1645.07,1645.07,-0.8702905,-2.89,39.11002402
1667624508.7542834,1645.07,1645.77,-0.81445004,-2.19,44.71938407
1667624518.779319,1645.07,1645.77,-0.81445004,-2.19,44.71938407
1667624528.96694,1645.07,1645.77,-0.81445004,-2.19,44.71938407
1667624538.6541362,1645.99,1645.99,-0.71419096,-0.78,46.28264569
1667624548.834297,1645.99,1645.99,-0.71419096,-0.78,46.28264569
1667624558.705567,1645.99,1645.99,-0.71419096,-0.78,46.28264569
1667624568.8703096,1645.99,1645.88,-0.72296588,-0.89,45.58847142
1667624578.631663,1645.99,1645.88,-0.72296588,-0.89,45.58847142
1667624588.7209344,1645.99,1645.88,-0.72296588,-0.89,45.58847142
1667624598.6414585,1646.24,1646.24,-0.60529482,-0.33,48.0796376
1667624609.5160887,1646.24,1646.24,-0.60529482,-0.33,48.0796376
1667624619.504949,1646.24,1646.24,-0.60529482,-0.33,48.0796376
1667624629.514474,1646.24,1645.83,-0.63800138,-0.74,45.40472319
1667624639.5328436,1646.24,1645.83,-0.63800138,-0.74,45.40472319
1667624649.5582812,1646.24,1645.83,-0.63800138,-0.74,45.40472319
1667624659.6053896,1645.66,1645.66,-0.61131951,-0.5,44.38093476
1667624669.6213486,1645.66,1645.66,-0.61131951,-0.5,44.38093476
1667624679.665507,1645.66,1645.66,-0.61131951,-0.5,44.38093476
1667624689.5691888,1645.66,1645.65,-0.61211723,-0.51,44.31763217
1667624699.6511042,1645.66,1645.65,-0.61211723,-0.51,44.31763217
1667624709.8169775,1645.66,1645.65,-0.61211723,-0.51,44.31763217
1667624720.4387429,1645.65,1645.65,-0.57423701,0.36,44.31763217
1667624729.611205,1645.65,1645.65,-0.57423701,0.36,44.31763217
1667624739.6447496,1645.65,1645.65,-0.57423701,0.36,44.31763217
1667624749.6791096,1645.65,1645.42,-0.59258459,0.13,42.80534062
1667624759.6028178,1645.65,1645.42,-0.59258459,0.13,42.80534062
1667624769.6092894,1645.65,1645.42,-0.59258459,0.13,42.80534062
1667624779.627101,1645.14,1645.14,-0.61010964,-0.09,41.09803893
1667624790.584132,1645.14,1645.14,-0.61010964,-0.09,41.09803893
1667624800.2399774,1645.14,1645.14,-0.61010964,-0.09,41.09803893
1667624810.2654955,1645.14,1644.62,-0.65159112,-0.61,38.06182792
1667624820.2762551,1645.14,1644.62,-0.65159112,-0.61,38.06182792
1667624830.3142092,1645.14,1644.62,-0.65159112,-0.61,38.06182792
1667624840.2636318,1644.97,1644.97,-0.62341904,0.45,40.05349126
1667624850.4672906,1644.97,1644.97,-0.62341904,0.45,40.05349126
1667624860.2573197,1644.97,1644.97,-0.62341904,0.45,40.05349126
1667624870.2817388,1644.97,1644.67,-0.64735067,0.15,38.20797368
1667624881.270445,1644.97,1644.67,-0.64735067,0.15,38.20797368
1667624890.283883,1644.97,1644.67,-0.64735067,0.15,38.20797368
1667624900.2673452,1644.54,1644.54,-0.6769031,0.11,37.46003146
1667624910.3571804,1644.54,1644.54,-0.6769031,0.11,37.46003146
1667624920.409456,1644.54,1645.55,-0.5963333,1.12,46.2616244
1667624930.4140368,1644.54,1645.55,-0.5963333,1.12,46.2616244
1667624940.363197,1644.54,1645.55,-0.5963333,1.12,46.2616244
1667624950.479811,1645.25,1645.25,-0.58385042,1.58,43.91721714
1667624960.3435287,1645.25,1645.25,-0.58385042,1.58,43.91721714
1667624970.6542482,1645.25,1645.25,-0.58385042,1.58,43.91721714
1667624980.7365277,1645.25,1646.4,-0.49211253,2.73,52.47617987
1667624990.6912258,1645.25,1646.4,-0.49211253,2.73,52.47617987
1667625000.689524,1645.25,1646.4,-0.49211253,2.73,52.47617987
1667625010.7738686,1646.24,1646.24,-0.40810221,1.16,51.43595191
1667625020.6994753,1646.24,1646.24,-0.40810221,1.16,51.43595191
1667625030.7398195,1646.24,1646.24,-0.40810221,1.16,51.43595191
1667625041.3182526,1646.24,1646.24,-0.40810221,1.16,51.43595191
1667625050.7947204,1646.24,1646.25,-0.40730449,1.17,51.51095472
1667625060.7378376,1646.24,1646.25,-0.40730449,1.17,51.51095472
1667625070.744365,1646.95,1646.95,-0.22788912,0.96,56.00194608
1667625080.7387474,1646.95,1646.95,-0.22788912,0.96,56.00194608
1667625090.786028,1646.95,1646.95,-0.22788912,0.96,56.00194608
1667625100.8967342,1646.95,1646.95,-0.22788912,0.96,56.00194608
1667625110.825632,1646.95,1646.6,-0.25580935,0.61,53.34170983
1667625120.7590058,1646.95,1646.6,-0.25580935,0.61,53.34170983
1667625130.9867892,1645.89,1645.89,-0.27893429,-0.36,48.66156032
1667625141.030877,1645.89,1645.89,-0.27893429,-0.36,48.66156032
1667625151.4430523,1645.89,1645.89,-0.27893429,-0.36,48.66156032
1667625161.3326845,1645.89,1645.89,-0.27893429,-0.36,48.66156032
1667625171.3410978,1645.89,1645.89,-0.27893429,-0.36,48.66156032
1667625181.344875,1645.89,1645.89,-0.27893429,-0.36,48.66156032
1667625191.3271716,1645.89,1645.89,-0.27893429,-0.36,48.66156032
1667625201.821432,1646.69,1646.69,-0.13578376,1.03,53.59776672
1667625211.317588,1646.69,1646.69,-0.13578376,1.03,53.59776672
1667625221.321674,1646.69,1646.65,-0.13897464,0.99,53.321703
1667625231.3292,1646.69,1646.65,-0.13897464,0.99,53.321703
1667625241.590745,1646.69,1646.65,-0.13897464,0.99,53.321703
1667625251.3840697,1646.69,1646.65,-0.13897464,0.99,53.321703
1667625261.36553,1646.55,1646.55,-0.09248764,0.9,52.64174161
1667625271.4066265,1646.55,1646.55,-0.09248764,0.9,52.64174161
1667625281.367744,1646.55,1645.98,-0.13795772,0.33,48.8374319
1667625291.4124656,1646.55,1645.98,-0.13795772,0.33,48.8374319
1667625301.6027224,1646.55,1645.98,-0.13795772,0.33,48.8374319
1667625311.349463,1645.89,1645.89,-0.1414365,0.75,48.28548756
1667625321.4002707,1645.89,1645.89,-0.1414365,0.75,48.28548756
1667625332.0675647,1645.89,1645.89,-0.1414365,0.75,48.28548756
1667625342.0731888,1645.89,1645.82,-0.14702055,0.68,47.83268649
1667625352.18667,1645.89,1645.82,-0.14702055,0.68,47.83268649
1667625362.1875088,1645.89,1645.82,-0.14702055,0.68,47.83268649
1667625372.050236,1645.89,1645.82,-0.14702055,0.68,47.83268649
1667625381.9955292,1645.62,1645.62,-0.17447724,0.65,46.57986788
1667625392.0640235,1645.62,1645.62,-0.17447724,0.65,46.57986788
1667625402.16071,1645.62,1645.61,-0.17527497,0.64,46.5145188
1667625412.0005867,1645.62,1645.61,-0.17527497,0.64,46.5145188
1667625421.9846127,1645.62,1645.61,-0.17527497,0.64,46.5145188
1667625431.9931912,1646.56,1646.56,-0.04862901,2.02,52.80662582
1667625442.0431192,1646.56,1646.56,-0.04862901,2.02,52.80662582
1667625452.229911,1646.56,1646.56,-0.04862901,2.02,52.80662582
1667625462.027549,1646.56,1646.97,-0.01592246,2.43,55.27142945
1667625472.0285776,1646.56,1646.97,-0.01592246,2.43,55.27142945
1667625481.9747214,1646.56,1646.97,-0.01592246,2.43,55.27142945
1667625491.9922228,1646.56,1646.97,-0.01592246,2.43,55.27142945
1667625501.9473965,1646.93,1646.93,0.04345382,1.68,55.04301872
1667625512.530772,1646.93,1646.93,0.04345382,1.68,55.04301872
1667625522.6176908,1646.93,1646.85,0.03707205,1.6,54.4441967
1667625532.6295795,1646.93,1646.85,0.03707205,1.6,54.4441967
1667625542.8237722,1646.93,1646.85,0.03707205,1.6,54.4441967
1667625552.910676,1646.91,1646.91,0.08853531,0.66,54.88344879
1667625562.689572,1646.91,1646.91,0.08853531,0.66,54.88344879
1667625572.7576091,1646.91,1646.91,0.08853531,0.66,54.88344879
1667625582.6353643,1646.91,1646.9,0.08773759,0.65,54.81692313
1667625592.5741005,1646.91,1646.9,0.08773759,0.65,54.81692313
1667625602.633942,1646.91,1646.9,0.08773759,0.65,54.81692313
1667625612.590329,1646.59,1646.59,0.08010152,-0.36,52.41506469
1667625622.6259477,1646.59,1646.59,0.08010152,-0.36,52.41506469
1667625632.648959,1646.59,1646.59,0.08010152,-0.36,52.41506469
1667625642.6524365,1646.59,1646.76,0.09366277,-0.19,53.62316465
1667625652.6825862,1646.59,1646.76,0.09366277,-0.19,53.62316465
1667625662.6834676,1646.59,1646.76,0.09366277,-0.19,53.62316465
1667625672.69688,1647.65,1647.65,0.24241599,1.77,59.00606091
1667625682.7055557,1647.65,1647.65,0.24241599,1.77,59.00606091
1667625692.9537165,1647.65,1647.65,0.24241599,1.77,59.00606091
1667625702.9942,1647.65,1647.86,0.25916813,1.98,60.21157245
1667625713.1698425,1647.65,1647.86,0.25916813,1.98,60.21157245
1667625722.9776423,1647.65,1647.86,0.25916813,1.98,60.21157245
1667625732.9602396,1648.22,1648.22,0.38114094,1.53,62.04610388
1667625743.4582078,1648.22,1648.22,0.38114094,1.53,62.04610388
1667625753.1217291,1648.22,1648.22,0.38114094,1.53,62.04610388
1667625763.0857556,1648.22,1647.81,0.34843439,1.12,58.66927606
1667625773.1120255,1648.22,1647.81,0.34843439,1.12,58.66927606
1667625783.190616,1648.22,1647.81,0.34843439,1.12,58.66927606
1667625793.427914,1648.0,1648.0,0.41813564,1.46,60.18726553
1667625803.104709,1648.0,1648.0,0.41813564,1.46,60.18726553
1667625813.1016412,1648.0,1648.0,0.41813564,1.46,60.18726553
1667625823.086942,1648.0,1647.59,0.38542908,1.05,56.7736116
1667625833.0495155,1648.0,1647.59,0.38542908,1.05,56.7736116
1667625843.0922267,1648.0,1647.59,0.38542908,1.05,56.7736116
1667625853.072761,1648.0,1648.0,0.4567208,2.11,60.15070745
1667625863.1164916,1648.0,1648.0,0.4567208,2.11,60.15070745
1667625874.0376115,1648.0,1648.0,0.4567208,2.11,60.15070745
1667625884.0920377,1648.0,1648.0,0.4567208,2.11,60.15070745
1667625894.1096883,1648.0,1648.0,0.4567208,2.11,60.15070745
1667625904.2529795,1648.0,1648.0,0.4567208,2.11,60.15070745
1667625914.0302503,1648.01,1648.01,0.48253518,2.38,60.24556635
1667625923.9999225,1648.01,1648.01,0.48253518,2.38,60.24556635
1667625934.4698875,1648.01,1648.01,0.48253518,2.38,60.24556635
1667625944.023771,1648.01,1647.72,0.45940127,2.09,57.41765686
1667625954.105471,1648.01,1647.72,0.45940127,2.09,57.41765686
1667625964.1072383,1648.01,1647.72,0.45940127,2.09,57.41765686
1667625974.047752,1647.42,1647.42,0.41323228,0.85,54.75866783
1667625984.077598,1647.42,1647.42,0.41323228,0.85,54.75866783
1667625994.016276,1647.42,1647.42,0.41323228,0.85,54.75866783
1667626004.270662,1647.42,1647.81,0.44434339,1.24,57.5132315
1667626014.0929546,1647.42,1647.81,0.44434339,1.24,57.5132315
1667626024.0322433,1647.42,1647.81,0.44434339,1.24,57.5132315
1667626034.072651,1647.8,1647.8,0.44481838,0.87,57.44679832
1667626044.0268383,1647.8,1647.8,0.44481838,0.87,57.44679832
1667626055.226689,1647.8,1647.8,0.44481838,0.87,57.44679832
1667626065.3119383,1647.8,1647.8,0.44481838,0.87,57.44679832
1667626075.3395796,1647.8,1647.8,0.44481838,0.87,57.44679832
1667626085.2727537,1647.8,1647.8,0.44481838,0.87,57.44679832
1667626095.642325,1647.66,1647.66,0.42095561,0.76,56.12370518
1667626105.3890288,1647.66,1647.66,0.42095561,0.76,56.12370518
1667626115.3363702,1647.66,1647.66,0.42095561,0.76,56.12370518
1667626125.4098046,1647.66,1647.75,0.4281351,0.85,56.81233132
1667626135.2971463,1647.66,1647.75,0.4281351,0.85,56.81233132
1667626145.253456,1647.66,1647.75,0.4281351,0.85,56.81233132
1667626155.43566,1648.1,1648.1,0.46841192,1.5,59.29666049
1667626165.3682115,1648.1,1648.1,0.46841192,1.5,59.29666049
1667626175.3232837,1648.1,1648.1,0.46841192,1.5,59.29666049
1667626185.3459983,1648.1,1648.17,0.47399597,1.57,59.79479467
1667626195.3276992,1648.1,1648.17,0.47399597,1.57,59.79479467
1667626205.2963333,1648.1,1648.17,0.47399597,1.57,59.79479467
1667626215.405064,1647.75,1647.75,0.42266221,0.09,55.82383055
1667626225.3266506,1647.75,1647.75,0.42266221,0.09,55.82383055
1667626235.923289,1647.75,1647.75,0.42266221,0.09,55.82383055
1667626245.824909,1647.75,1647.56,0.40750552,-0.1,54.00281169
1667626255.832525,1647.75,1647.56,0.40750552,-0.1,54.00281169
1667626265.8282197,1647.75,1647.56,0.40750552,-0.1,54.00281169
1667626275.8978982,1647.88,1647.88,0.4222628,-0.35,56.83354423
1667626286.406648,1647.88,1647.88,0.4222628,-0.35,56.83354423
1667626295.929366,1647.88,1647.88,0.4222628,-0.35,56.83354423
1667626306.1128807,1647.88,1648.17,0.4453967,-0.06,59.06789509
1667626315.9848063,1647.88,1648.17,0.4453967,-0.06,59.06789509
1667626325.9750636,1647.88,1648.17,0.4453967,-0.06,59.06789509
1667626336.358124,1648.5,1648.5,0.49666665,0.5,61.34973198
1667626345.8979328,1648.5,1648.5,0.49666665,0.5,61.34973198
1667626355.9689865,1648.5,1648.5,0.49666665,0.5,61.34973198
1667626365.918016,1648.5,1648.54,0.49985754,0.54,61.62831265
1667626375.856281,1648.5,1648.54,0.49985754,0.54,61.62831265
1667626385.920519,1648.5,1648.54,0.49985754,0.54,61.62831265
1667626395.922994,1648.01,1648.01,0.44252385,0.0,56.3531213
1667626405.9662385,1648.01,1648.01,0.44252385,0.0,56.3531213
1667626416.9398355,1648.01,1648.01,0.44252385,0.0,56.3531213
1667626426.95159,1648.01,1648.02,0.44332157,0.01,56.45478305
1667626436.90476,1648.01,1648.02,0.44332157,0.01,56.45478305
1667626446.972266,1648.01,1648.02,0.44332157,0.01,56.45478305
1667626457.0733857,1648.59,1648.59,0.50705126,0.58,60.51497766
1667626466.9102714,1648.59,1648.59,0.50705126,0.58,60.51497766
1667626477.1773934,1648.59,1648.59,0.50705126,0.58,60.51497766
1667626486.9491472,1648.59,1648.13,0.47035611,0.12,55.97872676
1667626496.946916,1648.59,1648.13,0.47035611,0.12,55.97872676
1667626506.900275,1648.59,1648.13,0.47035611,0.12,55.97872676
1667626516.9486723,1648.12,1648.12,0.44913849,0.7,55.88765322
1667626526.9667816,1648.12,1648.12,0.44913849,0.7,55.88765322
1667626536.9669545,1648.12,1648.12,0.44913849,0.7,55.88765322
1667626546.9312804,1648.12,1648.13,0.44993621,0.71,55.9648064
1667626556.947708,1648.12,1648.13,0.44993621,0.71,55.9648064
1667626567.008976,1648.12,1648.13,0.44993621,0.71,55.9648064
1667626577.204165,1647.88,1647.88,0.39347871,0.08,53.6262184
1667626586.9637094,1647.88,1647.88,0.39347871,0.08,53.6262184
1667626597.501824,1647.88,1647.88,0.39347871,0.08,53.6262184
1667626607.3970015,1647.88,1648.48,0.44134196,0.68,58.15640738
1667626617.4631195,1647.88,1648.48,0.44134196,0.68,58.15640738
1667626627.3955698,1647.88,1648.48,0.44134196,0.68,58.15640738
1667626637.591694,1648.76,1648.76,0.4860263,1.1,59.94265822
1667626647.3558028,1648.76,1648.76,0.4860263,1.1,59.94265822
1667626657.393361,1648.76,1648.76,0.4860263,1.1,59.94265822
1667626667.3571954,1648.76,1648.7,0.48123998,1.04,59.34745168
1667626677.4108808,1648.76,1648.7,0.48123998,1.04,59.34745168
1667626687.5602334,1648.76,1648.7,0.48123998,1.04,59.34745168
1667626697.6239448,1648.7,1648.7,0.48827414,0.6,59.32177629
1667626707.509446,1648.7,1648.7,0.48827414,0.6,59.32177629
1667626717.388125,1648.7,1648.7,0.48827414,0.6,59.32177629
1667626727.4242065,1648.7,1649.28,0.53454194,1.18,63.12089853
1667626737.5416722,1648.7,1649.28,0.53454194,1.18,63.12089853
1667626747.445294,1648.7,1649.28,0.53454194,1.18,63.12089853
1667626757.4720993,1649.5,1649.5,0.60131993,1.76,64.38692085
1667626767.5033505,1649.5,1649.5,0.60131993,1.76,64.38692085
1667626778.0742712,1649.5,1649.5,0.60131993,1.76,64.38692085
1667626788.0744095,1649.5,1649.25,0.58137691,1.51,61.8377533
1667626798.3598075,1649.5,1649.25,0.58137691,1.51,61.8377533
1667626808.0966933,1649.5,1649.25,0.58137691,1.51,61.8377533
1667626818.1302176,1649.27,1649.27,0.60053205,1.4,62.00371419
1667626828.0294936,1649.27,1649.27,0.60053205,1.4,62.00371419
1667626838.097728,1649.27,1649.27,0.60053205,1.4,62.00371419
1667626848.1689544,1649.27,1649.47,0.61648647,1.6,63.27889215
1667626858.082652,1649.27,1649.47,0.61648647,1.6,63.27889215
1667626868.034541,1649.27,1649.47,0.61648647,1.6,63.27889215
1667626878.0723732,1649.46,1649.46,0.63492985,0.97,63.21716947
1667626888.083142,1649.46,1649.46,0.63492985,0.97,63.21716947
1667626898.3163502,1649.46,1649.46,0.63492985,0.97,63.21716947
1667626908.1227152,1649.46,1649.41,0.63094124,0.92,62.65013983
1667626918.3035014,1649.46,1649.41,0.63094124,0.92,62.65013983
1667626928.0995116,1649.46,1649.41,0.63094124,0.92,62.65013983
1667626938.0800326,1649.55,1649.55,0.65549174,1.53,63.80680432
1667626948.1186483,1649.55,1649.55,0.65549174,1.53,63.80680432
1667626959.18777,1649.55,1649.55,0.65549174,1.53,63.80680432
1667626968.529723,1649.55,1649.51,0.65230086,1.49,63.32097052
1667626978.5894763,1649.55,1649.51,0.65230086,1.49,63.32097052
1667626988.561344,1649.55,1649.51,0.65230086,1.49,63.32097052
1667626998.6098654,1649.4,1649.4,0.63730216,0.81,62.02229321
1667627008.6265306,1649.4,1649.4,0.63730216,0.81,62.02229321
1667627018.640646,1649.4,1649.4,0.63730216,0.81,62.02229321
1667627028.6400046,1649.4,1649.42,0.63889761,0.83,62.17419534
1667627038.6271842,1649.4,1649.42,0.63889761,0.83,62.17419534
1667627048.6057851,1649.4,1649.42,0.63889761,0.83,62.17419534
1667627058.7883096,1649.42,1649.42,0.62799054,1.3,62.17419534
1667627068.9357836,1649.42,1649.42,0.62799054,1.3,62.17419534
1667627078.6582415,1649.42,1649.42,0.62799054,1.3,62.17419534
1667627088.6962233,1649.42,1649.14,0.60565436,1.02,58.6380711
1667627098.6156557,1649.42,1649.14,0.60565436,1.02,58.6380711
1667627108.684026,1649.42,1649.14,0.60565436,1.02,58.6380711
1667627119.2415411,1648.72,1648.72,0.5133348,0.85,54.02878367
1667627128.673091,1648.72,1648.72,0.5133348,0.85,54.02878367
1667627139.4437938,1648.72,1648.72,0.5133348,0.85,54.02878367
1667627149.431898,1648.72,1648.84,0.52290745,0.97,55.11440347
1667627159.4415634,1648.72,1648.84,0.52290745,0.97,55.11440347
1667627169.374533,1648.72,1648.84,0.52290745,0.97,55.11440347
1667627179.4908297,1649.5,1649.5,0.57166721,0.73,60.27414244
1667627189.493728,1649.5,1649.5,0.57166721,0.73,60.27414244
1667627199.4806557,1649.5,1649.5,0.57166721,0.73,60.27414244
1667627209.424421,1649.5,1649.83,0.597992,1.06,62.58975538
1667627219.4446929,1649.5,1649.83,0.597992,1.06,62.58975538
1667627229.469981,1649.5,1649.83,0.597992,1.06,62.58975538
1667627239.4511414,1649.84,1649.84,0.61016816,1.15,62.65571875
1667627249.4458816,1649.84,1649.84,0.61016816,1.15,62.65571875
1667627259.4474945,1649.84,1649.84,0.61016816,1.15,62.65571875
1667627269.4801276,1649.84,1649.86,0.6117636,1.17,62.79700662
1667627280.0532606,1649.84,1649.86,0.6117636,1.17,62.79700662
1667627289.7126684,1649.84,1649.86,0.6117636,1.17,62.79700662
1667627299.5302095,1649.22,1649.22,0.52386877,-0.27,56.04141661
1667627309.684844,1649.22,1649.22,0.52386877,-0.27,56.04141661
1667627320.3278391,1649.22,1649.21,0.52307104,-0.28,55.96112852
1667627330.2548728,1649.22,1649.21,0.52307104,-0.28,55.96112852
1667627340.304598,1649.22,1649.21,0.52307104,-0.28,55.96112852
1667627350.3175447,1649.22,1649.21,0.52307104,-0.28,55.96112852
1667627360.2874784,1649.02,1649.02,0.46200335,-0.24,54.07692532
1667627370.3172915,1649.02,1649.02,0.46200335,-0.24,54.07692532
1667627380.3233175,1649.02,1649.02,0.46200335,-0.24,54.07692532
1667627390.3454406,1649.02,1648.34,0.40775834,-0.92,47.88752048
1667627400.5065508,1649.02,1648.34,0.40775834,-0.92,47.88752048
1667627410.3578968,1649.02,1648.34,0.40775834,-0.92,47.88752048
1667627420.3851123,1648.08,1648.08,0.28726247,-1.38,45.87971318
1667627430.323066,1648.08,1648.08,0.28726247,-1.38,45.87971318
1667627440.2440772,1648.08,1648.08,0.28726247,-1.38,45.87971318
1667627450.317542,1648.08,1647.73,0.25934224,-1.73,43.25081735
1667627460.3341546,1648.08,1647.73,0.25934224,-1.73,43.25081735
1667627470.644442,1647.17,1647.17,0.07657732,-2.38,39.65658433
1667627480.2761817,1647.17,1647.17,0.07657732,-2.38,39.65658433
1667627490.341998,1647.17,1647.17,0.07657732,-2.38,39.65658433
1667627500.682861,1647.17,1647.17,0.07657732,-2.38,39.65658433
1667627510.9800768,1647.17,1647.21,0.0797682,-2.34,40.04270723
1667627520.766317,1647.17,1647.21,0.0797682,-2.34,40.04270723
1667627530.8604343,1647.03,1647.03,-0.05226918,-2.37,38.78984646
1667627540.753806,1647.03,1647.03,-0.05226918,-2.37,38.78984646
1667627550.760402,1647.03,1647.03,-0.05226918,-2.37,38.78984646
1667627560.7161112,1647.03,1647.13,-0.04429197,-2.27,39.81031001
1667627570.743881,1647.03,1647.13,-0.04429197,-2.27,39.81031001
1667627580.7568953,1647.03,1647.13,-0.04429197,-2.27,39.81031001
1667627590.8339577,1647.13,1647.13,-0.12911047,-2.29,39.81031001
1667627600.7064574,1647.13,1647.13,-0.12911047,-2.29,39.81031001
1667627610.95465,1647.13,1647.13,-0.12911047,-2.29,39.81031001
1667627620.719944,1647.13,1647.31,-0.11475149,-2.11,41.69456744
1667627630.9828248,1647.13,1647.31,-0.11475149,-2.11,41.69456744
1667627640.7829657,1647.13,1647.31,-0.11475149,-2.11,41.69456744
1667627650.7480805,1647.13,1647.31,-0.11475149,-2.11,41.69456744
1667627660.7769668,1647.32,1647.32,-0.16784939,-1.4,41.80356748
1667627670.83524,1647.32,1647.32,-0.16784939,-1.4,41.80356748
1667627681.4541948,1647.32,1646.67,-0.21970124,-2.05,37.23161593
1667627691.3948371,1647.32,1646.67,-0.21970124,-2.05,37.23161593
1667627701.3971868,1647.32,1646.67,-0.21970124,-2.05,37.23161593
1667627711.3725266,1646.86,1646.86,-0.27318014,-2.64,38.50146078
1667627721.349424,1646.86,1646.86,-0.27318014,-2.64,38.50146078
1667627731.4089675,1646.86,1646.86,-0.27318014,-2.64,38.50146078
1667627741.419264,1646.86,1646.86,-0.27318014,-2.64,38.50146078
1667627751.3995285,1646.86,1646.79,-0.27876418,-2.71,37.96424715
1667627761.4757922,1646.86,1646.79,-0.27876418,-2.71,37.96424715
1667627771.4797142,1646.56,1646.56,-0.36624095,-3.28,36.48183206
1667627781.4569757,1646.56,1646.56,-0.36624095,-3.28,36.48183206
1667627791.3980677,1646.56,1646.56,-0.36624095,-3.28,36.48183206
1667627801.380112,1646.56,1647.55,-0.28726659,-2.29,46.49690724
1667627811.3915038,1646.56,1647.55,-0.28726659,-2.29,46.49690724
1667627821.8891935,1646.56,1647.55,-0.28726659,-2.29,46.49690724
1667627831.4845755,1648.14,1648.14,-0.19163468,-1.07,51.08369148
1667627841.4272215,1648.14,1648.14,-0.19163468,-1.07,51.08369148
1667627851.561509,1648.14,1648.14,-0.19163468,-1.07,51.08369148
1667627861.786935,1648.14,1647.94,-0.2075891,-1.27,49.53511142
1667627872.086247,1648.14,1647.94,-0.2075891,-1.27,49.53511142
1667627881.7611687,1648.14,1647.94,-0.2075891,-1.27,49.53511142
1667627891.883097,1647.94,1647.94,-0.18029772,-1.09,49.53511142
1667627901.7704873,1647.94,1647.94,-0.18029772,-1.09,49.53511142
1667627911.82664,1647.94,1647.94,-0.18029772,-1.09,49.53511142
1667627921.8378153,1647.94,1647.94,-0.18029772,-1.09,49.53511142
1667627931.866626,1647.94,1647.12,-0.24571083,-1.91,43.68751641
1667627941.825482,1647.94,1647.12,-0.24571083,-1.91,43.68751641
1667627951.8938322,1646.65,1646.65,-0.33860262,-1.43,40.91460065
1667627961.839281,1646.65,1646.65,-0.33860262,-1.43,40.91460065
1667627971.854092,1646.65,1646.65,-0.33860262,-1.43,40.91460065
1667627982.0452962,1646.65,1646.76,-0.32982769,-1.32,41.82007365
1667627991.811247,1646.65,1646.76,-0.32982769,-1.32,41.82007365
1667628001.8293738,1646.65,1646.76,-0.32982769,-1.32,41.82007365
1667628011.841409,1646.77,1646.77,-0.36242501,-0.39,41.90973505
1667628022.1038013,1646.77,1646.77,-0.36242501,-0.39,41.90973505
1667628031.844555,1646.77,1646.77,-0.36242501,-0.39,41.90973505
1667628042.582314,1646.77,1646.76,-0.36322273,-0.4,41.82007365
1667628052.3122091,1646.77,1646.76,-0.36322273,-0.4,41.82007365
1667628062.284536,1646.77,1646.76,-0.36322273,-0.4,41.82007365
1667628072.2791097,1646.41,1646.41,-0.43534042,-0.61,39.71358049
1667628082.2455158,1646.41,1646.41,-0.43534042,-0.61,39.71358049
1667628092.2852905,1646.41,1646.41,-0.43534042,-0.61,39.71358049
1667628102.5915422,1646.41,1646.02,-0.46645153,-1.0,37.38175489
1667628112.5473382,1646.41,1646.02,-0.46645153,-1.0,37.38175489
1667628122.59699,1646.41,1646.02,-0.46645153,-1.0,37.38175489
1667628132.6315136,1646.84,1646.84,-0.40359605,-0.29,43.53122227
1667628142.5231738,1646.84,1646.84,-0.40359605,-0.29,43.53122227
1667628152.6030807,1646.84,1646.84,-0.40359605,-0.29,43.53122227
1667628162.7076907,1646.84,1647.61,-0.34217155,0.48,49.67665082
1667628172.966564,1646.84,1647.61,-0.34217155,0.48,49.67665082
1667628182.6316557,1646.84,1647.61,-0.34217155,0.48,49.67665082
1667628192.6439788,1648.05,1648.05,-0.22995189,0.74,52.62293025
1667628202.605092,1648.05,1648.05,-0.22995189,0.74,52.62293025
1667628212.5671055,1648.05,1648.05,-0.22995189,0.74,52.62293025
1667628223.4381502,1648.05,1649.97,-0.07678949,2.66,62.84529641
1667628233.495394,1648.05,1649.97,-0.07678949,2.66,62.84529641
1667628243.8124852,1648.05,1649.97,-0.07678949,2.66,62.84529641
1667628253.4727995,1649.98,1649.98,0.10591986,3.13,62.88700333
1667628263.52134,1649.98,1649.98,0.10591986,3.13,62.88700333
1667628273.494805,1649.98,1649.98,0.10591986,3.13,62.88700333
1667628283.488793,1649.98,1650.11,0.11629023,3.26,63.46122066
1667628293.4196458,1649.98,1650.11,0.11629023,3.26,63.46122066
1667628303.4837384,1649.98,1650.11,0.11629023,3.26,63.46122066
1667628313.4226658,1650.42,1650.42,0.30881974,3.87,64.76446489
1667628323.4850338,1650.42,1650.42,0.30881974,3.87,64.76446489
1667628333.4533098,1650.42,1650.42,0.30881974,3.87,64.76446489
1667628343.4985206,1650.42,1652.12,0.44443228,5.57,70.88261043
1667628353.5148027,1650.42,1652.12,0.44443228,5.57,70.88261043
1667628364.0471575,1650.42,1652.12,0.44443228,5.57,70.88261043
1667628373.51395,1652.12,1652.12,0.67832493,3.97,70.83448498
1667628383.4773915,1652.12,1652.12,0.67832493,3.97,70.83448498
1667628393.5531576,1652.12,1652.12,0.67832493,3.97,70.83448498
1667628404.3859634,1652.12,1651.43,0.6232822,3.28,65.84744977
1667628414.4319575,1652.12,1651.43,0.6232822,3.28,65.84744977
1667628424.4034388,1652.12,1651.43,0.6232822,3.28,65.84744977
1667628434.4303088,1651.0,1651.0,0.69489298,3.06,63.07982299
1667628444.4098122,1651.0,1651.0,0.69489298,3.06,63.07982299
1667628454.3870566,1651.0,1651.0,0.69489298,3.06,63.07982299
1667628464.4654489,1651.0,1650.97,0.69249981,3.03,62.88124679
1667628474.3583293,1651.0,1650.97,0.69249981,3.03,62.88124679
1667628484.3799396,1651.0,1650.97,0.69249981,3.03,62.88124679
1667628494.42393,1650.98,1650.98,0.76712681,4.32,62.9472998
1667628504.4572208,1650.98,1650.98,0.76712681,4.32,62.9472998
1667628514.359408,1650.98,1650.98,0.76712681,4.32,62.9472998
1667628524.598048,1650.98,1651.09,0.77590174,4.43,63.40270479
1667628534.343824,1650.98,1651.09,0.77590174,4.43,63.40270479
1667628544.401964,1650.98,1651.09,0.77590174,4.43,63.40270479
1667628554.344756,1651.31,1651.31,0.8622618,4.55,64.28373307
1667628564.4682453,1651.31,1651.31,0.8622618,4.55,64.28373307
1667628574.4561138,1651.31,1651.31,0.8622618,4.55,64.28373307
1667628585.0036566,1651.31,1651.35,0.86545268,4.59,64.4507182
1667628595.0157435,1651.31,1651.35,0.86545268,4.59,64.4507182
1667628604.9399896,1651.31,1651.35,0.86545268,4.59,64.4507182
1667628614.944198,1651.94,1651.94,0.99664584,5.54,66.70194584
1667628625.1184297,1651.94,1651.94,0.99664584,5.54,66.70194584
1667628634.9201229,1651.94,1651.94,0.99664584,5.54,66.70194584
1667628644.8842225,1651.94,1651.39,0.9527712,4.99,62.65342015
1667628654.9807773,1651.94,1651.39,0.9527712,4.99,62.65342015
1667628664.935495,1651.94,1651.39,0.9527712,4.99,62.65342015
1667628674.9589589,1651.23,1651.23,0.95082356,4.39,61.56121104
1667628684.9692287,1651.23,1651.23,0.95082356,4.39,61.56121104
1667628694.979249,1651.23,1651.23,0.95082356,4.39,61.56121104
1667628704.96444,1651.23,1651.43,0.96677798,4.59,62.46689824
1667628715.5494962,1651.23,1651.43,0.96677798,4.59,62.46689824
1667628725.0456486,1651.23,1651.43,0.96677798,4.59,62.46689824
1667628735.0286996,1651.64,1651.64,1.00517968,3.59,63.3503561
1667628745.4800863,1651.64,1651.64,1.00517968,3.59,63.3503561
1667628755.0555973,1651.64,1651.64,1.00517968,3.59,63.3503561
1667628765.64398,1651.64,1651.6,1.0019888,3.55,63.0783627
1667628775.9095447,1651.64,1651.6,1.0019888,3.55,63.0783627
1667628785.670007,1651.64,1651.6,1.0019888,3.55,63.0783627
1667628795.5548158,1651.98,1651.98,1.05937479,2.0,64.79012331
1667628805.7511675,1651.98,1651.98,1.05937479,2.0,64.79012331
1667628815.6455164,1651.98,1651.98,1.05937479,2.0,64.79012331
1667628825.7121103,1651.98,1651.98,1.05937479,2.0,64.79012331
1667628835.6106486,1651.98,1651.98,1.05937479,2.0,64.79012331
1667628845.618269,1651.98,1651.98,1.05937479,2.0,64.79012331
1667628855.7311752,1651.47,1651.47,0.9958021,1.06,60.90191377
1667628865.6846955,1651.47,1651.47,0.9958021,1.06,60.90191377
1667628876.1706574,1651.47,1651.47,0.9958021,1.06,60.90191377
1667628885.564748,1651.47,1651.36,0.98702717,0.95,60.09633921
1667628895.6810782,1651.47,1651.36,0.98702717,0.95,60.09633921
1667628905.6909027,1651.47,1651.36,0.98702717,0.95,60.09633921
1667628915.7133064,1651.87,1651.87,1.0243069,-0.26,62.73739991
1667628925.7229614,1651.87,1651.87,1.0243069,-0.26,62.73739991
1667628935.723617,1651.87,1651.87,1.0243069,-0.26,62.73739991
1667628946.2870877,1651.87,1651.96,1.03148639,-0.17,63.1971909
1667628956.2837071,1651.87,1651.96,1.03148639,-0.17,63.1971909
1667628966.2343462,1651.87,1651.96,1.03148639,-0.17,63.1971909
1667628976.2277005,1651.96,1651.96,1.02144864,0.96,63.20079787
1667628986.225507,1651.96,1651.96,1.02144864,0.96,63.20079787
1667628996.241302,1651.96,1651.96,1.02144864,0.96,63.20079787
1667629006.2003195,1651.96,1651.95,1.02065092,0.95,63.15023581
1667629016.321289,1651.96,1651.95,1.02065092,0.95,63.15023581
1667629026.3253484,1651.96,1651.95,1.02065092,0.95,63.15023581
1667629036.6767752,1651.57,1651.57,0.94805339,0.59,60.01062117
1667629046.273535,1651.57,1651.57,0.94805339,0.59,60.01062117
1667629056.3520005,1651.57,1651.57,0.94805339,0.59,60.01062117
1667629066.2726054,1651.57,1651.81,0.96719869,0.83,61.34695675
1667629076.3248222,1651.57,1651.81,0.96719869,0.83,61.34695675
1667629086.2991226,1651.57,1651.81,0.96719869,0.83,61.34695675
1667629096.3141856,1652.16,1652.16,0.98628374,0.86,63.11178385
1667629106.329607,1652.16,1652.16,0.98628374,0.86,63.11178385
1667629116.3064587,1652.16,1652.16,0.98628374,0.86,63.11178385
1667629126.8575206,1652.16,1651.95,0.9695316,0.65,61.33793496
1667629136.9150877,1652.16,1651.95,0.9695316,0.65,61.33793496
1667629146.9197168,1652.16,1651.95,0.9695316,0.65,61.33793496
1667629156.8257926,1651.95,1651.95,0.93967666,0.0,61.33149317
1667629166.9259162,1651.95,1651.95,0.93967666,0.0,61.33149317
1667629176.9122517,1651.95,1651.95,0.93967666,0.0,61.33149317
1667629186.905592,1651.95,1651.96,0.94047438,0.01,61.42180147
1667629197.5055656,1651.95,1651.96,0.94047438,0.01,61.42180147
1667629206.9039917,1651.95,1651.96,0.94047438,0.01,61.42180147
1667629216.9437222,1651.6,1651.6,0.85609151,0.36,58.32354384
1667629226.8855214,1651.6,1651.6,0.85609151,0.36,58.32354384
1667629236.9564228,1651.6,1651.6,0.85609151,0.36,58.32354384
1667629246.952392,1651.6,1652.36,0.91671829,1.12,62.6372546
1667629256.999703,1651.6,1652.36,0.91671829,1.12,62.6372546
1667629266.9313138,1651.6,1652.36,0.91671829,1.12,62.6372546
1667629276.852738,1652.35,1652.35,0.90812024,0.72,62.58656748
1667629286.9795475,1652.35,1652.35,0.90812024,0.72,62.58656748
1667629297.0833523,1652.35,1652.35,0.90812024,0.72,62.58656748
1667629307.4892955,1652.35,1653.17,0.97353334,1.54,66.58918807
1667629317.310384,1652.35,1653.17,0.97353334,1.54,66.58918807
1667629327.362887,1652.35,1653.17,0.97353334,1.54,66.58918807
1667629337.3561175,1652.94,1652.94,0.97506378,0.96,65.55559511
1667629347.390399,1652.94,1652.94,0.97506378,0.96,65.55559511
1667629357.6856723,1652.94,1652.94,0.97506378,0.96,65.55559511
1667629367.4042149,1652.94,1652.7,0.95591848,0.72,63.35318079
1667629377.338998,1652.94,1652.7,0.95591848,0.72,63.35318079
1667629387.388455,1652.94,1652.7,0.95591848,0.72,63.35318079
1667629397.3736825,1652.78,1652.78,0.9575238,1.32,64.06371337
1667629407.667091,1652.78,1652.78,0.9575238,1.32,64.06371337
1667629417.4252262,1652.78,1652.78,0.9575238,1.32,64.06371337
1667629427.452743,1652.78,1652.62,0.94476027,1.16,62.53835181
1667629437.4861944,1652.78,1652.62,0.94476027,1.16,62.53835181
1667629447.4174778,1652.78,1652.62,0.94476027,1.16,62.53835181
1667629457.6937554,1653.08,1653.08,0.98465336,1.2,65.68102478
1667629467.5335958,1653.08,1653.08,0.98465336,1.2,65.68102478
1667629477.4441798,1653.08,1653.08,0.98465336,1.2,65.68102478
1667629488.3346815,1653.08,1656.06,1.22237416,4.18,76.64098841
1667629498.5466838,1653.08,1656.06,1.22237416,4.18,76.64098841
1667629508.2839026,1653.08,1656.06,1.22237416,4.18,76.64098841
1667629518.3913426,1655.82,1655.82,1.36388688,3.87,75.96079744
1667629528.3639429,1655.82,1655.82,1.36388688,3.87,75.96079744
1667629538.350114,1655.82,1655.82,1.36388688,3.87,75.96079744
1667629548.468712,1655.82,1655.86,1.36707776,3.91,76.13539363
1667629558.3305,1655.82,1655.86,1.36707776,3.91,76.13539363
1667629568.3761225,1655.82,1655.86,1.36707776,3.91,76.13539363
1667629578.7431252,1655.08,1655.08,1.36836653,3.5,69.81116131
1667629588.4280632,1655.08,1655.08,1.36836653,3.5,69.81116131
1667629598.4058838,1655.08,1655.08,1.36836653,3.5,69.81116131
1667629608.3463318,1655.08,1654.54,1.3252896,2.96,65.70450348
1667629618.390595,1655.08,1654.54,1.3252896,2.96,65.70450348
1667629628.3820395,1655.08,1654.54,1.3252896,2.96,65.70450348
1667629638.3108923,1654.42,1654.42,1.30924178,2.27,64.81852869
1667629648.3664715,1654.42,1654.42,1.30924178,2.27,64.81852869
1667629658.382627,1654.42,1654.42,1.30924178,2.27,64.81852869
1667629669.0490854,1654.42,1654.01,1.27653523,1.86,61.8839947
1667629678.842727,1654.42,1654.01,1.27653523,1.86,61.8839947
1667629688.7913558,1654.42,1654.01,1.27653523,1.86,61.8839947
1667629698.7852435,1654.99,1654.99,1.37045011,3.03,67.01372123
1667629708.8330803,1654.99,1654.99,1.37045011,3.03,67.01372123
1667629718.80687,1654.99,1654.99,1.37045011,3.03,67.01372123
1667629728.8439932,1654.99,1655.15,1.38321365,3.19,67.62439094
1667629739.1744962,1654.99,1655.15,1.38321365,3.19,67.62439094
1667629748.7675393,1654.99,1655.15,1.38321365,3.19,67.62439094
1667629758.7405276,1654.96,1654.96,1.36230621,3.35,66.74122647
1667629768.8289013,1654.96,1654.96,1.36230621,3.35,66.74122647
1667629778.813895,1654.96,1654.96,1.36230621,3.35,66.74122647
1667629788.7578852,1654.96,1655.08,1.37187886,3.47,67.23738606
1667629799.1022882,1654.96,1655.08,1.37187886,3.47,67.23738606
1667629808.856124,1654.96,1655.08,1.37187886,3.47,67.23738606
1667629818.7535264,1654.36,1654.36,1.25869919,2.01,62.06599462
1667629828.825328,1654.36,1654.36,1.25869919,2.01,62.06599462
1667629838.8142822,1654.36,1654.36,1.25869919,2.01,62.06599462
1667629849.5951097,1654.36,1654.51,1.270665,2.16,62.80491147
1667629859.592001,1654.36,1654.51,1.270665,2.16,62.80491147
1667629869.6285338,1654.36,1654.51,1.270665,2.16,62.80491147
1667629879.6228185,1654.91,1654.91,1.27842142,1.97,64.53001896
1667629889.6970143,1654.91,1654.91,1.27842142,1.97,64.53001896
1667629899.6738806,1654.91,1654.91,1.27842142,1.97,64.53001896
1667629909.6684432,1654.91,1657.19,1.46030176,4.25,72.56227586
1667629919.6879027,1654.91,1657.19,1.46030176,4.25,72.56227586
1667629930.19532,1654.91,1657.19,1.46030176,4.25,72.56227586
1667629939.6947126,1655.71,1655.71,1.35739468,2.92,67.85386328
1667629949.680902,1655.71,1655.71,1.35739468,2.92,67.85386328
1667629959.7462382,1655.71,1655.71,1.35739468,2.92,67.85386328
1667629969.6625953,1655.71,1656.94,1.45551434,4.15,72.13375649
1667629979.7049744,1655.71,1656.94,1.45551434,4.15,72.13375649
1667629989.7131152,1655.71,1656.94,1.45551434,4.15,72.13375649
1667629999.7172115,1656.86,1656.86,1.5163667,3.78,71.89034305
1667630009.7526782,1656.86,1656.86,1.5163667,3.78,71.89034305
1667630019.8740516,1656.86,1656.86,1.5163667,3.78,71.89034305
1667630030.7665317,1656.86,1657.53,1.569814,4.45,73.94319137
1667630040.7618887,1656.86,1657.53,1.569814,4.45,73.94319137
1667630050.7526145,1656.55,1656.55,1.50732421,0.72,69.32079209
1667630060.7213151,1656.55,1656.55,1.50732421,0.72,69.32079209
1667630070.7552755,1656.55,1656.55,1.50732421,0.72,69.32079209
1667630081.0021665,1656.55,1656.55,1.50732421,0.72,69.32079209
1667630110.7579572,1655.98,1655.98,1.42310127,0.91,64.84554642
1667630121.087814,1655.98,1655.98,1.42310127,0.91,64.84554642
1667630130.7451532,1655.98,1655.98,1.42310127,0.91,64.84554642
1667630140.7456012,1655.98,1655.93,1.41911267,0.86,64.44915247
1667630150.738577,1655.98,1655.93,1.41911267,0.86,64.44915247
1667630160.6873002,1655.98,1655.93,1.41911267,0.86,64.44915247
1667630170.790445,1656.47,1656.47,1.4457802,2.06,66.83805225
1667630180.776969,1656.47,1656.47,1.4457802,2.06,66.83805225
1667630190.7775643,1656.47,1656.47,1.4457802,2.06,66.83805225
1667630200.8570015,1656.47,1655.06,1.33330157,0.65,56.82775655
1667630211.0599291,1656.47,1655.06,1.33330157,0.65,56.82775655
1667630221.0945094,1656.47,1655.06,1.33330157,0.65,56.82775655
1667630231.1120434,1656.47,1655.06,1.33330157,0.65,56.82775655
1667630241.1224446,1654.77,1654.77,1.1779701,-0.22,55.11209142
1667630251.0838702,1654.77,1654.77,1.1779701,-0.22,55.11209142
1667630261.1228125,1654.77,1654.41,1.14925215,-0.58,52.99559591
1667630271.1733494,1654.77,1654.41,1.14925215,-0.58,52.99559591
1667630281.4739263,1654.77,1654.41,1.14925215,-0.58,52.99559591
1667630291.1509583,1653.83,1653.83,0.92497573,-1.12,49.91174227
1667630301.1897385,1653.83,1653.83,0.92497573,-1.12,49.91174227
1667630311.219107,1653.83,1653.83,0.92497573,-1.12,49.91174227
1667630321.080893,1653.83,1653.79,0.92178485,-1.16,49.69647156
1667630331.1312325,1653.83,1653.79,0.92178485,-1.16,49.69647156
1667630341.1220298,1653.83,1653.79,0.92178485,-1.16,49.69647156
1667630351.2586083,1653.06,1653.06,0.66674513,-1.31,46.07313216
1667630361.1603284,1653.06,1653.06,0.66674513,-1.31,46.07313216
1667630371.2680614,1653.06,1653.06,0.66674513,-1.31,46.07313216
1667630381.2549703,1653.06,1652.99,0.66116109,-1.38,45.72883499
1667630391.9217334,1653.06,1652.99,0.66116109,-1.38,45.72883499
1667630401.9461734,1653.06,1652.99,0.66116109,-1.38,45.72883499
1667630411.93989,1652.81,1652.81,0.46899756,-2.11,44.88184503
1667630421.9025133,1652.81,1652.81,0.46899756,-2.11,44.88184503
1667630431.939484,1652.81,1652.81,0.46899756,-2.11,44.88184503
1667630442.0103908,1652.81,1653.61,0.53281523,-1.31,49.43490391
1667630451.978336,1652.81,1653.61,0.53281523,-1.31,49.43490391
1667630462.294191,1652.81,1653.61,0.53281523,-1.31,49.43490391
1667630472.3499727,1653.87,1653.87,0.47543244,-1.84,50.75148421
1667630481.9841764,1653.87,1653.87,0.47543244,-1.84,50.75148421
1667630491.9693007,1653.87,1653.87,0.47543244,-1.84,50.75148421
1667630502.006611,1653.87,1653.99,0.48500509,-1.72,51.38491761
1667630511.9636388,1653.87,1653.99,0.48500509,-1.72,51.38491761
1667630522.0059612,1653.87,1653.99,0.48500509,-1.72,51.38491761
1667630531.9505355,1653.64,1653.64,0.37628405,-3.22,49.51661648
1667630541.9779303,1653.64,1653.64,0.37628405,-3.22,49.51661648
1667630551.956346,1653.64,1653.64,0.37628405,-3.22,49.51661648
1667630562.0036638,1653.64,1653.3,0.34916154,-3.56,47.67602491
1667630572.890466,1653.64,1653.3,0.34916154,-3.56,47.67602491
1667630582.8716085,1653.64,1653.3,0.34916154,-3.56,47.67602491
1667630592.856166,1654.01,1654.01,0.36036956,-2.53,51.55543397
1667630602.8257997,1654.01,1654.01,0.36036956,-2.53,51.55543397
1667630612.8821058,1654.01,1654.01,0.36036956,-2.53,51.55543397
1667630622.841332,1654.01,1653.6,0.32766301,-2.94,49.18382101
1667630633.2396688,1654.01,1653.6,0.32766301,-2.94,49.18382101
1667630642.8317192,1654.01,1653.6,0.32766301,-2.94,49.18382101
1667630653.0393553,1654.01,1653.6,0.32766301,-2.94,49.18382101
1667630663.0802498,1653.9,1653.9,0.30450358,-2.09,50.8992816
1667630672.945611,1653.9,1653.9,0.30450358,-2.09,50.8992816
1667630683.0092947,1653.9,1653.75,0.29253776,-2.24,49.96433528
1667630692.8372977,1653.9,1653.75,0.29253776,-2.24,49.96433528
1667630702.8937626,1653.9,1653.75,0.29253776,-2.24,49.96433528
1667630712.8683622,1653.28,1653.28,0.177119,-3.2,47.23907916
1667630722.9803023,1653.28,1653.28,0.177119,-3.2,47.23907916
1667630732.9066093,1653.28,1653.28,0.177119,-3.2,47.23907916
1667630742.8375826,1653.28,1653.28,0.177119,-3.2,47.23907916
1667630753.4691305,1653.28,1653.27,0.17632128,-3.21,47.18011433
1667630763.4904068,1653.28,1653.27,0.17632128,-3.21,47.18011433
1667630773.4918325,1653.95,1653.95,0.20937628,-0.86,51.30810934
1667630783.4530728,1653.95,1653.95,0.20937628,-0.86,51.30810934
1667630794.0703335,1653.95,1653.95,0.20937628,-0.86,51.30810934
1667630803.4985316,1653.95,1653.65,0.18544465,-1.16,49.46939452
1667630813.4118123,1653.95,1653.65,0.18544465,-1.16,49.46939452
1667630823.527162,1653.95,1653.65,0.18544465,-1.16,49.46939452
1667630833.52873,1653.88,1653.88,0.17925209,0.06,50.86946142
1667630843.474511,1653.88,1653.88,0.17925209,0.06,50.86946142
1667630853.5046191,1653.88,1653.88,0.17925209,0.06,50.86946142
1667630863.472504,1653.88,1653.64,0.16010679,-0.18,49.30628904
1667630873.4369798,1653.88,1653.64,0.16010679,-0.18,49.30628904
1667630883.5266087,1653.88,1653.64,0.16010679,-0.18,49.30628904
1667630893.5034995,1653.0,1653.0,0.03482462,-0.06,45.56285572
1667630903.5272598,1653.0,1653.0,0.03482462,-0.06,45.56285572
1667630913.753796,1653.0,1653.0,0.03482462,-0.06,45.56285572
1667630923.5986452,1653.0,1653.1,0.04280183,0.04,46.23924573
1667630933.9314194,1653.0,1653.1,0.04280183,0.04,46.23924573
1667630943.9488962,1653.0,1653.1,0.04280183,0.04,46.23924573
1667630954.431867,1652.88,1652.88,-0.0419325,0.08,44.89388011
1667630963.958144,1652.88,1652.88,-0.0419325,0.08,44.89388011
1667630973.8400078,1652.88,1652.88,-0.0419325,0.08,44.89388011
1667630983.9747283,1652.88,1652.74,-0.05310059,-0.06,44.045403
1667630993.9410074,1652.88,1652.74,-0.05310059,-0.06,44.045403
1667631003.9886477,1652.88,1652.74,-0.05310059,-0.06,44.045403
1667631013.903463,1652.8,1652.8,-0.10477605,-1.08,44.39927999
1667631023.951677,1652.8,1652.8,-0.10477605,-1.08,44.39927999
1667631033.96682,1652.8,1652.8,-0.10477605,-1.08,44.39927999
1667631043.950811,1652.8,1653.06,-0.08403531,-0.82,46.40862015
1667631053.9457667,1652.8,1653.06,-0.08403531,-0.82,46.40862015
1667631063.9800212,1652.8,1653.06,-0.08403531,-0.82,46.40862015
1667631073.960618,1653.09,1653.09,-0.10743924,-0.56,46.63684233
1667631083.855852,1653.09,1653.09,-0.10743924,-0.56,46.63684233
1667631094.0255363,1653.09,1653.09,-0.10743924,-0.56,46.63684233
1667631103.9528632,1653.09,1653.85,-0.04681246,0.2,52.06662632
1667631114.9263916,1653.09,1653.85,-0.04681246,0.2,52.06662632
1667631124.2774813,1653.09,1653.85,-0.04681246,0.2,52.06662632
1667631134.296449,1654.31,1654.31,0.04604506,0.3,54.85179437
1667631144.5737643,1654.31,1654.31,0.04604506,0.3,54.85179437
1667631154.359686,1654.31,1654.31,0.04604506,0.3,54.85179437
1667631164.311196,1654.31,1654.5,0.06120176,0.49,55.98744515
1667631174.3332624,1654.31,1654.5,0.06120176,0.49,55.98744515
1667631184.3006322,1654.31,1654.5,0.06120176,0.49,55.98744515
1667631194.2681868,1654.51,1654.51,0.11841968,0.62,56.04563573
1667631204.3675342,1654.51,1654.51,0.11841968,0.62,56.04563573
1667631214.3255682,1654.51,1654.51,0.11841968,0.62,56.04563573
1667631224.307615,1654.51,1654.72,0.13517182,0.83,57.32174186
1667631234.300594,1654.51,1654.72,0.13517182,0.83,57.32174186
1667631244.300874,1654.51,1654.72,0.13517182,0.83,57.32174186
1667631254.5504837,1654.5,1654.5,0.16047631,1.22,55.9598289
1667631264.3152614,1654.5,1654.5,0.16047631,1.22,55.9598289
1667631274.8065107,1654.5,1654.5,0.16047631,1.22,55.9598289
1667631284.3935823,1654.5,1654.9,0.19238514,1.62,58.52584135
1667631295.1575933,1654.5,1654.9,0.19238514,1.62,58.52584135
1667631305.5335658,1654.5,1654.9,0.19238514,1.62,58.52584135
1667631315.3379786,1654.59,1654.59,0.2049364,0.63,56.55184758
1667631325.1559772,1654.59,1654.59,0.2049364,0.63,56.55184758
1667631335.1721168,1654.59,1654.59,0.2049364,0.63,56.55184758
1667631345.2190905,1654.59,1654.99,0.23684523,1.03,59.23363124
1667631355.1954768,1654.59,1654.99,0.23684523,1.03,59.23363124
1667631365.089329,1654.59,1654.99,0.23684523,1.03,59.23363124
1667631375.1640303,1655.0,1655.0,0.28975892,1.13,59.26067752
1667631385.1651032,1655.0,1655.0,0.28975892,1.13,59.26067752
1667631395.237496,1655.0,1655.0,0.28975892,1.13,59.26067752
1667631405.3914,1655.0,1654.83,0.27619767,0.96,57.65175706
1667631415.1937208,1655.0,1654.83,0.27619767,0.96,57.65175706
1667631425.2782123,1655.0,1654.83,0.27619767,0.96,57.65175706
1667631435.1467054,1654.99,1654.99,0.3252498,1.98,59.16355334
1667631445.2608864,1654.99,1654.99,0.3252498,1.98,59.16355334
1667631455.1795971,1654.99,1654.99,0.3252498,1.98,59.16355334
1667631466.013723,1654.99,1654.7,0.3021159,1.69,56.28271769
1667631475.8915129,1654.99,1654.7,0.3021159,1.69,56.28271769
1667631485.8881552,1654.99,1654.7,0.3021159,1.69,56.28271769
1667631495.8731482,1654.46,1654.46,0.27505238,1.59,54.10252436
1667631505.9707732,1654.46,1654.46,0.27505238,1.59,54.10252436
1667631515.8967896,1654.46,1654.46,0.27505238,1.59,54.10252436
1667631525.8940454,1654.46,1654.36,0.26707517,1.49,53.17819451
1667631535.863683,1654.46,1654.36,0.26707517,1.49,53.17819451
1667631545.8337886,1654.46,1654.36,0.26707517,1.49,53.17819451
1667631555.8694606,1654.28,1654.28,0.23965299,1.48,52.45903898
1667631565.9968195,1654.28,1654.28,0.23965299,1.48,52.45903898
1667631575.9089644,1654.28,1654.28,0.23965299,1.48,52.45903898
1667631585.8948193,1654.28,1654.28,0.23965299,1.48,52.45903898
1667631595.8641703,1654.28,1654.28,0.23965299,1.48,52.45903898
1667631605.8895936,1654.28,1654.28,0.23965299,1.48,52.45903898
1667631615.866972,1653.66,1653.66,0.1334175,0.58,47.16008724
1667631625.8995285,1653.66,1653.66,0.1334175,0.58,47.16008724
1667631635.9568777,1653.66,1653.66,0.1334175,0.58,47.16008724
1667631645.9166124,1653.66,1653.94,0.15575368,0.86,49.6379718
1667631657.0001652,1653.66,1653.94,0.15575368,0.86,49.6379718
1667631666.769253,1653.66,1653.94,0.15575368,0.86,49.6379718
1667631676.711249,1653.46,1653.46,0.05914132,-0.84,45.55896792
1667631686.678521,1653.46,1653.46,0.05914132,-0.84,45.55896792
1667631696.6855004,1653.46,1653.46,0.05914132,-0.84,45.55896792
1667631706.6364882,1653.46,1653.28,0.04478235,-1.02,44.10756053
1667631716.6608508,1653.46,1653.28,0.04478235,-1.02,44.10756053
1667631726.740545,1653.46,1653.28,0.04478235,-1.02,44.10756053
1667631736.6853197,1653.1,1653.1,-0.03811684,-1.41,42.74577521
1667631746.7359326,1653.1,1653.1,-0.03811684,-1.41,42.74577521
1667631756.681722,1653.1,1653.1,-0.03811684,-1.41,42.74577521
1667631766.7094707,1653.1,1653.41,-0.01338749,-1.1,45.84672146
1667631776.731805,1653.1,1653.41,-0.01338749,-1.1,45.84672146
1667631786.6975212,1653.1,1653.41,-0.01338749,-1.1,45.84672146
1667631796.702819,1653.28,1653.28,-0.0653209,-1.23,44.60133962
1667631806.7447157,1653.28,1653.28,-0.0653209,-1.23,44.60133962
1667631816.7985942,1653.28,1653.28,-0.0653209,-1.23,44.60133962
1667631826.7125366,1653.28,1652.83,-0.10121833,-1.68,41.05743361
1667631837.7094038,1653.28,1652.83,-0.10121833,-1.68,41.05743361
1667631847.8476183,1653.28,1652.83,-0.10121833,-1.68,41.05743361
1667631857.5397844,1653.36,1653.36,-0.08645613,-1.24,45.42128673
1667631867.5777051,1653.36,1653.36,-0.08645613,-1.24,45.42128673
1667631877.548266,1653.36,1653.36,-0.08645613,-1.24,45.42128673
1667631887.5929403,1653.36,1653.21,-0.09842194,-1.39,44.07126823
1667631897.576157,1653.36,1653.21,-0.09842194,-1.39,44.07126823
1667631907.6003163,1653.36,1653.21,-0.09842194,-1.39,44.07126823
1667631917.5356274,1653.2,1653.2,-0.13026368,-1.81,44.0162972
1667631927.54722,1653.2,1653.2,-0.13026368,-1.81,44.0162972
1667631937.5999732,1653.2,1653.2,-0.13026368,-1.81,44.0162972
1667631947.5259235,1653.2,1653.39,-0.11510698,-1.62,46.18495596
1667631957.7198477,1653.2,1653.39,-0.11510698,-1.62,46.18495596
1667631967.956144,1653.2,1653.39,-0.11510698,-1.62,46.18495596
1667631977.5835502,1653.57,1653.57,-0.10078821,-1.42,48.09782852
1667631987.5360725,1653.57,1653.57,-0.10078821,-1.42,48.09782852
1667631997.609764,1653.57,1653.57,-0.10078821,-1.42,48.09782852
1667632007.8015194,1653.57,1653.48,-0.1079677,-1.51,47.18661486
1667632017.9156046,1653.57,1653.48,-0.1079677,-1.51,47.18661486
1667632028.2702825,1653.57,1653.48,-0.1079677,-1.51,47.18661486
1667632038.5294416,1653.48,1653.48,-0.11176876,-0.98,47.18661486
1667632048.136584,1653.48,1653.48,-0.11176876,-0.98,47.18661486
1667632058.0333867,1653.48,1653.48,-0.11176876,-0.98,47.18661486
1667632067.9779973,1653.48,1653.18,-0.13570038,-1.28,44.20642793
1667632078.2253847,1653.48,1653.18,-0.13570038,-1.28,44.20642793
1667632088.1965046,1653.48,1653.18,-0.13570038,-1.28,44.20642793
1667632098.1189382,1653.17,1653.17,-0.15729545,-1.1,44.11355792
1667632108.0276704,1653.17,1653.17,-0.15729545,-1.1,44.11355792
1667632118.01426,1653.17,1653.17,-0.15729545,-1.1,44.11355792
1667632128.1093576,1653.17,1653.0,-0.1708567,-1.27,42.47973314
1667632138.2481778,1653.17,1653.0,-0.1708567,-1.27,42.47973314
1667632148.0223634,1653.17,1653.0,-0.1708567,-1.27,42.47973314
1667632158.0515034,1652.85,1652.85,-0.21641722,-0.81,41.12877178
1667632168.0170648,1652.85,1652.85,-0.21641722,-0.81,41.12877178
1667632178.0307865,1652.85,1652.85,-0.21641722,-0.81,41.12877178
1667632188.1460352,1652.85,1653.31,-0.17972206,-0.35,46.68482125
1667632198.725257,1652.85,1653.31,-0.17972206,-0.35,46.68482125
1667632208.4574356,1652.85,1653.31,-0.17972206,-0.35,46.68482125
1667632218.444376,1652.9,1652.9,-0.23382843,-0.56,41.75287608
1667632228.5004904,1652.9,1652.9,-0.23382843,-0.56,41.75287608
1667632238.651266,1652.9,1652.9,-0.23382843,-0.56,41.75287608
1667632248.461934,1652.9,1652.88,-0.23542387,-0.58,41.55095614
1667632258.4854765,1652.9,1652.88,-0.23542387,-0.58,41.55095614
1667632268.4083266,1652.9,1652.88,-0.23542387,-0.58,41.55095614
1667632278.481313,1652.74,1652.74,-0.27054796,-0.36,40.19040994
1667632288.4573972,1652.74,1652.74,-0.27054796,-0.36,40.19040994
1667632298.583006,1652.74,1652.74,-0.27054796,-0.36,40.19040994
1667632308.5223043,1652.74,1652.81,-0.26496391,-0.29,41.22666648
1667632318.4732544,1652.74,1652.81,-0.26496391,-0.29,41.22666648
1667632328.6073904,1652.74,1652.81,-0.26496391,-0.29,41.22666648
1667632338.4980764,1653.32,1653.32,-0.20485939,0.03,47.82299519
1667632348.4795222,1653.32,1653.32,-0.20485939,0.03,47.82299519
1667632358.6309605,1653.32,1653.32,-0.20485939,0.03,47.82299519
1667632368.41581,1653.32,1651.63,-0.3396742,-1.66,34.10760758
1667632379.346202,1653.32,1651.63,-0.3396742,-1.66,34.10760758
1667632389.7057483,1653.32,1651.63,-0.3396742,-1.66,34.10760758
1667632399.3577335,1652.62,1652.62,-0.28625377,-0.74,41.03625266
1667632409.3216407,1652.62,1652.62,-0.28625377,-0.74,41.03625266
1667632419.3941364,1652.62,1652.62,-0.28625377,-0.74,41.03625266
1667632429.4229634,1652.62,1652.77,-0.27428795,-0.59,42.90821511
1667632439.3563955,1652.62,1652.77,-0.27428795,-0.59,42.90821511
1667632449.348544,1652.62,1652.77,-0.27428795,-0.59,42.90821511
1667632459.389918,1652.6,1652.6,-0.30521475,-0.59,40.81766167
1667632469.5079408,1652.6,1652.6,-0.30521475,-0.59,40.81766167
1667632479.3623276,1652.6,1652.6,-0.30521475,-0.59,40.81766167
1667632489.7837355,1652.6,1652.52,-0.31159651,-0.67,40.06317377
1667632499.4348488,1652.6,1652.52,-0.31159651,-0.67,40.06317377
1667632509.5193949,1652.6,1652.52,-0.31159651,-0.67,40.06317377
1667632519.427657,1652.61,1652.61,-0.31454427,-0.95,40.96731767
1667632529.435241,1652.61,1652.61,-0.31454427,-0.95,40.96731767
1667632539.3649745,1652.61,1652.61,-0.31454427,-0.95,40.96731767
1667632549.6303165,1652.61,1653.0,-0.28343316,-0.56,46.26653212
1667632560.063438,1652.61,1653.0,-0.28343316,-0.56,46.26653212
1667632570.1737068,1652.61,1653.0,-0.28343316,-0.56,46.26653212
1667632580.1165776,1653.3,1653.3,-0.22134497,-0.18,49.74559225
1667632590.2100575,1653.3,1653.3,-0.22134497,-0.18,49.74559225
1667632600.1352863,1653.3,1653.3,-0.22134497,-0.18,49.74559225
1667632610.2255108,1653.3,1653.74,-0.18624526,0.26,54.39729178
1667632620.177116,1653.3,1653.74,-0.18624526,0.26,54.39729178
1667632630.1234105,1653.3,1653.74,-0.18624526,0.26,54.39729178
1667632640.1829643,1653.83,1653.83,-0.11276476,0.66,55.21435979
1667632650.1785378,1653.83,1653.83,-0.11276476,0.66,55.21435979
1667632660.1597135,1653.83,1653.83,-0.11276476,0.66,55.21435979
1667632670.1966207,1653.83,1653.79,-0.11595564,0.62,54.72968727
1667632680.2281349,1653.83,1653.79,-0.11595564,0.62,54.72968727
1667632690.172562,1653.83,1653.79,-0.11595564,0.62,54.72968727
1667632700.1083882,1653.79,1653.79,-0.06581394,0.93,54.72968727
1667632710.6852634,1653.79,1653.79,-0.06581394,0.93,54.72968727
1667632720.1347656,1653.79,1653.79,-0.06581394,0.93,54.72968727
1667632730.0835726,1653.79,1654.06,-0.04427548,1.2,57.44509138
1667632740.5340283,1653.79,1654.06,-0.04427548,1.2,57.44509138
1667632750.6003373,1653.79,1654.06,-0.04427548,1.2,57.44509138
1667632760.7293687,1654.24,1654.24,0.037834,1.34,59.08134661
1667632770.6214788,1654.24,1654.24,0.037834,1.34,59.08134661
1667632780.6216366,1654.24,1654.42,0.05219297,1.52,60.70834237
1667632790.7579808,1654.24,1654.42,0.05219297,1.52,60.70834237
1667632800.874743,1654.24,1654.42,0.05219297,1.52,60.70834237
1667632810.8185103,1654.24,1654.42,0.05219297,1.52,60.70834237
1667632820.5691967,1652.92,1652.92,-0.09611476,0.18,45.31959983
1667632830.6195614,1652.92,1652.92,-0.09611476,0.18,45.31959983
1667632840.628295,1652.92,1652.92,-0.09611476,0.18,45.31959983
1667632850.6266155,1652.92,1654.23,0.00838666,1.49,56.21876498
1667632860.7245898,1652.92,1654.23,0.00838666,1.49,56.21876498
1667632871.3523643,1654.54,1654.54,0.11215742,1.23,58.16062391
1667632880.6309395,1654.54,1654.54,0.11215742,1.23,58.16062391
1667632890.6191573,1654.54,1654.54,0.11215742,1.23,58.16062391
1667632900.5805745,1654.54,1654.01,0.06987821,0.7,53.71888921
1667632910.6673353,1654.54,1654.01,0.06987821,0.7,53.71888921
1667632921.2927325,1654.54,1654.01,0.06987821,0.7,53.71888921
1667632930.945781,1654.54,1654.01,0.06987821,0.7,53.71888921
1667632941.014351,1654.34,1654.34,0.14390881,1.73,56.40081663
1667632951.0016804,1654.34,1654.34,0.14390881,1.73,56.40081663
1667632961.0556557,1654.34,1654.67,0.17023359,2.06,58.62535043
1667632971.180757,1654.34,1654.67,0.17023359,2.06,58.62535043
1667632981.0679564,1654.34,1654.67,0.17023359,2.06,58.62535043
1667632991.0046082,1654.52,1654.52,0.20447451,1.92,57.64816422
1667633000.998169,1654.52,1654.52,0.20447451,1.92,57.64816422
1667633011.0131352,1654.52,1654.52,0.20447451,1.92,57.64816422
1667633021.0200243,1654.52,1654.52,0.20447451,1.92,57.64816422
1667633031.5485098,1654.52,1654.0,0.16299303,1.4,52.96414379
1667633041.010709,1654.52,1654.0,0.16299303,1.4,52.96414379
1667633051.0263824,1653.15,1653.15,0.04592046,0.55,46.72135176
1667633060.988164,1653.15,1653.15,0.04592046,0.55,46.72135176
1667633071.0352545,1653.15,1653.15,0.04592046,0.55,46.72135176
1667633081.0525749,1653.15,1653.16,0.04671818,0.56,46.79116433
1667633091.0846295,1653.15,1653.16,0.04671818,0.56,46.79116433
1667633101.935974,1653.15,1653.16,0.04671818,0.56,46.79116433
1667633111.92317,1653.28,1653.28,0.02455032,-0.01,47.72843499
1667633122.0305398,1653.28,1653.28,0.02455032,-0.01,47.72843499
1667633131.9438725,1653.28,1653.28,0.02455032,-0.01,47.72843499
1667633142.0103846,1653.28,1653.62,0.05167283,0.33,50.39463235
1667633152.1093843,1653.28,1653.62,0.05167283,0.33,50.39463235
1667633161.8924174,1653.28,1653.62,0.05167283,0.33,50.39463235
1667633172.034879,1654.08,1654.08,0.11310852,0.24,53.58103104
1667633181.954864,1654.08,1654.08,0.11310852,0.24,53.58103104
1667633192.336475,1654.08,1654.08,0.11310852,0.24,53.58103104
1667633202.0381634,1654.08,1653.87,0.09635638,0.03,51.93746462
1667633211.9570074,1654.08,1653.87,0.09635638,0.03,51.93746462
1667633221.8554535,1654.08,1653.87,0.09635638,0.03,51.93746462
1667633231.9072282,1654.31,1654.31,0.16247562,0.52,55.15601275
1667633241.9059682,1654.31,1654.31,0.16247562,0.52,55.15601275
1667633251.9629264,1654.31,1654.31,0.16247562,0.52,55.15601275
1667633261.948256,1654.31,1654.05,0.14173488,0.26,52.99810678
1667633271.964726,1654.31,1654.05,0.14173488,0.26,52.99810678
1667633282.3772717,1654.31,1654.05,0.14173488,0.26,52.99810678
1667633292.372929,1654.09,1654.09,0.15506824,-0.15,53.31512027
1667633302.3482337,1654.09,1654.09,0.15506824,-0.15,53.31512027
1667633312.402773,1654.09,1654.09,0.15506824,-0.15,53.31512027
1667633322.350165,1654.09,1652.66,0.04099417,-1.58,43.17688091
1667633332.3799205,1654.09,1652.66,0.04099417,-1.58,43.17688091
1667633342.4004695,1654.09,1652.66,0.04099417,-1.58,43.17688091
1667633352.478963,1652.03,1652.03,-0.12996835,-0.89,39.83556463
1667633362.5446422,1652.03,1652.03,-0.12996835,-0.89,39.83556463
1667633372.3871648,1652.03,1652.03,-0.12996835,-0.89,39.83556463
1667633382.8025718,1652.03,1652.05,-0.12837291,-0.87,39.96768826
1667633392.3959413,1652.03,1652.05,-0.12837291,-0.87,39.96768826
1667633402.4111402,1652.03,1652.05,-0.12837291,-0.87,39.96768826
1667633412.4493427,1651.31,1651.31,-0.32484762,-3.24,36.37184978
1667633422.3745086,1651.31,1651.31,-0.32484762,-3.24,36.37184978
1667633432.3514433,1651.31,1651.31,-0.32484762,-3.24,36.37184978
1667633442.329816,1651.31,1652.18,-0.25544591,-2.37,42.816423
1667633452.4347584,1651.31,1652.18,-0.25544591,-2.37,42.816423
1667633462.8029082,1651.31,1652.18,-0.25544591,-2.37,42.816423
1667633472.838838,1651.73,1651.73,-0.37008196,-2.61,39.63851213
1667633482.942104,1651.73,1651.73,-0.37008196,-2.61,39.63851213
1667633492.8503768,1651.73,1651.73,-0.37008196,-2.61,39.63851213
1667633502.8254583,1651.73,1651.72,-0.37087968,-2.62,39.58586403
1667633512.7945416,1651.73,1651.72,-0.37087968,-2.62,39.58586403
1667633522.8149824,1651.73,1651.72,-0.37087968,-2.62,39.58586403
1667633532.8285267,1651.11,1651.11,-0.51519905,-3.4,36.61897459
1667633543.064792,1651.11,1651.11,-0.51519905,-3.4,36.61897459
1667633552.7622297,1651.11,1651.11,-0.51519905,-3.4,36.61897459
1667633562.7851434,1651.11,1651.24,-0.50482867,-3.27,37.69076982
1667633572.7893603,1651.11,1651.24,-0.50482867,-3.27,37.69076982
1667633582.8371022,1651.11,1651.24,-0.50482867,-3.27,37.69076982
1667633593.0474114,1651.18,1651.18,-0.57499439,-1.98,37.2069674
1667633602.861023,1651.18,1651.18,-0.57499439,-1.98,37.2069674
1667633612.8116198,1651.18,1651.18,-0.57499439,-1.98,37.2069674
1667633622.7885,1651.18,1652.32,-0.48405422,-0.84,45.9117986
1667633632.814254,1651.18,1652.32,-0.48405422,-0.84,45.9117986
1667633643.5436609,1651.18,1652.32,-0.48405422,-0.84,45.9117986
1667633653.5741415,1651.52,1651.52,-0.57097668,-1.76,40.08292503
1667633663.6137214,1651.52,1651.52,-0.57097668,-1.76,40.08292503
1667633673.6103916,1651.52,1651.52,-0.57097668,-1.76,40.08292503
1667633683.603547,1651.52,1650.16,-0.67946671,-3.12,33.47790711
1667633693.5861368,1651.52,1650.16,-0.67946671,-3.12,33.47790711
1667633703.7275898,1651.52,1650.16,-0.67946671,-3.12,33.47790711
1667633713.582513,1650.76,1650.76,-0.69062327,-3.33,36.14513938
1667633723.823605,1650.76,1650.76,-0.69062327,-3.33,36.14513938
1667633734.0276375,1650.76,1650.76,-0.69062327,-3.33,36.14513938
1667633743.906365,1650.76,1650.01,-0.75045233,-4.08,32.65908672
1667633753.661025,1650.76,1650.01,-0.75045233,-4.08,32.65908672
1667633763.6524749,1650.76,1650.01,-0.75045233,-4.08,32.65908672
1667633773.7061207,1649.68,1649.68,-0.88104,-4.62,31.34248775
1667633783.6523733,1649.68,1649.68,-0.88104,-4.62,31.34248775
1667633793.6621363,1649.68,1649.68,-0.88104,-4.62,31.34248775
1667633803.712472,1649.68,1649.68,-0.88104,-4.62,31.34248775
1667633813.7142315,1649.68,1649.68,-0.88104,-4.62,31.34248775
1667633824.057381,1649.68,1649.68,-0.88104,-4.62,31.34248775
1667633833.9761024,1649.91,1649.91,-0.92017373,-4.19,33.35894905
1667633844.0280027,1649.91,1649.91,-0.92017373,-4.19,33.35894905
1667633854.0311537,1649.91,1649.91,-0.92017373,-4.19,33.35894905
1667633863.981754,1649.91,1649.89,-0.92176917,-4.21,33.26745176
1667633874.0307393,1649.91,1649.89,-0.92176917,-4.21,33.26745176
1667633884.1822584,1649.91,1649.89,-0.92176917,-4.21,33.26745176
1667633894.176324,1650.7,1650.7,-0.84304627,-1.34,39.88931397
1667633904.0119584,1650.7,1650.7,-0.84304627,-1.34,39.88931397
1667633914.0109465,1650.7,1650.7,-0.84304627,-1.34,39.88931397
1667633924.1441064,1650.7,1650.84,-0.83187818,-1.2,40.99284841
1667633934.045246,1650.7,1650.84,-0.83187818,-1.2,40.99284841
1667633944.1435308,1650.7,1650.84,-0.83187818,-1.2,40.99284841
1667633954.0366435,1651.78,1651.78,-0.66971452,0.46,47.46810646
1667633964.089746,1651.78,1651.78,-0.66971452,0.46,47.46810646
1667633974.0300698,1651.78,1651.78,-0.66971452,0.46,47.46810646
1667633984.1848776,1651.78,1651.78,-0.66971452,0.46,47.46810646
1667633994.0145254,1651.78,1651.78,-0.66971452,0.46,47.46810646
1667634004.4307249,1651.78,1651.78,-0.66971452,0.46,47.46810646
1667634014.5274718,1651.47,1651.47,-0.63760304,-0.26,45.68749841
1667634024.50794,1651.47,1651.47,-0.63760304,-0.26,45.68749841
1667634034.4318328,1651.47,1651.47,-0.63760304,-0.26,45.68749841
1667634044.4843955,1651.47,1651.47,-0.63760304,-0.26,45.68749841
1667634054.4735963,1651.47,1651.47,-0.63760304,-0.26,45.68749841
1667634064.389848,1651.47,1651.47,-0.63760304,-0.26,45.68749841
1667634074.527978,1651.47,1651.47,-0.58580349,0.36,45.68749841
1667634084.9267397,1651.47,1651.47,-0.58580349,0.36,45.68749841
1667634094.4882164,1651.47,1651.47,-0.58580349,0.36,45.68749841
1667634104.4670756,1651.47,1651.47,-0.58580349,0.36,45.68749841
1667634114.4714353,1651.47,1651.47,-0.58580349,0.36,45.68749841
1667634124.4700463,1651.47,1651.47,-0.58580349,0.36,45.68749841
1667634134.4832833,1651.3,1651.3,-0.56257561,0.13,44.62291198
1667634144.4397228,1651.3,1651.3,-0.56257561,0.13,44.62291198
1667634154.4473405,1651.3,1651.3,-0.56257561,0.13,44.62291198
1667634164.517914,1651.3,1651.45,-0.55060979,0.28,45.822493
1667634174.4807942,1651.3,1651.45,-0.55060979,0.28,45.822493
1667634184.9023445,1651.3,1651.45,-0.55060979,0.28,45.822493
1667634194.8996782,1651.46,1651.46,-0.50533899,-0.06,45.90662031
1667634205.2474763,1651.46,1651.46,-0.50533899,-0.06,45.90662031
1667634214.9289565,1651.46,1651.46,-0.50533899,-0.06,45.90662031
1667634224.872275,1651.46,1652.0,-0.46226207,0.48,50.09152929
1667634234.900675,1651.46,1652.0,-0.46226207,0.48,50.09152929
1667634245.0344386,1651.46,1652.0,-0.46226207,0.48,50.09152929
1667634254.9318323,1651.7,1651.7,-0.43080048,0.95,47.85611633
1667634264.8824005,1651.7,1651.7,-0.43080048,0.95,47.85611633
1667634275.279777,1651.7,1651.7,-0.43080048,0.95,47.85611633
1667634284.9012597,1651.7,1652.01,-0.40607113,1.26,50.33781721
1667634294.8222845,1651.7,1652.01,-0.40607113,1.26,50.33781721
1667634304.8889968,1651.7,1652.01,-0.40607113,1.26,50.33781721
1667634314.9085524,1652.33,1652.33,-0.29342436,2.65,52.66872591
1667634324.974672,1652.33,1652.33,-0.29342436,2.65,52.66872591
1667634334.9347956,1652.33,1652.33,-0.29342436,2.65,52.66872591
1667634344.9067817,1652.33,1652.37,-0.29023348,2.69,52.96518914
1667634354.9338355,1652.33,1652.37,-0.29023348,2.69,52.96518914
1667634365.7305677,1652.33,1652.37,-0.29023348,2.69,52.96518914
1667634375.7394314,1653.04,1653.04,-0.12083196,3.13,57.43128453
1667634385.7049778,1653.04,1653.04,-0.12083196,3.13,57.43128453
1667634395.70777,1653.04,1653.04,-0.12083196,3.13,57.43128453
1667634405.8400018,1653.04,1653.13,-0.11365247,3.22,58.00808639
1667634415.757281,1653.04,1653.13,-0.11365247,3.22,58.00808639
1667634425.7136598,1653.04,1653.13,-0.11365247,3.22,58.00808639
1667634435.827077,1652.21,1652.21,-0.14655439,1.51,50.97652396
1667634445.8443198,1652.21,1652.21,-0.14655439,1.51,50.97652396
1667634455.7905848,1652.21,1652.21,-0.14655439,1.51,50.97652396
1667634466.1690142,1652.21,1652.2,-0.14735211,1.5,50.90510393
1667634475.7834778,1652.21,1652.2,-0.14735211,1.5,50.90510393
1667634485.7822764,1652.21,1652.2,-0.14735211,1.5,50.90510393
1667634495.7585766,1652.39,1652.39,-0.08770825,0.61,52.23266734
1667634505.7519238,1652.39,1652.39,-0.08770825,0.61,52.23266734
1667634515.7580554,1652.39,1652.39,-0.08770825,0.61,52.23266734
1667634525.799879,1652.39,1652.64,-0.06776523,0.86,53.98857229
1667634535.881883,1652.39,1652.64,-0.06776523,0.86,53.98857229
1667634546.6275644,1652.39,1652.64,-0.06776523,0.86,53.98857229
1667634556.5141106,1652.3,1652.3,-0.06395173,0.83,51.52940238
1667634566.4764545,1652.3,1652.3,-0.06395173,0.83,51.52940238
1667634576.4744742,1652.3,1652.3,-0.06395173,0.83,51.52940238
1667634586.435371,1652.3,1652.62,-0.03842466,1.15,53.92744147
1667634596.5402682,1652.3,1652.62,-0.03842466,1.15,53.92744147
1667634606.507802,1652.3,1652.62,-0.03842466,1.15,53.92744147
1667634616.4990983,1653.08,1653.08,0.07066151,1.61,56.9912933
1667634626.6293015,1653.08,1653.08,0.07066151,1.61,56.9912933
1667634636.5231605,1653.08,1653.08,0.07066151,1.61,56.9912933
1667634646.7283452,1653.08,1653.08,0.07066151,1.61,56.9912933
1667634656.5553992,1653.08,1653.08,0.07066151,1.61,56.9912933
1667634666.4876575,1653.08,1653.08,0.07066151,1.61,56.9912933
1667634676.576897,1652.04,1652.04,-0.01920322,0.74,49.05330594
1667634686.5370166,1652.04,1652.04,-0.01920322,0.74,49.05330594
1667634696.544032,1652.04,1652.04,-0.01920322,0.74,49.05330594
1667634706.5487828,1652.04,1652.05,-0.0184055,0.75,49.12427242
1667634716.5710487,1652.04,1652.05,-0.0184055,0.75,49.12427242
1667634726.9586203,1652.04,1652.05,-0.0184055,0.75,49.12427242
1667634736.9713209,1652.04,1652.04,-0.02501675,0.59,49.05330594
1667634746.9398382,1652.04,1652.04,-0.02501675,0.59,49.05330594
1667634757.0140183,1652.04,1652.04,-0.02501675,0.59,49.05330594
1667634766.969836,1652.04,1652.08,-0.02182587,0.63,49.36838791
1667634777.07246,1652.04,1652.08,-0.02182587,0.63,49.36838791
1667634787.538552,1652.04,1652.08,-0.02182587,0.63,49.36838791
1667634796.9067528,1652.06,1652.06,-0.02645917,0.37,49.2113356
1667634807.0022712,1652.06,1652.06,-0.02645917,0.37,49.2113356
1667634816.8435566,1652.06,1652.06,-0.02645917,0.37,49.2113356
1667634826.961475,1652.06,1651.86,-0.04241359,0.17,47.62058535
1667634836.8938184,1652.06,1651.86,-0.04241359,0.17,47.62058535
1667634846.996796,1652.06,1651.86,-0.04241359,0.17,47.62058535
1667634856.93396,1651.5,1651.5,-0.10770072,-0.82,45.00214567
1667634866.9547534,1651.5,1651.5,-0.10770072,-0.82,45.00214567
1667634877.1807165,1651.5,1651.5,-0.10770072,-0.82,45.00214567
1667634886.9633076,1651.5,1651.41,-0.11488021,-0.91,44.34566237
1667634897.0290933,1651.5,1651.41,-0.11488021,-0.91,44.34566237
1667634907.954505,1651.5,1651.41,-0.11488021,-0.91,44.34566237
1667634917.92457,1651.32,1651.32,-0.16056969,-1.72,43.70805701
1667634927.8909545,1651.32,1651.32,-0.16056969,-1.72,43.70805701
1667634937.8814974,1651.32,1651.32,-0.16056969,-1.72,43.70805701
1667634948.374335,1651.32,1651.5,-0.14621071,-1.54,45.39895138
1667634958.0764558,1651.32,1651.5,-0.14621071,-1.54,45.39895138
1667634967.951169,1651.32,1651.5,-0.14621071,-1.54,45.39895138
1667634977.8535287,1651.34,1651.34,-0.18670013,-0.86,43.90848601
1667634987.925372,1651.34,1651.34,-0.18670013,-0.86,43.90848601
1667634997.883088,1651.34,1651.34,-0.18670013,-0.86,43.90848601
1667635008.050542,1651.34,1651.34,-0.18670013,-0.86,43.90848601
1667635017.8245149,1651.34,1651.34,-0.18670013,-0.86,43.90848601
1667635027.8308363,1651.34,1651.34,-0.18670013,-0.86,43.90848601
1667635037.962207,1652.07,1652.07,-0.10247544,-0.31,50.57025849
1667635047.944423,1652.07,1652.07,-0.10247544,-0.31,50.57025849
1667635058.1244595,1652.07,1652.07,-0.10247544,-0.31,50.57025849
1667635067.884642,1652.07,1651.73,-0.12959795,-0.65,47.72711637
1667635077.9317722,1652.07,1651.73,-0.12959795,-0.65,47.72711637
1667635088.3374336,1652.07,1651.73,-0.12959795,-0.65,47.72711637
1667635098.4648995,1651.6,1651.6,-0.14738463,-0.7,46.72274079
1667635108.8799484,1651.6,1651.6,-0.14738463,-0.7,46.72274079
1667635118.5408835,1651.6,1651.6,-0.14738463,-0.7,46.72274079
1667635128.3591518,1651.6,1651.59,-0.14818235,-0.71,46.64143076
1667635138.428865,1651.6,1651.59,-0.14818235,-0.71,46.64143076
1667635148.4944825,1651.6,1651.59,-0.14818235,-0.71,46.64143076
1667635158.381699,1651.6,1651.6,-0.15151553,-1.47,46.72274079
1667635168.347214,1651.6,1651.6,-0.15151553,-1.47,46.72274079
1667635178.360381,1651.6,1651.6,-0.15151553,-1.47,46.72274079
1667635188.4136238,1651.6,1651.53,-0.15709957,-1.54,46.11668434
1667635198.3406248,1651.6,1651.53,-0.15709957,-1.54,46.11668434
1667635208.353691,1651.6,1651.53,-0.15709957,-1.54,46.11668434
1667635218.4045308,1651.37,1651.37,-0.18615459,-0.68,44.81505509
1667635228.3705282,1651.37,1651.37,-0.18615459,-0.68,44.81505509
1667635238.4005191,1651.37,1651.37,-0.18615459,-0.68,44.81505509
1667635248.40954,1651.37,1651.34,-0.18854775,-0.71,44.53596915
1667635258.3816442,1651.37,1651.34,-0.18854775,-0.71,44.53596915
1667635269.548293,1651.37,1651.34,-0.18854775,-0.71,44.53596915
1667635279.0199714,1651.63,1651.63,-0.16003382,-0.41,47.46053233
1667635289.2445226,1651.63,1651.63,-0.16003382,-0.41,47.46053233
1667635298.9754648,1651.63,1651.63,-0.16003382,-0.41,47.46053233
1667635309.1289666,1651.63,1651.55,-0.16641558,-0.49,46.70773705
1667635319.1092892,1651.63,1651.55,-0.16641558,-0.49,46.70773705
1667635329.123423,1651.63,1651.55,-0.16641558,-0.49,46.70773705
1667635339.1024945,1651.74,1651.74,-0.13782008,-0.32,48.58031528
1667635349.1387732,1651.74,1651.74,-0.13782008,-0.32,48.58031528
1667635359.120707,1651.74,1651.74,-0.13782008,-0.32,48.58031528
1667635369.1916392,1651.74,1651.9,-0.12505654,-0.16,50.24153521
1667635379.0875669,1651.74,1651.9,-0.12505654,-0.16,50.24153521
1667635389.1604996,1651.74,1651.9,-0.12505654,-0.16,50.24153521
1667635399.1215758,1651.84,1651.84,-0.11096834,0.34,49.6250411
1667635409.1266832,1651.84,1651.84,-0.11096834,0.34,49.6250411
1667635419.1414115,1651.84,1651.84,-0.11096834,0.34,49.6250411
1667635429.4322443,1651.84,1651.87,-0.10857518,0.37,49.95392378
1667635439.1732855,1651.84,1651.87,-0.10857518,0.37,49.95392378
1667635449.9457364,1651.84,1651.87,-0.10857518,0.37,49.95392378
1667635460.35733,1651.3,1651.3,-0.17126084,-0.02,44.36630261
1667635469.941929,1651.3,1651.3,-0.17126084,-0.02,44.36630261
1667635479.915286,1651.3,1651.3,-0.17126084,-0.02,44.36630261
1667635489.9885185,1651.3,1650.56,-0.23029218,-0.76,38.37366035
1667635500.1043715,1651.3,1650.56,-0.23029218,-0.76,38.37366035
1667635509.965222,1651.3,1650.56,-0.23029218,-0.76,38.37366035
1667635519.9252892,1649.64,1649.64,-0.41808387,-1.69,32.85620723
1667635530.0946002,1649.64,1649.64,-0.41808387,-1.69,32.85620723
1667635539.9533615,1649.64,1649.64,-0.41808387,-1.69,32.85620723
1667635550.0620625,1649.64,1649.89,-0.39814085,-1.44,35.5673254
1667635559.9470868,1649.64,1649.89,-0.39814085,-1.44,35.5673254
1667635569.9793224,1649.64,1649.89,-0.39814085,-1.44,35.5673254
1667635579.9873378,1649.64,1649.64,-0.50233418,-2.43,32.90947565
1667635590.1009493,1649.64,1649.64,-0.50233418,-2.43,32.90947565
1667635600.2395403,1649.64,1649.64,-0.50233418,-2.43,32.90947565
1667635609.9833665,1649.64,1649.2,-0.5374339,-2.87,30.4865895
1667635620.3496764,1649.64,1649.2,-0.5374339,-2.87,30.4865895
1667635630.3099468,1649.64,1649.2,-0.5374339,-2.87,30.4865895
1667635640.2895632,1648.59,1648.59,-0.71167326,-3.01,27.66307715
1667635650.4978197,1648.59,1648.59,-0.71167326,-3.01,27.66307715
1667635660.5539253,1648.59,1648.59,-0.71167326,-3.01,27.66307715
1667635670.2903576,1648.59,1647.76,-0.77788409,-3.84,24.35750534
1667635680.3137877,1648.59,1647.76,-0.77788409,-3.84,24.35750534
1667635690.376798,1648.59,1647.76,-0.77788409,-3.84,24.35750534
1667635700.2965724,1647.76,1647.76,-0.91928153,-3.84,24.35750534
1667635710.336717,1647.76,1647.76,-0.91928153,-3.84,24.35750534
1667635720.3884356,1647.76,1646.72,-1.00224449,-4.88,20.97533857
1667635730.3828895,1647.76,1646.72,-1.00224449,-4.88,20.97533857
1667635740.323763,1647.76,1646.72,-1.00224449,-4.88,20.97533857
1667635750.3782687,1646.91,1646.91,-1.13974497,-4.45,21.52128583
1667635760.2983043,1646.91,1646.91,-1.13974497,-4.45,21.52128583
1667635770.2909043,1646.91,1646.91,-1.13974497,-4.45,21.52128583
1667635780.519983,1646.91,1647.83,-1.06635465,-3.53,30.89991188
1667635790.3688,1646.91,1647.83,-1.06635465,-3.53,30.89991188
1667635800.476286,1646.91,1647.83,-1.06635465,-3.53,30.89991188
1667635811.373062,1646.72,1646.72,-1.27260259,-4.9,20.93217702
1667635820.6896107,1646.72,1646.72,-1.27260259,-4.9,20.93217702
1667635830.7684157,1646.72,1646.72,-1.27260259,-4.9,20.93217702
1667635840.7551453,1646.72,1645.44,-1.37471085,-6.18,17.47560342
1667635850.7607284,1646.72,1645.44,-1.37471085,-6.18,17.47560342
1667635860.826058,1646.72,1645.44,-1.37471085,-6.18,17.47560342
1667635870.821012,1646.72,1645.44,-1.37471085,-6.18,17.47560342
1667635880.8026886,1645.9,1645.9,-1.46685805,-5.84,18.57810896
1667635890.7881603,1645.9,1645.9,-1.46685805,-5.84,18.57810896
1667635900.777644,1645.9,1645.9,-1.46685805,-5.84,18.57810896
1667635910.7965362,1645.9,1645.8,-1.47483526,-5.94,18.30770726
1667635920.7584596,1645.9,1645.8,-1.47483526,-5.94,18.30770726
1667635930.7659636,1645.73,1645.73,-1.57573412,-6.12,18.22369263
1667635940.9526873,1645.73,1645.73,-1.57573412,-6.12,18.22369263
1667635950.7683623,1645.73,1645.73,-1.57573412,-6.12,18.22369263
1667635960.7853596,1645.73,1647.24,-1.45527828,-4.61,33.70912242
1667635971.1227305,1645.73,1647.24,-1.45527828,-4.61,33.70912242
1667635980.8726633,1645.73,1647.24,-1.45527828,-4.61,33.70912242
1667635991.1862965,1646.63,1646.63,-1.50521855,-4.68,28.22545513
1667636001.2438676,1646.63,1646.63,-1.50521855,-4.68,28.22545513
1667636011.3897088,1646.63,1646.63,-1.50521855,-4.68,28.22545513
1667636021.1453712,1646.63,1645.56,-1.59057468,-5.75,24.34188183
1667636031.200074,1646.63,1645.56,-1.59057468,-5.75,24.34188183
1667636041.3839648,1646.63,1645.56,-1.59057468,-5.75,24.34188183
1667636051.330223,1646.63,1645.56,-1.59057468,-5.75,24.34188183
1667636061.236349,1645.27,1645.27,-1.68069536,-4.37,23.47877882
1667636071.2299988,1645.27,1645.27,-1.68069536,-4.37,23.47877882
1667636081.3554132,1645.27,1645.0,-1.70223382,-4.64,22.67272749
1667636091.1978078,1645.27,1645.0,-1.70223382,-4.64,22.67272749
1667636101.2205477,1645.27,1645.0,-1.70223382,-4.64,22.67272749
1667636111.2353642,1645.27,1645.0,-1.70223382,-4.64,22.67272749
1667636121.4782016,1644.98,1644.98,-1.75501978,-4.67,22.61521606
1667636131.2454934,1644.98,1644.98,-1.75501978,-4.67,22.61521606
1667636141.2593,1644.98,1643.39,-1.88185738,-6.26,18.58014406
1667636151.2069488,1644.98,1643.39,-1.88185738,-6.26,18.58014406
1667636161.8382833,1644.98,1643.39,-1.88185738,-6.26,18.58014406
1667636171.8011546,1643.5,1643.5,-1.98495847,-5.09,18.89014033
1667636181.9148898,1643.5,1643.5,-1.98495847,-5.09,18.89014033
1667636191.8335006,1643.5,1643.5,-1.98495847,-5.09,18.89014033
1667636201.8518913,1643.5,1643.31,-2.00011516,-5.28,18.38651554
1667636211.8199952,1643.5,1643.31,-2.00011516,-5.28,18.38651554
1667636221.8197138,1643.5,1643.31,-2.00011516,-5.28,18.38651554
1667636231.927528,1642.58,1642.58,-2.1800344,-5.18,16.98989617
1667636241.7919846,1642.58,1642.58,-2.1800344,-5.18,16.98989617
1667636251.8287008,1642.58,1642.58,-2.1800344,-5.18,16.98989617
1667636261.7767892,1642.58,1641.81,-2.2414589,-5.95,15.4980813
1667636271.8052151,1642.58,1641.81,-2.2414589,-5.95,15.4980813
1667636281.8554268,1642.58,1641.81,-2.2414589,-5.95,15.4980813
1667636291.839104,1637.84,1637.84,-2.91996165,-9.07,10.83050925
1667636301.8149655,1637.84,1637.84,-2.91996165,-9.07,10.83050925
1667636311.845585,1637.84,1637.84,-2.91996165,-9.07,10.83050925
1667636322.028854,1637.84,1641.8,-2.60406421,-5.11,32.62706701
1667636331.821983,1637.84,1641.8,-2.60406421,-5.11,32.62706701
1667636342.0751846,1637.84,1641.8,-2.60406421,-5.11,32.62706701
1667636352.6178613,1640.21,1640.21,-2.83450821,-6.52,25.32750031
1667636362.2139187,1640.21,1640.21,-2.83450821,-6.52,25.32750031
1667636372.2400727,1640.21,1640.21,-2.83450821,-6.52,25.32750031
1667636382.2029626,1640.21,1642.3,-2.66778456,-4.43,35.26439175
1667636392.236141,1640.21,1642.3,-2.66778456,-4.43,35.26439175
1667636402.2792706,1640.21,1642.3,-2.66778456,-4.43,35.26439175
1667636412.302708,1642.61,1642.61,-2.54411834,-3.29,36.53641932
1667636422.3214743,1642.61,1642.61,-2.54411834,-3.29,36.53641932
1667636432.3061738,1642.61,1642.61,-2.54411834,-3.29,36.53641932
1667636442.261275,1642.61,1644.88,-2.36303572,-1.02,44.94789507
1667636452.3275042,1642.61,1644.88,-2.36303572,-1.02,44.94789507
1667636462.302335,1642.61,1644.88,-2.36303572,-1.02,44.94789507
1667636472.33329,1646.37,1646.37,-1.90732883,0.65,49.36366995
1667636482.552647,1646.37,1646.37,-1.90732883,0.65,49.36366995
1667636492.2510097,1646.37,1646.37,-1.90732883,0.65,49.36366995
1667636502.4172378,1646.37,1648.01,-1.77650262,2.29,53.7579542
1667636512.7726178,1646.37,1648.01,-1.77650262,2.29,53.7579542
1667636522.388126,1646.37,1648.01,-1.77650262,2.29,53.7579542
1667636533.1695292,1648.35,1648.35,-1.34115909,1.73,54.57520243
1667636543.3797982,1648.35,1648.35,-1.34115909,1.73,54.57520243
1667636553.3356829,1648.35,1648.35,-1.34115909,1.73,54.57520243
1667636563.3333883,1648.35,1646.14,-1.51745539,-0.48,48.56685577
1667636573.1293929,1648.35,1646.14,-1.51745539,-0.48,48.56685577
1667636583.170691,1648.35,1646.14,-1.51745539,-0.48,48.56685577
1667636593.3515992,1647.16,1647.16,-1.17364941,1.89,51.16468239
1667636603.1214387,1647.16,1647.16,-1.17364941,1.89,51.16468239
1667636613.2622447,1647.16,1647.16,-1.17364941,1.89,51.16468239
1667636623.1031232,1647.16,1647.73,-1.12817932,2.46,52.69175674
1667636633.1471088,1647.16,1647.73,-1.12817932,2.46,52.69175674
1667636643.2266111,1647.16,1647.73,-1.12817932,2.46,52.69175674
1667636653.154034,1648.24,1648.24,-0.80199791,3.26,53.97184024
1667636663.2232995,1648.24,1648.24,-0.80199791,3.26,53.97184024
1667636673.1265235,1648.24,1648.24,-0.80199791,3.26,53.97184024
1667636683.170235,1648.24,1648.24,-0.80199791,3.26,53.97184024
1667636693.1890693,1648.24,1647.61,-0.85225432,2.63,52.08945583
1667636703.6035247,1648.24,1647.61,-0.85225432,2.63,52.08945583
1667636713.8408153,1646.89,1646.89,-0.76002629,3.4,50.09072594
1667636723.8817234,1646.89,1646.89,-0.76002629,3.4,50.09072594
1667636733.7858913,1646.89,1646.89,-0.76002629,3.4,50.09072594
1667636743.7550504,1646.89,1647.1,-0.74327415,3.61,50.68524158
1667636753.789226,1646.89,1647.1,-0.74327415,3.61,50.68524158
1667636763.791003,1646.89,1647.1,-0.74327415,3.61,50.68524158
1667636773.9537282,1647.51,1647.51,-0.5464713,4.94,51.8016742
1667636783.875599,1647.51,1647.51,-0.5464713,4.94,51.8016742
1667636793.8422549,1647.51,1647.51,-0.5464713,4.94,51.8016742
1667636803.8103125,1647.51,1646.56,-0.62225478,3.99,49.02496355
1667636813.79412,1647.51,1646.56,-0.62225478,3.99,49.02496355
1667636823.8713253,1647.51,1646.56,-0.62225478,3.99,49.02496355
1667636834.036926,1645.32,1645.32,-0.72188708,7.48,45.81919362
1667636844.3421612,1645.32,1645.32,-0.72188708,7.48,45.81919362
1667636854.0477097,1645.32,1645.32,-0.72188708,7.48,45.81919362
1667636864.3018005,1645.32,1643.99,-0.82798395,6.15,42.60143171
1667636874.0656905,1645.32,1643.99,-0.82798395,6.15,42.60143171
1667636884.0939572,1645.32,1643.99,-0.82798395,6.15,42.60143171
1667636894.7705684,1643.89,1643.89,-0.91636893,3.67,42.37766686
1667636904.746676,1643.89,1643.89,-0.91636893,3.67,42.37766686
1667636914.705847,1643.89,1643.89,-0.91636893,3.67,42.37766686
1667636924.715738,1643.89,1642.27,-1.0455997,2.05,38.820318
1667636934.7957509,1643.89,1642.27,-1.0455997,2.05,38.820318
1667636944.689873,1643.89,1642.27,-1.0455997,2.05,38.820318
1667636954.9358137,1642.26,1642.26,-1.19872848,-0.36,38.7986671
1667636964.8825696,1642.26,1642.26,-1.19872848,-0.36,38.7986671
1667636974.7182636,1642.26,1642.26,-1.19872848,-0.36,38.7986671
1667636984.6905117,1642.26,1643.13,-1.12932677,0.51,41.62192556
1667636994.7097208,1642.26,1643.13,-1.12932677,0.51,41.62192556
1667637004.6809835,1642.26,1643.13,-1.12932677,0.51,41.62192556
1667637014.6571789,1643.0,1643.0,-1.1998163,-3.36,41.2227156
1667637025.1068528,1643.0,1643.0,-1.1998163,-3.36,41.2227156
1667637034.7731087,1643.0,1643.0,-1.1998163,-3.36,41.2227156
1667637044.6400578,1643.0,1641.65,-1.30750861,-4.71,38.2447144
1667637054.7223194,1643.0,1641.65,-1.30750861,-4.71,38.2447144
1667637064.670553,1643.0,1641.65,-1.30750861,-4.71,38.2447144
1667637075.4240432,1642.34,1642.34,-1.32716932,-6.01,39.71098544
1667637085.3562374,1642.34,1642.34,-1.32716932,-6.01,39.71098544
1667637095.508182,1642.34,1642.34,-1.32716932,-6.01,39.71098544
1667637105.4625463,1642.34,1644.41,-1.16204112,-3.94,46.35564591
1667637115.6077187,1642.34,1644.41,-1.16204112,-3.94,46.35564591
1667637125.5097091,1642.34,1644.41,-1.16204112,-3.94,46.35564591
1667637135.4855084,1643.95,1643.95,-1.14297962,-3.22,45.00880832
1667637145.4783134,1643.95,1643.95,-1.14297962,-3.22,45.00880832
1667637155.4929876,1643.95,1643.95,-1.14297962,-3.22,45.00880832
1667637165.4854877,1643.95,1644.61,-1.09033005,-2.56,47.06245529
1667637175.4491386,1643.95,1644.61,-1.09033005,-2.56,47.06245529
1667637186.0808618,1643.95,1644.61,-1.09033005,-2.56,47.06245529
1667637195.6835282,1644.67,1644.67,-0.98387333,-3.58,47.24263079
1667637205.4805186,1644.67,1644.67,-0.98387333,-3.58,47.24263079
1667637215.5562167,1644.67,1644.67,-0.98387333,-3.58,47.24263079
1667637225.5427248,1644.67,1645.0,-0.95754855,-3.25,48.27591934
1667637235.4609728,1644.67,1645.0,-0.95754855,-3.25,48.27591934
1667637245.555523,1644.67,1645.0,-0.95754855,-3.25,48.27591934
1667637256.3976526,1644.94,1644.94,-0.85607784,-1.96,48.09286635
1667637266.41829,1644.94,1644.94,-0.85607784,-1.96,48.09286635
1667637276.4923134,1644.94,1644.94,-0.85607784,-1.96,48.09286635
1667637286.3823254,1644.94,1644.37,-0.90154792,-2.53,46.38687575
1667637296.3784013,1644.94,1644.37,-0.90154792,-2.53,46.38687575
1667637306.3942487,1644.94,1644.37,-0.90154792,-2.53,46.38687575
1667637316.4127092,1644.59,1644.59,-0.81192403,-2.93,47.02987994
1667637326.4182792,1644.59,1644.59,-0.81192403,-2.93,47.02987994
1667637336.3719318,1644.59,1644.59,-0.81192403,-2.93,47.02987994
1667637347.044079,1644.59,1644.35,-0.83106933,-3.17,46.27626376
1667637356.4880342,1644.59,1644.35,-0.83106933,-3.17,46.27626376
1667637366.5934465,1644.59,1644.35,-0.83106933,-3.17,46.27626376
1667637376.6288466,1645.1,1645.1,-0.6741082,-0.22,48.80164791
1667637386.465486,1645.1,1645.1,-0.6741082,-0.22,48.80164791
1667637396.6996734,1645.1,1645.1,-0.6741082,-0.22,48.80164791
1667637406.4880953,1645.1,1645.01,-0.68128769,-0.31,48.49338914
1667637416.5206375,1645.1,1645.01,-0.68128769,-0.31,48.49338914
1667637426.4688208,1645.1,1645.01,-0.68128769,-0.31,48.49338914
1667637436.9170942,1644.32,1644.32,-0.69997227,0.43,46.25109073
1667637446.890098,1644.32,1644.32,-0.69997227,0.43,46.25109073
1667637456.8946264,1644.32,1644.32,-0.69997227,0.43,46.25109073
1667637467.0569515,1644.32,1643.36,-0.77655347,-0.53,43.25748198
1667637476.8765466,1644.32,1643.36,-0.77655347,-0.53,43.25748198
1667637486.853083,1644.32,1643.36,-0.77655347,-0.53,43.25748198
1667637496.9341717,1643.42,1643.42,-0.79197679,1.15,43.44500314
1667637507.398332,1643.42,1643.42,-0.79197679,1.15,43.44500314
1667637517.0764213,1643.42,1643.42,-0.79197679,1.15,43.44500314
1667637526.9275892,1643.42,1642.97,-0.82787422,0.7,42.05567511
1667637537.0684135,1643.42,1642.97,-0.82787422,0.7,42.05567511
1667637546.8679557,1643.42,1642.97,-0.82787422,0.7,42.05567511
1667637556.9334393,1641.92,1641.92,-1.01020391,-1.09,39.15358611
1667637566.9129412,1641.92,1641.92,-1.01020391,-1.09,39.15358611
1667637576.8765435,1641.92,1641.92,-1.01020391,-1.09,39.15358611
1667637586.8583846,1641.92,1641.04,-1.08040334,-1.97,36.85798829
1667637596.8878736,1641.92,1641.04,-1.08040334,-1.97,36.85798829
1667637606.8453472,1641.92,1641.04,-1.08040334,-1.97,36.85798829
1667637617.471189,1641.16,1641.16,-1.18396945,-1.18,37.17551812
1667637627.4788587,1641.16,1641.16,-1.18396945,-1.18,37.17551812
1667637637.420443,1641.16,1641.16,-1.18396945,-1.18,37.17551812
1667637647.4572003,1641.16,1642.23,-1.09861332,-0.11,41.68253781
1667637657.4584837,1641.16,1642.23,-1.09861332,-0.11,41.68253781
1667637667.4589255,1641.16,1642.23,-1.09861332,-0.11,41.68253781
1667637677.5456212,1641.96,1641.96,-1.1454034,-1.99,40.60737799
1667637687.5503676,1641.96,1641.96,-1.1454034,-1.99,40.60737799
1667637697.9433343,1641.96,1641.96,-1.1454034,-1.99,40.60737799
1667637707.6305604,1641.96,1640.42,-1.2682524,-3.53,36.47661244
1667637717.580434,1641.96,1640.42,-1.2682524,-3.53,36.47661244
1667637727.6336262,1641.96,1640.42,-1.2682524,-3.53,36.47661244
1667637737.474236,1640.24,1640.24,-1.39466198,-4.44,36.04619602
1667637747.515394,1640.24,1640.24,-1.39466198,-4.44,36.04619602
1667637757.5484354,1640.24,1640.24,-1.39466198,-4.44,36.04619602
1667637767.809851,1640.24,1640.8,-1.34998962,-3.88,38.45283414
1667637777.526357,1640.24,1640.8,-1.34998962,-3.88,38.45283414
1667637787.5929797,1640.24,1640.8,-1.34998962,-3.88,38.45283414
1667637798.2182791,1639.96,1639.96,-1.50676382,-4.97,35.35039226
1667637808.249435,1639.96,1639.96,-1.50676382,-4.97,35.35039226
1667637818.3407214,1639.96,1639.96,-1.50676382,-4.97,35.35039226
1667637828.2361894,1639.96,1640.4,-1.47166411,-4.53,37.39548184
1667637838.2469473,1639.96,1640.4,-1.47166411,-4.53,37.39548184
1667637848.2842195,1639.96,1640.4,-1.47166411,-4.53,37.39548184
1667637858.4154654,1639.73,1639.73,-1.59181941,-4.86,34.75493801
1667637868.3440678,1639.73,1639.73,-1.59181941,-4.86,34.75493801
1667637878.3366137,1639.73,1639.73,-1.59181941,-4.86,34.75493801
1667637888.6184824,1639.73,1639.46,-1.61335787,-5.13,34.03263359
1667637898.3415284,1639.73,1639.46,-1.61335787,-5.13,34.03263359
1667637908.4008417,1639.73,1639.46,-1.61335787,-5.13,34.03263359
1667637918.533007,1640.16,1640.16,-1.56578226,-4.94,36.86820992
1667637928.3843107,1640.16,1640.16,-1.56578226,-4.94,36.86820992
1667637938.3743503,1640.16,1640.16,-1.56578226,-4.94,36.86820992
1667637948.3603885,1640.16,1641.8,-1.43495605,-3.3,44.35262961
1667637958.365873,1640.16,1641.8,-1.43495605,-3.3,44.35262961
1667637968.5017655,1640.16,1641.8,-1.43495605,-3.3,44.35262961
1667637979.1995702,1640.93,1640.93,-1.44494887,-3.4,40.63011165
1667637989.3706477,1640.93,1640.93,-1.44494887,-3.4,40.63011165
1667637999.6353498,1640.93,1640.93,-1.44494887,-3.4,40.63011165
1667638009.4845247,1640.93,1638.94,-1.60369531,-5.39,34.87410304
1667638019.2484813,1640.93,1638.94,-1.60369531,-5.39,34.87410304
1667638029.2771697,1640.93,1638.94,-1.60369531,-5.39,34.87410304
1667638039.2840607,1640.08,1640.08,-1.5027199,-3.33,37.95435938
1667638049.2367146,1640.08,1640.08,-1.5027199,-3.33,37.95435938
1667638059.2018511,1640.08,1640.08,-1.5027199,-3.33,37.95435938
1667638069.2300646,1640.08,1640.61,-1.46044069,-2.8,40.5819512
1667638079.5501976,1640.08,1640.61,-1.46044069,-2.8,40.5819512
1667638089.2604067,1640.08,1640.61,-1.46044069,-2.8,40.5819512
1667638099.25349,1640.91,1640.91,-1.36101756,-1.01,41.97641963
1667638109.3239284,1640.91,1640.91,-1.36101756,-1.01,41.97641963
1667638119.2112465,1640.91,1640.91,-1.36101756,-1.01,41.97641963
1667638129.311508,1640.91,1641.45,-1.31794063,-0.47,44.49506453
1667638139.4275174,1640.91,1641.45,-1.31794063,-0.47,44.49506453
1667638149.3142216,1640.91,1641.45,-1.31794063,-0.47,44.49506453
1667638159.9828649,1642.49,1642.49,-1.06176798,1.34,48.7762769
1667638169.979473,1642.49,1642.49,-1.06176798,1.34,48.7762769
1667638180.0174975,1642.49,1642.49,-1.06176798,1.34,48.7762769
1667638189.9624,1642.49,1642.35,-1.07293607,1.2,48.23759823
1667638200.1184175,1642.49,1642.35,-1.07293607,1.2,48.23759823
1667638209.9601233,1642.49,1642.35,-1.07293607,1.2,48.23759823
1667638220.0266492,1642.35,1642.35,-0.9343782,0.39,48.23759823
1667638229.929117,1642.35,1642.35,-0.9343782,0.39,48.23759823
1667638240.1214662,1642.35,1642.35,-0.9343782,0.39,48.23759823
1667638249.9292448,1642.35,1641.96,-0.96548932,0.0,46.69066197
1667638259.9686852,1642.35,1641.96,-0.96548932,0.0,46.69066197
1667638270.1985216,1642.35,1641.96,-0.96548932,0.0,46.69066197
1667638279.9320643,1641.54,1641.54,-0.9296769,1.29,45.1319859
1667638289.9969397,1641.54,1641.54,-0.9296769,1.29,45.1319859
1667638300.006284,1641.54,1641.54,-0.9296769,1.29,45.1319859
1667638309.9447682,1641.54,1642.4,-0.86107291,2.15,48.89409
1667638320.0506372,1641.54,1642.4,-0.86107291,2.15,48.89409
1667638330.0416844,1641.54,1642.4,-0.86107291,2.15,48.89409
1667638340.3013976,1643.28,1643.28,-0.61818772,3.32,52.23832416
1667638350.3604858,1643.28,1643.28,-0.61818772,3.32,52.23832416
1667638360.333379,1643.28,1643.28,-0.61818772,3.32,52.23832416
1667638370.3723848,1643.28,1643.35,-0.61260367,3.39,52.50865481
1667638380.4395504,1643.28,1643.35,-0.61260367,3.39,52.50865481
1667638390.401517,1643.28,1643.35,-0.61260367,3.39,52.50865481
1667638400.528991,1643.08,1643.08,-0.50536112,3.34,51.41529276
1667638410.412284,1643.08,1643.08,-0.50536112,3.34,51.41529276
1667638420.3631742,1643.08,1643.14,-0.50057479,3.4,51.66115726
1667638430.8673038,1643.08,1643.14,-0.50057479,3.4,51.66115726
1667638440.366456,1643.08,1643.14,-0.50057479,3.4,51.66115726
1667638450.3665,1643.08,1643.14,-0.50057479,3.4,51.66115726
1667638460.379274,1643.07,1643.07,-0.40010975,2.91,51.37491241
1667638470.3171165,1643.07,1643.07,-0.40010975,2.91,51.37491241
1667638480.3844416,1643.07,1643.13,-0.39532342,2.97,51.63956622
1667638490.424003,1643.07,1643.13,-0.39532342,2.97,51.63956622
1667638500.4284449,1643.07,1643.13,-0.39532342,2.97,51.63956622
1667638510.390953,1643.07,1643.13,-0.39532342,2.97,51.63956622
1667638521.4986851,1643.34,1643.34,-0.27367033,2.4,52.54359168
1667638531.4683104,1643.34,1643.34,-0.27367033,2.4,52.54359168
1667638541.494919,1643.34,1643.34,-0.27367033,2.4,52.54359168
1667638551.5184925,1643.34,1643.74,-0.2417615,2.8,54.29613508
1667638561.5109465,1643.34,1643.74,-0.2417615,2.8,54.29613508
1667638571.546795,1643.75,1643.75,-0.13102151,3.67,54.34153133
1667638581.478234,1643.75,1643.75,-0.13102151,3.67,54.34153133
1667638591.457695,1643.75,1643.75,-0.13102151,3.67,54.34153133
1667638601.512262,1643.75,1643.75,-0.13102151,3.67,54.34153133
1667638611.534955,1643.75,1643.75,-0.13102151,3.67,54.34153133
1667638621.986261,1643.75,1643.75,-0.13102151,3.67,54.34153133
1667638631.4848375,1643.75,1643.75,-0.13102151,3.67,54.34153133
1667638641.4989548,1643.33,1643.33,-0.10152262,2.43,52.16563756
1667638651.4778297,1643.33,1643.33,-0.10152262,2.43,52.16563756
1667638661.4901,1643.33,1643.77,-0.06642291,2.87,54.24540191
1667638671.4973238,1643.33,1643.77,-0.06642291,2.87,54.24540191
1667638681.481057,1643.33,1643.77,-0.06642291,2.87,54.24540191
1667638691.7599,1643.91,1643.91,0.02974512,1.41,54.87184833
1667638702.1087856,1643.91,1643.91,0.02974512,1.41,54.87184833
1667638712.1493342,1643.91,1643.91,0.02974512,1.41,54.87184833
1667638722.2057962,1643.91,1643.91,0.02974512,1.41,54.87184833
1667638732.1243236,1643.91,1643.91,0.02974512,1.41,54.87184833
1667638742.1605875,1643.91,1643.91,0.02974512,1.41,54.87184833
1667638752.0738344,1643.45,1643.45,0.03159979,1.1,52.35425256
1667638762.133056,1643.45,1643.45,0.03159979,1.1,52.35425256
1667638772.0672972,1643.45,1643.45,0.03159979,1.1,52.35425256
1667638782.6125245,1643.45,1643.59,0.04276788,1.24,53.06283098
1667638792.1033494,1643.45,1643.59,0.04276788,1.24,53.06283098
1667638802.2570975,1643.45,1643.59,0.04276788,1.24,53.06283098
1667638812.2007897,1643.31,1643.31,0.04226769,1.77,51.57143609
1667638822.1678376,1643.31,1643.31,0.04226769,1.77,51.57143609
1667638832.161626,1643.31,1643.31,0.04226769,1.77,51.57143609
1667638842.1654642,1643.31,1643.72,0.07497424,2.18,53.74915764
1667638852.2919917,1643.31,1643.72,0.07497424,2.18,53.74915764
1667638862.201007,1643.31,1643.72,0.07497424,2.18,53.74915764
1667638872.1935782,1643.57,1643.57,0.09502323,0.28,52.97677286
1667638882.9299324,1643.57,1643.57,0.09502323,0.28,52.97677286
1667638892.9637146,1643.57,1643.57,0.09502323,0.28,52.97677286
1667638902.8943396,1643.57,1644.02,0.13092067,0.73,55.38396614
1667638912.8573442,1643.57,1644.02,0.13092067,0.73,55.38396614
1667638922.9234858,1643.57,1644.02,0.13092067,0.73,55.38396614
1667638932.9228716,1643.97,1643.97,0.17618406,0.9,55.11219252
1667638943.1140778,1643.97,1643.97,0.17618406,0.9,55.11219252
1667638952.9175043,1643.97,1643.97,0.17618406,0.9,55.11219252
1667638962.9020436,1643.97,1643.71,0.15544332,0.64,53.40541888
1667638972.8894143,1643.97,1643.71,0.15544332,0.64,53.40541888
1667638982.9452016,1643.97,1643.71,0.15544332,0.64,53.40541888
1667638992.9189737,1643.68,1643.68,0.1717598,0.62,53.21040385
1667639003.0597277,1643.68,1643.68,0.1717598,0.62,53.21040385
1667639012.938213,1643.68,1643.68,0.1717598,0.62,53.21040385
1667639022.8269954,1643.68,1642.66,0.09039228,-0.4,47.07377321
1667639032.919628,1643.68,1642.66,0.09039228,-0.4,47.07377321
1667639042.8587267,1643.68,1642.66,0.09039228,-0.4,47.07377321
1667639052.945595,1643.68,1642.66,0.09039228,-0.4,47.07377321
1667639063.8874366,1642.57,1642.57,0.02753953,-0.77,46.59556558
1667639073.886719,1642.57,1642.57,0.02753953,-0.77,46.59556558
1667639083.9138749,1642.57,1642.27,0.0036079,-1.07,44.96955502
1667639093.923542,1642.57,1642.27,0.0036079,-1.07,44.96955502
1667639104.0927627,1642.57,1642.27,0.0036079,-1.07,44.96955502
1667639113.97859,1642.1,1642.1,-0.08284243,-1.64,44.09367733
1667639123.8868496,1642.1,1642.1,-0.08284243,-1.64,44.09367733
1667639133.934658,1642.1,1642.1,-0.08284243,-1.64,44.09367733
1667639143.85853,1642.1,1642.85,-0.02301337,-0.89,48.80674737
1667639153.9501212,1642.1,1642.85,-0.02301337,-0.89,48.80674737
1667639163.8845005,1642.1,1642.85,-0.02301337,-0.89,48.80674737
1667639173.9505963,1642.62,1642.62,-0.06673759,-0.72,47.44886562
1667639183.9154315,1642.62,1642.62,-0.06673759,-0.72,47.44886562
1667639193.910962,1642.62,1642.62,-0.06673759,-0.72,47.44886562
1667639204.0672967,1642.62,1642.91,-0.04360369,-0.43,49.28170188
1667639213.9257944,1642.62,1642.91,-0.04360369,-0.43,49.28170188
1667639223.9455247,1642.62,1642.91,-0.04360369,-0.43,49.28170188
1667639234.0745523,1643.18,1643.18,-0.00545514,-0.72,50.87023794
1667639244.2182336,1643.18,1643.18,-0.00545514,-0.72,50.87023794
1667639254.3276346,1643.18,1643.18,-0.00545514,-0.72,50.87023794
1667639264.5824456,1643.18,1643.1,-0.01183691,-0.8,50.36600857
1667639274.2705078,1643.18,1643.1,-0.01183691,-0.8,50.36600857
1667639284.272544,1643.18,1643.1,-0.01183691,-0.8,50.36600857
1667639294.3585415,1642.69,1642.69,-0.06165609,-0.76,47.92679045
1667639304.2243075,1642.69,1642.69,-0.06165609,-0.76,47.92679045
1667639314.2662551,1642.69,1642.69,-0.06165609,-0.76,47.92679045
1667639324.495457,1642.69,1642.39,-0.08558771,-1.06,46.16820247
1667639334.311313,1642.69,1642.39,-0.08558771,-1.06,46.16820247
1667639344.2751305,1642.69,1642.39,-0.08558771,-1.06,46.16820247
1667639354.3411207,1642.36,1642.36,-0.12101949,-0.96,45.99510419
1667639364.3227785,1642.36,1642.36,-0.12101949,-0.96,45.99510419
1667639374.3569355,1642.36,1642.36,-0.12101949,-0.96,45.99510419
1667639384.313536,1642.36,1642.71,-0.09309926,-0.61,48.36246087
1667639394.341638,1642.36,1642.71,-0.09309926,-0.61,48.36246087
1667639404.3229384,1642.36,1642.71,-0.09309926,-0.61,48.36246087
1667639414.2846506,1642.59,1642.59,-0.11425284,-0.98,47.57627907
1667639424.738793,1642.59,1642.59,-0.11425284,-0.98,47.57627907
1667639434.6492517,1642.59,1642.59,-0.11425284,-0.98,47.57627907
1667639444.7460706,1642.59,1643.09,-0.0743668,-0.48,50.94893641
1667639455.1801229,1642.59,1643.09,-0.0743668,-0.48,50.94893641
1667639464.695098,1642.59,1643.09,-0.0743668,-0.48,50.94893641
1667639474.730221,1643.35,1643.35,-0.0139637,-0.63,52.53677009
1667639484.719547,1643.35,1643.35,-0.0139637,-0.63,52.53677009
1667639494.727741,1643.35,1643.35,-0.0139637,-0.63,52.53677009
1667639504.8056514,1643.35,1643.65,0.00996793,-0.33,54.37212238
1667639514.7024992,1643.35,1643.65,0.00996793,-0.33,54.37212238
1667639524.726769,1643.35,1643.65,0.00996793,-0.33,54.37212238
1667639534.8022225,1644.03,1644.03,0.11339642,0.34,56.50265057
1667639544.680824,1644.03,1644.03,0.11339642,0.34,56.50265057
1667639554.7435763,1644.03,1644.03,0.11339642,0.34,56.50265057
1667639564.7290514,1644.03,1644.51,0.15168702,0.82,59.10051891
1667639574.7103243,1644.03,1644.51,0.15168702,0.82,59.10051891
1667639584.689124,1644.03,1644.51,0.15168702,0.82,59.10051891
1667639594.9529295,1644.74,1644.74,0.26913953,2.16,60.24211963
1667639605.5072095,1644.74,1644.74,0.26913953,2.16,60.24211963
1667639615.563182,1644.74,1644.74,0.26913953,2.16,60.24211963
1667639625.5720098,1644.74,1644.26,0.23084894,1.68,56.71366345
1667639635.5195122,1644.74,1644.26,0.23084894,1.68,56.71366345
1667639646.154433,1644.74,1644.26,0.23084894,1.68,56.71366345
1667639655.5853646,1644.44,1644.44,0.30193498,2.33,57.9966018
1667639665.531501,1644.44,1644.44,0.30193498,2.33,57.9966018
1667639675.659985,1644.44,1644.44,0.30193498,2.33,57.9966018
1667639685.5868502,1644.44,1644.92,0.34022558,2.81,60.55884932
1667639695.5699444,1644.44,1644.92,0.34022558,2.81,60.55884932
1667639705.4695354,1644.44,1644.92,0.34022558,2.81,60.55884932
1667639715.7440336,1645.2,1645.2,0.45098981,2.59,61.87909706
1667639725.599393,1645.2,1645.2,0.45098981,2.59,61.87909706
1667639735.732854,1645.2,1645.2,0.45098981,2.59,61.87909706
1667639745.584191,1645.2,1645.21,0.45178753,2.6,61.96077525
1667639755.5363512,1645.2,1645.21,0.45178753,2.6,61.96077525
1667639765.586509,1645.2,1645.21,0.45178753,2.6,61.96077525
1667639775.5766163,1644.28,1644.28,0.38445307,1.09,55.18628965
1667639786.4910016,1644.28,1644.28,0.38445307,1.09,55.18628965
1667639796.533501,1644.28,1644.28,0.38445307,1.09,55.18628965
1667639806.8599532,1644.28,1644.42,0.39562116,1.23,55.96678382
1667639816.7412171,1644.28,1644.42,0.39562116,1.23,55.96678382
1667639826.4705622,1644.28,1644.42,0.39562116,1.23,55.96678382
1667639836.7485986,1643.29,1643.29,0.24610849,0.59,49.03533062
1667639846.4920857,1643.29,1643.29,0.24610849,0.59,49.03533062
1667639856.5216265,1643.29,1643.29,0.24610849,0.59,49.03533062
1667639866.483544,1643.29,1643.27,0.24451305,0.57,48.9168051
1667639876.5116549,1643.29,1643.27,0.24451305,0.57,48.9168051
1667639886.566094,1643.29,1643.27,0.24451305,0.57,48.9168051
1667639896.4699907,1643.25,1643.25,0.19112512,0.88,48.79432585
1667639906.4845886,1643.25,1643.25,0.19112512,0.88,48.79432585
1667639916.5168188,1643.25,1643.25,0.19112512,0.88,48.79432585
1667639926.494272,1643.25,1643.92,0.24457241,1.55,52.89893147
1667639936.4715376,1643.25,1643.92,0.24457241,1.55,52.89893147
1667639946.5118425,1643.25,1643.92,0.24457241,1.55,52.89893147
1667639956.5003276,1644.21,1644.21,0.28283598,1.63,54.48346537
1667639967.131272,1644.21,1644.21,0.28283598,1.63,54.48346537
1667639977.4132516,1644.21,1644.21,0.28283598,1.63,54.48346537
1667639987.147641,1644.21,1644.65,0.3179357,2.07,56.8491097
1667639997.49295,1644.21,1644.65,0.3179357,2.07,56.8491097
1667640007.2660246,1644.21,1644.65,0.3179357,2.07,56.8491097
1667640017.3030007,1644.53,1644.53,0.3373275,1.18,56.22867146
1667640027.2835577,1644.53,1644.53,0.3373275,1.18,56.22867146
1667640037.140699,1644.53,1644.53,0.3373275,1.18,56.22867146
1667640047.4846933,1644.53,1644.51,0.33573206,1.16,56.08393408
1667640057.2521532,1644.53,1644.51,0.33573206,1.16,56.08393408
1667640067.4607034,1644.53,1644.51,0.33573206,1.16,56.08393408
1667640077.258276,1643.68,1643.68,0.23601814,-0.35,50.67102577
1667640087.2778084,1643.68,1643.68,0.23601814,-0.35,50.67102577
1667640097.3282337,1643.68,1643.68,0.23601814,-0.35,50.67102577
1667640107.342436,1643.68,1643.87,0.25117483,-0.16,51.81744179
1667640117.3190491,1643.68,1643.87,0.25117483,-0.16,51.81744179
1667640127.3326845,1643.68,1643.87,0.25117483,-0.16,51.81744179
1667640137.2448118,1643.27,1643.27,0.14850509,-1.46,48.20548716
1667640147.7290168,1643.27,1643.27,0.14850509,-1.46,48.20548716
1667640157.6632814,1643.27,1643.27,0.14850509,-1.46,48.20548716
1667640167.638039,1643.27,1642.91,0.11978714,-1.82,46.07309352
1667640177.6532342,1643.27,1642.91,0.11978714,-1.82,46.07309352
1667640188.171329,1643.27,1642.91,0.11978714,-1.82,46.07309352
1667640197.7253282,1642.18,1642.18,-0.04958696,-2.26,42.28772366
1667640207.660486,1642.18,1642.18,-0.04958696,-2.26,42.28772366
1667640217.6730986,1642.18,1642.18,-0.04958696,-2.26,42.28772366
1667640227.6630874,1642.18,1642.2,-0.04799152,-2.24,42.42728639
1667640237.670891,1642.18,1642.2,-0.04799152,-2.24,42.42728639
1667640247.6368835,1642.18,1642.2,-0.04799152,-2.24,42.42728639
1667640257.6956284,1641.6,1641.6,-0.21870389,-3.61,39.53914623
1667640267.676691,1641.6,1641.6,-0.21870389,-3.61,39.53914623
1667640277.696844,1641.6,1641.6,-0.21870389,-3.61,39.53914623
1667640287.7540247,1641.6,1641.76,-0.20594035,-3.45,40.69367031
1667640297.9348712,1641.6,1641.76,-0.20594035,-3.45,40.69367031
1667640307.838565,1641.6,1641.76,-0.20594035,-3.45,40.69367031
1667640317.648254,1642.12,1642.12,-0.23832736,-2.16,43.13677849
1667640328.968222,1642.12,1642.12,-0.23832736,-2.16,43.13677849
1667640338.8077185,1642.12,1642.12,-0.23832736,-2.16,43.13677849
1667640348.94875,1642.12,1642.54,-0.20482308,-1.74,45.93504435
1667640358.763629,1642.12,1642.54,-0.20482308,-1.74,45.93504435
1667640368.6922002,1642.12,1642.54,-0.20482308,-1.74,45.93504435
1667640379.1663632,1642.37,1642.37,-0.24876091,-0.93,44.84133661
1667640388.6875942,1642.37,1642.37,-0.24876091,-0.93,44.84133661
1667640398.7516997,1642.37,1642.37,-0.24876091,-0.93,44.84133661
1667640408.77956,1642.37,1642.5,-0.23839054,-0.8,45.74924068
1667640418.645579,1642.37,1642.5,-0.23839054,-0.8,45.74924068
1667640428.7518911,1642.37,1642.5,-0.23839054,-0.8,45.74924068
1667640438.8492146,1641.56,1641.56,-0.38360396,-1.7,40.5851253
1667640448.7565894,1641.56,1641.56,-0.38360396,-1.7,40.5851253
1667640458.7473187,1641.56,1641.56,-0.38360396,-1.7,40.5851253
1667640468.801121,1641.56,1641.25,-0.4083333,-2.01,39.06134858
1667640478.9072635,1641.56,1641.25,-0.4083333,-2.01,39.06134858
1667640488.820662,1641.56,1641.25,-0.4083333,-2.01,39.06134858
1667640498.7671664,1641.7,1641.7,-0.41384742,-2.5,41.63047565
1667640509.680048,1641.7,1641.7,-0.41384742,-2.5,41.63047565
1667640519.640075,1641.7,1641.7,-0.41384742,-2.5,41.63047565
1667640529.7149105,1641.7,1641.67,-0.41624058,-2.53,41.46523988
1667640540.4468236,1641.7,1641.67,-0.41624058,-2.53,41.46523988
1667640549.7519832,1641.7,1641.67,-0.41624058,-2.53,41.46523988
1667640559.846203,1641.28,1641.28,-0.5009575,-3.25,39.42686513
1667640569.6871667,1641.28,1641.28,-0.5009575,-3.25,39.42686513
1667640579.756777,1641.28,1641.28,-0.5009575,-3.25,39.42686513
1667640589.7374818,1641.28,1641.3,-0.49936206,-3.23,39.5623417
1667640599.898059,1641.28,1641.3,-0.49936206,-3.23,39.5623417
1667640609.737037,1641.28,1641.3,-0.49936206,-3.23,39.5623417
1667640619.7791464,1640.0,1640.0,-0.71881641,-3.68,33.60024636
1667640629.7741897,1640.0,1640.0,-0.71881641,-3.68,33.60024636
1667640639.9627502,1640.0,1640.0,-0.71881641,-3.68,33.60024636
1667640649.6881166,1640.0,1641.25,-0.61910131,-2.43,42.53197207
1667640659.7666302,1640.0,1641.25,-0.61910131,-2.43,42.53197207
1667640669.7697456,1640.0,1641.25,-0.61910131,-2.43,42.53197207
1667640679.7373452,1640.99,1640.99,-0.66136374,-2.27,40.87779158
1667640690.5361347,1640.99,1640.99,-0.66136374,-2.27,40.87779158
1667640701.1171849,1640.99,1640.97,-0.66295918,-2.29,40.78055023
1667640710.5163257,1640.99,1640.97,-0.66295918,-2.29,40.78055023
1667640720.5080445,1640.99,1640.97,-0.66295918,-2.29,40.78055023
1667640730.510239,1640.99,1640.97,-0.66295918,-2.29,40.78055023
1667640740.5094604,1640.25,1640.25,-0.77468089,-1.93,37.56050992
1667640750.4894178,1640.25,1640.25,-0.77468089,-1.93,37.56050992
1667640760.5277472,1640.25,1640.39,-0.7635128,-1.79,38.54846945
1667640770.502517,1640.25,1640.39,-0.7635128,-1.79,38.54846945
1667640780.4813924,1640.25,1640.39,-0.7635128,-1.79,38.54846945
1667640790.503441,1640.25,1640.39,-0.7635128,-1.79,38.54846945
1667640800.549414,1640.33,1640.33,-0.79770023,-1.26,38.11653558
1667640810.5408273,1640.33,1640.33,-0.79770023,-1.26,38.11653558
1667640820.568491,1640.33,1641.11,-0.73547801,-0.48,43.66055974
1667640830.4880557,1640.33,1641.11,-0.73547801,-0.48,43.66055974
1667640840.771989,1640.33,1641.11,-0.73547801,-0.48,43.66055974
1667640850.6035542,1640.33,1641.11,-0.73547801,-0.48,43.66055974
1667640861.1751394,1640.87,1640.87,-0.73592485,-1.25,42.06877009
1667640871.3010857,1640.87,1640.87,-0.73592485,-1.25,42.06877009
1667640881.592091,1640.87,1640.63,-0.75507014,-1.49,40.79995934
1667640891.5616446,1640.87,1640.63,-0.75507014,-1.49,40.79995934
1667640901.4113245,1640.87,1640.63,-0.75507014,-1.49,40.79995934
1667640911.4067545,1640.35,1640.35,-0.78638785,-2.01,39.46462295
1667640921.5963166,1640.35,1640.35,-0.78638785,-2.01,39.46462295
1667640931.4056947,1640.35,1640.35,-0.78638785,-2.01,39.46462295
1667640941.4068775,1640.35,1642.06,-0.64997759,-0.3,50.367372
1667640951.346773,1640.35,1642.06,-0.64997759,-0.3,50.367372
1667640961.345252,1640.35,1642.06,-0.64997759,-0.3,50.367372
1667640971.3775616,1641.32,1641.32,-0.64610046,-0.24,46.17667568
1667640981.4105608,1641.32,1641.32,-0.64610046,-0.24,46.17667568
1667640991.3449094,1641.32,1641.32,-0.64610046,-0.24,46.17667568
1667641001.425379,1641.32,1641.32,-0.64610046,-0.24,46.17667568
1667641011.351,1641.32,1641.32,-0.64610046,-0.24,46.17667568
1667641021.986786,1641.32,1641.32,-0.64610046,-0.24,46.17667568
1667641031.3777685,1640.72,1640.72,-0.67489271,-0.99,43.009699
1667641041.4331849,1640.72,1640.72,-0.67489271,-0.99,43.009699
1667641052.107855,1640.72,1640.72,-0.67489271,-0.99,43.009699
1667641061.8081446,1640.72,1640.71,-0.67569043,-1.0,42.95681945
1667641071.8314474,1640.72,1640.71,-0.67569043,-1.0,42.95681945
1667641081.9005282,1640.72,1640.71,-0.67569043,-1.0,42.95681945
1667641091.8634384,1641.24,1641.24,-0.57936737,-0.05,46.44303947
1667641101.832749,1641.24,1641.24,-0.57936737,-0.05,46.44303947
1667641111.8581824,1641.24,1641.24,-0.57936737,-0.05,46.44303947
1667641121.832463,1641.24,1641.24,-0.57936737,-0.05,46.44303947
1667641131.9912446,1641.24,1640.07,-0.6727007,-1.22,40.51403952
1667641141.7610855,1641.24,1640.07,-0.6727007,-1.22,40.51403952
1667641151.9056282,1640.0,1640.0,-0.70508733,0.0,40.20734208
1667641161.8329766,1640.0,1640.0,-0.70508733,0.0,40.20734208
1667641171.8878531,1640.0,1640.0,-0.70508733,0.0,40.20734208
1667641181.8504188,1640.0,1640.0,-0.70508733,0.0,40.20734208
1667641191.8578322,1640.0,1638.87,-0.79522978,-1.13,35.53127736
1667641202.0470595,1640.0,1638.87,-0.79522978,-1.13,35.53127736
1667641212.6217873,1638.77,1638.77,-0.89254309,-2.22,35.20453933
1667641221.868323,1638.77,1638.77,-0.89254309,-2.22,35.20453933
1667641232.696677,1638.77,1638.77,-0.89254309,-2.22,35.20453933
1667641242.5987406,1638.77,1639.0,-0.87419551,-1.99,36.79597532
1667641252.4432847,1638.77,1639.0,-0.87419551,-1.99,36.79597532
1667641262.505903,1638.77,1639.0,-0.87419551,-1.99,36.79597532
1667641272.4179173,1638.7,1638.7,-0.96163471,-1.56,34.90400738
1667641282.531762,1638.7,1638.7,-0.96163471,-1.56,34.90400738
1667641292.4769654,1638.7,1638.7,-0.96163471,-1.56,34.90400738
1667641302.7088034,1638.7,1639.19,-0.92254639,-1.07,38.44087697
1667641312.520976,1638.7,1639.19,-0.92254639,-1.07,38.44087697
1667641322.4945772,1638.7,1639.19,-0.92254639,-1.07,38.44087697
1667641332.7126803,1639.22,1639.22,-0.92753996,-1.11,38.65019111
1667641342.5119076,1639.22,1639.22,-0.92753996,-1.11,38.65019111
1667641352.677825,1639.22,1639.22,-0.92753996,-1.11,38.65019111
1667641362.5120862,1639.22,1638.46,-0.98816674,-1.87,35.41255827
1667641372.6710846,1639.22,1638.46,-0.98816674,-1.87,35.41255827
1667641382.7082918,1639.22,1638.46,-0.98816674,-1.87,35.41255827
1667641392.4977512,1637.72,1637.72,-1.13417577,-3.14,32.76096141
1667641402.8920493,1637.72,1637.72,-1.13417577,-3.14,32.76096141
1667641412.9341478,1637.72,1637.72,-1.13417577,-3.14,32.76096141
1667641422.947579,1637.72,1637.72,-1.13417577,-3.14,32.76096141
1667641432.8901432,1637.72,1638.05,-1.10785099,-2.81,35.0949337
1667641442.8907845,1637.72,1638.05,-1.10785099,-2.81,35.0949337
1667641452.8593786,1637.25,1637.25,-1.25645188,-3.09,31.20928222
1667641462.9492035,1637.25,1637.25,-1.25645188,-3.09,31.20928222
1667641473.0490406,1637.25,1637.25,-1.25645188,-3.09,31.20928222
1667641482.9065225,1637.25,1638.27,-1.17508436,-2.07,38.2279442
1667641492.9651272,1637.25,1638.27,-1.17508436,-2.07,38.2279442
1667641502.8621676,1637.25,1638.27,-1.17508436,-2.07,38.2279442
1667641512.8847125,1639.6,1639.6,-0.97573211,-1.73,45.48104154
1667641523.04546,1639.6,1639.6,-0.97573211,-1.73,45.48104154
1667641532.9304826,1639.6,1639.6,-0.97573211,-1.73,45.48104154
1667641542.941667,1639.6,1639.85,-0.95578909,-1.48,46.74679821
1667641552.8986073,1639.6,1639.85,-0.95578909,-1.48,46.74679821
1667641563.5720112,1639.6,1639.85,-0.95578909,-1.48,46.74679821
1667641572.8877556,1639.99,1639.99,-0.83580204,-0.73,47.43164334
1667641582.9531193,1639.99,1639.99,-0.83580204,-0.73,47.43164334
1667641594.1421368,1639.99,1639.99,-0.83580204,-0.73,47.43164334
1667641603.780384,1639.99,1639.88,-0.84457697,-0.84,46.9230275
1667641614.0120957,1639.99,1639.88,-0.84457697,-0.84,46.9230275
1667641623.7729375,1639.99,1639.88,-0.84457697,-0.84,46.9230275
1667641633.9842775,1639.13,1639.13,-0.86321695,-2.1,43.72611201
1667641643.7820635,1639.13,1639.13,-0.86321695,-2.1,43.72611201
1667641653.863509,1639.13,1639.13,-0.86321695,-2.1,43.72611201
1667641664.2087116,1639.13,1638.7,-0.89751894,-2.53,41.9609588
1667641673.7640913,1639.13,1638.7,-0.89751894,-2.53,41.9609588
1667641684.0506606,1639.13,1638.7,-0.89751894,-2.53,41.9609588
1667641694.002771,1638.71,1638.71,-0.88048132,-1.29,42.00038876
1667641704.0233445,1638.71,1638.71,-0.88048132,-1.29,42.00038876
1667641713.797587,1638.71,1638.71,-0.88048132,-1.29,42.00038876
1667641723.9010956,1638.71,1637.4,-0.98498274,-2.6,37.08422657
1667641733.9239297,1638.71,1637.4,-0.98498274,-2.6,37.08422657
1667641743.8594675,1638.71,1637.4,-0.98498274,-2.6,37.08422657
1667641754.2186568,1637.49,1637.49,-1.0295701,-1.27,37.38227163
1667641763.864616,1637.49,1637.49,-1.0295701,-1.27,37.38227163
1667641774.9048848,1637.49,1637.49,-1.0295701,-1.27,37.38227163
1667641785.2508414,1637.49,1639.02,-0.90751882,0.26,45.4666099
1667641794.908691,1637.49,1639.02,-0.90751882,0.26,45.4666099
1667641804.8647623,1637.49,1639.02,-0.90751882,0.26,45.4666099
1667641814.8871129,1639.35,1639.35,-0.79547004,0.65,46.94987408
1667641824.8054967,1639.35,1639.35,-0.79547004,0.65,46.94987408
1667641834.908671,1639.35,1639.35,-0.79547004,0.65,46.94987408
1667641844.927797,1639.35,1638.83,-0.83695152,0.13,44.88456454
1667641854.8963532,1639.35,1638.83,-0.83695152,0.13,44.88456454
1667641865.100225,1639.35,1638.83,-0.83695152,0.13,44.88456454
1667641875.0229187,1638.99,1638.99,-0.77075768,-0.22,45.5004257
1667641885.064006,1638.99,1638.99,-0.77075768,-0.22,45.5004257
1667641895.0001886,1638.99,1638.99,-0.77075768,-0.22,45.5004257
1667641904.9787006,1638.99,1638.82,-0.78431893,-0.39,44.79711143
1667641914.9011583,1638.99,1638.82,-0.78431893,-0.39,44.79711143
1667641925.0152168,1638.99,1638.82,-0.78431893,-0.39,44.79711143
1667641934.921525,1638.13,1638.13,-0.8423004,0.41,42.16972995
1667641945.361204,1638.13,1638.13,-0.8423004,0.41,42.16972995
1667641955.2735,1638.13,1638.13,-0.8423004,0.41,42.16972995
1667641965.3320165,1638.13,1638.84,-0.78566222,1.12,45.7147023
1667641975.4736211,1638.13,1638.84,-0.78566222,1.12,45.7147023
1667641985.300882,1638.13,1638.84,-0.78566222,1.12,45.7147023
1667641995.3487563,1639.16,1639.16,-0.68939151,1.92,47.17758741
1667642005.3183644,1639.16,1639.16,-0.68939151,1.92,47.17758741
1667642015.4239984,1639.16,1639.16,-0.68939151,1.92,47.17758741
1667642025.380926,1639.16,1639.17,-0.68859379,1.93,47.22533434
1667642035.3889177,1639.16,1639.17,-0.68859379,1.93,47.22533434
1667642045.3233268,1639.16,1639.17,-0.68859379,1.93,47.22533434
1667642055.313585,1639.35,1639.35,-0.5992413,-0.25,48.07380772
1667642065.4217324,1639.35,1639.35,-0.5992413,-0.25,48.07380772
1667642075.395711,1639.35,1639.35,-0.5992413,-0.25,48.07380772
1667642085.636124,1639.35,1639.53,-0.58488232,-0.07,48.95385969
1667642095.436145,1639.35,1639.53,-0.58488232,-0.07,48.95385969
1667642105.4353352,1639.35,1639.53,-0.58488232,-0.07,48.95385969
1667642115.3531168,1639.53,1639.53,-0.50697058,-0.47,48.95228715
1667642125.3307147,1639.53,1639.53,-0.50697058,-0.47,48.95228715
1667642136.426069,1639.53,1639.53,-0.50697058,-0.47,48.95228715
1667642146.0496905,1639.53,1639.42,-0.51574551,-0.58,48.41334354
1667642156.0477068,1639.53,1639.42,-0.51574551,-0.58,48.41334354
1667642166.0898309,1639.53,1639.42,-0.51574551,-0.58,48.41334354
1667642176.0311832,1639.18,1639.18,-0.49025305,0.05,47.27769183
1667642186.0239773,1639.18,1639.18,-0.49025305,0.05,47.27769183
1667642196.0668683,1639.18,1639.18,-0.49025305,0.05,47.27769183
1667642206.0577848,1639.18,1639.31,-0.47988268,0.18,47.98937865
1667642216.036152,1639.18,1639.31,-0.47988268,0.18,47.98937865
1667642226.09713,1639.18,1639.31,-0.47988268,0.18,47.98937865
1667642236.0458772,1639.54,1639.54,-0.39941892,0.83,49.20650906
1667642246.0200794,1639.54,1639.54,-0.39941892,0.83,49.20650906
1667642255.9677503,1639.54,1639.54,-0.39941892,0.83,49.20650906
1667642266.1366768,1639.54,1638.5,-0.48238188,-0.21,44.17642389
1667642276.0400906,1639.54,1638.5,-0.48238188,-0.21,44.17642389
1667642286.2886002,1639.54,1638.5,-0.48238188,-0.21,44.17642389
1667642296.3551743,1638.09,1638.09,-0.55055123,0.59,42.46559773
1667642306.0232227,1638.09,1638.09,-0.55055123,0.59,42.46559773
1667642317.091994,1638.09,1638.09,-0.55055123,0.59,42.46559773
1667642326.74219,1638.09,1638.29,-0.53459681,0.79,43.61276552
1667642336.7476385,1638.09,1638.29,-0.53459681,0.79,43.61276552
1667642346.6342688,1638.09,1638.29,-0.53459681,0.79,43.61276552
1667642356.6794312,1639.29,1639.29,-0.40181049,-0.07,48.72353394
1667642366.7656343,1639.29,1639.29,-0.40181049,-0.07,48.72353394
1667642376.7516823,1639.29,1639.29,-0.40181049,-0.07,48.72353394
1667642386.9325285,1639.29,1640.31,-0.32044296,0.95,53.36535241
1667642396.694885,1639.29,1640.31,-0.32044296,0.95,53.36535241
1667642406.7273612,1639.29,1640.31,-0.32044296,0.95,53.36535241
1667642416.691907,1640.72,1640.72,-0.15417271,1.73,55.00346904
1667642426.6780844,1640.72,1640.72,-0.15417271,1.73,55.00346904
1667642436.728021,1640.72,1640.72,-0.15417271,1.73,55.00346904
1667642446.7401042,1640.72,1640.72,-0.15417271,1.73,55.00346904
1667642457.24332,1640.72,1640.72,-0.15417271,1.73,55.00346904
1667642466.7606766,1640.72,1640.72,-0.15417271,1.73,55.00346904
1667642476.940748,1640.55,1640.55,-0.07180345,2.43,54.15405998
1667642486.731415,1640.55,1640.55,-0.07180345,2.43,54.15405998
1667642497.362893,1640.55,1640.55,-0.07180345,2.43,54.15405998
1667642507.3951116,1640.55,1640.42,-0.08217382,2.3,53.47399787
1667642517.3398917,1640.55,1640.42,-0.08217382,2.3,53.47399787
1667642527.3428144,1640.55,1640.42,-0.08217382,2.3,53.47399787
1667642537.367722,1640.7,1640.7,0.02599433,1.55,54.80375487
1667642547.346359,1640.7,1640.7,0.02599433,1.55,54.80375487
1667642557.3839717,1640.7,1640.7,0.02599433,1.55,54.80375487
1667642567.3526068,1640.7,1640.55,0.01402852,1.4,53.96496147
1667642577.3840015,1640.7,1640.55,0.01402852,1.4,53.96496147
1667642587.4477255,1640.7,1640.55,0.01402852,1.4,53.96496147
1667642597.270787,1640.33,1640.33,0.03940035,0.99,52.77823663
1667642607.4176097,1640.33,1640.33,0.03940035,0.99,52.77823663
1667642617.911156,1640.33,1640.33,0.03940035,0.99,52.77823663
1667642627.3626134,1640.33,1640.71,0.06971374,1.37,54.62739867
1667642637.5352435,1640.33,1640.71,0.06971374,1.37,54.62739867
1667642647.3166325,1640.33,1640.71,0.06971374,1.37,54.62739867
1667642657.4743917,1641.47,1641.47,0.23374178,1.93,57.92590199
1667642667.3158455,1641.47,1641.47,0.23374178,1.93,57.92590199
1667642678.570338,1641.47,1641.47,0.23374178,1.93,57.92590199
1667642688.515692,1641.47,1641.23,0.21459648,1.69,56.54285861
1667642698.4099505,1641.47,1641.23,0.21459648,1.69,56.54285861
1667642708.4707034,1641.47,1641.23,0.21459648,1.69,56.54285861
1667642718.4538991,1640.81,1640.81,0.22003209,1.63,54.24595119
1667642728.4027123,1640.81,1640.81,0.22003209,1.63,54.24595119
1667642738.5872588,1640.81,1640.81,0.22003209,1.63,54.24595119
1667642748.4393785,1640.81,1640.45,0.19131414,1.27,52.28882937
1667642758.4685576,1640.81,1640.45,0.19131414,1.27,52.28882937
1667642768.5008297,1640.81,1640.45,0.19131414,1.27,52.28882937
1667642779.0489728,1640.83,1640.83,0.24961941,1.3,54.35357145
1667642788.4523897,1640.83,1640.83,0.24961941,1.3,54.35357145
1667642798.4835982,1640.83,1640.83,0.24961941,1.3,54.35357145
1667642808.4910512,1640.83,1641.27,0.28471912,1.74,56.49662027
1667642818.6494462,1640.83,1641.27,0.28471912,1.74,56.49662027
1667642828.4526818,1640.83,1641.27,0.28471912,1.74,56.49662027
1667642838.45187,1641.35,1641.35,0.34345509,3.26,56.84571731
1667642848.6488268,1641.35,1641.35,0.34345509,3.26,56.84571731
1667642858.872136,1641.35,1641.35,0.34345509,3.26,56.84571731
1667642868.952194,1641.35,1640.83,0.30197361,2.74,53.67272149
1667642878.7714145,1641.35,1640.83,0.30197361,2.74,53.67272149
1667642888.8273752,1641.35,1640.83,0.30197361,2.74,53.67272149
1667642898.8323257,1640.83,1640.83,0.30642583,1.53,53.67272149
1667642908.9009256,1640.83,1640.83,0.30642583,1.53,53.67272149
1667642918.874657,1640.83,1640.83,0.30642583,1.53,53.67272149
1667642929.076228,1640.83,1641.15,0.3319529,1.85,55.32530958
1667642939.118882,1640.83,1641.15,0.3319529,1.85,55.32530958
1667642948.8585038,1640.83,1641.15,0.3319529,1.85,55.32530958
1667642958.811486,1641.41,1641.41,0.38841226,0.69,56.58366792
1667642968.8231418,1641.41,1641.41,0.38841226,0.69,56.58366792
1667642978.881359,1641.41,1641.41,0.38841226,0.69,56.58366792
1667642989.0354688,1641.41,1641.21,0.37245784,0.49,55.2934653
1667642998.8271773,1641.41,1641.21,0.37245784,0.49,55.2934653
1667643008.8387697,1641.41,1641.21,0.37245784,0.49,55.2934653
1667643028.8840926,1640.78,1640.78,0.32352811,0.23,52.70505129
1667643039.3095157,1640.78,1640.78,0.32352811,0.23,52.70505129
1667643049.3195765,1640.78,1640.37,0.29082156,-0.18,50.29191437
1667643059.33993,1640.78,1640.37,0.29082156,-0.18,50.29191437
1667643069.3105502,1640.78,1640.37,0.29082156,-0.18,50.29191437
1667643079.2556071,1640.64,1640.64,0.28734906,-0.07,51.85542755
1667643089.2784832,1640.64,1640.64,0.28734906,-0.07,51.85542755
1667643099.3035264,1640.64,1640.64,0.28734906,-0.07,51.85542755
1667643109.2737384,1640.64,1640.64,0.28734906,-0.07,51.85542755
1667643119.3261604,1640.64,1640.64,0.28734906,-0.07,51.85542755
1667643129.9304426,1640.64,1640.64,0.28734906,-0.07,51.85542755
1667643139.3039966,1640.98,1640.98,0.31378309,0.66,53.78475421
1667643149.399329,1640.98,1640.98,0.31378309,0.66,53.78475421
1667643159.316253,1640.98,1640.98,0.31378309,0.66,53.78475421
1667643169.4824214,1640.98,1640.89,0.3066036,0.57,53.17443471
1667643179.2984972,1640.98,1640.89,0.3066036,0.57,53.17443471
1667643189.3377666,1640.98,1640.89,0.3066036,0.57,53.17443471
1667643199.5863414,1641.06,1641.06,0.31973591,-0.4,54.26671206
1667643209.305534,1641.06,1641.06,0.31973591,-0.4,54.26671206
1667643220.2298412,1641.06,1641.06,0.31973591,-0.4,54.26671206
1667643230.2538607,1641.06,1641.0,0.31494958,-0.46,53.83694457
1667643240.213409,1641.06,1641.0,0.31494958,-0.46,53.83694457
1667643250.211569,1641.06,1641.0,0.31494958,-0.46,53.83694457
1667643260.1798923,1640.82,1640.82,0.28183822,0.0,52.55278553
1667643270.2169173,1640.82,1640.82,0.28183822,0.0,52.55278553
1667643280.204125,1640.82,1640.82,0.28183822,0.0,52.55278553
1667643290.4128373,1640.82,1640.86,0.2850291,0.04,52.82095906
1667643300.320728,1640.82,1640.86,0.2850291,0.04,52.82095906
1667643310.2622745,1640.82,1640.86,0.2850291,0.04,52.82095906
1667643320.6104765,1640.95,1640.95,0.28293646,0.13,53.41340492
1667643330.4763503,1640.95,1640.95,0.28293646,0.13,53.41340492
1667643340.2423158,1640.95,1640.95,0.28293646,0.13,53.41340492
1667643350.2266114,1640.95,1641.29,0.31005897,0.47,55.67774919
1667643360.246526,1640.95,1641.29,0.31005897,0.47,55.67774919
1667643370.328837,1640.95,1641.29,0.31005897,0.47,55.67774919
1667643380.253768,1641.02,1641.02,0.28172709,-0.34,53.90358243
1667643390.457437,1641.02,1641.02,0.28172709,-0.34,53.90358243
1667643400.6101947,1641.02,1641.29,0.30326556,-0.07,55.81380087
1667643410.639506,1641.02,1641.29,0.30326556,-0.07,55.81380087
1667643420.639776,1641.02,1641.29,0.30326556,-0.07,55.81380087
1667643430.6907482,1641.29,1641.29,0.31198692,0.46,55.81380087
1667643440.716619,1641.29,1641.29,0.31198692,0.46,55.81380087
1667643450.7083778,1641.29,1641.29,0.31198692,0.46,55.81380087
1667643460.8354585,1641.29,1641.13,0.29922339,0.3,54.37578945
1667643470.7004917,1641.29,1641.13,0.29922339,0.3,54.37578945
1667643481.0709195,1641.29,1641.13,0.29922339,0.3,54.37578945
1667643490.8405795,1641.05,1641.05,0.2807216,-0.36,53.67818715
1667643500.7026377,1641.05,1641.05,0.2807216,-0.36,53.67818715
1667643510.7991102,1641.05,1641.05,0.2807216,-0.36,53.67818715
1667643520.7801137,1641.05,1641.05,0.2807216,-0.36,53.67818715
1667643530.7030632,1641.05,1641.05,0.2807216,-0.36,53.67818715
1667643540.8897738,1641.05,1641.05,0.2807216,-0.36,53.67818715
1667643550.71008,1641.02,1641.02,0.26441086,0.23,53.41638898
1667643560.7252693,1641.02,1641.02,0.26441086,0.23,53.41638898
1667643570.9249296,1641.02,1641.02,0.26441086,0.23,53.41638898
1667643581.5473514,1641.02,1641.21,0.27956756,0.42,54.98547007
1667643591.4807649,1641.02,1641.21,0.27956756,0.42,54.98547007
1667643601.5648153,1641.02,1641.21,0.27956756,0.42,54.98547007
1667643611.5077386,1640.96,1640.96,0.24262771,0.33,52.82743369
1667643621.5125475,1640.96,1640.96,0.24262771,0.33,52.82743369
1667643631.5612006,1640.96,1640.96,0.24262771,0.33,52.82743369
1667643641.4819622,1640.96,1641.43,0.28012058,0.8,56.81954564
1667643651.4981863,1640.96,1641.43,0.28012058,0.8,56.81954564
1667643661.4977336,1640.96,1641.43,0.28012058,0.8,56.81954564
1667643671.9482727,1640.21,1640.21,0.11928335,-0.78,46.09571241
1667643681.498903,1640.21,1640.21,0.11928335,-0.78,46.09571241
1667643691.7548904,1640.21,1640.21,0.11928335,-0.78,46.09571241
1667643701.447123,1640.21,1640.0,0.10253121,-0.99,44.37105541
1667643711.538737,1640.21,1640.0,0.10253121,-0.99,44.37105541
1667643721.500818,1640.21,1640.0,0.10253121,-0.99,44.37105541
1667643731.5435507,1640.48,1640.48,0.10695416,-0.57,48.63214422
1667643741.954673,1640.48,1640.48,0.10695416,-0.57,48.63214422
1667643751.525979,1640.48,1640.48,0.10695416,-0.57,48.63214422
1667643762.381285,1640.48,1640.49,0.10775188,-0.56,48.72837143
1667643771.9338229,1640.48,1640.49,0.10775188,-0.56,48.72837143
1667643782.148232,1640.48,1640.49,0.10775188,-0.56,48.72837143
1667643791.9444456,1641.33,1641.33,0.19874304,0.52,55.70489437
1667643802.2213771,1641.33,1641.33,0.19874304,0.52,55.70489437
1667643811.9838855,1641.33,1641.33,0.19874304,0.52,55.70489437
1667643822.004654,1641.33,1641.63,0.22267466,0.82,57.90585722
1667643832.1554224,1641.33,1641.63,0.22267466,0.82,57.90585722
1667643842.025526,1641.33,1641.63,0.22267466,0.82,57.90585722
1667643851.9810672,1641.17,1641.17,0.19327495,0.22,54.20790813
1667643862.366422,1641.17,1641.17,0.19327495,0.22,54.20790813
1667643872.0290165,1641.17,1641.17,0.19327495,0.22,54.20790813
1667643881.97904,1641.17,1640.5,0.13982766,-0.45,48.28090793
1667643891.935796,1641.17,1640.5,0.13982766,-0.45,48.28090793
1667643901.984583,1641.17,1640.5,0.13982766,-0.45,48.28090793
1667643912.3008535,1640.01,1640.01,0.03342361,-1.0,44.70084584
1667643922.078535,1640.01,1640.01,0.03342361,-1.0,44.70084584
1667643932.169781,1640.01,1640.01,0.03342361,-1.0,44.70084584
1667643942.7903173,1640.01,1640.52,0.07410737,-0.49,48.93494574
1667643952.9543765,1640.01,1640.52,0.07410737,-0.49,48.93494574
1667643962.7884405,1640.01,1640.52,0.07410737,-0.49,48.93494574
1667643972.7501605,1640.01,1640.52,0.07410737,-0.49,48.93494574
1667643982.8475173,1640.23,1640.23,0.01077723,-1.06,46.60129264
1667643992.91268,1640.23,1640.23,0.01077723,-1.06,46.60129264
1667644002.8008535,1640.23,1639.42,-0.05383816,-1.87,40.9695204
1667644012.9558206,1640.23,1639.42,-0.05383816,-1.87,40.9695204
1667644023.028695,1640.23,1639.42,-0.05383816,-1.87,40.9695204
1667644032.8109808,1639.68,1639.68,-0.09797184,-1.36,42.61783471
1667644042.8221116,1639.68,1639.68,-0.09797184,-1.36,42.61783471
1667644053.158799,1639.68,1639.68,-0.09797184,-1.36,42.61783471
1667644062.9386735,1639.68,1639.69,-0.09717412,-1.35,42.6891849
1667644072.7404952,1639.68,1639.69,-0.09717412,-1.35,42.6891849
1667644082.8419888,1639.68,1639.69,-0.09717412,-1.35,42.6891849
1667644092.7711396,1638.6,1638.6,-0.30097937,-2.42,36.10120888
1667644102.8202865,1638.6,1638.6,-0.30097937,-2.42,36.10120888
1667644112.8365934,1638.6,1638.6,-0.30097937,-2.42,36.10120888
1667644123.4557874,1638.6,1638.6,-0.30097937,-2.42,36.10120888
1667644133.4593544,1638.6,1638.75,-0.28901356,-2.27,37.52995612
1667644143.4486682,1638.6,1638.75,-0.28901356,-2.27,37.52995612
1667644153.4531295,1639.12,1639.12,-0.31620885,-1.85,40.80173658
1667644163.4259756,1639.12,1639.12,-0.31620885,-1.85,40.80173658
1667644173.4522643,1639.12,1639.12,-0.31620885,-1.85,40.80173658
1667644183.6713774,1639.12,1639.15,-0.31381569,-1.82,41.07067081
1667644193.3659835,1639.12,1639.15,-0.31381569,-1.82,41.07067081
1667644203.637815,1639.12,1639.15,-0.31381569,-1.82,41.07067081
1667644213.914423,1639.29,1639.29,-0.33176448,-0.91,42.3120336
1667644223.4598715,1639.29,1639.29,-0.33176448,-0.91,42.3120336
1667644233.6464212,1639.29,1639.29,-0.33176448,-0.91,42.3120336
1667644243.4783213,1639.29,1640.17,-0.26156505,-0.03,49.39926178
1667644253.6288671,1639.29,1640.17,-0.26156505,-0.03,49.39926178
1667644263.3995037,1639.29,1640.17,-0.26156505,-0.03,49.39926178
1667644273.4261715,1640.7,1640.7,-0.15209994,0.22,52.89522395
1667644283.658109,1640.7,1640.7,-0.15209994,0.22,52.89522395
1667644293.4843829,1640.7,1640.7,-0.15209994,0.22,52.89522395
1667644304.070257,1640.7,1640.08,-0.20155863,-0.4,48.65994529
1667644314.062049,1640.7,1640.08,-0.20155863,-0.4,48.65994529
1667644324.0789733,1640.7,1640.08,-0.20155863,-0.4,48.65994529
1667644334.0641592,1639.49,1639.49,-0.26939259,-1.83,45.23130842
1667644344.077591,1639.49,1639.49,-0.26939259,-1.83,45.23130842
1667644354.0399976,1639.49,1639.49,-0.26939259,-1.83,45.23130842
1667644364.1153126,1639.49,1639.48,-0.27019031,-1.84,45.16061498
1667644374.6792393,1639.49,1639.48,-0.27019031,-1.84,45.16061498
1667644384.1339304,1639.49,1639.48,-0.27019031,-1.84,45.16061498
1667644394.0520096,1640.44,1640.44,-0.1476748,-0.73,51.20674867
1667644404.054739,1640.44,1640.44,-0.1476748,-0.73,51.20674867
1667644414.166545,1640.44,1640.44,-0.1476748,-0.73,51.20674867
1667644424.1051826,1640.44,1640.34,-0.155652,-0.83,50.58116209
1667644434.0919237,1640.44,1640.34,-0.155652,-0.83,50.58116209
1667644444.391662,1640.44,1640.34,-0.155652,-0.83,50.58116209
1667644454.0898204,1640.34,1640.34,-0.12413972,0.32,50.58116209
1667644464.1312015,1640.34,1640.34,-0.12413972,0.32,50.58116209
1667644474.064556,1640.34,1640.34,-0.12413972,0.32,50.58116209
1667644485.4553542,1640.34,1639.88,-0.16083487,-0.14,47.69465613
1667644495.2062626,1640.34,1639.88,-0.16083487,-0.14,47.69465613
1667644505.2368135,1640.34,1639.88,-0.16083487,-0.14,47.69465613
1667644515.1979876,1640.72,1640.72,-0.04431816,0.49,52.93422592
1667644525.2044196,1640.72,1640.72,-0.04431816,0.49,52.93422592
1667644535.7980275,1640.72,1640.72,-0.04431816,0.49,52.93422592
1667644545.1358194,1640.72,1640.74,-0.04272272,0.51,53.0609056
1667644555.2106314,1640.72,1640.74,-0.04272272,0.51,53.0609056
1667644565.1681552,1640.72,1640.74,-0.04272272,0.51,53.0609056
1667644575.2300966,1640.76,1640.76,1.394e-05,1.07,53.19173782
1667644585.219046,1640.76,1640.76,1.394e-05,1.07,53.19173782
1667644595.270025,1640.76,1640.76,1.394e-05,1.07,53.19173782
1667644605.1832185,1640.76,1640.76,1.394e-05,1.07,53.19173782
1667644615.2355227,1640.76,1640.76,1.394e-05,1.07,53.19173782
1667644625.198553,1640.76,1640.76,1.394e-05,1.07,53.19173782
1667644635.2410731,1640.76,1640.76,0.03225601,2.16,53.19694107
1667644645.225262,1640.76,1640.76,0.03225601,2.16,53.19694107
1667644655.2903948,1640.76,1640.76,0.03225601,2.16,53.19694107
1667644665.7532623,1640.76,1640.75,0.03145829,2.15,53.12399006
1667644676.026838,1640.76,1640.75,0.03145829,2.15,53.12399006
1667644685.7812345,1640.76,1640.75,0.03145829,2.15,53.12399006
1667644696.4679785,1641.08,1641.08,0.1023944,1.97,55.42225586
1667644705.904421,1641.08,1641.08,0.1023944,1.97,55.42225586
1667644715.7278829,1641.08,1641.08,0.1023944,1.97,55.42225586
1667644725.6833813,1641.08,1641.16,0.10877616,2.05,55.98434649
1667644735.757014,1641.08,1641.16,0.10877616,2.05,55.98434649
1667644745.790264,1641.08,1641.16,0.10877616,2.05,55.98434649
1667644755.700965,1641.35,1641.35,0.17497226,2.05,57.26415261
1667644765.7335863,1641.35,1641.35,0.17497226,2.05,57.26415261
1667644775.765934,1641.35,1641.35,0.17497226,2.05,57.26415261
1667644785.7021017,1641.35,1641.81,0.21166742,2.51,60.27565164
1667644795.8441243,1641.35,1641.81,0.21166742,2.51,60.27565164
1667644805.8194845,1641.35,1641.81,0.21166742,2.51,60.27565164
1667644815.907437,1641.18,1641.18,0.1895507,0.48,55.69665514
1667644825.796579,1641.18,1641.18,0.1895507,0.48,55.69665514
1667644835.7375903,1641.18,1641.18,0.1895507,0.48,55.69665514
1667644847.064056,1641.18,1641.74,0.23422306,1.04,59.63222166
1667644857.0835662,1641.18,1641.74,0.23422306,1.04,59.63222166
1667644866.8457167,1641.18,1641.74,0.23422306,1.04,59.63222166
1667644876.8004189,1641.26,1641.26,0.22073725,1.78,56.29277061
1667644887.212218,1641.26,1641.26,0.22073725,1.78,56.29277061
1667644896.8313248,1641.26,1641.26,0.22073725,1.78,56.29277061
1667644906.8653872,1641.26,1641.17,0.21355776,1.69,55.37895694
1667644916.8393974,1641.26,1641.17,0.21355776,1.69,55.37895694
1667644926.8592288,1641.26,1641.17,0.21355776,1.69,55.37895694
1667644936.8609157,1641.19,1641.19,0.2277512,0.75,55.57171519
1667644946.7949123,1641.19,1641.19,0.2277512,0.75,55.57171519
1667644956.8224192,1641.19,1641.19,0.2277512,0.75,55.57171519
1667644966.851148,1641.19,1641.62,0.2620532,1.18,59.04003918
1667644976.9096282,1641.19,1641.62,0.2620532,1.18,59.04003918
1667644986.8000214,1641.19,1641.62,0.2620532,1.18,59.04003918
1667644996.815673,1641.59,1641.59,0.29156188,1.25,58.77697759
1667645006.8325353,1641.59,1641.59,0.29156188,1.25,58.77697759
1667645016.8318272,1641.59,1641.59,0.29156188,1.25,58.77697759
1667645027.5376515,1641.59,1641.41,0.27720291,1.07,56.78678794
1667645037.6069386,1641.59,1641.41,0.27720291,1.07,56.78678794
1667645047.6731825,1641.59,1641.41,0.27720291,1.07,56.78678794
1667645057.4260068,1641.2,1641.2,0.2568613,0.48,54.61837039
1667645067.716512,1641.2,1641.2,0.2568613,0.48,54.61837039
1667645077.4693644,1641.2,1641.2,0.2568613,0.48,54.61837039
1667645087.502648,1641.2,1641.08,0.24728865,0.36,53.38767909
1667645097.5058267,1641.2,1641.08,0.24728865,0.36,53.38767909
1667645107.5015855,1641.2,1641.08,0.24728865,0.36,53.38767909
1667645117.5002522,1640.82,1640.82,0.19802908,0.07,50.86874116
1667645127.54988,1640.82,1640.82,0.19802908,0.07,50.86874116
1667645137.4408188,1640.82,1640.82,0.19802908,0.07,50.86874116
1667645147.4186244,1640.82,1642.0,0.29216014,1.25,60.07554282
1667645157.539766,1640.82,1642.0,0.29216014,1.25,60.07554282
1667645167.534855,1640.82,1642.0,0.29216014,1.25,60.07554282
1667645177.5704896,1642.75,1642.75,0.44687404,2.0,64.27711992
1667645187.5103743,1642.75,1642.75,0.44687404,2.0,64.27711992
1667645197.4888585,1642.75,1642.75,0.44687404,2.0,64.27711992
1667645207.867351,1642.75,1642.11,0.39581991,1.36,58.5658936
1667645217.97464,1642.75,1642.11,0.39581991,1.36,58.5658936
1667645227.9448764,1642.75,1642.11,0.39581991,1.36,58.5658936
1667645238.4082465,1641.88,1641.88,0.39312698,0.81,56.74778507
1667645248.2712233,1641.88,1641.88,0.39312698,0.81,56.74778507
1667645257.9768732,1641.88,1641.88,0.39312698,0.81,56.74778507
1667645268.0839045,1641.88,1641.1,0.33090476,0.03,50.98635398
1667645278.0636475,1641.88,1641.1,0.33090476,0.03,50.98635398
1667645288.1192093,1641.88,1641.1,0.33090476,0.03,50.98635398
1667645298.0274289,1640.68,1640.68,0.23065196,-0.67,48.34349386
1667645307.9836156,1640.68,1640.68,0.23065196,-0.67,48.34349386
1667645317.9355302,1640.68,1640.68,0.23065196,-0.67,48.34349386
1667645328.120742,1640.68,1640.84,0.24341549,-0.51,49.41912152
1667645337.883268,1640.68,1640.84,0.24341549,-0.51,49.41912152
1667645348.0653234,1640.68,1640.84,0.24341549,-0.51,49.41912152
1667645357.9877024,1640.17,1640.17,0.10424863,-1.02,45.2702751
1667645367.980615,1640.17,1640.17,0.10424863,-1.02,45.2702751
1667645378.0757596,1640.17,1640.17,0.10424863,-1.02,45.2702751
1667645388.6789317,1640.17,1640.14,0.10185547,-1.05,45.08897127
1667645398.850893,1640.17,1640.14,0.10185547,-1.05,45.08897127
1667645408.8987176,1640.17,1640.14,0.10185547,-1.05,45.08897127
1667645418.681093,1639.77,1639.77,-0.02065268,-1.5,42.9624706
1667645428.8413186,1639.77,1639.77,-0.02065268,-1.5,42.9624706
1667645438.6709752,1639.77,1639.77,-0.02065268,-1.5,42.9624706
1667645448.6321676,1639.77,1639.08,-0.07569542,-2.19,39.2523272
1667645458.620449,1639.77,1639.08,-0.07569542,-2.19,39.2523272
1667645468.608778,1639.77,1639.08,-0.07569542,-2.19,39.2523272
1667645478.7412694,1640.1,1640.1,-0.04786596,-1.1,45.42286185
1667645488.58504,1640.1,1640.1,-0.04786596,-1.1,45.42286185
1667645498.6177073,1640.1,1640.1,-0.04786596,-1.1,45.42286185
1667645508.5665996,1640.1,1640.63,-0.00558676,-0.57,49.2303231
1667645518.6422,1640.1,1640.63,-0.00558676,-0.57,49.2303231
1667645528.5853577,1640.1,1640.63,-0.00558676,-0.57,49.2303231
1667645538.8775294,1640.47,1640.47,-0.03633714,-1.13,48.13808482
1667645548.8007376,1640.47,1640.47,-0.03633714,-1.13,48.13808482
1667645558.9383798,1640.47,1640.47,-0.03633714,-1.13,48.13808482
1667645569.0947194,1640.47,1640.05,-0.06984141,-1.55,45.37830006
1667645579.182067,1640.47,1640.05,-0.06984141,-1.55,45.37830006
1667645589.555862,1640.47,1640.05,-0.06984141,-1.55,45.37830006
1667645599.2865636,1640.06,1640.06,-0.10858982,-1.13,45.45847692
1667645609.3163643,1640.06,1640.06,-0.10858982,-1.13,45.45847692
1667645619.0616076,1640.06,1640.06,-0.10858982,-1.13,45.45847692
1667645629.3124895,1640.06,1639.83,-0.1269374,-1.36,43.95672497
1667645639.2359183,1640.06,1639.83,-0.1269374,-1.36,43.95672497
1667645649.1263208,1640.06,1639.83,-0.1269374,-1.36,43.95672497
1667645659.395966,1640.72,1640.72,-0.04379563,-0.1,50.26980013
1667645669.1489642,1640.72,1640.72,-0.04379563,-0.1,50.26980013
1667645679.263697,1640.72,1640.72,-0.04379563,-0.1,50.26980013
1667645689.2712407,1640.72,1640.82,-0.03581842,0.0,50.97714475
1667645699.0289588,1640.72,1640.82,-0.03581842,0.0,50.97714475
1667645709.105009,1640.72,1640.82,-0.03581842,0.0,50.97714475
1667645719.3408554,1640.76,1640.76,-0.02875201,-2.0,50.5556347
1667645729.0508614,1640.76,1640.76,-0.02875201,-2.0,50.5556347
1667645739.1464584,1640.76,1640.76,-0.02875201,-2.0,50.5556347
1667645750.2338655,1640.76,1640.77,-0.02795429,-1.99,50.63182328
1667645760.14883,1640.76,1640.77,-0.02795429,-1.99,50.63182328
1667645770.185614,1640.76,1640.77,-0.02795429,-1.99,50.63182328
1667645780.761238,1640.81,1640.81,-0.01145399,-1.08,50.92541031
1667645790.3721814,1640.81,1640.81,-0.01145399,-1.08,50.92541031
1667645800.2354193,1640.81,1640.81,-0.01145399,-1.08,50.92541031
1667645810.1924706,1640.81,1640.9,-0.00427451,-0.99,51.64627845
1667645820.338401,1640.81,1640.9,-0.00427451,-0.99,51.64627845
1667645830.5103624,1640.81,1640.9,-0.00427451,-0.99,51.64627845
1667645840.348134,1641.1,1641.1,0.04009017,0.42,53.15224395
1667645850.2213814,1641.1,1641.1,0.04009017,0.42,53.15224395
1667645860.1949086,1641.1,1641.1,0.04009017,0.42,53.15224395
1667645870.1824691,1641.1,1641.1,0.04009017,0.42,53.15224395
1667645880.214522,1641.1,1641.1,0.04009017,0.42,53.15224395
1667645890.4155674,1641.1,1641.1,0.04009017,0.42,53.15224395
1667645900.2132704,1640.85,1640.85,0.02654234,0.67,50.99157836
1667645910.4806943,1640.85,1640.85,0.02654234,0.67,50.99157836
1667645920.208603,1640.85,1640.85,0.02654234,0.67,50.99157836
1667645930.5918944,1640.85,1640.86,0.02734006,0.68,51.08075142
1667645940.8965192,1640.85,1640.86,0.02734006,0.68,51.08075142
1667645950.644356,1641.1,1641.1,0.06658187,1.32,53.03419375
1667645960.5787938,1641.1,1641.1,0.06658187,1.32,53.03419375
1667645970.6971228,1641.1,1641.1,0.06658187,1.32,53.03419375
1667645980.7210653,1641.1,1641.54,0.10168158,1.76,56.50468176
1667645991.072644,1641.1,1641.54,0.10168158,1.76,56.50468176
1667646000.732023,1641.1,1641.54,0.10168158,1.76,56.50468176
1667646010.6582344,1641.66,1641.66,0.16010623,1.57,57.36145569
1667646020.616765,1641.66,1641.66,0.16010623,1.57,57.36145569
1667646030.7015984,1641.66,1641.66,0.16010623,1.57,57.36145569
1667646040.6202822,1641.66,1641.36,0.13617461,1.27,54.47259571
1667646050.6768909,1641.66,1641.36,0.13617461,1.27,54.47259571
1667646060.937191,1641.66,1641.36,0.13617461,1.27,54.47259571
1667646070.7300029,1641.66,1641.36,0.13617461,1.27,54.47259571
1667646080.8735309,1641.44,1641.44,0.16545627,0.97,55.21411971
1667646090.9195426,1641.44,1641.44,0.16545627,0.97,55.21411971
1667646100.6811917,1641.44,1641.91,0.20294914,1.44,58.76552447
1667646111.2251935,1641.44,1641.91,0.20294914,1.44,58.76552447
1667646121.1008186,1641.44,1641.91,0.20294914,1.44,58.76552447
1667646131.5907254,1643.64,1643.64,0.49312562,3.59,68.0279334
1667646141.1284816,1643.64,1643.64,0.49312562,3.59,68.0279334
1667646151.140923,1643.64,1643.64,0.49312562,3.59,68.0279334
1667646161.082243,1643.64,1644.15,0.53380938,4.1,70.21528397
1667646171.0764992,1643.64,1644.15,0.53380938,4.1,70.21528397
1667646181.0625622,1643.64,1644.15,0.53380938,4.1,70.21528397
1667646191.114332,1644.7,1644.7,0.75594731,3.97,72.22052075
1667646201.0874562,1644.7,1644.7,0.75594731,3.97,72.22052075
1667646211.1467388,1644.7,1644.7,0.75594731,3.97,72.22052075
1667646221.1380894,1644.7,1643.5,0.66022082,2.77,62.35643743
1667646231.2908876,1644.7,1643.5,0.66022082,2.77,62.35643743
1667646241.141123,1644.7,1643.5,0.66022082,2.77,62.35643743
1667646251.1555064,1643.53,1643.53,0.72160339,2.77,62.57008743
1667646261.2075028,1643.53,1643.53,0.72160339,2.77,62.57008743
1667646271.2203476,1643.53,1643.53,0.72160339,2.77,62.57008743
1667646281.1735752,1643.53,1644.14,0.77026436,3.38,65.18233591
1667646293.0152645,1643.53,1644.14,0.77026436,3.38,65.18233591
1667646302.537008,1643.53,1644.14,0.77026436,3.38,65.18233591
1667646312.492931,1644.31,1644.31,0.87047541,3.49,65.80545479
1667646322.4519224,1644.31,1644.31,0.87047541,3.49,65.80545479
1667646332.4891176,1644.31,1644.31,0.87047541,3.49,65.80545479
1667646342.5224302,1644.31,1645.0,0.92551814,4.18,68.47304302
1667646352.5130768,1644.31,1645.0,0.92551814,4.18,68.47304302
1667646362.5193484,1644.31,1645.0,0.92551814,4.18,68.47304302
1667646372.53583,1645.38,1645.38,1.07969225,4.27,69.70734974
1667646382.5141406,1645.38,1645.38,1.07969225,4.27,69.70734974
1667646392.5432024,1645.38,1645.38,1.07969225,4.27,69.70734974
1667646402.5033991,1645.38,1645.42,1.08288313,4.31,69.89160883
1667646412.5946343,1645.38,1645.42,1.08288313,4.31,69.89160883
1667646422.5577257,1645.38,1645.42,1.08288313,4.31,69.89160883
1667646432.4619532,1644.47,1644.47,1.03516507,3.61,63.10324445
1667646442.6025782,1644.47,1644.47,1.03516507,3.61,63.10324445
1667646453.0689452,1644.47,1644.47,1.03516507,3.61,63.10324445
1667646462.542797,1644.47,1644.15,1.00963801,3.29,60.91763907
1667646473.037691,1644.47,1644.15,1.00963801,3.29,60.91763907
1667646483.037055,1644.47,1644.15,1.00963801,3.29,60.91763907
1667646492.9515662,1644.62,1644.62,1.06594537,3.51,63.71658209
1667646502.9918604,1644.62,1644.62,1.06594537,3.51,63.71658209
1667646513.0097237,1644.62,1644.62,1.06594537,3.51,63.71658209
1667646522.9588857,1644.62,1645.3,1.12019038,4.19,66.42726686
1667646533.0652652,1644.62,1645.3,1.12019038,4.19,66.42726686
1667646542.9727871,1644.62,1645.3,1.12019038,4.19,66.42726686
1667646552.9937234,1645.48,1645.48,1.19073527,3.82,67.07831995
1667646563.193033,1645.48,1645.48,1.19073527,3.82,67.07831995
1667646572.9980006,1645.48,1645.48,1.19073527,3.82,67.07831995
1667646583.1536376,1645.48,1647.04,1.31517971,5.38,72.12377603
1667646593.0001383,1645.48,1647.04,1.31517971,5.38,72.12377603
1667646602.9989257,1645.48,1647.04,1.31517971,5.38,72.12377603
1667646613.7358165,1646.91,1646.91,1.42333429,5.47,71.76315305
1667646622.9745696,1646.91,1646.91,1.42333429,5.47,71.76315305
1667646632.9768894,1646.91,1646.91,1.42333429,5.47,71.76315305
1667646643.0137055,1646.91,1645.73,1.32920324,4.29,63.70696323
1667646653.671183,1646.91,1645.73,1.32920324,4.29,63.70696323
1667646663.671837,1646.91,1645.73,1.32920324,4.29,63.70696323
1667646673.880385,1645.64,1645.64,1.31982912,1.99,63.14399536
1667646683.6999323,1645.64,1645.64,1.31982912,1.99,63.14399536
1667646693.7149608,1645.64,1645.64,1.31982912,1.99,63.14399536
1667646703.6825373,1645.64,1647.09,1.43549864,3.44,67.86774942
1667646713.6443825,1645.64,1647.09,1.43549864,3.44,67.86774942
1667646723.8488448,1645.64,1647.09,1.43549864,3.44,67.86774942
1667646733.7693934,1647.0,1647.0,1.49594688,2.3,67.61007969
1667646743.8531182,1647.0,1647.0,1.49594688,2.3,67.61007969
1667646753.8583436,1647.0,1647.0,1.49594688,2.3,67.61007969
1667646763.8894448,1647.0,1647.0,1.49594688,2.3,67.61007969
1667646774.085219,1647.0,1647.0,1.49594688,2.3,67.61007969
1667646783.699278,1647.0,1647.0,1.49594688,2.3,67.61007969
1667646793.7695618,1647.01,1647.01,1.53391327,3.48,67.60239627
1667646803.7658014,1647.01,1647.01,1.53391327,3.48,67.60239627
1667646813.847728,1647.01,1647.01,1.53391327,3.48,67.60239627
1667646823.800573,1647.01,1646.71,1.50998164,3.18,65.57549943
1667646834.811659,1647.01,1646.71,1.50998164,3.18,65.57549943
1667646844.7499914,1647.01,1646.71,1.50998164,3.18,65.57549943
1667646854.8022344,1646.5,1646.5,1.47283366,2.18,64.22750333
1667646864.818899,1646.5,1646.5,1.47283366,2.18,64.22750333
1667646874.7405229,1646.5,1646.5,1.47283366,2.18,64.22750333
1667646884.8804555,1646.5,1646.9,1.50474249,2.58,65.67488929
1667646894.848809,1646.5,1646.9,1.50474249,2.58,65.67488929
1667646904.7979972,1646.5,1646.9,1.50474249,2.58,65.67488929
1667646914.752392,1646.14,1646.14,1.38917908,0.75,61.87917179
1667646924.9551504,1646.14,1646.14,1.38917908,0.75,61.87917179
1667646934.853552,1646.14,1646.14,1.38917908,0.75,61.87917179
1667646944.810451,1646.14,1645.96,1.37482011,0.57,60.68444003
1667646954.7864354,1646.14,1645.96,1.37482011,0.57,60.68444003
1667646965.078309,1646.14,1645.96,1.37482011,0.57,60.68444003
1667646974.759131,1646.99,1646.99,1.45108048,2.52,65.08657018
1667646984.752492,1646.99,1646.99,1.45108048,2.52,65.08657018
1667646994.7578197,1646.99,1646.99,1.45108048,2.52,65.08657018
1667647004.747533,1646.99,1647.21,1.46863034,2.74,65.92700165
1667647015.9198475,1646.99,1647.21,1.46863034,2.74,65.92700165
1667647025.9452996,1646.99,1647.21,1.46863034,2.74,65.92700165
1667647035.877028,1647.14,1647.14,1.45049701,2.53,65.67402867
1667647045.8551486,1647.14,1647.14,1.45049701,2.53,65.67402867
1667647055.8259923,1647.14,1647.14,1.45049701,2.53,65.67402867
1667647065.8894985,1647.14,1647.4,1.47123775,2.79,66.66403242
1667647075.813763,1647.14,1647.4,1.47123775,2.79,66.66403242
1667647085.8268535,1647.14,1647.4,1.47123775,2.79,66.66403242
1667647095.9795475,1647.14,1647.4,1.47123775,2.79,66.66403242
1667647105.8089426,1646.97,1646.97,1.40071935,1.49,64.41752408
1667647115.8159924,1646.97,1646.97,1.40071935,1.49,64.41752408
1667647125.7921233,1646.97,1647.17,1.41667377,1.69,65.29196503
1667647135.8472962,1646.97,1647.17,1.41667377,1.69,65.29196503
1667647145.965257,1646.97,1647.17,1.41667377,1.69,65.29196503
1667647155.8992977,1646.62,1646.62,1.30566429,-0.29,61.78356167
1667647165.7815807,1646.62,1646.62,1.30566429,-0.29,61.78356167
1667647175.808602,1646.62,1646.62,1.30566429,-0.29,61.78356167
1667647185.911085,1646.62,1646.61,1.30486657,-0.3,61.73597179
1667647196.216616,1646.62,1646.61,1.30486657,-0.3,61.73597179
1667647206.2060864,1646.62,1646.61,1.30486657,-0.3,61.73597179
1667647216.4004786,1646.49,1646.49,1.21981838,0.86,60.8042043
1667647226.4263403,1646.49,1646.49,1.21981838,0.86,60.8042043
1667647236.292266,1646.49,1646.49,1.21981838,0.86,60.8042043
1667647246.2560413,1646.49,1647.4,1.29241097,1.77,65.00170117
1667647256.2459033,1646.49,1647.4,1.29241097,1.77,65.00170117
1667647266.2863064,1646.49,1647.4,1.29241097,1.77,65.00170117
1667647276.220621,1647.39,1647.39,1.27525119,0.39,64.91942599
1667647286.3287802,1647.39,1647.39,1.27525119,0.39,64.91942599
1667647296.3463871,1647.39,1647.39,1.27525119,0.39,64.91942599
1667647306.2745876,1647.39,1647.15,1.25610589,0.15,63.00546279
1667647316.2797987,1647.39,1647.15,1.25610589,0.15,63.00546279
1667647326.3248365,1647.39,1647.15,1.25610589,0.15,63.00546279
1667647336.515686,1647.3,1647.3,1.23455152,0.28,64.18821628
1667647346.71661,1647.3,1647.3,1.23455152,0.28,64.18821628
1667647356.2563038,1647.3,1647.3,1.23455152,0.28,64.18821628
1667647366.2588532,1647.3,1647.88,1.28081933,0.86,66.78464468
1667647376.9741778,1647.3,1647.88,1.28081933,0.86,66.78464468
1667647386.7535503,1647.3,1647.88,1.28081933,0.86,66.78464468
1667647396.6506767,1647.91,1647.91,1.27983552,1.41,66.91191019
1667647406.6981602,1647.91,1647.91,1.27983552,1.41,66.91191019
1667647416.69143,1647.91,1647.91,1.27983552,1.41,66.91191019
1667647426.61604,1647.91,1648.39,1.31812612,1.89,68.91297122
1667647436.7523696,1647.91,1648.39,1.31812612,1.89,68.91297122
1667647446.956571,1647.91,1648.39,1.31812612,1.89,68.91297122
1667647456.7012415,1648.39,1648.39,1.33046781,2.25,68.91598382
1667647466.724423,1648.39,1648.39,1.33046781,2.25,68.91598382
1667647476.818205,1648.39,1648.39,1.33046781,2.25,68.91598382
1667647486.948479,1648.39,1647.61,1.26824559,1.47,62.35123463
1667647496.7310722,1648.39,1647.61,1.26824559,1.47,62.35123463
1667647506.7767396,1648.39,1647.61,1.26824559,1.47,62.35123463
1667647517.0514245,1648.06,1648.06,1.27895058,1.06,66.00428407
1667647526.7620993,1648.06,1648.06,1.27895058,1.06,66.00428407
1667647537.345219,1648.06,1648.06,1.27895058,1.06,66.00428407
1667647546.758885,1648.06,1648.06,1.27895058,1.06,66.00428407
1667647557.5510805,1648.06,1648.06,1.27895058,1.06,66.00428407
1667647567.457607,1648.06,1648.06,1.27895058,1.06,66.00428407
1667647577.6756525,1647.76,1647.76,1.20222922,0.62,63.33999148
1667647587.545811,1647.76,1647.76,1.20222922,0.62,63.33999148
1667647597.510744,1647.76,1647.76,1.20222922,0.62,63.33999148
1667647607.483184,1647.76,1647.87,1.21100415,0.73,63.91515424
1667647617.4706547,1647.76,1647.87,1.21100415,0.73,63.91515424
1667647627.5794528,1647.76,1647.87,1.21100415,0.73,63.91515424
1667647637.531422,1647.75,1647.75,1.1457555,0.77,63.24834361
1667647647.4860814,1647.75,1647.75,1.1457555,0.77,63.24834361
1667647657.5734684,1647.75,1647.75,1.1457555,0.77,63.24834361
1667647667.4915876,1647.75,1647.34,1.11304895,0.36,59.45024229
1667647677.524009,1647.75,1647.34,1.11304895,0.36,59.45024229
1667647687.75724,1647.75,1647.34,1.11304895,0.36,59.45024229
1667647697.617289,1648.05,1648.05,1.13210231,1.44,64.83803351
1667647707.5039935,1648.05,1648.05,1.13210231,1.44,64.83803351
1667647717.7157648,1648.05,1648.05,1.13210231,1.44,64.83803351
1667647727.799309,1648.05,1648.06,1.13290003,1.45,64.94182362
1667647738.549888,1648.05,1648.06,1.13290003,1.45,64.94182362
1667647748.236494,1648.05,1648.06,1.13290003,1.45,64.94182362
1667647758.268352,1648.06,1648.06,1.0905427,1.58,64.94182362
1667647768.2491913,1648.06,1648.06,1.0905427,1.58,64.94182362
1667647778.2598438,1648.06,1648.06,1.0905427,1.58,64.94182362
1667647788.4321065,1648.06,1648.36,1.11447432,1.88,66.66576532
1667647798.2318432,1648.06,1648.36,1.11447432,1.88,66.66576532
1667647808.3006325,1648.06,1648.36,1.11447432,1.88,66.66576532
1667647818.4688268,1648.37,1648.37,1.08875129,0.97,66.72031488
1667647828.288377,1648.37,1648.37,1.08875129,0.97,66.72031488
1667647838.2879398,1648.37,1648.37,1.08875129,0.97,66.72031488
1667647848.278864,1648.37,1648.85,1.12704189,1.45,69.31592619
1667647858.3238869,1648.37,1648.85,1.12704189,1.45,69.31592619
1667647868.4200315,1648.37,1648.85,1.12704189,1.45,69.31592619
1667647878.6369014,1648.42,1648.42,1.06201772,1.12,67.0154336
1667647888.535833,1648.42,1648.42,1.06201772,1.12,67.0154336
1667647898.3957028,1648.42,1648.42,1.06201772,1.12,67.0154336
1667647908.3053296,1648.42,1648.37,1.05802912,1.07,66.45232645
1667647918.975844,1648.42,1648.37,1.05802912,1.07,66.45232645
1667647929.004501,1648.42,1648.37,1.05802912,1.07,66.45232645
1667647939.0356514,1648.13,1648.13,0.98547475,0.23,63.59731552
1667647948.9717004,1648.13,1648.13,0.98547475,0.23,63.59731552
1667647959.0586238,1648.13,1648.13,0.98547475,0.23,63.59731552
1667647969.0522912,1648.13,1647.21,0.91208443,-0.69,54.01682196
1667647979.008436,1648.13,1647.21,0.91208443,-0.69,54.01682196
1667647989.0060594,1648.13,1647.21,0.91208443,-0.69,54.01682196
1667647999.0485966,1646.83,1646.83,0.74862832,-1.55,50.85266112
1667648009.0855153,1646.83,1646.83,0.74862832,-1.55,50.85266112
1667648019.2253342,1646.83,1646.83,0.74862832,-1.55,50.85266112
1667648028.969623,1646.83,1646.32,0.70794456,-2.06,46.88331392
1667648039.1917293,1646.83,1646.32,0.70794456,-2.06,46.88331392
1667648049.759771,1646.83,1646.32,0.70794456,-2.06,46.88331392
1667648059.022699,1646.1,1646.1,0.53320413,-1.96,45.35095599
1667648069.0982862,1646.1,1646.1,0.53320413,-1.96,45.35095599
1667648078.9938805,1646.1,1646.1,0.53320413,-1.96,45.35095599
1667648089.119783,1646.1,1646.41,0.55793347,-1.65,47.91846654
1667648100.1564536,1646.1,1646.41,0.55793347,-1.65,47.91846654
1667648110.1960278,1646.1,1646.41,0.55793347,-1.65,47.91846654
1667648120.3377912,1646.09,1646.09,0.4019341,-1.67,45.27876506
1667648130.1726403,1646.09,1646.09,0.4019341,-1.67,45.27876506
1667648140.2474074,1646.09,1646.09,0.4019341,-1.67,45.27876506
1667648150.188892,1646.09,1645.63,0.36523894,-2.13,41.96921084
1667648160.196908,1646.09,1645.63,0.36523894,-2.13,41.96921084
1667648170.3926902,1646.09,1645.63,0.36523894,-2.13,41.96921084
1667648180.2396743,1645.89,1645.89,0.26747517,-1.86,43.77223855
1667648190.2371778,1645.89,1645.89,0.26747517,-1.86,43.77223855
1667648200.145155,1645.89,1645.89,0.26747517,-1.86,43.77223855
1667648210.8730962,1645.89,1646.03,0.27864326,-1.72,45.12592769
1667648220.1361938,1645.89,1646.03,0.27864326,-1.72,45.12592769
1667648230.138096,1645.89,1646.03,0.27864326,-1.72,45.12592769
1667648240.1316545,1646.16,1646.16,0.20912448,-1.9,46.34470059
1667648250.1860118,1646.16,1646.16,0.20912448,-1.9,46.34470059
1667648260.1822088,1646.16,1646.16,0.20912448,-1.9,46.34470059
1667648270.1756592,1646.16,1646.13,0.20673131,-1.93,46.0902944
1667648280.5520885,1646.16,1646.13,0.20673131,-1.93,46.0902944
1667648290.746486,1646.69,1646.69,0.21907219,-1.37,51.11202639
1667648300.5093832,1646.69,1646.69,0.21907219,-1.37,51.11202639
1667648310.694363,1646.69,1646.69,0.21907219,-1.37,51.11202639
1667648320.6631336,1646.69,1646.64,0.21508359,-1.42,50.65476834
1667648330.6171403,1646.69,1646.64,0.21508359,-1.42,50.65476834
1667648340.851483,1646.69,1646.64,0.21508359,-1.42,50.65476834
1667648350.6638734,1646.45,1646.45,0.15731771,-1.92,48.98934928
1667648360.6583836,1646.45,1646.45,0.15731771,-1.92,48.98934928
1667648371.2089005,1646.45,1646.45,0.15731771,-1.92,48.98934928
1667648380.6316397,1646.45,1646.59,0.1684858,-1.78,50.28634344
1667648390.6562448,1646.45,1646.59,0.1684858,-1.78,50.28634344
1667648400.6031876,1646.45,1646.59,0.1684858,-1.78,50.28634344
1667648410.7880545,1646.45,1646.59,0.1684858,-1.78,50.28634344
1667648420.6089394,1646.59,1646.59,0.1419324,-1.82,50.28634344
1667648430.599118,1646.59,1646.59,0.1419324,-1.82,50.28634344
1667648440.6002772,1646.59,1646.75,0.15469594,-1.66,51.79485009
1667648450.5912366,1646.59,1646.75,0.15469594,-1.66,51.79485009
1667648461.4175198,1646.59,1646.75,0.15469594,-1.66,51.79485009
1667648471.3988044,1648.05,1648.05,0.32590023,-0.08,61.32897032
1667648481.4066553,1648.05,1648.05,0.32590023,-0.08,61.32897032
1667648491.4228313,1648.05,1648.05,0.32590023,-0.08,61.32897032
1667648501.4223409,1648.05,1648.24,0.34105692,0.11,62.49646347
1667648511.445062,1648.05,1648.24,0.34105692,0.11,62.49646347
1667648521.4053614,1648.05,1648.24,0.34105692,0.11,62.49646347
1667648531.7192032,1648.28,1648.28,0.40696881,1.45,62.73785133
1667648541.5193624,1648.28,1648.28,0.40696881,1.45,62.73785133
1667648551.5630715,1648.28,1648.28,0.40696881,1.45,62.73785133
1667648562.0301168,1648.28,1649.71,0.52104288,2.88,70.02544488
1667648571.4982908,1648.28,1649.71,0.52104288,2.88,70.02544488
1667648581.5086503,1648.28,1649.71,0.52104288,2.88,70.02544488
1667648591.4857912,1648.28,1649.71,0.52104288,2.88,70.02544488
1667648601.6477392,1649.56,1649.56,0.63365626,3.45,69.33619148
1667648611.5256658,1649.56,1649.56,0.63365626,3.45,69.33619148
1667648621.5217235,1649.56,1650.1,0.67673318,3.99,71.69313973
1667648631.4956286,1649.56,1650.1,0.67673318,3.99,71.69313973
1667648642.238493,1649.56,1650.1,0.67673318,3.99,71.69313973
1667648652.1084943,1650.0,1650.0,0.78561438,3.91,71.29385871
1667648662.1729996,1650.0,1650.0,0.78561438,3.91,71.29385871
1667648672.0758505,1650.0,1650.0,0.78561438,3.91,71.29385871
1667648682.0349047,1650.0,1648.2,0.64202464,2.11,55.98574673
1667648692.0909965,1650.0,1648.2,0.64202464,2.11,55.98574673
1667648702.0199246,1650.0,1648.2,0.64202464,2.11,55.98574673
1667648712.4555748,1648.9,1648.9,0.71271851,3.0,61.08657651
1667648722.2210696,1648.9,1648.9,0.71271851,3.0,61.08657651
1667648732.104596,1648.9,1648.9,0.71271851,3.0,61.08657651
1667648742.3331842,1648.9,1650.0,0.8004678,4.1,66.28493976
1667648752.4294586,1648.9,1650.0,0.8004678,4.1,66.28493976
1667648762.0329964,1648.9,1650.0,0.8004678,4.1,66.28493976
1667648772.1337466,1649.77,1649.77,0.83860311,3.61,65.31948267
1667648782.0966513,1649.77,1649.77,0.83860311,3.61,65.31948267
1667648792.3233185,1649.77,1649.77,0.83860311,3.61,65.31948267
1667648802.256194,1649.77,1649.36,0.80589656,3.2,61.93539395
1667648812.3696153,1649.77,1649.36,0.80589656,3.2,61.93539395
1667648822.607668,1649.77,1649.36,0.80589656,3.2,61.93539395
1667648832.7767627,1650.0,1650.0,0.90643773,3.31,66.36036101
1667648842.6302571,1650.0,1650.0,0.90643773,3.31,66.36036101
1667648852.6174724,1650.0,1650.0,0.90643773,3.31,66.36036101
1667648862.583344,1650.0,1649.28,0.84900183,2.59,60.26283952
1667648872.6537457,1650.0,1649.28,0.84900183,2.59,60.26283952
1667648882.694154,1650.0,1649.28,0.84900183,2.59,60.26283952
1667648892.6623664,1649.02,1649.02,0.7957287,2.57,58.31092275
1667648902.6624086,1649.02,1649.02,0.7957287,2.57,58.31092275
1667648913.1086226,1649.02,1649.02,0.7957287,2.57,58.31092275
1667648922.7001386,1649.02,1649.1,0.80211047,2.65,58.74878202
1667648932.629923,1649.02,1649.1,0.80211047,2.65,58.74878202
1667648942.8521883,1649.02,1649.1,0.80211047,2.65,58.74878202
1667648952.6944394,1648.13,1648.13,0.63536871,1.54,52.15682377
1667648962.6140337,1648.13,1648.13,0.63536871,1.54,52.15682377
1667648972.6889873,1648.13,1648.13,0.63536871,1.54,52.15682377
1667648982.6594868,1648.13,1647.16,0.55798979,0.57,46.39670503
1667648992.6828413,1648.13,1647.16,0.55798979,0.57,46.39670503
1667649003.1113343,1648.13,1647.16,0.55798979,0.57,46.39670503
1667649013.0750036,1647.97,1647.97,0.53612142,-0.08,51.11460879
1667649023.1058722,1647.97,1647.97,0.53612142,-0.08,51.11460879
1667649033.1464274,1647.97,1647.97,0.53612142,-0.08,51.11460879
1667649043.0348485,1647.97,1648.74,0.59754592,0.69,55.72378023
1667649053.1195078,1647.97,1648.74,0.59754592,0.69,55.72378023
1667649063.1578083,1647.97,1648.74,0.59754592,0.69,55.72378023
1667649073.1553934,1648.95,1648.95,0.60140498,0.68,56.81228185
1667649083.1312268,1648.95,1648.95,0.60140498,0.68,56.81228185
1667649093.2761705,1648.95,1648.95,0.60140498,0.68,56.81228185
1667649103.2924738,1648.95,1648.39,0.55673262,0.12,53.00560722
1667649113.0608912,1648.95,1648.39,0.55673262,0.12,53.00560722
1667649123.0542462,1648.95,1648.39,0.55673262,0.12,53.00560722
1667649133.069321,1647.31,1647.31,0.35137457,-2.26,46.95068626
1667649143.080125,1647.31,1647.31,0.35137457,-2.26,46.95068626
1667649153.1218896,1647.31,1647.31,0.35137457,-2.26,46.95068626
1667649163.0944765,1647.31,1647.41,0.35935178,-2.16,47.54789854
1667649173.0982263,1647.31,1647.41,0.35935178,-2.16,47.54789854
1667649183.5697153,1647.31,1647.41,0.35935178,-2.16,47.54789854
1667649193.5902224,1647.57,1647.57,0.29135594,-2.43,48.47596444
1667649203.5621874,1647.57,1647.57,0.29135594,-2.43,48.47596444
1667649213.5509822,1647.57,1647.57,0.29135594,-2.43,48.47596444
1667649223.7255974,1647.57,1647.57,0.29135594,-2.43,48.47596444
1667649233.5501077,1647.57,1647.7,0.30172631,-2.3,49.26149243
1667649243.6469405,1647.57,1647.7,0.30172631,-2.3,49.26149243
1667649253.6196687,1647.34,1647.34,0.19163336,-1.56,47.19476981
1667649263.909342,1647.34,1647.34,0.19163336,-1.56,47.19476981
1667649273.522563,1647.34,1647.34,0.19163336,-1.56,47.19476981
1667649283.7459707,1647.34,1647.18,0.17886982,-1.72,46.26364605
1667649293.545827,1647.34,1647.18,0.17886982,-1.72,46.26364605
1667649303.5532477,1647.34,1647.18,0.17886982,-1.72,46.26364605
1667649313.5625453,1647.17,1647.17,0.10167162,-2.59,46.22138485
1667649323.5567484,1647.17,1647.17,0.10167162,-2.59,46.22138485
1667649333.813269,1647.17,1647.17,0.10167162,-2.59,46.22138485
1667649343.5827885,1647.17,1647.14,0.09927846,-2.62,46.02961876
1667649353.5494435,1647.17,1647.14,0.09927846,-2.62,46.02961876
1667649364.686706,1647.17,1647.14,0.09927846,-2.62,46.02961876
1667649374.7429037,1647.16,1647.16,0.03986641,-2.84,46.15066991
1667649384.6912549,1647.16,1647.16,0.03986641,-2.84,46.15066991
1667649394.8872025,1647.16,1647.16,0.03986641,-2.84,46.15066991
1667649404.6756506,1647.16,1647.56,0.07177525,-2.44,49.03734725
1667649414.6833098,1647.16,1647.56,0.07177525,-2.44,49.03734725
1667649424.847711,1647.16,1647.56,0.07177525,-2.44,49.03734725
1667649434.8749576,1647.57,1647.57,0.04957283,-1.44,49.10555415
1667649444.7517717,1647.57,1647.57,0.04957283,-1.44,49.10555415
1667649455.1577697,1647.57,1647.57,0.04957283,-1.44,49.10555415
1667649464.8872595,1647.57,1647.56,0.04877511,-1.45,49.0348791
1667649474.67432,1647.57,1647.56,0.04877511,-1.45,49.0348791
1667649484.6975777,1647.57,1647.56,0.04877511,-1.45,49.0348791
1667649494.9095016,1647.12,1647.12,-0.03262528,-1.0,46.11458579
1667649505.0188978,1647.12,1647.12,-0.03262528,-1.0,46.11458579
1667649514.8220444,1647.12,1647.12,-0.03262528,-1.0,46.11458579
1667649524.8943503,1647.12,1646.92,-0.04857969,-1.2,44.80828938
1667649534.7842696,1647.12,1646.92,-0.04857969,-1.2,44.80828938
1667649545.489588,1647.12,1646.92,-0.04857969,-1.2,44.80828938
1667649555.4362886,1647.74,1647.74,0.01973172,-0.23,50.57407594
1667649565.4693415,1647.74,1647.74,0.01973172,-0.23,50.57407594
1667649575.4610522,1647.74,1647.74,0.01973172,-0.23,50.57407594
1667649585.5136638,1647.74,1649.39,0.15135565,1.42,60.06344451
1667649595.474854,1647.74,1649.39,0.15135565,1.42,60.06344451
1667649605.537244,1647.74,1649.39,0.15135565,1.42,60.06344451
1667649615.464358,1649.58,1649.58,0.28125959,0.62,60.92715086
1667649625.756797,1649.58,1649.58,0.28125959,0.62,60.92715086
1667649635.4927826,1649.58,1649.58,0.28125959,0.62,60.92715086
1667649645.9617023,1649.58,1648.7,0.21106016,-0.26,54.99474989
1667649655.4868608,1649.58,1648.7,0.21106016,-0.26,54.99474989
1667649665.6069517,1649.58,1648.7,0.21106016,-0.26,54.99474989
1667649675.4688127,1649.67,1649.67,0.38129457,2.37,61.32034389
1667649685.4751866,1649.67,1649.67,0.38129457,2.37,61.32034389
1667649695.7154377,1649.67,1649.67,0.38129457,2.37,61.32034389
1667649705.4679098,1649.67,1650.2,0.42357377,2.9,63.85169679
1667649715.5236094,1649.67,1650.2,0.42357377,2.9,63.85169679
1667649726.236563,1649.67,1650.2,0.42357377,2.9,63.85169679
1667649736.351315,1649.43,1649.43,0.41453146,1.86,59.44176494
1667649746.482737,1649.43,1649.43,0.41453146,1.86,59.44176494
1667649756.2579958,1649.43,1649.43,0.41453146,1.86,59.44176494
1667649766.2545214,1649.43,1648.26,0.32119813,0.69,51.30275619
1667649776.395107,1649.43,1648.26,0.32119813,0.69,51.30275619
1667649786.2033875,1649.43,1648.26,0.32119813,0.69,51.30275619
1667649796.303316,1648.35,1648.35,0.29818524,1.02,51.85036696
1667649806.9293144,1648.35,1648.35,0.29818524,1.02,51.85036696
1667649816.422393,1648.35,1648.35,0.29818524,1.02,51.85036696
1667649826.2411702,1648.35,1647.76,0.25111972,0.43,48.22098259
1667649836.2739072,1648.35,1647.76,0.25111972,0.43,48.22098259
1667649846.2873385,1648.35,1647.76,0.25111972,0.43,48.22098259
1667649856.2369118,1647.3,1647.3,0.12394241,0.14,45.71872296
1667649866.3179524,1647.3,1647.3,0.12394241,0.14,45.71872296
1667649876.2791803,1647.3,1647.3,0.12394241,0.14,45.71872296
1667649886.4895363,1647.3,1646.61,0.06889968,-0.55,42.18821069
1667649896.2525852,1647.3,1646.61,0.06889968,-0.55,42.18821069
1667649907.4052851,1647.3,1646.61,0.06889968,-0.55,42.18821069
1667649917.3655584,1646.46,1646.46,-0.0677301,-0.7,41.49166964
1667649927.4173677,1646.46,1646.46,-0.0677301,-0.7,41.49166964
1667649937.383818,1646.46,1646.46,-0.0677301,-0.7,41.49166964
1667649947.3207743,1646.46,1646.99,-0.02545089,-0.17,44.95011799
1667649957.2703755,1646.46,1646.99,-0.02545089,-0.17,44.95011799
1667649967.899003,1646.46,1646.99,-0.02545089,-0.17,44.95011799
1667649977.589817,1646.85,1646.85,-0.10949807,-0.72,44.07693203
1667649987.347426,1646.85,1646.85,-0.10949807,-0.72,44.07693203
1667649997.3599603,1646.85,1646.85,-0.10949807,-0.72,44.07693203
1667650007.35312,1646.85,1646.57,-0.13183425,-1.0,42.6208458
1667650017.2933767,1646.85,1646.57,-0.13183425,-1.0,42.6208458
1667650027.281831,1646.85,1646.57,-0.13183425,-1.0,42.6208458
1667650037.3514576,1647.51,1647.51,-0.07204998,0.39,48.24471983
1667650047.74854,1647.51,1647.51,-0.07204998,0.39,48.24471983
1667650057.4837775,1647.51,1647.51,-0.07204998,0.39,48.24471983
1667650067.3073096,1647.51,1646.9,-0.12071095,-0.22,44.9130801
1667650077.2888198,1647.51,1646.9,-0.12071095,-0.22,44.9130801
1667650087.7828448,1647.51,1646.9,-0.12071095,-0.22,44.9130801
1667650097.739581,1646.6,1646.6,-0.21177875,-1.15,43.437823
1667650107.773465,1646.6,1646.6,-0.21177875,-1.15,43.437823
1667650117.82759,1646.6,1646.6,-0.21177875,-1.15,43.437823
1667650128.4027746,1646.6,1646.31,-0.23491266,-1.44,42.00159917
1667650137.8063526,1646.6,1646.31,-0.23491266,-1.44,42.00159917
1667650147.8065662,1646.6,1646.31,-0.23491266,-1.44,42.00159917
1667650157.7978866,1645.78,1645.78,-0.37849804,-3.8,39.63546965
1667650168.0679846,1645.78,1645.78,-0.37849804,-3.8,39.63546965
1667650177.8266838,1645.78,1645.78,-0.37849804,-3.8,39.63546965
1667650187.8629625,1645.78,1646.26,-0.34020744,-3.32,42.80704471
1667650197.816524,1645.78,1646.26,-0.34020744,-3.32,42.80704471
1667650208.0241525,1645.78,1646.26,-0.34020744,-3.32,42.80704471
1667650217.79569,1645.32,1645.32,-0.51795736,-4.36,37.60821055
1667650227.9158044,1645.32,1645.32,-0.51795736,-4.36,37.60821055
1667650237.7879634,1645.32,1645.32,-0.51795736,-4.36,37.60821055
1667650247.8586814,1645.32,1645.02,-0.54188899,-4.66,36.3182155
1667650258.0257568,1645.32,1645.02,-0.54188899,-4.66,36.3182155
1667650268.630656,1645.32,1645.02,-0.54188899,-4.66,36.3182155
1667650278.7040443,1645.92,1645.92,-0.50775046,-3.5,41.74645284
1667650288.6224098,1645.92,1645.92,-0.50775046,-3.5,41.74645284
1667650298.5370948,1645.92,1645.92,-0.50775046,-3.5,41.74645284
1667650308.5002534,1645.92,1646.26,-0.48062795,-3.16,44.01261511
1667650318.8347244,1645.92,1646.26,-0.48062795,-3.16,44.01261511
1667650328.544495,1645.92,1646.26,-0.48062795,-3.16,44.01261511
1667650338.5208454,1646.66,1646.66,-0.42685871,-1.68,46.46283507
1667650348.5431964,1646.66,1646.66,-0.42685871,-1.68,46.46283507
1667650358.523151,1646.66,1646.66,-0.42685871,-1.68,46.46283507
1667650368.5857103,1646.66,1646.22,-0.46195843,-2.12,44.17277466
1667650378.5644553,1646.66,1646.22,-0.46195843,-2.12,44.17277466
1667650388.7100236,1646.66,1646.22,-0.46195843,-2.12,44.17277466
1667650398.5692017,1645.72,1645.72,-0.53774787,-1.59,41.82991874
1667650408.7622528,1645.72,1645.72,-0.53774787,-1.59,41.82991874
1667650418.721066,1645.72,1645.72,-0.53774787,-1.59,41.82991874
1667650428.6982703,1645.72,1645.4,-0.56327494,-1.91,40.35472208
1667650438.711291,1645.72,1645.4,-0.56327494,-1.91,40.35472208
1667650449.5115254,1645.72,1645.4,-0.56327494,-1.91,40.35472208
1667650459.463179,1645.39,1645.39,-0.60639876,-1.07,40.31029693
1667650469.7441337,1645.39,1645.39,-0.60639876,-1.07,40.31029693
1667650479.48409,1645.39,1645.39,-0.60639876,-1.07,40.31029693
1667650489.4767473,1645.39,1645.48,-0.59921927,-0.98,40.94045836
1667650499.6174932,1645.39,1645.48,-0.59921927,-0.98,40.94045836
1667650509.79858,1645.39,1645.48,-0.59921927,-0.98,40.94045836
1667650519.5008025,1645.36,1645.36,-0.63627468,-1.49,40.16378583
1667650529.464202,1645.36,1645.36,-0.63627468,-1.49,40.16378583
1667650539.5316603,1645.36,1645.36,-0.63627468,-1.49,40.16378583
1667650549.4837005,1645.36,1645.46,-0.62829747,-1.39,40.89252301
1667650559.648155,1645.36,1645.46,-0.62829747,-1.39,40.89252301
1667650569.6666772,1645.36,1645.46,-0.62829747,-1.39,40.89252301
1667650579.4534798,1645.73,1645.73,-0.59949254,-1.78,42.84149388
1667650589.5712552,1645.73,1645.73,-0.59949254,-1.78,42.84149388
1667650599.4633667,1645.73,1645.73,-0.59949254,-1.78,42.84149388
1667650609.6908464,1645.73,1645.25,-0.63778313,-2.26,40.28038638
1667650619.4594922,1645.73,1645.25,-0.63778313,-2.26,40.28038638
1667650630.3130429,1645.73,1645.25,-0.63778313,-2.26,40.28038638
1667650640.3223915,1645.61,1645.61,-0.60330611,-0.99,42.15748002
1667650650.3449144,1645.61,1645.61,-0.60330611,-0.99,42.15748002
1667650660.2981768,1645.61,1645.0,-0.65196708,-1.6,38.85352059
1667650670.3690023,1645.61,1645.0,-0.65196708,-1.6,38.85352059
1667650680.5799117,1645.61,1645.0,-0.65196708,-1.6,38.85352059
1667650690.349999,1644.64,1644.64,-0.72904035,-1.13,37.1359021
1667650700.5617049,1644.64,1644.64,-0.72904035,-1.13,37.1359021
1667650710.3673606,1644.64,1644.64,-0.72904035,-1.13,37.1359021
1667650720.3925035,1644.64,1644.22,-0.76254462,-1.55,35.18180593
1667650730.3876543,1644.64,1644.22,-0.76254462,-1.55,35.18180593
1667650740.4012892,1644.64,1644.22,-0.76254462,-1.55,35.18180593
1667650750.417687,1644.41,1644.41,-0.79113079,-0.91,36.03970762
1667650760.3924685,1644.41,1644.41,-0.79113079,-0.91,36.03970762
1667650770.4542096,1644.41,1644.41,-0.79113079,-0.91,36.03970762
1667650780.3831627,1644.41,1643.6,-0.85574617,-1.72,32.41118071
1667650790.3429563,1644.41,1643.6,-0.85574617,-1.72,32.41118071
1667650800.322616,1644.41,1643.6,-0.85574617,-1.72,32.41118071
1667650811.0845523,1643.03,1643.03,-1.01146676,-2.89,30.26678368
1667650821.087644,1643.03,1643.03,-1.01146676,-2.89,30.26678368
1667650831.117669,1643.03,1643.03,-1.01146676,-2.89,30.26678368
1667650841.1396604,1643.03,1643.21,-0.99710779,-2.71,31.80129054
1667650851.1389537,1643.03,1643.21,-0.99710779,-2.71,31.80129054
1667650861.4021027,1643.03,1643.21,-0.99710779,-2.71,31.80129054
1667650871.337992,1642.5,1642.5,-1.16124079,-4.16,28.38615679
1667650881.1895156,1642.5,1642.5,-1.16124079,-4.16,28.38615679
1667650891.4118278,1642.5,1642.5,-1.16124079,-4.16,28.38615679
1667650901.111336,1642.5,1642.5,-1.16124079,-4.16,28.38615679
1667650911.2033598,1642.5,1641.84,-1.21389037,-4.82,26.20274381
1667650921.1519938,1642.5,1641.84,-1.21389037,-4.82,26.20274381
1667650931.195937,1641.45,1641.45,-1.38127339,-4.27,25.12544159
1667650941.1522236,1641.45,1641.45,-1.38127339,-4.27,25.12544159
1667650951.1697652,1641.45,1641.45,-1.38127339,-4.27,25.12544159
1667650961.0999324,1641.45,1642.24,-1.31825345,-3.48,31.59775002
1667650971.1442904,1641.45,1642.24,-1.31825345,-3.48,31.59775002
1667650981.6561117,1641.45,1642.24,-1.31825345,-3.48,31.59775002
1667650991.6588016,1643.28,1643.28,-1.21359569,-2.11,38.59107598
1667651001.708927,1643.28,1643.28,-1.21359569,-2.11,38.59107598
1667651011.753266,1643.28,1643.28,-1.21359569,-2.11,38.59107598
1667651021.777435,1643.28,1643.85,-1.1681256,-1.54,42.08345314
1667651031.751372,1643.28,1643.85,-1.1681256,-1.54,42.08345314
1667651041.72725,1643.28,1643.85,-1.1681256,-1.54,42.08345314
1667651052.1872947,1643.24,1643.24,-1.18718178,-2.13,38.40091282
1667651061.748918,1643.24,1643.24,-1.18718178,-2.13,38.40091282
1667651071.8810503,1643.24,1643.24,-1.18718178,-2.13,38.40091282
1667651081.7941377,1643.24,1641.77,-1.30444674,-3.6,32.90267331
1667651091.8331416,1643.24,1641.77,-1.30444674,-3.6,32.90267331
1667651101.7392712,1643.24,1641.77,-1.30444674,-3.6,32.90267331
1667651111.7592824,1642.48,1642.48,-1.2585185,-3.24,35.34709935
1667651121.793301,1642.48,1642.48,-1.2585185,-3.24,35.34709935
1667651131.8182025,1642.48,1642.48,-1.2585185,-3.24,35.34709935
1667651141.9865234,1642.48,1643.26,-1.19629628,-2.46,40.57067014
1667651151.808011,1642.48,1643.26,-1.19629628,-2.46,40.57067014
1667651161.8508234,1642.48,1643.26,-1.19629628,-2.46,40.57067014
1667651172.41824,1642.89,1642.89,-1.19522467,-2.72,38.20736688
1667651182.3552735,1642.89,1642.89,-1.19522467,-2.72,38.20736688
1667651192.3999145,1642.89,1642.89,-1.19522467,-2.72,38.20736688
1667651202.4226642,1642.89,1642.66,-1.21357225,-2.95,37.18564817
1667651212.4641254,1642.89,1642.66,-1.21357225,-2.95,37.18564817
1667651222.3982706,1642.89,1642.66,-1.21357225,-2.95,37.18564817
1667651232.4077756,1642.55,1642.55,-1.20569364,-2.09,36.76324209
1667651242.839214,1642.55,1642.55,-1.20569364,-2.09,36.76324209
1667651252.4274957,1642.55,1642.55,-1.20569364,-2.09,36.76324209
1667651262.4889672,1642.55,1642.55,-1.20569364,-2.09,36.76324209
1667651272.414967,1642.55,1641.52,-1.28785888,-3.12,32.67734925
1667651282.8107026,1642.55,1641.52,-1.28785888,-3.12,32.67734925
1667651292.3306315,1641.2,1641.2,-1.36973617,-3.21,31.63750479
1667651302.3377757,1641.2,1641.2,-1.36973617,-3.21,31.63750479
1667651312.3838146,1641.2,1641.2,-1.36973617,-3.21,31.63750479
1667651322.3725274,1641.2,1641.47,-1.34819771,-2.94,33.63248523
1667651332.4368649,1641.2,1641.47,-1.34819771,-2.94,33.63248523
1667651342.779286,1641.2,1641.47,-1.34819771,-2.94,33.63248523
1667651353.026014,1641.41,1641.41,-1.36734865,-1.62,33.23298443
1667651362.9678566,1641.41,1641.41,-1.36734865,-1.62,33.23298443
1667651372.9776888,1641.41,1641.41,-1.36734865,-1.62,33.23298443
1667651383.0339248,1641.41,1641.49,-1.36096688,-1.54,33.81407576
1667651393.2697897,1641.41,1641.49,-1.36096688,-1.54,33.81407576
1667651403.2685487,1641.41,1641.49,-1.36096688,-1.54,33.81407576
1667651412.9830036,1641.61,1641.61,-1.33475725,-0.89,34.75518664
1667651422.9914253,1641.61,1641.61,-1.33475725,-0.89,34.75518664
1667651432.966568,1641.61,1641.61,-1.33475725,-0.89,34.75518664
1667651443.065667,1641.61,1641.74,-1.32438688,-0.76,35.74750501
1667651453.0210366,1641.61,1641.74,-1.32438688,-0.76,35.74750501
1667651463.106562,1641.61,1641.74,-1.32438688,-0.76,35.74750501
1667651473.077097,1641.56,1641.56,-1.31420479,0.12,34.54275254
1667651483.08667,1641.56,1641.56,-1.31420479,0.12,34.54275254
1667651493.0476403,1641.56,1641.56,-1.31420479,0.12,34.54275254
1667651503.027787,1641.56,1641.19,-1.34372046,-0.25,32.93831651
1667651512.9983926,1641.56,1641.19,-1.34372046,-0.25,32.93831651
1667651523.050345,1641.56,1641.19,-1.34372046,-0.25,32.93831651
1667651533.740878,1642.06,1642.06,-1.20870362,-1.21,38.60982628
1667651543.7916608,1642.06,1642.06,-1.20870362,-1.21,38.60982628
1667651553.8038225,1642.06,1642.06,-1.20870362,-1.21,38.60982628
1667651564.3578565,1642.06,1641.58,-1.24699422,-1.69,36.29812916
1667651573.838629,1642.06,1641.58,-1.24699422,-1.69,36.29812916
1667651583.8411007,1642.06,1641.58,-1.24699422,-1.69,36.29812916
1667651593.7864046,1642.48,1642.48,-1.0847741,-0.77,41.82971934
1667651603.8017309,1642.48,1642.48,-1.0847741,-0.77,41.82971934
1667651613.84066,1642.48,1642.48,-1.0847741,-0.77,41.82971934
1667651623.7617614,1642.48,1641.51,-1.16215302,-1.74,36.96463644
1667651633.7959585,1642.48,1641.51,-1.16215302,-1.74,36.96463644
1667651643.7859645,1642.48,1641.51,-1.16215302,-1.74,36.96463644
1667651654.003931,1642.48,1641.51,-1.16215302,-1.74,36.96463644
1667651663.7793057,1642.06,1642.06,-1.06093826,-0.42,39.57446064
1667651673.958418,1642.06,1642.06,-1.06093826,-0.42,39.57446064
1667651683.8487318,1642.06,1642.54,-1.02264766,0.06,43.33461676
1667651693.780734,1642.06,1642.54,-1.02264766,0.06,43.33461676
1667651703.9441652,1642.06,1642.54,-1.02264766,0.06,43.33461676
1667651714.434744,1642.3,1642.3,-0.97061211,-0.58,41.52093295
1667651725.036502,1642.3,1642.3,-0.97061211,-0.58,41.52093295
1667651734.434759,1642.3,1642.3,-0.97061211,-0.58,41.52093295
1667651744.5400808,1642.3,1642.63,-0.94428733,-0.25,44.17524604
1667651754.4719489,1642.3,1642.63,-0.94428733,-0.25,44.17524604
1667651764.4723654,1642.3,1642.63,-0.94428733,-0.25,44.17524604
1667651774.4103763,1643.29,1643.29,-0.76382458,0.75,48.82613337
1667651784.4426565,1643.29,1643.29,-0.76382458,0.75,48.82613337
1667651794.499478,1643.29,1643.29,-0.76382458,0.75,48.82613337
1667651804.426295,1643.29,1642.73,-0.80849694,0.19,45.36413616
1667651814.3820393,1643.29,1642.73,-0.80849694,0.19,45.36413616
1667651824.413144,1643.29,1642.73,-0.80849694,0.19,45.36413616
1667651834.4104204,1643.52,1643.52,-0.62122723,2.33,50.36981766
1667651844.4212794,1643.52,1643.52,-0.62122723,2.33,50.36981766
1667651854.4045415,1643.52,1643.52,-0.62122723,2.33,50.36981766
1667651864.450481,1643.52,1642.6,-0.69461754,1.41,44.57114489
1667651874.4569795,1643.52,1642.6,-0.69461754,1.41,44.57114489
1667651885.1006129,1643.52,1642.6,-0.69461754,1.41,44.57114489
1667651895.035611,1642.26,1642.26,-0.69554276,0.84,42.75224724
1667651905.1216574,1642.26,1642.26,-0.69554276,0.84,42.75224724
1667651915.0155296,1642.26,1642.26,-0.69554276,0.84,42.75224724
1667651925.0640996,1642.26,1642.18,-0.70192452,0.76,42.31468351
1667651935.1156008,1642.26,1642.18,-0.70192452,0.76,42.31468351
1667651945.1192324,1642.26,1642.18,-0.70192452,0.76,42.31468351
1667651955.055441,1642.01,1642.01,-0.70304793,0.39,41.44104101
1667651965.0468512,1642.01,1642.01,-0.70304793,0.39,41.44104101
1667651975.0457077,1642.01,1642.01,-0.70304793,0.39,41.44104101
1667651985.0482016,1642.01,1641.64,-0.73256359,0.02,39.4495341
1667651995.0606854,1642.01,1641.64,-0.73256359,0.02,39.4495341
1667652005.0903254,1642.01,1641.64,-0.73256359,0.02,39.4495341
1667652015.1079082,1641.55,1641.55,-0.74969298,-0.01,38.99869617
1667652025.0288744,1641.55,1641.55,-0.74969298,-0.01,38.99869617
1667652035.0339968,1641.55,1641.55,-0.74969298,-0.01,38.99869617
1667652045.466664,1641.55,1642.0,-0.71379554,0.44,42.53490103
1667652055.0621202,1641.55,1642.0,-0.71379554,0.44,42.53490103
1667652065.0462315,1641.55,1642.0,-0.71379554,0.44,42.53490103
1667652076.1713648,1642.34,1642.34,-0.63726861,0.27,44.94620501
1667652085.7924075,1642.34,1642.34,-0.63726861,0.27,44.94620501
1667652096.055851,1642.34,1642.34,-0.63726861,0.27,44.94620501
1667652105.7966125,1642.34,1641.65,-0.69231134,-0.42,41.17057369
1667652115.9407632,1642.34,1641.65,-0.69231134,-0.42,41.17057369
1667652125.8398595,1642.34,1641.65,-0.69231134,-0.42,41.17057369
1667652136.1336415,1641.75,1641.75,-0.67531888,-0.73,41.70395343
1667652145.849003,1641.75,1641.75,-0.67531888,-0.73,41.70395343
1667652155.8807,1641.75,1641.75,-0.67531888,-0.73,41.70395343
1667652165.8674653,1641.75,1642.54,-0.61229894,0.06,47.2235679
1667652176.0705676,1641.75,1642.54,-0.61229894,0.06,47.2235679
1667652186.4042373,1641.75,1642.54,-0.61229894,0.06,47.2235679
1667652196.2720962,1642.45,1642.45,-0.56159688,0.39,46.65305331
1667652206.207514,1642.45,1642.45,-0.56159688,0.39,46.65305331
1667652216.2143507,1642.45,1642.45,-0.56159688,0.39,46.65305331
1667652226.2122498,1642.45,1642.34,-0.57037181,0.28,45.98266253
1667652236.5338106,1642.45,1642.34,-0.57037181,0.28,45.98266253
1667652246.2209942,1642.45,1642.34,-0.57037181,0.28,45.98266253
1667652257.2682862,1641.9,1641.9,-0.5869725,-0.39,43.51374724
1667652267.7943418,1641.9,1641.9,-0.5869725,-0.39,43.51374724
1667652277.3034933,1641.9,1641.9,-0.5869725,-0.39,43.51374724
1667652287.2822692,1641.9,1642.36,-0.55027734,0.07,46.73373456
1667652297.3348095,1641.9,1642.36,-0.55027734,0.07,46.73373456
1667652307.4947815,1641.9,1642.36,-0.55027734,0.07,46.73373456
1667652317.5283656,1642.37,1642.37,-0.49996535,-0.91,46.80472687
1667652327.3751547,1642.37,1642.37,-0.49996535,-0.91,46.80472687
1667652337.2911992,1642.37,1642.37,-0.49996535,-0.91,46.80472687
1667652347.3753922,1642.37,1642.37,-0.49996535,-0.91,46.80472687
1667652357.401271,1642.37,1642.37,-0.49996535,-0.91,46.80472687
1667652367.419177,1642.37,1642.37,-0.49996535,-0.91,46.80472687
1667652377.3452537,1641.92,1641.92,-0.51784673,-1.61,44.13742479
1667652387.3942132,1641.92,1641.92,-0.51784673,-1.61,44.13742479
1667652397.385913,1641.92,1641.92,-0.51784673,-1.61,44.13742479
1667652407.3455555,1641.92,1642.02,-0.50986952,-1.51,44.87179873
1667652417.4886355,1641.92,1642.02,-0.50986952,-1.51,44.87179873
1667652427.8761733,1641.92,1642.02,-0.50986952,-1.51,44.87179873
1667652438.1716957,1642.72,1642.72,-0.3859811,0.46,49.6131396
1667652448.235632,1642.72,1642.72,-0.3859811,0.46,49.6131396
1667652458.6196556,1642.72,1642.72,-0.3859811,0.46,49.6131396
1667652468.2183883,1642.72,1642.82,-0.37800389,0.56,50.27042169
1667652478.386536,1642.72,1642.82,-0.37800389,0.56,50.27042169
1667652488.3673816,1642.72,1642.82,-0.37800389,0.56,50.27042169
1667652498.2538438,1642.95,1642.95,-0.29513016,0.95,51.09967946
1667652508.2624876,1642.95,1642.95,-0.29513016,0.95,51.09967946
1667652518.3132648,1642.95,1642.95,-0.29513016,0.95,51.09967946
1667652528.410518,1642.95,1642.99,-0.29193927,0.99,51.36839618
1667652538.3010342,1642.95,1642.99,-0.29193927,0.99,51.36839618
1667652548.227217,1642.95,1642.99,-0.29193927,0.99,51.36839618
1667652558.2709298,1644.49,1644.49,-0.01664808,2.94,59.65040765
1667652568.2606108,1644.49,1644.49,-0.01664808,2.94,59.65040765
1667652578.2375462,1644.49,1644.49,-0.01664808,2.94,59.65040765
1667652588.1982882,1644.49,1644.5,-0.01585036,2.95,59.72349703
1667652598.1797872,1644.49,1644.5,-0.01585036,2.95,59.72349703
1667652608.299189,1644.49,1644.5,-0.01585036,2.95,59.72349703
1667652619.2963936,1643.56,1643.56,-0.02599983,1.22,53.55060952
1667652629.222484,1643.56,1643.56,-0.02599983,1.22,53.55060952
1667652639.2167983,1643.56,1643.56,-0.02599983,1.22,53.55060952
1667652649.4900997,1643.56,1643.2,-0.05471778,0.86,51.36286573
1667652659.1764033,1643.56,1643.2,-0.05471778,0.86,51.36286573
1667652669.3674634,1643.56,1643.2,-0.05471778,0.86,51.36286573
1667652679.4064093,1644.54,1644.54,0.16238847,2.8,58.39801843
1667652689.279,1644.54,1644.54,0.16238847,2.8,58.39801843
1667652699.373969,1644.54,1644.54,0.16238847,2.8,58.39801843
1667652709.1883197,1644.54,1644.32,0.14483862,2.58,56.97977419
1667652719.149448,1644.54,1644.32,0.14483862,2.58,56.97977419
1667652729.1459243,1644.54,1644.32,0.14483862,2.58,56.97977419
1667652739.1362803,1644.21,1644.21,0.20024553,1.77,56.2770741
1667652749.2415586,1644.21,1644.21,0.20024553,1.77,56.2770741
1667652759.192989,1644.21,1644.21,0.20024553,1.77,56.2770741
1667652769.225226,1644.21,1643.38,0.1340347,0.94,51.2317477
1667652779.1962633,1644.21,1643.38,0.1340347,0.94,51.2317477
1667652789.1993349,1644.21,1643.38,0.1340347,0.94,51.2317477
1667652799.8074148,1642.42,1642.42,-0.00416541,0.52,46.40671218
1667652809.9848378,1642.42,1642.42,-0.00416541,0.52,46.40671218
1667652819.790648,1642.42,1642.42,-0.00416541,0.52,46.40671218
1667652829.7847762,1642.42,1642.32,-0.01214262,0.42,45.92154515
1667652839.7554567,1642.42,1642.32,-0.01214262,0.42,45.92154515
1667652849.7445364,1642.42,1642.32,-0.01214262,0.42,45.92154515
1667652859.7869873,1642.53,1642.53,-0.036845,0.17,47.02239888
1667652869.865751,1642.53,1642.53,-0.036845,0.17,47.02239888
1667652879.7665255,1642.53,1642.53,-0.036845,0.17,47.02239888
1667652889.7566824,1642.53,1642.52,-0.03764272,0.16,46.96957163
1667652899.7979212,1642.53,1642.52,-0.03764272,0.16,46.96957163
1667652909.7533424,1642.53,1642.52,-0.03764272,0.16,46.96957163
1667652919.8164673,1642.35,1642.35,-0.09434897,0.42,46.08932882
1667652929.787944,1642.35,1642.35,-0.09434897,0.42,46.08932882
1667652939.803888,1642.35,1642.35,-0.09434897,0.42,46.08932882
1667652949.78044,1642.35,1642.02,-0.12067376,0.09,44.35174292
1667652959.8163414,1642.35,1642.02,-0.12067376,0.09,44.35174292
1667652969.931681,1642.35,1642.02,-0.12067376,0.09,44.35174292
1667652980.8469975,1642.02,1642.02,-0.17434235,-0.69,44.3694967
1667652990.9259932,1642.02,1642.02,-0.17434235,-0.69,44.3694967
1667653001.2724342,1642.02,1642.07,-0.17035375,-0.64,44.70881966
1667653010.9916708,1642.02,1642.07,-0.17035375,-0.64,44.70881966
1667653020.9625351,1642.02,1642.07,-0.17035375,-0.64,44.70881966
1667653031.0038474,1641.85,1641.85,-0.23719432,-1.1,43.44282644
1667653040.962015,1641.85,1641.85,-0.23719432,-1.1,43.44282644
1667653050.932417,1641.85,1641.85,-0.23719432,-1.1,43.44282644
1667653060.9747193,1641.85,1641.85,-0.23719432,-1.1,43.44282644
1667653070.9162402,1641.85,1641.22,-0.28745073,-1.73,40.15933583
1667653080.9646888,1641.85,1641.22,-0.28745073,-1.73,40.15933583
1667653090.9340715,1641.17,1641.17,-0.36924491,-3.33,39.91621226
1667653100.9626849,1641.17,1641.17,-0.36924491,-3.33,39.91621226
1667653110.9935317,1641.17,1641.17,-0.36924491,-3.33,39.91621226
1667653120.9760506,1641.17,1640.84,-0.3955697,-3.66,38.29342069
1667653130.997623,1641.17,1640.84,-0.3955697,-3.66,38.29342069
1667653140.9144228,1641.17,1640.84,-0.3955697,-3.66,38.29342069
1667653150.931241,1640.75,1640.75,-0.48660892,-2.82,37.90877525
1667653162.0719569,1640.75,1640.75,-0.48660892,-2.82,37.90877525
1667653171.5422015,1640.75,1640.75,-0.48660892,-2.82,37.90877525
1667653181.554439,1640.75,1641.19,-0.45150921,-2.38,41.28991454
1667653191.574234,1640.75,1641.19,-0.45150921,-2.38,41.28991454
1667653201.7507594,1640.75,1641.19,-0.45150921,-2.38,41.28991454
1667653211.7032654,1641.19,1641.19,-0.4833252,-3.34,41.30749775
1667653221.4848242,1641.19,1641.19,-0.4833252,-3.34,41.30749775
1667653231.5880055,1641.19,1641.19,-0.4833252,-3.34,41.30749775
1667653241.532327,1641.19,1640.83,-0.51204315,-3.7,39.42090128
1667653251.6325538,1641.19,1640.83,-0.51204315,-3.7,39.42090128
1667653261.7606218,1641.19,1640.83,-0.51204315,-3.7,39.42090128
1667653271.567573,1641.97,1641.97,-0.39372244,-2.23,46.81892199
1667653281.5511663,1641.97,1641.97,-0.39372244,-2.23,46.81892199
1667653291.507144,1641.97,1641.97,-0.39372244,-2.23,46.81892199
1667653301.655218,1641.97,1641.9,-0.39930648,-2.3,46.38735391
1667653311.5820534,1641.97,1641.9,-0.39930648,-2.3,46.38735391
1667653321.9968734,1641.97,1641.9,-0.39930648,-2.3,46.38735391
1667653331.6127243,1642.5,1642.5,-0.29162056,0.08,50.24199401
1667653342.1639757,1642.5,1642.5,-0.29162056,0.08,50.24199401
1667653352.1499004,1642.5,1642.5,-0.29162056,0.08,50.24199401
1667653362.4205382,1642.5,1642.76,-0.27087982,0.34,51.88157057
1667653372.3638134,1642.5,1642.76,-0.27087982,0.34,51.88157057
1667653382.2388072,1642.5,1642.76,-0.27087982,0.34,51.88157057
1667653392.134854,1642.77,1642.77,-0.20388476,0.24,51.94245336
1667653402.158148,1642.77,1642.77,-0.20388476,0.24,51.94245336
1667653412.11775,1642.77,1642.77,-0.20388476,0.24,51.94245336
1667653422.1711354,1642.77,1642.74,-0.20627793,0.21,51.73098773
1667653432.3550134,1642.77,1642.74,-0.20627793,0.21,51.73098773
1667653442.1456242,1642.77,1642.74,-0.20627793,0.21,51.73098773
1667653452.114373,1642.74,1642.74,-0.15393815,0.39,51.73098773
1667653462.1686656,1642.74,1642.74,-0.15393815,0.39,51.73098773
1667653472.1227932,1642.74,1642.74,-0.15393815,0.39,51.73098773
1667653482.662348,1642.74,1641.98,-0.21456493,-0.37,46.55963745
1667653492.161157,1642.74,1641.98,-0.21456493,-0.37,46.55963745
1667653502.213166,1642.74,1641.98,-0.21456493,-0.37,46.55963745
1667653512.3516977,1643.25,1643.25,-0.03969796,1.24,55.08379475
1667653522.9132898,1643.25,1643.25,-0.03969796,1.24,55.08379475
1667653532.92971,1643.25,1643.25,-0.03969796,1.24,55.08379475
1667653542.9176068,1643.25,1643.27,-0.03810252,1.26,55.21497333
1667653553.0915492,1643.25,1643.27,-0.03810252,1.26,55.21497333
1667653562.9021869,1643.25,1643.27,-0.03810252,1.26,55.21497333
1667653572.885909,1643.25,1643.27,-0.03810252,1.26,55.21497333
1667653582.9274125,1643.22,1643.22,0.01415234,1.36,54.84790123
1667653592.9571795,1643.22,1643.22,0.01415234,1.36,54.84790123
1667653602.9150636,1643.22,1643.27,0.01814094,1.41,55.19961059
1667653612.9631655,1643.22,1643.27,0.01814094,1.41,55.19961059
1667653622.9727538,1643.22,1643.27,0.01814094,1.41,55.19961059
1667653632.995473,1642.86,1642.86,0.00717504,1.68,51.91902555
1667653643.2874067,1642.86,1642.86,0.00717504,1.68,51.91902555
1667653653.186299,1642.86,1642.86,0.00717504,1.68,51.91902555
1667653663.015061,1642.86,1643.06,0.02312946,1.88,53.4101338
1667653672.9865716,1642.86,1643.06,0.02312946,1.88,53.4101338
1667653683.0522158,1642.86,1643.06,0.02312946,1.88,53.4101338
1667653693.073509,1642.86,1642.86,0.02475154,2.12,51.91902555
1667653703.540756,1642.86,1642.86,0.02475154,2.12,51.91902555
1667653713.7601595,1642.86,1642.86,0.02475154,2.12,51.91902555
1667653723.499062,1642.86,1642.25,-0.02390943,1.51,46.98026783
1667653733.527338,1642.86,1642.25,-0.02390943,1.51,46.98026783
1667653743.5590482,1642.86,1642.25,-0.02390943,1.51,46.98026783
1667653753.5814824,1641.95,1641.95,-0.08978372,0.75,44.87550064
1667653763.9440486,1641.95,1641.95,-0.08978372,0.75,44.87550064
1667653773.6122255,1641.95,1641.95,-0.08978372,0.75,44.87550064
1667653783.5661364,1641.95,1642.04,-0.08260424,0.84,45.64624756
1667653793.568556,1641.95,1642.04,-0.08260424,0.84,45.64624756
1667653803.6457052,1641.95,1642.04,-0.08260424,0.84,45.64624756
1667653813.5928326,1641.47,1641.47,-0.19010061,-0.49,41.66719759
1667653823.8412707,1641.47,1641.47,-0.19010061,-0.49,41.66719759
1667653834.0093424,1641.47,1641.47,-0.19010061,-0.49,41.66719759
1667653843.6078193,1641.47,1642.15,-0.13585559,0.19,47.40401502
1667653853.5856671,1641.47,1642.15,-0.13585559,0.19,47.40401502
1667653863.8043494,1641.47,1642.15,-0.13585559,0.19,47.40401502
1667653873.8620305,1642.7,1642.7,-0.06203854,0.19,51.27079189
1667653884.044953,1642.7,1642.7,-0.06203854,0.19,51.27079189
1667653893.985853,1642.7,1642.7,-0.06203854,0.19,51.27079189
1667653903.9591036,1642.7,1642.62,-0.06842031,0.11,50.68737854
1667653914.1712737,1642.7,1642.62,-0.06842031,0.11,50.68737854
1667653924.2953317,1642.7,1642.62,-0.06842031,0.11,50.68737854
1667653934.0046475,1642.63,1642.63,-0.04900867,-0.14,50.7627999
1667653944.052714,1642.63,1642.63,-0.04900867,-0.14,50.7627999
1667653954.2324848,1642.63,1642.63,-0.04900867,-0.14,50.7627999
1667653963.9708018,1642.63,1643.02,-0.01789756,0.25,53.53441134
1667653973.9560857,1642.63,1643.02,-0.01789756,0.25,53.53441134
1667653983.9744563,1642.63,1643.02,-0.01789756,0.25,53.53441134
1667653994.3389847,1642.85,1642.85,-0.00214188,0.11,52.36560112
1667654004.089327,1642.85,1642.85,-0.00214188,0.11,52.36560112
1667654014.100026,1642.85,1642.85,-0.00214188,0.11,52.36560112
1667654024.2652838,1642.85,1642.35,-0.04202792,-0.39,48.50129389
1667654034.060501,1642.85,1642.35,-0.04202792,-0.39,48.50129389
1667654044.238638,1642.85,1642.35,-0.04202792,-0.39,48.50129389
1667654054.106605,1642.35,1642.35,-0.05044551,-0.89,48.51153304
1667654064.9306457,1642.35,1642.35,-0.05044551,-0.89,48.51153304
1667654075.1301184,1642.35,1642.35,-0.05044551,-0.89,48.51153304
1667654084.950015,1642.35,1641.83,-0.09192699,-1.41,44.80337534
1667654095.1068735,1642.35,1641.83,-0.09192699,-1.41,44.80337534
1667654104.910447,1642.35,1641.83,-0.09192699,-1.41,44.80337534
1667654114.9803722,1641.64,1641.64,-0.15620798,-1.57,43.58743421
1667654125.082873,1641.64,1641.64,-0.15620798,-1.57,43.58743421
1667654134.9560754,1641.64,1641.64,-0.15620798,-1.57,43.58743421
1667654145.0709658,1641.64,1642.34,-0.10036752,-0.87,49.07137649
1667654155.0765035,1641.64,1642.34,-0.10036752,-0.87,49.07137649
1667654164.9516032,1641.64,1642.34,-0.10036752,-0.87,49.07137649
1667654174.9763317,1642.32,1642.32,-0.09678903,-0.53,48.92952992
1667654185.14338,1642.32,1642.32,-0.09678903,-0.53,48.92952992
1667654194.997712,1642.32,1642.32,-0.09678903,-0.53,48.92952992
1667654205.0391996,1642.32,1642.05,-0.11832749,-0.8,47.02535252
1667654215.0586178,1642.32,1642.05,-0.11832749,-0.8,47.02535252
1667654225.0314124,1642.32,1642.05,-0.11832749,-0.8,47.02535252
1667654235.3525407,1641.64,1641.64,-0.18714296,-1.22,44.3967685
1667654245.3820813,1641.64,1641.64,-0.18714296,-1.22,44.3967685
1667654255.5845263,1641.64,1641.64,-0.18714296,-1.22,44.3967685
1667654265.3843277,1641.64,1640.79,-0.25494923,-2.07,39.47906473
1667654275.5232563,1641.64,1640.79,-0.25494923,-2.07,39.47906473
1667654285.4339285,1641.64,1640.79,-0.25494923,-2.07,39.47906473
1667654295.4787807,1640.72,1640.72,-0.34336332,-1.24,39.11830622
1667654305.4450653,1640.72,1640.72,-0.34336332,-1.24,39.11830622
1667654315.3804953,1640.72,1640.72,-0.34336332,-1.24,39.11830622
1667654325.423403,1640.72,1640.69,-0.34575648,-1.27,38.95579502
1667654335.54685,1640.72,1640.69,-0.34575648,-1.27,38.95579502
1667654345.3839457,1640.72,1640.69,-0.34575648,-1.27,38.95579502
1667654355.397772,1640.73,1640.73,-0.40417296,-0.74,39.20934186
1667654365.648702,1640.73,1640.73,-0.40417296,-0.74,39.20934186
1667654375.7969024,1640.73,1640.73,-0.40417296,-0.74,39.20934186
1667654385.3735092,1640.73,1640.55,-0.41853193,-0.92,38.14715751
1667654395.405529,1640.73,1640.55,-0.41853193,-0.92,38.14715751
1667654405.3854058,1640.73,1640.55,-0.41853193,-0.92,38.14715751
1667654415.3845785,1640.7,1640.7,-0.45083485,-2.01,38.99701582
1667654426.051876,1640.7,1640.7,-0.45083485,-2.01,38.99701582
1667654435.9867,1640.7,1640.7,-0.45083485,-2.01,38.99701582
1667654446.0300255,1640.7,1641.43,-0.39260123,-1.28,45.39127459
1667654456.1717904,1640.7,1641.43,-0.39260123,-1.28,45.39127459
1667654466.029978,1640.7,1641.43,-0.39260123,-1.28,45.39127459
1667654475.9988103,1641.58,1641.58,-0.35722251,-1.04,46.55404835
1667654486.2771628,1641.58,1641.58,-0.35722251,-1.04,46.55404835
1667654496.0537715,1641.58,1641.58,-0.35722251,-1.04,46.55404835
1667654506.0495987,1641.58,1641.57,-0.35802023,-1.05,46.47263774
1667654516.0755124,1641.58,1641.57,-0.35802023,-1.05,46.47263774
1667654526.2263577,1641.58,1641.57,-0.35802023,-1.05,46.47263774
1667654536.2447152,1641.14,1641.14,-0.39699856,-1.71,43.64022546
1667654546.017826,1641.14,1641.14,-0.39699856,-1.71,43.64022546
1667654556.2176192,1641.14,1641.14,-0.39699856,-1.71,43.64022546
1667654566.4761636,1641.14,1640.94,-0.41295297,-1.91,42.31748762
1667654576.288141,1641.14,1640.94,-0.41295297,-1.91,42.31748762
1667654586.0827525,1641.14,1640.94,-0.41295297,-1.91,42.31748762
1667654596.1149707,1640.64,1640.64,-0.4661944,-1.7,40.50248867
1667654606.630489,1640.64,1640.64,-0.4661944,-1.7,40.50248867
1667654616.746709,1640.64,1640.64,-0.4661944,-1.7,40.50248867
1667654626.7722783,1640.64,1639.39,-0.5659095,-2.95,33.96562342
1667654636.7403605,1640.64,1639.39,-0.5659095,-2.95,33.96562342
1667654646.6090314,1640.64,1639.39,-0.5659095,-2.95,33.96562342
1667654656.7863894,1639.01,1639.01,-0.71488193,-2.63,32.42673466
1667654666.9263306,1639.01,1639.01,-0.71488193,-2.63,32.42673466
1667654676.6783357,1639.01,1639.01,-0.71488193,-2.63,32.42673466
1667654686.631544,1639.01,1638.53,-0.75317252,-3.11,30.44313366
1667654696.6791675,1639.01,1638.53,-0.75317252,-3.11,30.44313366
1667654706.6873984,1639.01,1638.53,-0.75317252,-3.11,30.44313366
1667654716.685395,1638.8,1638.8,-0.82814683,-3.52,31.50006909
1667654727.092083,1638.8,1638.8,-0.82814683,-3.52,31.50006909
1667654736.6288571,1638.8,1638.8,-0.82814683,-3.52,31.50006909
1667654746.7873688,1638.8,1638.36,-0.86324654,-3.96,29.68611955
1667654756.667643,1638.8,1638.36,-0.86324654,-3.96,29.68611955
1667654766.6684237,1638.8,1638.36,-0.86324654,-3.96,29.68611955
1667654776.6431036,1637.94,1637.94,-1.01713731,-3.71,28.20029412
1667654787.4217486,1637.94,1637.94,-1.01713731,-3.71,28.20029412
1667654797.4645047,1637.94,1637.94,-1.01713731,-3.71,28.20029412
1667654807.452117,1637.94,1638.27,-0.99081252,-3.38,31.22466801
1667654817.4488196,1637.94,1638.27,-0.99081252,-3.38,31.22466801
1667654827.4329123,1637.94,1638.27,-0.99081252,-3.38,31.22466801
1667654837.8212984,1637.74,1637.74,-1.1268975,-2.99,27.40684229
1667654847.6726034,1637.74,1637.74,-1.1268975,-2.99,27.40684229
1667654857.530632,1637.74,1637.74,-1.1268975,-2.99,27.40684229
1667654867.7224538,1637.74,1636.97,-1.18832201,-3.76,24.73762083
1667654877.5156803,1637.74,1636.97,-1.18832201,-3.76,24.73762083
1667654887.5525312,1637.74,1636.97,-1.18832201,-3.76,24.73762083
1667654897.6474402,1634.75,1634.75,-1.61023286,-5.97,19.31281796
1667654907.76219,1634.75,1634.75,-1.61023286,-5.97,19.31281796
1667654917.929911,1634.75,1634.75,-1.61023286,-5.97,19.31281796
1667654927.7297666,1634.75,1635.34,-1.56316733,-5.38,24.02444062
1667654937.5168045,1634.75,1635.34,-1.56316733,-5.38,24.02444062
1667654947.5626864,1634.75,1635.34,-1.56316733,-5.38,24.02444062
1667654957.5075383,1634.84,1634.84,-1.77097715,-5.87,20.07611396
1667654968.4860682,1634.84,1634.84,-1.77097715,-5.87,20.07611396
1667654978.3219087,1634.84,1634.84,-1.77097715,-5.87,20.07611396
1667654988.3272376,1634.84,1633.97,-1.84037886,-6.74,18.27290206
1667654998.225389,1634.84,1633.97,-1.84037886,-6.74,18.27290206
1667655008.3422103,1634.84,1633.97,-1.84037886,-6.74,18.27290206
1667655018.3601282,1632.36,1632.36,-2.23356326,-9.21,15.66853535
1667655028.5942924,1632.36,1632.36,-2.23356326,-9.21,15.66853535
1667655038.3728492,1632.36,1632.36,-2.23356326,-9.21,15.66853535
1667655048.36419,1632.36,1635.6,-1.97510172,-5.97,35.57005318
1667655058.3163722,1632.36,1635.6,-1.97510172,-5.97,35.57005318
1667655068.3469007,1632.36,1635.6,-1.97510172,-5.97,35.57005318
1667655078.8975103,1634.7,1634.7,-2.08474759,-6.43,31.05016949
1667655088.3305185,1634.7,1634.7,-2.08474759,-6.43,31.05016949
1667655098.2728722,1634.7,1634.7,-2.08474759,-6.43,31.05016949
1667655108.2888534,1634.7,1636.33,-1.9547191,-4.8,39.34883756
1667655118.2772825,1634.7,1636.33,-1.9547191,-4.8,39.34883756
1667655128.6414654,1634.7,1636.33,-1.9547191,-4.8,39.34883756
1667655138.3492086,1635.63,1635.63,-1.95979392,-5.01,36.04689309
1667655148.760305,1635.63,1635.63,-1.95979392,-5.01,36.04689309
1667655158.775462,1635.63,1635.63,-1.95979392,-5.01,36.04689309
1667655168.8230062,1635.63,1636.37,-1.90076258,-4.27,39.78321327
1667655178.7487233,1635.63,1636.37,-1.90076258,-4.27,39.78321327
1667655188.7115722,1635.63,1636.37,-1.90076258,-4.27,39.78321327
1667655198.7012906,1636.45,1636.45,-1.7817601,-2.55,40.1647652
1667655208.71184,1636.45,1636.45,-1.7817601,-2.55,40.1647652
1667655218.7595649,1636.45,1636.45,-1.7817601,-2.55,40.1647652
1667655228.90791,1636.45,1635.09,-1.89025013,-3.91,36.00428458
1667655239.2781136,1636.45,1635.09,-1.89025013,-3.91,36.00428458
1667655248.7609222,1636.45,1635.09,-1.89025013,-3.91,36.00428458
1667655258.7906432,1635.97,1635.97,-1.74044855,-2.84,38.58092337
1667655268.770218,1635.97,1635.97,-1.74044855,-2.84,38.58092337
1667655278.7629874,1635.97,1635.97,-1.74044855,-2.84,38.58092337
1667655288.741785,1635.97,1636.2,-1.72210097,-2.61,39.7936735
1667655298.7477758,1635.97,1636.2,-1.72210097,-2.61,39.7936735
1667655308.8926196,1635.97,1636.2,-1.72210097,-2.61,39.7936735
1667655318.8045344,1636.29,1636.29,-1.61301202,-1.64,40.2552909
1667655329.572821,1636.29,1636.29,-1.61301202,-1.64,40.2552909
1667655339.567832,1636.29,1636.29,-1.61301202,-1.64,40.2552909
1667655349.6134508,1636.29,1635.45,-1.68002056,-2.48,37.37496089
1667655359.7905774,1636.29,1635.45,-1.68002056,-2.48,37.37496089
1667655369.6077151,1636.29,1635.45,-1.68002056,-2.48,37.37496089
1667655379.6208646,1635.62,1635.62,-1.60949938,-2.13,37.924128
1667655389.7981255,1635.62,1635.62,-1.60949938,-2.13,37.924128
1667655399.9484327,1635.62,1635.62,-1.60949938,-2.13,37.924128
1667655409.62675,1635.62,1635.51,-1.61827431,-2.24,37.53976308
1667655419.821669,1635.62,1635.51,-1.61827431,-2.24,37.53976308
1667655429.5592344,1635.62,1635.51,-1.61827431,-2.24,37.53976308
1667655439.7035356,1636.13,1636.13,-1.47505182,1.37,40.74144254
1667655449.6556697,1636.13,1636.13,-1.47505182,1.37,40.74144254
1667655459.634905,1636.13,1636.13,-1.47505182,1.37,40.74144254
1667655469.670267,1636.13,1635.79,-1.50217433,1.03,39.43810838
1667655479.6760466,1636.13,1635.79,-1.50217433,1.03,39.43810838
1667655489.6610107,1636.13,1635.79,-1.50217433,1.03,39.43810838
1667655499.6921852,1635.76,1635.76,-1.43645957,0.91,39.32856082
1667655510.2378488,1635.76,1635.76,-1.43645957,0.91,39.32856082
1667655520.2652173,1635.76,1635.76,-1.43645957,0.91,39.32856082
1667655530.267341,1635.76,1635.56,-1.45241399,0.71,38.55958551
1667655540.2351692,1635.76,1635.56,-1.45241399,0.71,38.55958551
1667655550.253279,1635.76,1635.56,-1.45241399,0.71,38.55958551
1667655560.3322306,1635.14,1635.14,-1.4537576,2.78,37.03608233
1667655570.211234,1635.14,1635.14,-1.4537576,2.78,37.03608233
1667655580.1966157,1635.14,1635.14,-1.4537576,2.78,37.03608233
1667655590.5528283,1635.14,1635.49,-1.42583737,3.13,39.16723914
1667655600.2140093,1635.14,1635.49,-1.42583737,3.13,39.16723914
1667655610.209566,1635.14,1635.49,-1.42583737,3.13,39.16723914
1667655620.1800966,1635.0,1635.0,-1.4330251,0.3,36.55075928
1667655630.2989745,1635.0,1635.0,-1.4330251,0.3,36.55075928
1667655640.5637553,1635.0,1635.0,-1.4330251,0.3,36.55075928
1667655650.5316553,1635.0,1635.0,-1.4330251,0.3,36.55075928
1667655660.5276356,1635.0,1635.0,-1.4330251,0.3,36.55075928
1667655670.3344486,1635.0,1635.0,-1.4330251,0.3,36.55075928
1667655680.2727013,1634.99,1634.99,-1.39310553,-0.63,36.51686079
1667655690.9346476,1634.99,1634.99,-1.39310553,-0.63,36.51686079
1667655700.8653817,1634.99,1634.99,-1.39310553,-0.63,36.51686079
1667655710.793085,1634.99,1634.99,-1.39310553,-0.63,36.51686079
1667655720.920385,1634.99,1634.99,-1.39310553,-0.63,36.51686079
1667655730.86142,1634.99,1634.99,-1.39310553,-0.63,36.51686079
1667655740.8782318,1634.84,1634.84,-1.36529215,-1.6,35.86102973
1667655750.981972,1634.84,1634.84,-1.36529215,-1.6,35.86102973
1667655760.8160408,1634.84,1634.98,-1.35412406,-1.46,36.90919493
1667655770.8993535,1634.84,1634.98,-1.35412406,-1.46,36.90919493
1667655780.8522952,1634.84,1634.98,-1.35412406,-1.46,36.90919493
1667655790.8945503,1634.98,1634.98,-1.30001738,-0.99,36.91504363
1667655800.868572,1634.98,1634.98,-1.30001738,-0.99,36.91504363
1667655810.9172778,1634.98,1634.98,-1.30001738,-0.99,36.91504363
1667655820.8732383,1634.98,1634.98,-1.30001738,-0.99,36.91504363
1667655830.948504,1634.98,1634.7,-1.32235356,-1.27,35.5845028
1667655840.884568,1634.98,1634.7,-1.32235356,-1.27,35.5845028
1667655850.9211738,1634.57,1634.57,-1.30076062,-1.72,35.05614081
1667655860.9431496,1634.57,1634.57,-1.30076062,-1.72,35.05614081
1667655871.8637123,1634.57,1634.57,-1.30076062,-1.72,35.05614081
1667655881.8467717,1634.57,1634.45,-1.31033327,-1.84,34.46610562
1667655891.8601587,1634.57,1634.45,-1.31033327,-1.84,34.46610562
1667655902.0112474,1634.57,1634.45,-1.31033327,-1.84,34.46610562
1667655911.8479724,1634.96,1634.96,-1.20513829,-0.66,38.25164095
1667655921.7982624,1634.96,1634.96,-1.20513829,-0.66,38.25164095
1667655931.9715917,1634.96,1634.96,-1.20513829,-0.66,38.25164095
1667655942.110109,1634.96,1634.97,-1.20434057,-0.65,38.33542408
1667655951.824761,1634.96,1634.97,-1.20434057,-0.65,38.33542408
1667655961.8669338,1634.96,1634.97,-1.20434057,-0.65,38.33542408
1667655971.871149,1634.97,1634.97,-1.13944792,-1.15,38.33542408
1667655981.8290236,1634.97,1634.97,-1.13944792,-1.15,38.33542408
1667655991.7884138,1634.97,1634.97,-1.13944792,-1.15,38.33542408
1667656001.806745,1634.97,1635.41,-1.10434821,-0.71,42.06056551
1667656011.8564217,1634.97,1635.41,-1.10434821,-0.71,42.06056551
1667656021.8825574,1634.97,1635.41,-1.10434821,-0.71,42.06056551
1667656032.139984,1635.36,1635.36,-1.02048957,-0.4,41.66007687
1667656041.9512734,1635.36,1635.36,-1.02048957,-0.4,41.66007687
1667656052.411769,1635.36,1635.36,-1.02048957,-0.4,41.66007687
1667656062.3838274,1635.36,1635.37,-1.01969185,-0.39,41.74680308
1667656072.40085,1635.36,1635.37,-1.01969185,-0.39,41.74680308
1667656082.5818417,1635.36,1635.37,-1.01969185,-0.39,41.74680308
1667656092.5445447,1635.4,1635.4,-0.93499528,0.25,42.01204306
1667656102.3953874,1635.4,1635.4,-0.93499528,0.25,42.01204306
1667656112.4343362,1635.4,1635.4,-0.93499528,0.25,42.01204306
1667656122.379531,1635.4,1635.4,-0.93499528,0.25,42.01204306
1667656132.895322,1635.4,1635.4,-0.93499528,0.25,42.01204306
1667656142.399403,1635.4,1635.4,-0.93499528,0.25,42.01204306
1667656152.4088666,1635.69,1635.69,-0.81762131,0.7,44.58486121
1667656162.4156263,1635.69,1635.69,-0.81762131,0.7,44.58486121
1667656172.3521223,1635.69,1635.69,-0.81762131,0.7,44.58486121
1667656182.461357,1635.69,1636.51,-0.75220821,1.52,51.14015508
1667656192.3780816,1635.69,1636.51,-0.75220821,1.52,51.14015508
1667656202.4477935,1635.69,1636.51,-0.75220821,1.52,51.14015508
1667656212.3673155,1636.6,1636.6,-0.60583811,1.62,51.75717396
1667656222.3773088,1636.6,1636.6,-0.60583811,1.62,51.75717396
1667656232.9376645,1636.6,1636.6,-0.60583811,1.62,51.75717396
1667656242.886176,1636.6,1636.44,-0.61860164,1.46,50.51826899
1667656252.9149694,1636.6,1636.44,-0.61860164,1.46,50.51826899
1667656262.9098496,1636.6,1636.44,-0.61860164,1.46,50.51826899
1667656273.161441,1636.26,1636.26,-0.53856974,1.41,49.19353704
1667656282.9925494,1636.26,1636.26,-0.53856974,1.41,49.19353704
1667656293.1057758,1636.26,1636.26,-0.53856974,1.41,49.19353704
1667656302.9663494,1636.26,1636.34,-0.53218798,1.49,49.82330959
1667656312.9384615,1636.26,1636.34,-0.53218798,1.49,49.82330959
1667656323.143844,1636.26,1636.34,-0.53218798,1.49,49.82330959
1667656332.942443,1636.33,1636.33,-0.44796795,1.36,49.74031153
1667656342.8957057,1636.33,1636.33,-0.44796795,1.36,49.74031153
1667656353.2069864,1636.33,1636.33,-0.44796795,1.36,49.74031153
1667656362.9286914,1636.33,1636.06,-0.46950641,1.09,47.59939098
1667656372.8926606,1636.33,1636.06,-0.46950641,1.09,47.59939098
1667656382.8906212,1636.33,1636.06,-0.46950641,1.09,47.59939098
1667656392.8935106,1635.89,1635.89,-0.43969395,1.33,46.36115989
1667656403.0159256,1635.89,1635.89,-0.43969395,1.33,46.36115989
1667656413.555434,1635.89,1635.89,-0.43969395,1.33,46.36115989
1667656423.5037577,1635.89,1635.88,-0.44049167,1.32,46.27164282
1667656433.5138345,1635.89,1635.88,-0.44049167,1.32,46.27164282
1667656443.4720569,1635.89,1635.88,-0.44049167,1.32,46.27164282
1667656453.72707,1635.72,1635.72,-0.42472347,0.76,45.09104815
1667656463.557736,1635.72,1635.72,-0.42472347,0.76,45.09104815
1667656473.549379,1635.72,1635.72,-0.42472347,0.76,45.09104815
1667656483.820092,1635.72,1635.72,-0.42472347,0.76,45.09104815
1667656493.5698907,1635.72,1635.97,-0.40478045,1.01,47.38585184
1667656503.5556755,1635.72,1635.97,-0.40478045,1.01,47.38585184
1667656513.7111506,1636.01,1636.01,-0.35590928,1.04,47.73533843
1667656523.686511,1636.01,1636.01,-0.35590928,1.04,47.73533843
1667656533.5069337,1636.01,1636.01,-0.35590928,1.04,47.73533843
1667656543.512824,1636.01,1636.16,-0.34394347,1.19,49.10072466
1667656553.5026128,1636.01,1636.16,-0.34394347,1.19,49.10072466
1667656563.4796393,1636.01,1636.16,-0.34394347,1.19,49.10072466
1667656573.7954102,1636.15,1636.15,-0.29627319,0.79,49.01192225
1667656583.771911,1636.15,1636.15,-0.29627319,0.79,49.01192225
1667656594.5112658,1636.15,1636.15,-0.29627319,0.79,49.01192225
1667656604.454602,1636.15,1635.96,-0.31142988,0.6,47.32257169
1667656614.5210197,1636.15,1635.96,-0.31142988,0.6,47.32257169
1667656624.6333349,1636.15,1635.96,-0.31142988,0.6,47.32257169
1667656634.4804258,1635.88,1635.88,-0.29309122,0.49,46.64560829
1667656644.483917,1635.88,1635.88,-0.29309122,0.49,46.64560829
1667656654.4740124,1635.88,1635.88,-0.29309122,0.49,46.64560829
1667656664.399336,1635.88,1635.81,-0.29867527,0.42,46.02518917
1667656674.9297185,1635.88,1635.81,-0.29867527,0.42,46.02518917
1667656684.5979493,1635.88,1635.81,-0.29867527,0.42,46.02518917
1667656694.4533489,1635.8,1635.8,-0.28169229,0.1,45.93790258
1667656704.4825034,1635.8,1635.8,-0.28169229,0.1,45.93790258
1667656714.49687,1635.8,1635.8,-0.28169229,0.1,45.93790258
1667656724.525137,1635.8,1636.14,-0.25456978,0.44,49.44826243
1667656734.4596117,1635.8,1636.14,-0.25456978,0.44,49.44826243
1667656744.7367294,1635.8,1636.14,-0.25456978,0.44,49.44826243
1667656754.6758225,1636.13,1636.13,-0.21790176,-0.48,49.35153579
1667656764.5222728,1636.13,1636.13,-0.21790176,-0.48,49.35153579
1667656775.3697257,1636.13,1636.13,-0.21790176,-0.48,49.35153579
1667656785.3704734,1636.13,1635.0,-0.30804421,-1.61,40.03050017
1667656795.398894,1636.13,1635.0,-0.30804421,-1.61,40.03050017
1667656805.4288852,1636.13,1635.0,-0.30804421,-1.61,40.03050017
1667656815.3797815,1634.99,1634.99,-0.34721828,-1.27,39.96370412
1667656825.4259255,1634.99,1634.99,-0.34721828,-1.27,39.96370412
1667656835.8969529,1634.99,1634.99,-0.34721828,-1.27,39.96370412
1667656845.4066105,1634.99,1634.95,-0.35040916,-1.31,39.67849746
1667656855.3960898,1634.99,1634.95,-0.35040916,-1.31,39.67849746
1667656865.4102674,1634.99,1634.95,-0.35040916,-1.31,39.67849746
1667656875.4508257,1635.38,1635.38,-0.31819694,-0.96,43.89563362
1667656885.4457824,1635.38,1635.38,-0.31819694,-0.96,43.89563362
1667656895.3831308,1635.38,1635.38,-0.31819694,-0.96,43.89563362
1667656905.4035163,1635.38,1635.82,-0.28309723,-0.52,48.03095549
1667656915.4456117,1635.38,1635.82,-0.28309723,-0.52,48.03095549
1667656925.4100437,1635.38,1635.82,-0.28309723,-0.52,48.03095549
1667656935.3697145,1636.98,1636.98,-0.08941217,1.1,56.46228647
1667656945.4634612,1636.98,1636.98,-0.08941217,1.1,56.46228647
1667656956.3003168,1636.98,1636.98,-0.08941217,1.1,56.46228647
1667656966.3763604,1636.98,1637.11,-0.0790418,1.23,57.31999375
1667656976.58695,1636.98,1637.11,-0.0790418,1.23,57.31999375
1667656986.3576715,1636.98,1637.11,-0.0790418,1.23,57.31999375
1667656997.0262375,1637.79,1637.79,0.10473353,2.08,61.22633494
1667657006.3995702,1637.79,1637.79,0.10473353,2.08,61.22633494
1667657016.5158465,1637.79,1637.79,0.10473353,2.08,61.22633494
1667657026.3823538,1637.79,1637.55,0.08558823,1.84,59.16798372
1667657036.6067898,1637.79,1637.55,0.08558823,1.84,59.16798372
1667657046.4030764,1637.79,1637.55,0.08558823,1.84,59.16798372
1667657056.423842,1637.68,1637.68,0.18947398,1.67,60.26542567
1667657066.525912,1637.68,1637.68,0.18947398,1.67,60.26542567
1667663419.3246396,1636.34,1636.34,0.11150372,-3.5,46.2688959
1667663429.345337,1636.34,1636.34,0.11150372,-3.5,46.2688959
1667663439.2930174,1636.34,1636.34,0.11150372,-3.5,46.2688959
1667663449.6284163,1636.34,1636.63,0.13463762,-3.21,47.94907556
1667663459.3699644,1636.34,1636.63,0.13463762,-3.21,47.94907556
1667663469.352326,1636.34,1636.63,0.13463762,-3.21,47.94907556
1667663479.295637,1636.78,1636.78,0.10377983,-1.48,48.780082
1667663489.656933,1636.78,1636.78,0.10377983,-1.48,48.780082
1667663499.356948,1636.78,1636.78,0.10377983,-1.48,48.780082
1667663509.4362853,1636.78,1635.8,0.02560319,-2.46,43.85631332
1667663519.3089688,1636.78,1635.8,0.02560319,-2.46,43.85631332
1667663529.4369028,1636.78,1635.8,0.02560319,-2.46,43.85631332
1667663539.3742912,1636.23,1636.23,-0.00871256,-0.98,45.88488097
1667663549.4206634,1636.23,1636.23,-0.00871256,-0.98,45.88488097
1667663559.3145432,1636.23,1636.23,-0.00871256,-0.98,45.88488097
1667663569.365079,1636.23,1635.58,-0.06056442,-1.63,42.6664026
1667663579.6568244,1636.23,1635.58,-0.06056442,-1.63,42.6664026
1667663589.3883471,1636.23,1635.58,-0.06056442,-1.63,42.6664026
1667663599.340713,1636.45,1636.45,-0.03128296,-1.44,47.22800552
1667663609.674137,1636.45,1636.45,-0.03128296,-1.44,47.22800552
1667663619.61583,1636.45,1636.33,-0.04085561,-1.56,46.54735311
1667663629.4328272,1636.45,1636.33,-0.04085561,-1.56,46.54735311
1667663639.3818378,1636.45,1636.33,-0.04085561,-1.56,46.54735311
1667663649.418062,1636.45,1636.33,-0.04085561,-1.56,46.54735311
1667663659.4612317,1637.13,1637.13,0.03314179,-0.5,51.26906572
1667663669.608774,1637.13,1637.13,0.03314179,-0.5,51.26906572
1667663679.3251224,1637.13,1637.13,0.03314179,-0.5,51.26906572
1667663689.3356814,1637.13,1636.86,0.01160333,-0.77,49.64110376
1667663699.38713,1637.13,1636.86,0.01160333,-0.77,49.64110376
1667663709.473254,1637.13,1636.86,0.01160333,-0.77,49.64110376
1667663719.4529507,1636.07,1636.07,-0.10848866,-0.78,45.4173674
1667663729.7060108,1636.07,1636.07,-0.10848866,-0.78,45.4173674
1667663739.657716,1636.07,1636.07,-0.10848866,-0.78,45.4173674
1667663749.692079,1636.07,1636.93,-0.03988467,0.08,50.36451825
1667663759.7564323,1636.07,1636.93,-0.03988467,0.08,50.36451825
1667663769.6936948,1636.83,1636.83,-0.04577229,0.9,49.83890735
1667663779.72454,1636.83,1636.83,-0.04577229,0.9,49.83890735
1667663789.734727,1636.83,1636.83,-0.04577229,0.9,49.83890735
1667663800.09483,1636.83,1636.83,-0.04577229,0.9,49.83890735
1667663809.7723825,1636.83,1635.89,-0.12075804,-0.04,44.96937136
1667663819.8271902,1636.83,1635.89,-0.12075804,-0.04,44.96937136
1667663829.7903092,1635.66,1635.66,-0.20776673,-0.75,43.91604614
1667663839.716154,1635.66,1635.66,-0.20776673,-0.75,43.91604614
1667663849.741575,1635.66,1635.66,-0.20776673,-0.75,43.91604614
1667663859.802812,1635.66,1635.88,-0.19021688,-0.53,45.22287132
1667663869.7303388,1635.66,1635.88,-0.19021688,-0.53,45.22287132
1667663879.7073648,1635.66,1635.88,-0.19021688,-0.53,45.22287132
1667663889.7310953,1635.98,1635.98,-0.21458234,-0.37,45.80261852
1667663899.9946923,1635.98,1635.98,-0.21458234,-0.37,45.80261852
1667663909.7921908,1635.98,1635.98,-0.21458234,-0.37,45.80261852
1667663920.4761374,1635.98,1635.89,-0.22176183,-0.46,45.33754185
1667663930.611985,1635.98,1635.89,-0.22176183,-0.46,45.33754185
1667663940.3433285,1635.98,1635.89,-0.22176183,-0.46,45.33754185
1667663950.5950365,1635.9,1635.9,-0.24878566,-0.45,45.3887501
1667663960.68455,1635.9,1635.9,-0.24878566,-0.45,45.3887501
1667663970.3618715,1635.9,1635.9,-0.24878566,-0.45,45.3887501
1667663980.4129856,1635.9,1635.9,-0.24878566,-0.45,45.3887501
1667663990.4223697,1635.9,1635.99,-0.24160617,-0.36,45.98012484
1667664000.4940288,1635.9,1635.99,-0.24160617,-0.36,45.98012484
1667664010.4418445,1635.87,1635.87,-0.27198888,-0.92,45.22372339
1667664020.3737714,1635.87,1635.87,-0.27198888,-0.92,45.22372339
1667664030.3830447,1635.87,1635.87,-0.27198888,-0.92,45.22372339
1667664040.3960054,1635.87,1635.86,-0.2727866,-0.93,45.16477535
1667664050.380231,1635.87,1635.86,-0.2727866,-0.93,45.16477535
1667664060.3034823,1635.87,1635.86,-0.2727866,-0.93,45.16477535
1667664070.4424772,1635.87,1635.86,-0.2727866,-0.93,45.16477535
1667664080.304073,1636.58,1636.58,-0.1848261,0.34,49.86922117
1667664090.4191515,1636.58,1636.58,-0.1848261,0.34,49.86922117
1667664101.5128796,1636.58,1637.26,-0.13058109,1.02,53.90159593
1667664111.5890949,1636.58,1637.26,-0.13058109,1.02,53.90159593
1667664121.4915836,1636.58,1637.26,-0.13058109,1.02,53.90159593
1667664131.4967344,1636.68,1636.68,-0.14528419,0.22,50.51073356
1667664141.508964,1636.68,1636.68,-0.14528419,0.22,50.51073356
1667664151.496601,1636.68,1636.68,-0.14528419,0.22,50.51073356
1667664161.552403,1636.68,1636.67,-0.14608191,0.21,50.44295962
1667664171.590303,1636.68,1636.67,-0.14608191,0.21,50.44295962
1667664181.470814,1636.68,1636.67,-0.14608191,0.21,50.44295962
1667664191.4437592,1636.37,1636.37,-0.16209573,-0.76,48.45234261
1667664201.4696825,1636.37,1636.37,-0.16209573,-0.76,48.45234261
1667664211.5792892,1636.37,1636.37,-0.16209573,-0.76,48.45234261
1667664221.4784784,1636.37,1636.12,-0.18203875,-1.01,46.79508202
1667664231.6242225,1636.37,1636.12,-0.18203875,-1.01,46.79508202
1667664241.5688372,1636.37,1636.12,-0.18203875,-1.01,46.79508202
1667664251.4751856,1635.93,1635.93,-0.21562866,-0.15,45.60478658
1667664261.553146,1635.93,1635.93,-0.21562866,-0.15,45.60478658
1667664271.5968645,1635.93,1635.93,-0.21562866,-0.15,45.60478658
1667664282.1932452,1635.93,1635.88,-0.21961727,-0.2,45.27969598
1667664292.154111,1635.93,1635.88,-0.21961727,-0.2,45.27969598
1667664302.212619,1635.93,1635.88,-0.21961727,-0.2,45.27969598
1667664312.2943292,1636.11,1636.11,-0.20340899,-0.71,46.97252915
1667664322.1898048,1636.11,1636.11,-0.20340899,-0.71,46.97252915
1667664332.4895914,1636.11,1636.11,-0.20340899,-0.71,46.97252915
1667664342.160426,1636.11,1637.02,-0.13081639,0.2,53.38429219
1667664352.1902597,1636.11,1637.02,-0.13081639,0.2,53.38429219
1667664362.1062355,1636.11,1637.02,-0.13081639,0.2,53.38429219
1667664372.1328063,1636.11,1637.02,-0.13081639,0.2,53.38429219
1667664382.3762913,1637.49,1637.49,-0.00644589,1.82,56.10366726
1667664392.1605103,1637.49,1637.49,-0.00644589,1.82,56.10366726
1667664402.416471,1637.49,1637.51,-0.00485045,1.84,56.23800088
1667664412.3178349,1637.49,1637.51,-0.00485045,1.84,56.23800088
1667664422.327469,1637.49,1637.51,-0.00485045,1.84,56.23800088
1667664432.198335,1639.02,1639.02,0.27735369,3.04,63.61788582
1667664442.2230685,1639.02,1639.02,0.27735369,3.04,63.61788582
1667664452.1901054,1639.02,1639.02,0.27735369,3.04,63.61788582
1667664463.0382383,1639.02,1639.84,0.3427668,3.86,66.88386677
1667664472.9717455,1639.02,1639.84,0.3427668,3.86,66.88386677
1667664483.0661538,1639.02,1639.84,0.3427668,3.86,66.88386677
1667664492.9821696,1639.75,1639.75,0.50472937,3.85,66.5121677
1667664502.9656875,1639.75,1639.75,0.50472937,3.85,66.5121677
1667664513.004702,1639.75,1639.75,0.50472937,3.85,66.5121677
1667664522.9359455,1639.75,1639.23,0.46324789,3.33,62.64250548
1667664532.9281914,1639.75,1639.23,0.46324789,3.33,62.64250548
1667664543.033556,1639.75,1639.23,0.46324789,3.33,62.64250548
1667664552.945458,1639.26,1639.26,0.56098765,3.39,62.8278833
1667664562.9596913,1639.26,1639.26,0.56098765,3.39,62.8278833
1667664572.9674275,1639.26,1639.26,0.56098765,3.39,62.8278833
1667664582.929521,1639.26,1639.15,0.55221272,3.28,62.03386761
1667664593.1020374,1639.26,1639.15,0.55221272,3.28,62.03386761
1667664603.023394,1639.26,1639.15,0.55221272,3.28,62.03386761
1667664613.0048418,1638.34,1638.34,0.49925199,1.76,56.55610951
1667664623.0077715,1638.34,1638.34,0.49925199,1.76,56.55610951
1667664633.0687852,1638.34,1638.34,0.49925199,1.76,56.55610951
1667664644.2992165,1638.34,1636.25,0.33252834,-0.33,45.44209449
1667664654.1799169,1638.34,1636.25,0.33252834,-0.33,45.44209449
1667664664.8504624,1638.34,1636.25,0.33252834,-0.33,45.44209449
1667664674.511735,1636.4,1636.4,0.2284595,-0.27,46.10429934
1667664684.1726544,1636.4,1636.4,0.2284595,-0.27,46.10429934
1667664694.160559,1636.4,1636.4,0.2284595,-0.27,46.10429934
1667664704.1763258,1636.4,1637.13,0.28669312,0.46,49.86034964
1667664714.1961184,1636.4,1637.13,0.28669312,0.46,49.86034964
1667664724.1351056,1636.4,1637.13,0.28669312,0.46,49.86034964
1667664734.3157897,1636.61,1636.61,0.16525676,0.24,47.24124849
1667664744.2433374,1636.61,1636.61,0.16525676,0.24,47.24124849
1667664754.2321038,1636.61,1636.61,0.16525676,0.24,47.24124849
1667664764.4234383,1636.61,1636.2,0.1325502,-0.17,45.23488482
1667664774.1946652,1636.61,1636.2,0.1325502,-0.17,45.23488482
1667664784.238784,1636.61,1636.2,0.1325502,-0.17,45.23488482
1667664794.2456894,1635.64,1635.64,-0.03700675,-0.3,42.77320276
1667664804.2502196,1635.64,1635.64,-0.03700675,-0.3,42.77320276
1667664814.1732268,1635.64,1635.64,-0.03700675,-0.3,42.77320276
1667664825.0712414,1635.64,1635.63,-0.03780447,-0.31,42.71292261
1667664834.8083403,1635.64,1635.63,-0.03780447,-0.31,42.71292261
1667664844.8095264,1635.64,1635.63,-0.03780447,-0.31,42.71292261
1667664854.612268,1635.78,1635.78,-0.11401332,-0.32,43.60399808
1667664864.778461,1635.78,1635.78,-0.11401332,-0.32,43.60399808
1667664874.7642026,1635.78,1635.78,-0.11401332,-0.32,43.60399808
1667664884.6107037,1635.78,1636.21,-0.07971133,0.11,46.1880341
1667664894.629905,1635.78,1636.21,-0.07971133,0.11,46.1880341
1667664904.52955,1635.78,1636.21,-0.07971133,0.11,46.1880341
1667664914.601647,1636.22,1636.22,-0.11959725,-1.28,46.24531345
1667664924.550168,1636.22,1636.22,-0.11959725,-1.28,46.24531345
1667664934.58763,1636.22,1636.22,-0.11959725,-1.28,46.24531345
1667664944.6100233,1636.22,1637.27,-0.03583656,-0.23,52.02029762
1667664954.5981174,1636.22,1637.27,-0.03583656,-0.23,52.02029762
1667664964.5956602,1636.22,1637.27,-0.03583656,-0.23,52.02029762
1667664974.7606387,1637.05,1637.05,-0.033394,-1.97,50.9193751
1667664985.1273732,1637.05,1637.05,-0.033394,-1.97,50.9193751
1667664994.552079,1637.05,1637.05,-0.033394,-1.97,50.9193751
1667665005.192568,1637.05,1637.08,-0.03100084,-1.94,51.08477972
1667665015.250356,1637.05,1637.08,-0.03100084,-1.94,51.08477972
1667665025.2721994,1637.05,1637.08,-0.03100084,-1.94,51.08477972
1667665035.2234972,1636.5,1636.5,-0.09385833,-3.26,47.93869193
1667665045.2368991,1636.5,1636.5,-0.09385833,-3.26,47.93869193
1667665055.3175373,1636.5,1636.5,-0.09385833,-3.26,47.93869193
1667665065.2910557,1636.5,1636.33,-0.10741958,-3.43,47.02311898
1667665075.4234436,1636.5,1636.33,-0.10741958,-3.43,47.02311898
1667665085.277556,1636.5,1636.33,-0.10741958,-3.43,47.02311898
1667665095.2596445,1636.11,1636.11,-0.16154271,-3.14,45.88892225
1667665105.3939526,1636.11,1636.11,-0.16154271,-3.14,45.88892225
1667665115.253266,1636.11,1636.11,-0.16154271,-3.14,45.88892225
1667665125.40221,1636.11,1637.06,-0.08575923,-2.19,51.346237
1667665135.2859256,1636.11,1637.06,-0.08575923,-2.19,51.346237
1667665145.7995737,1636.11,1637.06,-0.08575923,-2.19,51.346237
1667665155.2670074,1637.53,1637.53,0.0117628,-0.8,53.66210389
1667665165.208291,1637.53,1637.53,0.0117628,-0.8,53.66210389
1667665175.5088346,1637.53,1637.53,0.0117628,-0.8,53.66210389
1667665185.7726986,1637.53,1637.34,-0.0033939,-0.99,52.57992655
1667665195.7580404,1637.53,1637.34,-0.0033939,-0.99,52.57992655
1667665205.8258069,1637.53,1637.34,-0.0033939,-0.99,52.57992655
1667665215.8021774,1637.93,1637.93,0.11644603,1.54,55.5799914
1667665225.7671022,1637.93,1637.93,0.11644603,1.54,55.5799914
1667665235.8036468,1637.93,1637.93,0.11644603,1.54,55.5799914
1667665245.927342,1637.93,1637.85,0.11006427,1.46,55.08587035
1667665255.8075182,1637.93,1637.85,0.11006427,1.46,55.08587035
1667665265.8018894,1637.93,1637.85,0.11006427,1.46,55.08587035
1667665275.8056486,1637.71,1637.71,0.13979535,1.1,54.23655564
1667665285.8028567,1637.71,1637.71,0.13979535,1.1,54.23655564
1667665295.8476398,1637.71,1637.71,0.13979535,1.1,54.23655564
1667665306.311703,1637.71,1637.32,0.10868424,0.71,51.86278517
1667665315.8999465,1637.71,1637.32,0.10868424,0.71,51.86278517
1667665326.0430093,1637.71,1637.32,0.10868424,0.71,51.86278517
1667665335.9366984,1639.65,1639.65,0.44511397,4.02,62.7363127
1667665346.1790116,1639.65,1639.65,0.44511397,4.02,62.7363127
1667665355.907774,1639.65,1639.65,0.44511397,4.02,62.7363127
1667665366.7269363,1639.65,1639.83,0.45947295,4.2,63.41527102
1667665376.899593,1639.65,1639.83,0.45947295,4.2,63.41527102
1667665386.72117,1639.65,1639.83,0.45947295,4.2,63.41527102
1667665396.7349885,1639.71,1639.71,0.56648393,3.93,62.96541503
1667665406.6847072,1639.71,1639.71,0.56648393,3.93,62.96541503
1667665416.6933956,1639.71,1639.71,0.56648393,3.93,62.96541503
1667665426.69988,1639.71,1639.59,0.55691128,3.81,62.14251482
1667665436.7193067,1639.71,1639.59,0.55691128,3.81,62.14251482
1667665446.6507957,1639.71,1639.59,0.55691128,3.81,62.14251482
1667665457.576378,1640.34,1640.34,0.74042709,4.12,65.37274548
1667665467.5836585,1640.34,1640.34,0.74042709,4.12,65.37274548
1667665477.5910285,1640.34,1640.34,0.74042709,4.12,65.37274548
1667665487.5677469,1640.34,1640.72,0.77074048,4.5,66.77560146
1667665498.0607705,1640.34,1640.72,0.77074048,4.5,66.77560146
1667665507.5589063,1640.34,1640.72,0.77074048,4.5,66.77560146
1667665517.525489,1640.73,1640.73,0.88464203,3.69,66.7697958
1667665527.5023456,1640.73,1640.73,0.88464203,3.69,66.7697958
1667665537.5398047,1640.73,1640.73,0.88464203,3.69,66.7697958
1667665548.111942,1640.73,1641.21,0.92293263,4.17,68.54033166
1667665557.9415202,1640.73,1641.21,0.92293263,4.17,68.54033166
1667665567.9801435,1640.73,1641.21,0.92293263,4.17,68.54033166
1667665577.9746623,1641.63,1641.63,1.0903919,5.12,69.86717661
1667665587.8863285,1641.63,1641.63,1.0903919,5.12,69.86717661
1667665597.8928044,1641.63,1641.63,1.0903919,5.12,69.86717661
1667665608.0986476,1641.63,1641.39,1.0712466,4.88,68.04268065
1667665617.8972528,1641.63,1641.39,1.0712466,4.88,68.04268065
1667665628.1797,1641.63,1641.39,1.0712466,4.88,68.04268065
1667665637.9726822,1641.51,1641.51,1.16594368,5.4,68.93701371
1667665647.971392,1641.51,1641.51,1.16594368,5.4,68.93701371
1667665658.3160822,1641.51,1641.51,1.16594368,5.4,68.93701371
1667665667.9821966,1641.51,1641.0,1.12525992,4.89,65.00144592
1667665677.967602,1641.51,1641.0,1.12525992,4.89,65.00144592
1667665687.9970365,1641.51,1641.0,1.12525992,4.89,65.00144592
1667665698.049518,1641.31,1641.31,1.19045202,3.79,67.33817181
1667665708.265224,1641.31,1641.31,1.19045202,3.79,67.33817181
1667665718.0090537,1641.31,1641.31,1.19045202,3.79,67.33817181
1667665728.8971715,1641.31,1642.08,1.25187652,4.56,70.20343589
1667665738.9422872,1641.31,1642.08,1.25187652,4.56,70.20343589
1667665748.8427784,1641.31,1642.08,1.25187652,4.56,70.20343589
1667665758.8348944,1641.78,1641.78,1.27441166,3.84,69.15178967
1667665768.8367307,1641.78,1641.78,1.27441166,3.84,69.15178967
1667665778.836006,1641.78,1641.78,1.27441166,3.84,69.15178967
1667665788.8353949,1641.78,1642.44,1.32706123,4.5,71.53791148
1667665798.9512196,1641.78,1642.44,1.32706123,4.5,71.53791148
1667665808.9359522,1641.78,1642.44,1.32706123,4.5,71.53791148
1667665818.9626584,1642.46,1642.46,1.39242962,4.76,71.60702294
1667665828.9385767,1642.46,1642.46,1.39242962,4.76,71.60702294
1667665838.8916912,1642.46,1642.46,1.39242962,4.76,71.60702294
1667665849.4370797,1642.46,1642.29,1.37886837,4.59,70.15615113
1667665858.9505312,1642.46,1642.29,1.37886837,4.59,70.15615113
1667665868.984269,1642.46,1642.29,1.37886837,4.59,70.15615113
1667665878.9355268,1642.29,1642.29,1.40311941,2.64,70.15615113
1667665888.9519444,1642.29,1642.29,1.40311941,2.64,70.15615113
1667665898.9620814,1642.29,1642.29,1.40311941,2.64,70.15615113
1667665910.0073571,1642.29,1641.25,1.32015645,1.6,61.62690999
1667665920.0081697,1642.29,1641.25,1.32015645,1.6,61.62690999
1667665930.1140072,1642.29,1641.25,1.32015645,1.6,61.62690999
1667665940.0927982,1642.9,1642.9,1.49236067,3.19,72.39690557
1667665950.034801,1642.9,1642.9,1.49236067,3.19,72.39690557
1667665960.0968208,1642.9,1642.9,1.49236067,3.19,72.39690557
1667665970.040378,1642.9,1642.91,1.49315839,3.2,72.43344627
1667665980.1107192,1642.9,1642.91,1.49315839,3.2,72.43344627
1667665990.0407555,1642.9,1642.91,1.49315839,3.2,72.43344627
1667666000.2399564,1642.47,1642.47,1.44636151,2.13,68.49291816
1667666010.1754386,1642.47,1642.47,1.44636151,2.13,68.49291816
1667666020.0445511,1642.47,1642.47,1.44636151,2.13,68.49291816
1667666030.04731,1642.47,1642.51,1.44955239,2.17,68.66220882
1667666040.306689,1642.47,1642.51,1.44955239,2.17,68.66220882
1667666050.02764,1642.47,1642.51,1.44955239,2.17,68.66220882
1667666060.056611,1642.17,1642.17,1.37892147,1.43,65.81934783
1667666070.2311456,1642.17,1642.17,1.37892147,1.43,65.81934783
1667666080.1043863,1642.17,1642.17,1.37892147,1.43,65.81934783
1667666090.478491,1642.17,1641.41,1.31829469,0.67,59.49926968
1667666100.410531,1642.17,1641.41,1.31829469,0.67,59.49926968
1667666110.375956,1641.26,1641.26,1.19923871,-0.38,58.37583317
1667666120.426601,1641.26,1641.26,1.19923871,-0.38,58.37583317
1667666130.4100988,1641.26,1641.26,1.19923871,-0.38,58.37583317
1667666140.406885,1641.26,1641.26,1.19923871,-0.38,58.37583317
1667666150.3337607,1641.26,1641.18,1.19285695,-0.46,57.78089594
1667666160.3819623,1641.26,1641.18,1.19285695,-0.46,57.78089594
1667666170.3884833,1641.26,1641.18,1.19285695,-0.46,57.78089594
1667666180.3643854,1639.86,1639.86,0.90438714,-1.66,49.19968034
1667666190.4866998,1639.86,1639.86,0.90438714,-1.66,49.19968034
1667666200.454438,1639.86,1639.86,0.90438714,-1.66,49.19968034
1667666210.4519408,1639.86,1639.64,0.88683728,-1.88,47.92225588
1667666220.4764872,1639.86,1639.64,0.88683728,-1.88,47.92225588
1667666230.406975,1639.46,1639.46,0.69402595,-1.85,46.92540364
1667666240.4267435,1639.46,1639.46,0.69402595,-1.85,46.92540364
1667666250.3962126,1639.46,1639.46,0.69402595,-1.85,46.92540364
1667666260.9607642,1639.46,1639.46,0.69402595,-1.85,46.92540364
1667666270.823676,1639.46,1639.52,0.69881228,-1.79,47.31878407
1667666280.859695,1639.46,1639.52,0.69881228,-1.79,47.31878407
1667666290.7617357,1639.53,1639.53,0.5555832,-2.24,47.38877438
1667666300.8088124,1639.53,1639.53,0.5555832,-2.24,47.38877438
1667666310.7941031,1639.53,1639.53,0.5555832,-2.24,47.38877438
1667666320.8593938,1639.53,1639.62,0.56276269,-2.15,48.01041725
1667666330.8275173,1639.53,1639.62,0.56276269,-2.15,48.01041725
1667666340.9284532,1639.53,1639.62,0.56276269,-2.15,48.01041725
1667666350.8004303,1639.53,1639.62,0.56276269,-2.15,48.01041725
1667666360.8631103,1639.59,1639.59,0.4449011,-2.86,47.81013316
1667666370.8557982,1639.59,1639.59,0.4449011,-2.86,47.81013316
1667666380.88216,1639.59,1639.71,0.45447375,-2.74,48.68412534
1667666390.8516183,1639.59,1639.71,0.45447375,-2.74,48.68412534
1667666400.861901,1639.59,1639.71,0.45447375,-2.74,48.68412534
1667666410.992129,1640.0,1640.0,0.407332,-2.29,50.68521128
1667666421.3789856,1640.0,1640.0,0.407332,-2.29,50.68521128
1667666430.903541,1640.0,1640.0,0.407332,-2.29,50.68521128
1667666440.91546,1640.0,1639.3,0.35149154,-2.99,46.02102316
1667666451.5349462,1640.0,1639.3,0.35149154,-2.99,46.02102316
1667666461.535232,1640.0,1639.3,0.35149154,-2.99,46.02102316
1667666471.5136578,1640.0,1639.3,0.35149154,-2.99,46.02102316
1667666481.498959,1639.95,1639.95,0.34118763,-2.95,50.32274385
1667666491.4232645,1639.95,1639.95,0.34118763,-2.95,50.32274385
1667666501.4847703,1639.95,1639.76,0.32603094,-3.14,48.88434069
1667666511.522703,1639.95,1639.76,0.32603094,-3.14,48.88434069
1667666521.706793,1639.95,1639.76,0.32603094,-3.14,48.88434069
1667666531.5234988,1639.8,1639.8,0.26739755,-2.67,49.18028757
1667666541.5673728,1639.8,1639.8,0.26739755,-2.67,49.18028757
1667666551.5503705,1639.8,1639.8,0.26739755,-2.67,49.18028757
1667666561.556096,1639.8,1639.96,0.28016108,-2.51,50.47192358
1667666571.508134,1639.8,1639.96,0.28016108,-2.51,50.47192358
1667666582.049866,1639.8,1639.96,0.28016108,-2.51,50.47192358
1667666591.530104,1639.97,1639.97,0.23994409,-2.21,50.55047429
1667666601.5002851,1639.97,1639.97,0.23994409,-2.21,50.55047429
1667666611.5045478,1639.97,1639.97,0.23994409,-2.21,50.55047429
1667666621.4893973,1639.97,1639.6,0.21042842,-2.58,47.54580135
1667666632.1509004,1639.97,1639.6,0.21042842,-2.58,47.54580135
1667666642.1466043,1639.97,1639.6,0.21042842,-2.58,47.54580135
1667666652.130646,1639.46,1639.46,0.13359668,-1.79,46.49437608
1667666662.1769545,1639.46,1639.46,0.13359668,-1.79,46.49437608
1667666672.146171,1639.46,1639.46,0.13359668,-1.79,46.49437608
1667666682.1664605,1639.46,1639.4,0.12881035,-1.85,46.02716977
1667666692.348638,1639.46,1639.4,0.12881035,-1.85,46.02716977
1667666702.10027,1639.46,1639.4,0.12881035,-1.85,46.02716977
1667666712.154531,1639.39,1639.39,0.06949206,-0.47,45.97063632
1667666722.160883,1639.39,1639.39,0.06949206,-0.47,45.97063632
1667666732.1613026,1639.39,1639.39,0.06949206,-0.47,45.97063632
1667666742.3951385,1639.39,1639.99,0.11735531,0.13,51.2221377
1667666752.297592,1639.39,1639.99,0.11735531,0.13,51.2221377
1667666762.177079,1639.39,1639.99,0.11735531,0.13,51.2221377
1667666772.5010266,1639.5,1639.5,0.03840964,0.04,47.02359444
1667666782.1531105,1639.5,1639.5,0.03840964,0.04,47.02359444
1667666792.183261,1639.5,1639.5,0.03840964,0.04,47.02359444
1667666802.0983706,1639.5,1639.31,0.02325294,-0.15,45.37265178
1667666812.8770585,1639.5,1639.31,0.02325294,-0.15,45.37265178
1667666822.8535206,1639.5,1639.31,0.02325294,-0.15,45.37265178
1667666832.8289125,1639.87,1639.87,0.05905787,0.35,50.50093683
1667666842.8189754,1639.87,1639.87,0.05905787,0.35,50.50093683
1667666852.886979,1639.87,1639.87,0.05905787,0.35,50.50093683
1667666862.9273686,1639.87,1639.87,0.05905787,0.35,50.50093683
1667666872.845711,1639.87,1639.9,0.06145103,0.38,50.78244258
1667666882.9289205,1639.87,1639.9,0.06145103,0.38,50.78244258
1667666892.967536,1639.28,1639.28,-0.03195736,-0.3,45.40187461
1667666902.9173255,1639.28,1639.28,-0.03195736,-0.3,45.40187461
1667666912.919747,1639.28,1639.28,-0.03195736,-0.3,45.40187461
1667666922.9089398,1639.28,1639.48,-0.01600295,-0.1,47.34520575
1667666932.9530263,1639.28,1639.48,-0.01600295,-0.1,47.34520575
1667666943.0174508,1639.28,1639.48,-0.01600295,-0.1,47.34520575
1667666952.9809916,1639.44,1639.44,-0.04278371,-0.55,46.96768602
1667666963.151785,1639.44,1639.44,-0.04278371,-0.55,46.96768602
1667666972.915567,1639.44,1639.44,-0.04278371,-0.55,46.96768602
1667666982.981108,1639.44,1638.5,-0.11776946,-1.49,39.75431105
1667666993.885439,1639.44,1638.5,-0.11776946,-1.49,39.75431105
1667667003.6107004,1639.44,1638.5,-0.11776946,-1.49,39.75431105
1667667013.478628,1638.5,1638.5,-0.19304308,-1.45,39.74931533
1667667023.8197894,1638.5,1638.5,-0.19304308,-1.45,39.74931533
1667667033.5627153,1638.5,1638.5,-0.19304308,-1.45,39.74931533
1667667043.5685515,1638.5,1638.51,-0.19224536,-1.44,39.81936982
1667667053.5638287,1638.5,1638.51,-0.19224536,-1.44,39.81936982
1667667063.6000235,1638.5,1638.51,-0.19224536,-1.44,39.81936982
1667667073.6228528,1638.52,1638.52,-0.24761596,-1.28,39.92524602
1667667083.553547,1638.52,1638.52,-0.24761596,-1.28,39.92524602
1667667093.51798,1638.52,1638.52,-0.24761596,-1.28,39.92524602
1667667103.4961853,1638.52,1638.75,-0.22926838,-1.05,42.43379018
1667667113.524587,1638.52,1638.75,-0.22926838,-1.05,42.43379018
1667667123.6809187,1638.52,1638.75,-0.22926838,-1.05,42.43379018
1667667133.7553828,1638.76,1638.76,-0.25487365,-1.21,42.5381136
1667667143.6212814,1638.76,1638.76,-0.25487365,-1.21,42.5381136
1667667153.7506464,1638.76,1638.76,-0.25487365,-1.21,42.5381136
1667667163.5014937,1638.76,1639.04,-0.23253747,-0.93,45.51546516
1667667174.615447,1638.76,1639.04,-0.23253747,-0.93,45.51546516
1667667184.6726034,1638.76,1639.04,-0.23253747,-0.93,45.51546516
1667667194.566299,1639.03,1639.03,-0.23448733,-0.44,45.41445388
1667667204.5949142,1639.03,1639.03,-0.23448733,-0.44,45.41445388
1667667214.4913478,1639.03,1639.03,-0.23448733,-0.44,45.41445388
1667667224.633091,1639.03,1639.07,-0.23129645,-0.4,45.84693222
1667667234.6759405,1639.03,1639.07,-0.23129645,-0.4,45.84693222
1667667244.5957668,1639.03,1639.07,-0.23129645,-0.4,45.84693222
1667667254.6064808,1639.08,1639.08,-0.22626557,-0.3,45.9622003
1667667264.5550497,1639.08,1639.08,-0.22626557,-0.3,45.9622003
1667667274.7694316,1639.08,1639.08,-0.22626557,-0.3,45.9622003
1667667284.6607833,1639.08,1638.25,-0.2924764,-1.13,39.02151276
1667667294.5132194,1639.08,1638.25,-0.2924764,-1.13,39.02151276
1667667304.5804384,1639.08,1638.25,-0.2924764,-1.13,39.02151276
1667667314.7171097,1637.5,1637.5,-0.4424823,-1.99,34.34070423
1667667324.5840394,1637.5,1637.5,-0.4424823,-1.99,34.34070423
1667667334.5810947,1637.5,1637.5,-0.4424823,-1.99,34.34070423
1667667344.8450425,1637.5,1637.49,-0.44328003,-2.0,34.28171706
1667667355.0662954,1637.5,1637.49,-0.44328003,-2.0,34.28171706
1667667365.0255828,1637.5,1637.49,-0.44328003,-2.0,34.28171706
1667667375.2296486,1636.83,1636.83,-0.60342901,-3.03,30.79098959
1667667384.9462972,1636.83,1636.83,-0.60342901,-3.03,30.79098959
1667667394.926571,1636.83,1636.83,-0.60342901,-3.03,30.79098959
1667667405.0188713,1636.83,1636.69,-0.6145971,-3.17,30.09105167
1667667415.0421922,1636.83,1636.69,-0.6145971,-3.17,30.09105167
1667667424.9882996,1636.83,1636.69,-0.6145971,-3.17,30.09105167
1667667435.1765878,1637.49,1637.49,-0.58686036,-1.78,37.66289802
1667667445.0132122,1637.49,1637.49,-0.58686036,-1.78,37.66289802
1667667454.9902556,1637.49,1637.49,-0.58686036,-1.78,37.66289802
1667667465.025794,1637.49,1637.49,-0.58686036,-1.78,37.66289802
1667667475.075848,1637.49,1637.49,-0.58686036,-1.78,37.66289802
1667667485.0096722,1637.49,1637.49,-0.58686036,-1.78,37.66289802
1667667495.0383012,1637.48,1637.48,-0.60986374,-1.96,37.59781185
1667667505.2270882,1637.48,1637.48,-0.60986374,-1.96,37.59781185
1667667514.9718008,1637.48,1637.48,-0.60986374,-1.96,37.59781185
1667667524.9715536,1637.48,1637.49,-0.60906602,-1.95,37.66289802
1667667536.2593362,1637.48,1637.49,-0.60906602,-1.95,37.66289802
1667667545.920481,1637.48,1637.49,-0.60906602,-1.95,37.66289802
1667667555.8663158,1637.48,1637.48,-0.62093632,-1.03,37.59781185
1667667565.768443,1637.48,1637.48,-0.62093632,-1.03,37.59781185
1667667575.836461,1637.48,1637.48,-0.62093632,-1.03,37.59781185
1667667585.8664258,1637.48,1637.22,-0.64167706,-1.29,35.86251521
1667667595.7671914,1637.48,1637.22,-0.64167706,-1.29,35.86251521
1667667605.9024858,1637.48,1637.22,-0.64167706,-1.29,35.86251521
1667667615.81486,1637.26,1637.26,-0.65425087,-1.26,36.17718707
1667667625.8195877,1637.26,1637.26,-0.65425087,-1.26,36.17718707
1667667636.0252526,1637.26,1637.26,-0.65425087,-1.26,36.17718707
1667667645.848474,1637.26,1636.44,-0.71966398,-2.08,31.19773074
1667667656.0103092,1637.26,1636.44,-0.71966398,-2.08,31.19773074
1667667665.870978,1637.26,1636.44,-0.71966398,-2.08,31.19773074
1667667675.855801,1636.74,1636.74,-0.73202978,-2.02,32.83596416
1667667685.923023,1636.74,1636.74,-0.73202978,-2.02,32.83596416
1667667696.2991674,1636.74,1636.74,-0.73202978,-2.02,32.83596416
1667667706.1024172,1636.74,1636.02,-0.78946568,-2.74,28.91198566
1667667716.4147828,1636.74,1636.02,-0.78946568,-2.74,28.91198566
1667667726.3667588,1636.74,1636.02,-0.78946568,-2.74,28.91198566
1667667736.386062,1635.24,1635.24,-0.96416944,-3.79,25.59803808
1667667746.4726818,1635.24,1635.24,-0.96416944,-3.79,25.59803808
1667667756.6884253,1635.24,1635.24,-0.96416944,-3.79,25.59803808
1667667766.519309,1635.24,1634.68,-1.00884181,-4.35,23.51414685
1667667776.528956,1635.24,1634.68,-1.00884181,-4.35,23.51414685
1667667786.4513526,1635.24,1634.68,-1.00884181,-4.35,23.51414685
1667667796.48326,1633.47,1633.47,-1.29151993,-5.6,19.99672412
1667667806.4819994,1633.47,1633.47,-1.29151993,-5.6,19.99672412
1667667816.3980188,1633.47,1633.47,-1.29151993,-5.6,19.99672412
1667667826.523353,1633.47,1633.01,-1.32821509,-6.06,18.84274824
1667667836.4052815,1633.47,1633.01,-1.32821509,-6.06,18.84274824
1667667846.4663954,1633.47,1633.01,-1.32821509,-6.06,18.84274824
1667667857.0437467,1632.67,1632.67,-1.53635473,-4.84,18.15611489
1667667866.5225928,1632.67,1632.67,-1.53635473,-4.84,18.15611489
1667667876.4027965,1632.67,1632.67,-1.53635473,-4.84,18.15611489
1667667886.4102466,1632.67,1633.2,-1.49407552,-4.31,23.40330177
1667667896.9058292,1632.67,1633.2,-1.49407552,-4.31,23.40330177
1667667906.919429,1632.67,1633.2,-1.49407552,-4.31,23.40330177
1667667916.9204185,1633.33,1633.33,-1.56674471,-3.5,24.58918361
1667667926.963072,1633.33,1633.33,-1.56674471,-3.5,24.58918361
1667667936.8826492,1633.33,1633.33,-1.56674471,-3.5,24.58918361
1667667946.8895257,1633.33,1633.36,-1.56435155,-3.47,24.87822484
1667667956.930764,1633.33,1633.36,-1.56435155,-3.47,24.87822484
1667667966.9159312,1633.33,1633.36,-1.56435155,-3.47,24.87822484
1667667977.036286,1634.44,1634.44,-1.45703719,-3.06,33.98696579
1667667986.8965068,1634.44,1634.44,-1.45703719,-3.06,33.98696579
1667667996.9495378,1634.44,1634.44,-1.45703719,-3.06,33.98696579
1667668007.0018106,1634.44,1634.86,-1.42353292,-2.64,37.17718217
1667668017.3572865,1634.44,1634.86,-1.42353292,-2.64,37.17718217
1667668026.9922,1634.44,1634.86,-1.42353292,-2.64,37.17718217
1667668036.9958696,1633.23,1633.23,-1.59490264,-4.26,29.64932471
1667668046.9622655,1633.23,1633.23,-1.59490264,-4.26,29.64932471
1667668056.9575772,1633.23,1633.23,-1.59490264,-4.26,29.64932471
1667668066.9263349,1633.23,1633.16,-1.60048669,-4.33,29.41543354
1667668077.771345,1633.23,1633.16,-1.60048669,-4.33,29.41543354
1667668087.565332,1633.23,1633.16,-1.60048669,-4.33,29.41543354
1667668097.632001,1633.16,1633.16,-1.61839644,-4.32,29.4128838
1667668107.5390477,1633.16,1633.16,-1.61839644,-4.32,29.4128838
1667668117.5897596,1633.16,1633.16,-1.61839644,-4.32,29.4128838
1667668127.6134968,1633.16,1633.01,-1.63036225,-4.47,28.88705717
1667668137.792767,1633.16,1633.01,-1.63036225,-4.47,28.88705717
1667668147.5835457,1633.16,1633.01,-1.63036225,-4.47,28.88705717
1667668157.6189194,1633.14,1633.14,-1.61805318,-4.11,29.39812543
1667668167.617807,1633.14,1633.14,-1.61805318,-4.11,29.39812543
1667668177.578797,1633.14,1633.14,-1.61805318,-4.11,29.39812543
1667668187.6219702,1633.14,1633.01,-1.62842355,-4.24,28.85531202
1667668197.6025236,1633.14,1633.01,-1.62842355,-4.24,28.85531202
1667668208.254474,1633.14,1633.01,-1.62842355,-4.24,28.85531202
1667668217.6594636,1632.93,1632.93,-1.62654013,-3.81,28.55956633
1667668227.6671703,1632.93,1632.93,-1.62654013,-3.81,28.55956633
1667668237.6228635,1632.93,1632.93,-1.62654013,-3.81,28.55956633
1667668247.666037,1632.93,1633.1,-1.61297888,-3.64,30.12848625
1667668258.1159956,1632.93,1633.1,-1.61297888,-3.64,30.12848625
1667668268.2264457,1632.93,1633.1,-1.61297888,-3.64,30.12848625
1667668278.18873,1633.92,1633.92,-1.46220461,-1.32,37.04178409
1667668288.1880383,1633.92,1633.92,-1.46220461,-1.32,37.04178409
1667668298.1985245,1633.92,1633.92,-1.46220461,-1.32,37.04178409
1667668308.1769643,1633.92,1635.1,-1.36807356,-0.14,45.41197454
1667668318.2285287,1633.92,1635.1,-1.36807356,-0.14,45.41197454
1667668328.2418466,1633.92,1635.1,-1.36807356,-0.14,45.41197454
1667668338.229907,1634.62,1634.62,-1.27909327,1.15,42.305488
1667668348.3713076,1634.62,1634.62,-1.27909327,1.15,42.305488
1667668358.2494943,1634.62,1634.62,-1.27909327,1.15,42.305488
1667668368.4525046,1634.62,1633.25,-1.38838102,-0.22,35.99551589
1667668378.3169785,1634.62,1633.25,-1.38838102,-0.22,35.99551589
1667668388.278052,1634.62,1633.25,-1.38838102,-0.22,35.99551589
1667668398.1310875,1632.39,1632.39,-1.48066639,-0.27,32.91383865
1667668408.234012,1632.39,1632.39,-1.48066639,-0.27,32.91383865
1667668418.174432,1632.39,1632.39,-1.48066639,-0.27,32.91383865
1667668428.2492073,1632.39,1632.78,-1.44955528,0.12,35.60620175
1667668438.751005,1632.39,1632.78,-1.44955528,0.12,35.60620175
1667668448.7924302,1632.39,1632.78,-1.44955528,0.12,35.60620175
1667668458.7690716,1632.56,1632.56,-1.45831487,-0.77,34.11461735
1667668468.788175,1632.56,1632.56,-1.45831487,-0.77,34.11461735
1667668479.081155,1632.56,1632.56,-1.45831487,-0.77,34.11461735
1667668488.8045187,1632.56,1633.14,-1.41204706,-0.19,38.1801876
1667668498.9294658,1632.56,1633.14,-1.41204706,-0.19,38.1801876
1667668508.832028,1632.56,1633.14,-1.41204706,-0.19,38.1801876
1667668518.837916,1633.93,1633.93,-1.24052642,-0.51,42.9837466
1667668528.8211188,1633.93,1633.93,-1.24052642,-0.51,42.9837466
1667668539.0145423,1633.93,1633.93,-1.24052642,-0.51,42.9837466
1667668548.8075986,1633.93,1633.85,-1.24690819,-0.59,42.62407933
1667668559.2385666,1633.93,1633.85,-1.24690819,-0.59,42.62407933
1667668568.8830004,1633.93,1633.85,-1.24690819,-0.59,42.62407933
1667668579.0352836,1633.85,1633.85,-1.15269979,0.62,42.6206502
1667668589.2725914,1633.85,1633.85,-1.15269979,0.62,42.6206502
1667668598.8943148,1633.85,1633.85,-1.15269979,0.62,42.6206502
1667668608.899796,1633.85,1633.21,-1.20375392,-0.02,39.75496947
1667668619.618862,1633.85,1633.21,-1.20375392,-0.02,39.75496947
1667668629.6092925,1633.85,1633.21,-1.20375392,-0.02,39.75496947
1667668639.5622866,1634.43,1634.43,-0.98438836,1.26,46.13096955
1667668649.9127812,1634.43,1634.43,-0.98438836,1.26,46.13096955
1667668659.831986,1634.43,1634.43,-0.98438836,1.26,46.13096955
1667668669.7708955,1634.43,1635.2,-0.92296386,2.03,50.48144418
1667668679.5605156,1634.43,1635.2,-0.92296386,2.03,50.48144418
1667668689.6210113,1634.43,1635.2,-0.92296386,2.03,50.48144418
1667668699.6354828,1635.46,1635.46,-0.73256457,2.33,51.79973884
1667668709.8548,1635.46,1635.46,-0.73256457,2.33,51.79973884
1667668719.8169718,1635.46,1635.46,-0.73256457,2.33,51.79973884
1667668729.6401706,1635.46,1635.45,-0.73336229,2.32,51.74668705
1667668739.659605,1635.46,1635.45,-0.73336229,2.32,51.74668705
1667668749.985798,1635.46,1635.45,-0.73336229,2.32,51.74668705
1667668759.7815986,1634.44,1634.44,-0.73424174,1.5,46.56616968
1667668769.5663254,1634.44,1634.44,-0.73424174,1.5,46.56616968
1667668779.5824246,1634.44,1634.44,-0.73424174,1.5,46.56616968
1667668789.630621,1634.44,1634.87,-0.69993975,1.93,48.90726258
1667668800.4429667,1634.44,1634.87,-0.69993975,1.93,48.90726258
1667668810.3686335,1634.44,1634.87,-0.69993975,1.93,48.90726258
1667668820.428137,1636.83,1636.83,-0.32559159,2.91,57.41711795
1667668830.5423088,1636.83,1636.83,-0.32559159,2.91,57.41711795
1667668840.43221,1636.83,1637.19,-0.29687364,3.27,58.79106723
1667668850.3651996,1636.83,1637.19,-0.29687364,3.27,58.79106723
1667668860.379086,1636.83,1637.19,-0.29687364,3.27,58.79106723
1667668870.3369772,1636.83,1637.19,-0.29687364,3.27,58.79106723
1667668880.3515408,1636.94,1636.94,-0.13677847,2.31,57.8587584
1667668890.439978,1636.94,1636.94,-0.13677847,2.31,57.8587584
1667668900.3747537,1636.94,1637.18,-0.11763317,2.55,58.82480562
1667668910.6651323,1636.94,1637.18,-0.11763317,2.55,58.82480562
1667668920.35123,1636.94,1637.18,-0.11763317,2.55,58.82480562
1667668930.373766,1636.94,1637.18,-0.11763317,2.55,58.82480562
1667668940.3722222,1637.07,1637.07,0.02422205,4.68,58.39068002
1667668950.379805,1637.07,1637.07,0.02422205,4.68,58.39068002
1667668960.443997,1637.07,1637.07,0.02422205,4.68,58.39068002
1667668970.396103,1637.07,1637.32,0.04416507,4.93,59.44460115
1667668981.7312207,1637.07,1637.32,0.04416507,4.93,59.44460115
1667668991.503964,1637.35,1637.35,0.18155167,4.79,59.57063611
1667669001.4861715,1637.35,1637.35,0.18155167,4.79,59.57063611
1667669011.5354643,1637.35,1637.35,0.18155167,4.79,59.57063611
1667669021.737444,1637.35,1637.36,0.18234939,4.8,59.61456348
1667669031.5112276,1637.35,1637.36,0.18234939,4.8,59.61456348
1667669041.5207484,1637.35,1637.36,0.18234939,4.8,59.61456348
1667669051.545551,1637.35,1637.36,0.18234939,4.8,59.61456348
1667669061.573727,1637.0,1637.0,0.23701082,3.06,57.39684915
1667669071.6055422,1637.0,1637.0,0.23701082,3.06,57.39684915
1667669081.5746896,1637.0,1636.88,0.22743817,2.94,56.628496
1667669091.796161,1637.0,1636.88,0.22743817,2.94,56.628496
1667669101.9344668,1637.0,1636.88,0.22743817,2.94,56.628496
1667669111.568373,1637.0,1636.88,0.22743817,2.94,56.628496
1667669121.5925686,1636.76,1636.76,0.26569948,2.9,55.87571103
1667669131.5128753,1636.76,1636.76,0.26569948,2.9,55.87571103
1667669141.6150002,1636.76,1636.2,0.22102712,2.34,52.39744771
1667669151.6356685,1636.76,1636.2,0.22102712,2.34,52.39744771
1667669162.6953487,1636.76,1636.2,0.22102712,2.34,52.39744771
1667669172.792155,1635.32,1635.32,0.09657724,0.89,47.72485311
1667669182.587242,1635.32,1635.32,0.09657724,0.89,47.72485311
1667669192.5983438,1635.32,1635.32,0.09657724,0.89,47.72485311
1667669202.6883967,1635.32,1636.29,0.17395616,1.86,52.73029109
1667669212.5513442,1635.32,1636.29,0.17395616,1.86,52.73029109
1667669222.5690708,1635.32,1636.29,0.17395616,1.86,52.73029109
1667669232.5694754,1636.0,1636.0,0.14909014,0.55,51.32922247
1667669242.6000147,1636.0,1636.0,0.14909014,0.55,51.32922247
1667669252.6036844,1636.0,1636.0,0.14909014,0.55,51.32922247
1667669262.5192428,1636.0,1634.93,0.06373401,-0.52,45.95434125
1667669272.5466228,1636.0,1634.93,0.06373401,-0.52,45.95434125
1667669282.5816767,1636.0,1634.93,0.06373401,-0.52,45.95434125
1667669293.0448194,1634.49,1634.49,-0.06743242,0.04,44.05406112
1667669302.5507884,1634.49,1634.49,-0.06743242,0.04,44.05406112
1667669312.5936482,1634.49,1634.49,-0.06743242,0.04,44.05406112
1667669322.599886,1634.49,1634.47,-0.06902786,0.02,43.9652221
1667669332.6074345,1634.49,1634.47,-0.06902786,0.02,43.9652221
1667669343.4274795,1634.49,1634.47,-0.06902786,0.02,43.9652221
1667669353.376113,1634.33,1634.33,-0.16455699,-2.51,43.34992634
1667669363.4472466,1634.33,1634.33,-0.16455699,-2.51,43.34992634
1667669373.409264,1634.33,1634.33,-0.16455699,-2.51,43.34992634
1667669383.3962162,1634.33,1634.31,-0.16615243,-2.53,43.25729862
1667669393.4586842,1634.33,1634.31,-0.16615243,-2.53,43.25729862
1667669403.3594327,1634.33,1634.31,-0.16615243,-2.53,43.25729862
1667669413.4723835,1633.83,1633.83,-0.30008277,-3.1,41.14719355
1667669423.4796247,1633.83,1633.83,-0.30008277,-3.1,41.14719355
1667669433.4365134,1633.83,1633.83,-0.30008277,-3.1,41.14719355
1667669443.3939538,1633.83,1633.94,-0.29130784,-2.99,41.84727869
1667669454.013715,1633.83,1633.94,-0.29130784,-2.99,41.84727869
1667669463.455334,1633.83,1633.94,-0.29130784,-2.99,41.84727869
1667669473.457898,1634.17,1634.17,-0.32291529,-2.89,43.26926981
1667669483.4711037,1634.17,1634.17,-0.32291529,-2.89,43.26926981
1667669493.427359,1634.17,1634.17,-0.32291529,-2.89,43.26926981
1667669503.491453,1634.17,1635.05,-0.25271586,-2.01,48.41295848
1667669513.4624896,1634.17,1635.05,-0.25271586,-2.01,48.41295848
1667669524.4390495,1634.17,1635.05,-0.25271586,-2.01,48.41295848
1667669534.430423,1634.93,1634.93,-0.2515634,-2.41,47.76538976
1667669544.4104302,1634.93,1634.93,-0.2515634,-2.41,47.76538976
1667669554.340508,1634.93,1634.93,-0.2515634,-2.41,47.76538976
1667669564.3670635,1634.93,1635.02,-0.24438392,-2.32,48.28967598
1667669574.3835742,1634.93,1635.02,-0.24438392,-2.32,48.28967598
1667669584.4106054,1634.93,1635.02,-0.24438392,-2.32,48.28967598
1667669594.4656017,1635.02,1635.02,-0.228187,-1.99,48.29411171
1667669604.548972,1635.02,1635.02,-0.228187,-1.99,48.29411171
1667669614.9958825,1635.02,1635.02,-0.228187,-1.99,48.29411171
1667669624.4213183,1635.02,1635.25,-0.20983942,-1.76,49.68390363
1667669634.3315113,1635.02,1635.25,-0.20983942,-1.76,49.68390363
1667669644.3896043,1635.02,1635.25,-0.20983942,-1.76,49.68390363
1667669654.4446633,1635.16,1635.16,-0.19248095,-1.61,49.14906422
1667669664.5173426,1635.16,1635.16,-0.19248095,-1.61,49.14906422
1667669674.4441068,1635.16,1635.16,-0.19248095,-1.61,49.14906422
1667669684.4614477,1635.16,1635.13,-0.19487411,-1.64,48.96223657
1667669694.4387546,1635.16,1635.13,-0.19487411,-1.64,48.96223657
1667669705.0358229,1635.16,1635.13,-0.19487411,-1.64,48.96223657
1667669715.0689173,1635.14,1635.14,-0.17327388,-0.19,49.01957055
1667669725.1003404,1635.14,1635.14,-0.17327388,-0.19,49.01957055
1667669735.0625532,1635.14,1635.14,-0.17327388,-0.19,49.01957055
1667669745.084374,1635.14,1635.16,-0.17167844,-0.17,49.15618529
1667669755.046821,1635.14,1635.16,-0.17167844,-0.17,49.15618529
1667669765.305635,1635.14,1635.16,-0.17167844,-0.17,49.15618529
1667669775.5069537,1636.01,1636.01,-0.03202471,0.0,54.43005812
1667669785.0540345,1636.01,1636.01,-0.03202471,0.0,54.43005812
1667669795.1170654,1636.01,1636.01,-0.03202471,0.0,54.43005812
1667669805.0259993,1636.01,1636.29,-0.00968853,0.28,56.06352784
1667669815.0720685,1636.01,1636.29,-0.00968853,0.28,56.06352784
1667669825.0713916,1636.01,1636.29,-0.00968853,0.28,56.06352784
1667669835.1067266,1636.31,1636.31,0.06579884,1.81,56.1792375
1667669845.1491897,1636.31,1636.31,0.06579884,1.81,56.1792375
1667669855.2154777,1636.31,1636.31,0.06579884,1.81,56.1792375
1667669865.2449963,1636.31,1636.48,0.07936009,1.98,57.17343106
1667669875.152581,1636.31,1636.48,0.07936009,1.98,57.17343106
1667669885.9971318,1636.31,1636.48,0.07936009,1.98,57.17343106
1667669895.9716196,1636.45,1636.45,0.14397317,2.11,56.97670695
1667669905.9409735,1636.45,1636.45,0.14397317,2.11,56.97670695
1667669916.0254853,1636.45,1636.45,0.14397317,2.11,56.97670695
1667669926.2349477,1636.45,1635.76,0.08893044,1.42,51.8303991
1667669936.576406,1636.45,1635.76,0.08893044,1.42,51.8303991
1667669945.9773,1636.45,1635.76,0.08893044,1.42,51.8303991
1667669956.1796844,1635.62,1635.62,0.07625846,1.79,50.9001692
1667669965.9582894,1635.62,1635.62,0.07625846,1.79,50.9001692
1667669975.9159684,1635.62,1635.62,0.07625846,1.79,50.9001692
1667669985.9733913,1635.62,1635.7,0.08264022,1.87,51.43656876
1667669995.973654,1635.62,1635.7,0.08264022,1.87,51.43656876
1667670006.026536,1635.62,1635.7,0.08264022,1.87,51.43656876
1667670015.925587,1635.9,1635.9,0.11503355,1.72,52.71504757
1667670025.9366326,1635.9,1635.9,0.11503355,1.72,52.71504757
1667670036.1577122,1635.9,1635.9,0.11503355,1.72,52.71504757
1667670045.8593276,1635.9,1635.91,0.11583127,1.73,52.79041063
1667670055.8962812,1635.9,1635.91,0.11583127,1.73,52.79041063
1667670066.4963746,1635.9,1635.91,0.11583127,1.73,52.79041063
1667670076.4646776,1635.91,1635.91,0.12739075,0.98,52.79041063
1667670086.5325625,1635.91,1635.91,0.12739075,0.98,52.79041063
1667670096.532518,1635.91,1635.91,0.12739075,0.98,52.79041063
1667670106.568858,1635.91,1635.7,0.11063861,0.77,51.13706466
1667670116.546216,1635.91,1635.7,0.11063861,0.77,51.13706466
1667670126.945668,1635.91,1635.7,0.11063861,0.77,51.13706466
1667670136.5795698,1635.79,1635.79,0.11803207,0.78,51.83278786
1667670146.5924366,1635.79,1635.79,0.11803207,0.78,51.83278786
1667670156.488652,1635.79,1635.79,0.11803207,0.78,51.83278786
1667670166.5172722,1635.79,1635.66,0.1076617,0.65,50.75856219
1667670176.5532866,1635.79,1635.66,0.1076617,0.65,50.75856219
1667670186.5212042,1635.79,1635.66,0.1076617,0.65,50.75856219
1667670196.5440996,1635.69,1635.69,0.10333427,0.53,50.99620556
1667670206.5385337,1635.69,1635.69,0.10333427,0.53,50.99620556
1667670216.5473294,1635.69,1635.69,0.10333427,0.53,50.99620556
1667670226.5315113,1635.69,1635.64,0.09934567,0.48,50.56015262
1667670236.767499,1635.69,1635.64,0.09934567,0.48,50.56015262
1667670247.3373942,1635.69,1635.64,0.09934567,0.48,50.56015262
1667670257.6697133,1636.21,1636.21,0.16977475,1.06,55.04574643
1667670267.452628,1636.21,1636.21,0.16977475,1.06,55.04574643
1667670277.3851087,1636.21,1636.21,0.16977475,1.06,55.04574643
1667670287.3972833,1636.21,1636.65,0.20487447,1.5,58.19157103
1667670297.3552847,1636.21,1636.65,0.20487447,1.5,58.19157103
1667670307.3535128,1636.21,1636.65,0.20487447,1.5,58.19157103
1667670317.5835683,1636.25,1636.25,0.19304927,0.23,55.35115988
1667670327.3407452,1636.25,1636.25,0.19304927,0.23,55.35115988
1667670337.291613,1636.25,1636.25,0.19304927,0.23,55.35115988
1667670347.4816704,1636.25,1636.53,0.21538545,0.51,57.52645695
1667670357.3362968,1636.25,1636.53,0.21538545,0.51,57.52645695
1667670367.3455083,1636.25,1636.53,0.21538545,0.51,57.52645695
1667670377.3872614,1636.77,1636.77,0.27947691,0.47,59.23429356
1667670387.314049,1636.77,1636.77,0.27947691,0.47,59.23429356
1667670397.3695438,1636.77,1636.77,0.27947691,0.47,59.23429356
1667670407.331908,1636.77,1637.18,0.31218346,0.88,62.03386631
1667670417.3172312,1636.77,1637.18,0.31218346,0.88,62.03386631
1667670427.8602326,1636.77,1637.18,0.31218346,0.88,62.03386631
1667670437.7211084,1636.87,1636.87,0.32565155,0.41,59.95995497
1667670447.7243402,1636.87,1636.87,0.32565155,0.41,59.95995497
1667670457.689295,1636.87,1636.87,0.32565155,0.41,59.95995497
1667670467.6777208,1636.87,1636.59,0.30331537,0.13,56.95273771
1667670477.7453015,1636.87,1636.59,0.30331537,0.13,56.95273771
1667670487.7140324,1636.87,1636.59,0.30331537,0.13,56.95273771
1667670497.6599035,1636.42,1636.42,0.28887906,0.81,55.25014207
1667670508.0693944,1636.42,1636.42,0.28887906,0.81,55.25014207
1667670517.7161555,1636.42,1636.42,0.28887906,0.81,55.25014207
1667670527.6835616,1636.42,1636.29,0.27850869,0.68,53.9226043
1667670537.7388854,1636.42,1636.29,0.27850869,0.68,53.9226043
1667670547.8799667,1636.42,1636.29,0.27850869,0.68,53.9226043
1667670557.7504883,1635.97,1635.97,0.22128829,0.06,50.91143319
1667670567.792709,1635.97,1635.97,0.22128829,0.06,50.91143319
1667670577.798534,1635.97,1635.97,0.22128829,0.06,50.91143319
1667670587.720894,1635.97,1635.26,0.16465012,-0.65,44.91797112
1667670597.7448936,1635.97,1635.26,0.16465012,-0.65,44.91797112
1667670608.6607485,1635.97,1635.26,0.16465012,-0.65,44.91797112
1667670618.5252326,1634.49,1634.49,-0.01466505,-1.42,39.82798297
1667670628.5555174,1634.49,1634.49,-0.01466505,-1.42,39.82798297
1667670638.7922723,1634.49,1634.49,-0.01466505,-1.42,39.82798297
1667670648.5311742,1634.49,1633.98,-0.05534881,-1.93,36.85226786
1667670658.5521371,1634.49,1633.98,-0.05534881,-1.93,36.85226786
1667670668.636246,1634.49,1633.98,-0.05534881,-1.93,36.85226786
1667670678.598354,1633.98,1633.98,-0.18019818,-1.81,36.89776804
1667670688.574551,1633.98,1633.98,-0.18019818,-1.81,36.89776804
1667670699.1250043,1633.98,1633.98,-0.18019818,-1.81,36.89776804
1667670708.6412914,1633.98,1633.97,-0.1809959,-1.82,36.79835886
1667670718.6220372,1633.98,1633.97,-0.1809959,-1.82,36.79835886
1667670728.5624654,1633.98,1633.97,-0.1809959,-1.82,36.79835886
1667670738.6032724,1634.85,1634.85,-0.15173483,-0.85,44.50384295
1667670748.754341,1634.85,1634.85,-0.15173483,-0.85,44.50384295
1667670758.9944005,1634.85,1634.85,-0.15173483,-0.85,44.50384295
1667670769.017177,1634.85,1635.51,-0.09908526,-0.19,49.45823143
1667670778.7571635,1634.85,1635.51,-0.09908526,-0.19,49.45823143
1667670789.8164654,1634.85,1635.51,-0.09908526,-0.19,49.45823143
1667670799.769276,1635.61,1635.61,-0.07465347,-0.6,50.12925286
1667670809.8094156,1635.61,1635.61,-0.07465347,-0.6,50.12925286
1667670819.704182,1635.61,1635.61,-0.07465347,-0.6,50.12925286
1667670829.734627,1635.61,1635.67,-0.06986714,-0.54,50.55730539
1667670839.7716377,1635.61,1635.67,-0.06986714,-0.54,50.55730539
1667670849.736172,1635.61,1635.67,-0.06986714,-0.54,50.55730539
1667670859.787476,1636.15,1636.15,0.01479979,-0.1,53.73162329
1667670869.750353,1636.15,1636.15,0.01479979,-0.1,53.73162329
1667670880.051311,1636.15,1636.15,0.01479979,-0.1,53.73162329
1667670890.2249668,1636.15,1636.51,0.04351774,0.26,56.01260837
1667670899.9845705,1636.15,1636.51,0.04351774,0.26,56.01260837
1667670909.8024192,1636.15,1636.51,0.04351774,0.26,56.01260837
1667670919.8353417,1636.72,1636.72,0.1315425,-0.04,57.24222594
1667670930.114353,1636.72,1636.72,0.1315425,-0.04,57.24222594
1667670939.8590088,1636.72,1636.72,0.1315425,-0.04,57.24222594
1667670949.8670275,1636.72,1636.99,0.15308096,0.23,58.83551189
1667670959.8126287,1636.72,1636.99,0.15308096,0.23,58.83551189
1667670970.2852535,1636.72,1636.99,0.15308096,0.23,58.83551189
1667670980.3031616,1637.88,1637.88,0.35048019,1.02,63.29995221
1667670990.2472107,1637.88,1637.88,0.35048019,1.02,63.29995221
1667671000.250497,1637.88,1637.88,0.35048019,1.02,63.29995221
1667671010.299679,1637.88,1637.21,0.2970329,0.35,58.1554489
1667671020.3196762,1637.88,1637.21,0.2970329,0.35,58.1554489
1667671030.1641695,1637.88,1637.21,0.2970329,0.35,58.1554489
1667671040.2597663,1637.74,1637.74,0.42448745,1.32,62.12346797
1667671050.963494,1637.74,1637.74,0.42448745,1.32,62.12346797
1667671060.2647955,1637.74,1637.74,0.42448745,1.32,62.12346797
1667671070.286027,1637.74,1638.06,0.45001451,1.64,63.7390533
1667671080.315954,1637.74,1638.06,0.45001451,1.64,63.7390533
1667671090.3283362,1637.74,1638.06,0.45001451,1.64,63.7390533
1667671100.2571268,1638.25,1638.25,0.55848676,2.28,64.63824413
1667671110.3129294,1638.25,1638.25,0.55848676,2.28,64.63824413
1667671120.3150938,1638.25,1637.21,0.4755238,1.24,56.43942907
1667671130.350921,1638.25,1637.21,0.4755238,1.24,56.43942907
1667671140.510462,1638.25,1637.21,0.4755238,1.24,56.43942907
1667671150.8753643,1636.81,1636.81,0.42229572,2.31,53.80314982
1667671160.8659909,1636.81,1636.81,0.42229572,2.31,53.80314982
1667671170.8274524,1636.81,1636.81,0.42229572,2.31,53.80314982
1667671180.8485184,1636.81,1636.56,0.4023527,2.06,52.16317377
1667671190.8288214,1636.81,1636.56,0.4023527,2.06,52.16317377
1667671201.165015,1636.81,1636.56,0.4023527,2.06,52.16317377
1667671211.3248792,1636.57,1636.57,0.36746904,2.6,52.22194716
1667671220.7705886,1636.57,1636.57,0.36746904,2.6,52.22194716
1667671230.810349,1636.57,1636.57,0.36746904,2.6,52.22194716
1667671240.8357024,1636.57,1636.57,0.36746904,2.6,52.22194716
1667671250.8843515,1636.57,1637.84,0.46877958,3.87,59.07751881
1667671260.8286493,1636.57,1637.84,0.46877958,3.87,59.07751881
1667671270.851511,1637.49,1637.49,0.46537025,2.63,57.37142501
1667671280.8563042,1637.49,1637.49,0.46537025,2.63,57.37142501
1667671290.8165996,1637.49,1637.49,0.46537025,2.63,57.37142501
1667671300.87188,1637.49,1636.39,0.37762096,1.53,50.3741478
1667671310.865642,1637.49,1636.39,0.37762096,1.53,50.3741478
1667671320.845816,1637.49,1636.39,0.37762096,1.53,50.3741478
1667671332.0855498,1636.56,1636.56,0.34656257,0.94,51.34308831
1667671341.9328885,1636.56,1636.56,0.34656257,0.94,51.34308831
1667671351.9712908,1636.56,1636.56,0.34656257,0.94,51.34308831
1667671361.9818082,1636.56,1636.25,0.32183322,0.63,49.47948691
1667671372.4603822,1636.56,1636.25,0.32183322,0.63,49.47948691
1667671381.9439163,1636.56,1636.25,0.32183322,0.63,49.47948691
1667671391.942927,1636.34,1636.34,0.27656407,0.19,50.01187736
1667671401.9501822,1636.34,1636.34,0.27656407,0.19,50.01187736
1667671411.915651,1636.34,1636.34,0.27656407,0.19,50.01187736
1667671422.0194433,1636.34,1636.47,0.28693444,0.32,50.82592146
1667671432.1304152,1636.34,1636.47,0.28693444,0.32,50.82592146
1667671441.9698036,1636.34,1636.47,0.28693444,0.32,50.82592146
1667671451.974027,1635.55,1635.55,0.12188463,-1.17,45.42595411
1667671461.976742,1635.55,1635.55,0.12188463,-1.17,45.42595411
1667671472.0071166,1635.55,1635.55,0.12188463,-1.17,45.42595411
1667671481.988732,1635.55,1635.61,0.12667096,-1.11,45.82146515
1667671492.237035,1635.55,1635.61,0.12667096,-1.11,45.82146515
1667671502.0485373,1635.55,1635.61,0.12667096,-1.11,45.82146515
1667671512.785865,1635.32,1635.32,0.01616018,-2.57,44.15352261
1667671522.7992992,1635.32,1635.32,0.01616018,-2.57,44.15352261
1667671532.8657637,1635.32,1635.32,0.01616018,-2.57,44.15352261
1667671542.7221377,1635.32,1636.08,0.07678696,-1.81,49.19836961
1667671552.7746463,1635.32,1636.08,0.07678696,-1.81,49.19836961
1667671562.9171426,1635.32,1636.08,0.07678696,-1.81,49.19836961
1667671572.70328,1635.32,1636.08,0.07678696,-1.81,49.19836961
1667671582.7444909,1636.24,1636.24,0.07694684,-1.49,50.1490406
1667671593.2017398,1636.24,1636.24,0.07694684,-1.49,50.1490406
1667671602.8177662,1636.24,1635.51,0.01871322,-2.22,45.92623584
1667671613.064732,1636.24,1635.51,0.01871322,-2.22,45.92623584
1667671622.82419,1636.24,1635.51,0.01871322,-2.22,45.92623584
1667671632.831524,1635.92,1635.92,0.0203434,-2.32,48.21520298
1667671642.835313,1635.92,1635.92,0.0203434,-2.32,48.21520298
1667671652.794284,1635.92,1635.92,0.0203434,-2.32,48.21520298
1667671662.8077798,1635.92,1636.22,0.04427503,-2.02,50.15989332
1667671672.7600074,1635.92,1636.22,0.04427503,-2.02,50.15989332
1667671683.0054846,1635.92,1636.22,0.04427503,-2.02,50.15989332
1667671693.4246778,1635.96,1635.96,0.00142757,-0.85,48.48834484
1667671703.4003177,1635.96,1635.96,0.00142757,-0.85,48.48834484
1667671713.4562402,1635.96,1635.96,0.00142757,-0.85,48.48834484
1667671723.6828663,1635.96,1636.42,0.03812273,-0.39,51.59092335
1667671733.3989587,1635.96,1636.42,0.03812273,-0.39,51.59092335
1667671743.4426591,1635.96,1636.42,0.03812273,-0.39,51.59092335
1667671753.4089935,1636.2,1636.2,0.01925912,-0.38,50.14948977
1667671763.4426496,1636.2,1636.2,0.01925912,-0.38,50.14948977
1667671773.444625,1636.2,1636.2,0.01925912,-0.38,50.14948977
1667671783.4302256,1636.2,1636.09,0.0104842,-0.49,49.36331207
1667671793.4437764,1636.2,1636.09,0.0104842,-0.49,49.36331207
1667671803.4577434,1636.2,1636.09,0.0104842,-0.49,49.36331207
1667671813.4855244,1636.07,1636.07,-0.00099176,-1.43,49.22301142
1667671823.4445958,1636.07,1636.07,-0.00099176,-1.43,49.22301142
1667671833.4344132,1636.07,1636.07,-0.00099176,-1.43,49.22301142
1667671843.47781,1636.07,1636.07,-0.00099176,-1.43,49.22301142
1667671853.6352458,1636.07,1635.62,-0.0368892,-1.88,46.05149931
1667671863.3976915,1636.07,1635.62,-0.0368892,-1.88,46.05149931
1667671874.6246471,1635.27,1635.27,-0.12181159,-1.28,43.85383525
1667671884.5954225,1635.27,1635.27,-0.12181159,-1.28,43.85383525
1667671894.66046,1635.27,1635.27,-0.12181159,-1.28,43.85383525
1667671904.6398587,1635.27,1635.33,-0.11702527,-1.22,44.34417382
1667671914.851184,1635.27,1635.33,-0.11702527,-1.22,44.34417382
1667671924.5831163,1635.27,1635.33,-0.11702527,-1.22,44.34417382
1667671934.7073529,1635.32,1635.32,-0.15739922,-1.01,44.27477282
1667671944.6456048,1635.32,1635.32,-0.15739922,-1.01,44.27477282
1667671954.6701963,1635.32,1635.32,-0.15739922,-1.01,44.27477282
1667671964.6889637,1635.32,1634.69,-0.20765563,-1.64,40.30114572
1667671974.668619,1635.32,1634.69,-0.20765563,-1.64,40.30114572
1667671984.8750732,1635.32,1634.69,-0.20765563,-1.64,40.30114572
1667671994.707746,1634.68,1634.68,-0.2783254,-0.88,40.27801032
1667672004.6390512,1634.68,1634.68,-0.2783254,-0.88,40.27801032
1667672014.7580976,1634.68,1634.68,-0.2783254,-0.88,40.27801032
1667672024.7329235,1634.68,1634.71,-0.27593224,-0.85,40.5504343
1667672034.6940353,1634.68,1634.71,-0.27593224,-0.85,40.5504343
1667672044.6298532,1634.68,1634.71,-0.27593224,-0.85,40.5504343
1667672055.123809,1634.7,1634.7,-0.32582851,-0.63,40.48414256
1667672065.0018897,1634.7,1634.7,-0.32582851,-0.63,40.48414256
1667672075.0411944,1634.7,1634.7,-0.32582851,-0.63,40.48414256
1667672085.235038,1634.7,1635.73,-0.24366327,0.4,49.05876121
1667672095.004633,1634.7,1635.73,-0.24366327,0.4,49.05876121
1667672105.4221244,1634.7,1635.73,-0.24366327,0.4,49.05876121
1667672115.0763268,1635.74,1635.74,-0.21480681,-0.5,49.13562004
1667672125.0578794,1635.74,1635.74,-0.21480681,-0.5,49.13562004
1667672135.1446297,1635.74,1635.74,-0.21480681,-0.5,49.13562004
1667672145.1327002,1635.74,1635.32,-0.24831108,-0.92,46.19672553
1667672155.4058046,1635.74,1635.32,-0.24831108,-0.92,46.19672553
1667672165.0719843,1635.74,1635.32,-0.24831108,-0.92,46.19672553
1667672175.135597,1635.39,1635.39,-0.2392274,-0.52,46.6614882
1667672185.036178,1635.39,1635.39,-0.2392274,-0.52,46.6614882
1667672195.1182723,1635.39,1635.39,-0.2392274,-0.52,46.6614882
1667672205.081334,1635.39,1635.55,-0.22646386,-0.36,47.95046042
1667672215.0424569,1635.39,1635.55,-0.22646386,-0.36,47.95046042
1667672225.1499605,1635.39,1635.55,-0.22646386,-0.36,47.95046042
1667672235.7516365,1635.59,1635.59,-0.20548678,-0.36,48.26302783
1667672245.8331594,1635.59,1635.59,-0.20548678,-0.36,48.26302783
1667672255.8018577,1635.59,1635.59,-0.20548678,-0.36,48.26302783
1667672265.817689,1635.59,1635.59,-0.20548678,-0.36,48.26302783
1667672275.7913134,1635.59,1635.59,-0.20548678,-0.36,48.26302783
1667672285.8062203,1635.59,1635.59,-0.20548678,-0.36,48.26302783
1667672296.1872735,1635.21,1635.21,-0.24292774,-1.0,45.46948633
1667672305.7817314,1635.21,1635.21,-0.24292774,-1.0,45.46948633
1667672315.829779,1635.21,1635.21,-0.24292774,-1.0,45.46948633
1667672325.8582425,1635.21,1635.77,-0.19825537,-0.44,50.05726055
1667672335.798319,1635.21,1635.77,-0.19825537,-0.44,50.05726055
1667672345.77378,1635.21,1635.77,-0.19825537,-0.44,50.05726055
1667672355.7787068,1636.07,1636.07,-0.12355596,0.0,52.19904967
1667672365.8352263,1636.07,1636.07,-0.12355596,0.0,52.19904967
1667672375.8067029,1636.07,1636.07,-0.12355596,0.0,52.19904967
1667672385.8057852,1636.07,1636.31,-0.10441066,0.24,53.91824528
1667672396.2195609,1636.07,1636.31,-0.10441066,0.24,53.91824528
1667672405.8411987,1636.07,1636.31,-0.10441066,0.24,53.91824528
1667672416.8348234,1635.64,1635.64,-0.14316755,0.37,48.94466659
1667672427.038857,1635.64,1635.64,-0.14316755,0.37,48.94466659
1667672436.9731417,1635.64,1635.64,-0.14316755,0.37,48.94466659
1667672446.8657918,1635.64,1634.64,-0.22293963,-0.63,42.34465518
1667672456.8884315,1635.64,1634.64,-0.22293963,-0.63,42.34465518
1667672467.0791397,1635.64,1634.64,-0.22293963,-0.63,42.34465518
1667672476.8392806,1633.41,1633.41,-0.44588977,-1.92,36.32049892
1667672487.2695203,1633.41,1633.41,-0.44588977,-1.92,36.32049892
1667672496.886876,1633.41,1633.41,-0.44588977,-1.92,36.32049892
1667672506.8321435,1633.41,1632.69,-0.50332567,-2.64,33.33125495
1667672516.8850975,1633.41,1632.69,-0.50332567,-2.64,33.33125495
1667672526.8448963,1633.41,1632.69,-0.50332567,-2.64,33.33125495
1667672536.8041582,1632.89,1632.89,-0.61211857,-1.78,34.11108982
1667672546.865253,1632.89,1632.89,-0.61211857,-1.78,34.11108982
1667672556.8238351,1632.89,1632.89,-0.61211857,-1.78,34.11108982
1667672566.9227347,1632.89,1632.89,-0.61211857,-1.78,34.11108982
1667672576.8291962,1632.89,1632.89,-0.61211857,-1.78,34.11108982
1667672586.9517665,1632.89,1632.89,-0.61211857,-1.78,34.11108982
1667672597.7044373,1632.88,1632.88,-0.70429298,-1.83,34.06817033
1667672607.72511,1632.88,1632.88,-0.70429298,-1.83,34.06817033
1667672617.7726686,1632.88,1632.88,-0.70429298,-1.83,34.06817033
1667672627.7235,1632.88,1633.81,-0.63010494,-0.9,41.44682174
1667672637.7602916,1632.88,1633.81,-0.63010494,-0.9,41.44682174
1667672648.253789,1632.88,1633.81,-0.63010494,-0.9,41.44682174
1667672657.6995082,1633.81,1633.81,-0.63639116,-1.92,41.44682174
1667672667.7234228,1633.81,1633.81,-0.63639116,-1.92,41.44682174
1667672677.7471702,1633.81,1633.81,-0.63639116,-1.92,41.44682174
1667672687.7074783,1633.81,1633.39,-0.66989543,-2.34,39.30734952
1667672697.7367675,1633.81,1633.39,-0.66989543,-2.34,39.30734952
1667672707.7563088,1633.81,1633.39,-0.66989543,-2.34,39.30734952
1667672717.760305,1633.47,1633.47,-0.68274309,-1.92,39.72892236
1667672727.7942512,1633.47,1633.47,-0.68274309,-1.92,39.72892236
1667672737.7467704,1633.47,1633.47,-0.68274309,-1.92,39.72892236
1667672747.8255832,1633.47,1632.46,-0.76331289,-2.93,34.97857882
1667672757.7799234,1633.47,1632.46,-0.76331289,-2.93,34.97857882
1667672767.806941,1633.47,1632.46,-0.76331289,-2.93,34.97857882
1667672778.9386024,1633.48,1633.48,-0.6879897,-2.11,39.80917405
1667672788.9905653,1633.48,1633.48,-0.6879897,-2.11,39.80917405
1667672798.943704,1633.48,1633.48,-0.6879897,-2.11,39.80917405
1667672809.542928,1633.48,1632.43,-0.77175038,-3.16,34.59972408
1667672818.9698482,1633.48,1632.43,-0.77175038,-3.16,34.59972408
1667672828.8922696,1633.48,1632.43,-0.77175038,-3.16,34.59972408
1667672838.9363463,1632.27,1632.27,-0.85531766,-2.94,33.92008357
1667672848.9702497,1632.27,1632.27,-0.85531766,-2.94,33.92008357
1667672858.9989705,1632.27,1632.27,-0.85531766,-2.94,33.92008357
1667672869.046127,1632.27,1632.21,-0.86010399,-3.0,33.65438982
1667672878.990909,1632.27,1632.21,-0.86010399,-3.0,33.65438982
1667672888.9985514,1632.27,1632.21,-0.86010399,-3.0,33.65438982
1667672899.3266797,1631.41,1631.41,-1.02324021,-4.67,30.47192871
1667672908.9844787,1631.41,1631.41,-1.02324021,-4.67,30.47192871
1667672919.0059788,1631.41,1631.41,-1.02324021,-4.67,30.47192871
1667672929.0356286,1631.41,1631.83,-0.98973593,-4.25,34.00055492
1667672939.0506458,1631.41,1631.83,-0.98973593,-4.25,34.00055492
1667672948.9938931,1631.41,1631.83,-0.98973593,-4.25,34.00055492
1667672959.3991704,1631.67,1631.67,-1.05263879,-3.98,32.69938138
1667672969.893517,1631.67,1631.67,-1.05263879,-3.98,32.69938138
1667672979.402891,1631.67,1631.67,-1.05263879,-3.98,32.69938138
1667672989.3280275,1631.67,1631.68,-1.05184106,-3.97,32.78856864
1667672999.378512,1631.67,1631.68,-1.05184106,-3.97,32.78856864
1667673009.4196372,1631.67,1631.68,-1.05184106,-3.97,32.78856864
1667673019.4632764,1630.36,1630.36,-1.2644948,-3.05,27.85451811
1667673029.4600852,1630.36,1630.36,-1.2644948,-3.05,27.85451811
1667673039.961969,1630.36,1630.36,-1.2644948,-3.05,27.85451811
1667673049.3462815,1630.36,1630.91,-1.22062016,-2.5,32.34140027
1667673059.3115697,1630.36,1630.91,-1.22062016,-2.5,32.34140027
1667673069.3605714,1630.36,1630.91,-1.22062016,-2.5,32.34140027
1667673079.404139,1630.97,1630.97,-1.2485882,-1.92,32.80245488
1667673089.373826,1630.97,1630.97,-1.2485882,-1.92,32.80245488
1667673099.4246914,1630.97,1630.97,-1.2485882,-1.92,32.80245488
1667673109.442892,1630.97,1631.57,-1.20072496,-1.32,37.39667145
1667673119.3516002,1630.97,1631.57,-1.20072496,-1.32,37.39667145
1667673129.8852255,1630.97,1631.57,-1.20072496,-1.32,37.39667145
1667673140.275998,1630.62,1630.62,-1.31011431,-2.26,31.50543758
1667673150.345318,1630.62,1630.62,-1.31011431,-2.26,31.50543758
1667673160.778684,1630.62,1631.56,-1.23512855,-1.32,38.75907455
1667673170.328592,1630.62,1631.56,-1.23512855,-1.32,38.75907455
1667673180.3030915,1630.62,1631.56,-1.23512855,-1.32,38.75907455
1667673190.2777903,1630.62,1631.56,-1.23512855,-1.32,38.75907455
1667673200.2891755,1631.65,1631.65,-1.17528527,-2.16,39.37379094
1667673210.2629042,1631.65,1631.65,-1.17528527,-2.16,39.37379094
1667673220.2959735,1631.65,1631.65,-1.17528527,-2.16,39.37379094
1667673230.195979,1631.65,1631.55,-1.18326247,-2.26,38.90648934
1667673240.2491124,1631.65,1631.55,-1.18326247,-2.26,38.90648934
1667673250.284632,1631.65,1631.55,-1.18326247,-2.26,38.90648934
1667673260.9383943,1631.53,1631.53,-1.13759439,-1.93,38.81435694
1667673270.267353,1631.53,1631.53,-1.13759439,-1.93,38.81435694
1667673280.2899098,1631.53,1630.96,-1.18306447,-2.5,36.18444143
1667673290.2957904,1631.53,1630.96,-1.18306447,-2.5,36.18444143
1667673300.3294425,1631.53,1630.96,-1.18306447,-2.5,36.18444143
1667673310.3236096,1631.53,1630.96,-1.18306447,-2.5,36.18444143
1667673321.1753078,1631.17,1631.17,-1.13787511,-2.31,37.10735296
1667673331.1933372,1631.17,1631.17,-1.13787511,-2.31,37.10735296
1667673341.139328,1631.17,1632.02,-1.07006884,-1.46,43.40530843
1667673351.5782592,1631.17,1632.02,-1.07006884,-1.46,43.40530843
1667673361.1729777,1631.17,1632.02,-1.07006884,-1.46,43.40530843
1667673371.1811943,1631.38,1631.38,-1.07356687,-0.9,38.76600014
1667673381.336137,1631.38,1631.38,-1.07356687,-0.9,38.76600014
1667673391.1528208,1631.38,1631.38,-1.07356687,-0.9,38.76600014
1667673401.2103157,1631.38,1630.26,-1.1629116,-2.02,33.57846443
1667673411.1646276,1631.38,1630.26,-1.1629116,-2.02,33.57846443
1667673421.1922774,1631.38,1630.26,-1.1629116,-2.02,33.57846443
1667673431.229637,1630.29,1630.29,-1.17754264,-1.12,33.69614712
1667673441.2319193,1630.29,1630.29,-1.17754264,-1.12,33.69614712
1667673451.2552328,1630.29,1630.29,-1.17754264,-1.12,33.69614712
1667673461.4180815,1630.29,1629.89,-1.20945147,-1.52,32.04126948
1667673471.2281792,1630.29,1629.89,-1.20945147,-1.52,32.04126948
1667673481.3418145,1630.29,1629.89,-1.20945147,-1.52,32.04126948
1667673491.2374663,1630.51,1630.51,-1.14760255,-1.16,35.49739991
1667673501.8152888,1630.51,1630.51,-1.14760255,-1.16,35.49739991
1667673512.1839588,1630.51,1630.51,-1.14760255,-1.16,35.49739991
1667673522.143396,1630.51,1631.44,-1.07341452,-0.23,42.71790732
1667673531.8426926,1630.51,1631.44,-1.07341452,-0.23,42.71790732
1667673541.781299,1630.51,1631.44,-1.07341452,-0.23,42.71790732
1667673551.8372176,1631.68,1631.68,-0.95879791,1.31,44.32621644
1667673561.8662877,1631.68,1631.68,-0.95879791,1.31,44.32621644
1667673571.8173995,1631.68,1631.68,-0.95879791,1.31,44.32621644
1667673581.9227817,1631.68,1631.68,-0.95879791,1.31,44.32621644
1667673591.8862274,1631.68,1630.62,-1.04335631,0.25,39.10403952
1667673602.0178676,1631.68,1630.62,-1.04335631,0.25,39.10403952
1667673611.8394198,1631.63,1631.63,-0.8801401,0.66,44.04873907
1667673621.85358,1631.63,1631.63,-0.8801401,0.66,44.04873907
1667673632.0708594,1631.63,1631.63,-0.8801401,0.66,44.04873907
1667673642.239505,1631.63,1630.87,-0.94076688,-0.1,39.95460528
1667673652.2565246,1631.63,1630.87,-0.94076688,-0.1,39.95460528
1667673662.214353,1631.63,1630.87,-0.94076688,-0.1,39.95460528
1667673672.3572304,1630.78,1630.78,-0.92551667,0.17,39.51962429
1667673682.8556116,1630.78,1630.78,-0.92551667,0.17,39.51962429
1667673692.8979175,1630.78,1630.78,-0.92551667,0.17,39.51962429
1667673703.2078688,1630.78,1630.48,-0.94944829,-0.13,38.03324304
1667673712.8413084,1630.78,1630.48,-0.94944829,-0.13,38.03324304
1667673722.8174098,1630.78,1630.48,-0.94944829,-0.13,38.03324304
1667673732.8020885,1629.53,1629.53,-1.07409945,-2.12,33.98549593
1667673743.024582,1629.53,1629.53,-1.07409945,-2.12,33.98549593
1667673752.7391045,1629.53,1629.53,-1.07409945,-2.12,33.98549593
1667673762.7941115,1629.53,1629.22,-1.0988288,-2.43,32.76025891
1667673772.860495,1629.53,1629.22,-1.0988288,-2.43,32.76025891
1667673782.8280833,1629.53,1629.22,-1.0988288,-2.43,32.76025891
1667673792.858012,1628.67,1628.67,-1.22171739,-2.86,30.79079342
1667673802.8724115,1628.67,1628.67,-1.22171739,-2.86,30.79079342
1667673812.8675385,1628.67,1628.67,-1.22171739,-2.86,30.79079342
1667673822.8862028,1628.67,1629.21,-1.17864047,-2.32,34.927138
1667673832.8666596,1628.67,1629.21,-1.17864047,-2.32,34.927138
1667673842.8933284,1628.67,1629.21,-1.17864047,-2.32,34.927138
1667673852.8927095,1628.67,1629.21,-1.17864047,-2.32,34.927138
1667673863.906111,1629.84,1629.84,-1.10430609,-1.34,39.16870829
1667673873.63069,1629.84,1629.84,-1.10430609,-1.34,39.16870829
1667673883.6015806,1629.84,1629.47,-1.13382176,-1.71,37.61786896
1667673893.7040234,1629.84,1629.47,-1.13382176,-1.71,37.61786896
1667673903.70247,1629.84,1629.47,-1.13382176,-1.71,37.61786896
1667673913.683379,1629.35,1629.35,-1.14150862,-2.03,37.13791492
1667673923.6450052,1629.35,1629.35,-1.14150862,-2.03,37.13791492
1667673933.6511393,1629.35,1629.35,-1.14150862,-2.03,37.13791492
1667673943.7237685,1629.35,1627.77,-1.26754851,-3.61,31.4792353
1667673953.640468,1629.35,1627.77,-1.26754851,-3.61,31.4792353
1667673964.3693004,1629.35,1627.77,-1.26754851,-3.61,31.4792353
1667673973.7632568,1627.88,1627.88,-1.33545036,-2.42,31.8167471
1667673983.7334192,1627.88,1627.88,-1.33545036,-2.42,31.8167471
1667673993.615722,1627.88,1627.88,-1.33545036,-2.42,31.8167471
1667674003.7073307,1627.88,1627.95,-1.32986631,-2.35,32.31408679
1667674013.7429662,1627.88,1627.95,-1.32986631,-2.35,32.31408679
1667674024.1401627,1627.88,1627.95,-1.32986631,-2.35,32.31408679
1667674033.6918595,1627.72,1627.72,-1.40292395,-2.78,31.29121506
1667674044.1898036,1627.72,1627.72,-1.40292395,-2.78,31.29121506
1667674054.7153523,1627.72,1627.72,-1.40292395,-2.78,31.29121506
1667674064.11259,1627.72,1627.43,-1.42605785,-3.07,30.31387091
1667674074.1688285,1627.72,1627.43,-1.42605785,-3.07,30.31387091
1667674084.1289768,1627.72,1627.43,-1.42605785,-3.07,30.31387091
1667674094.1446383,1627.52,1627.52,-1.45807271,-4.16,30.61058712
1667674104.3997154,1627.52,1627.52,-1.45807271,-4.16,30.61058712
1667674114.0845406,1627.52,1627.52,-1.45807271,-4.16,30.61058712
1667674124.132381,1627.52,1627.52,-1.45807271,-4.16,30.61058712
1667674134.276817,1627.52,1626.11,-1.57055134,-5.57,26.27194887
1667674144.134693,1627.52,1626.11,-1.57055134,-5.57,26.27194887
1667674154.115834,1625.99,1625.99,-1.68783303,-5.64,25.95683271
1667674168.4727252,1625.99,1625.99,-1.68783303,-5.64,25.95683271
1667674176.9204998,1625.99,1625.99,-1.68783303,-5.64,25.95683271
1667674189.0030658,1625.99,1627.39,-1.57615211,-4.24,35.57317699
1667674199.2194233,1625.99,1627.39,-1.57615211,-4.24,35.57317699
1667674211.8986535,1626.29,1626.29,-1.71120213,-4.49,28.21363223
1667674221.4996374,1626.29,1626.29,-1.71120213,-4.49,28.21363223
1667674231.4312563,1626.29,1626.29,-1.71120213,-4.49,28.21363223
1667674241.3694208,1626.29,1625.87,-1.7447064,-4.91,26.94787603
1667674251.491332,1626.29,1625.87,-1.7447064,-4.91,26.94787603
1667674261.4243648,1626.29,1625.87,-1.7447064,-4.91,26.94787603
1667674271.6424756,1627.19,1627.19,-1.60153398,-2.34,34.77827398
1667674281.4464867,1627.19,1627.19,-1.60153398,-2.34,34.77827398
1667674291.476188,1627.19,1627.19,-1.60153398,-2.34,34.77827398
1667674301.4491203,1627.19,1626.69,-1.64142002,-2.84,32.97419545
1667674311.844194,1627.19,1626.69,-1.64142002,-2.84,32.97419545
1667674321.4746468,1627.19,1626.69,-1.64142002,-2.84,32.97419545
1667674331.461573,1627.01,1627.01,-1.57905534,-1.66,34.10650348
1667674341.5371068,1627.01,1627.01,-1.57905534,-1.66,34.10650348
1667674351.4760735,1627.01,1627.01,-1.57905534,-1.66,34.10650348
1667674361.441789,1627.01,1626.82,-1.59421203,-1.85,33.3737074
1667674371.4731743,1627.01,1626.82,-1.59421203,-1.85,33.3737074
1667674381.4883747,1627.01,1626.82,-1.59421203,-1.85,33.3737074
1667674391.5183845,1626.86,1626.86,-1.5534034,-2.98,33.52535155
1667674401.5311816,1626.86,1626.86,-1.5534034,-2.98,33.52535155
1667674411.9155324,1626.86,1626.86,-1.5534034,-2.98,33.52535155
1667674421.87055,1626.86,1627.68,-1.48799029,-2.16,39.58572425
1667674431.9860885,1626.86,1627.68,-1.48799029,-2.16,39.58572425
1667674441.9768157,1626.86,1627.68,-1.48799029,-2.16,39.58572425
1667674451.885239,1627.77,1627.77,-1.37697243,-1.59,40.20242236
1667674461.8845832,1627.77,1627.77,-1.37697243,-1.59,40.20242236
1667674472.2594244,1627.77,1627.77,-1.37697243,-1.59,40.20242236
1667674481.9674504,1627.77,1628.28,-1.33628867,-1.08,43.5899681
1667674497.1873126,1627.77,1628.28,-1.33628867,-1.08,43.5899681
1667674506.597325,1627.77,1628.28,-1.33628867,-1.08,43.5899681
1667674515.6306384,1628.19,1628.19,-1.22179423,0.31,43.02156553
1667674523.705199,1628.19,1628.19,-1.22179423,0.31,43.02156553
1667674534.641028,1628.19,1628.19,-1.22179423,0.31,43.02156553
1667674543.6382833,1628.19,1628.92,-1.16356061,1.04,47.66741157
1667674553.389227,1628.19,1628.92,-1.16356061,1.04,47.66741157
1667674563.944541,1628.19,1628.92,-1.16356061,1.04,47.66741157
1667674573.471935,1628.92,1628.92,-1.00872247,1.2,47.66741157
1667674583.7135217,1628.92,1628.92,-1.00872247,1.2,47.66741157
1667674593.8574247,1628.92,1628.92,-1.00872247,1.2,47.66741157
1667674603.9152637,1628.92,1628.38,-1.05179939,0.66,44.76004119
1667674613.9497352,1628.92,1628.38,-1.05179939,0.66,44.76004119
1667674623.8987143,1628.92,1628.38,-1.05179939,0.66,44.76004119
1667674633.913767,1628.97,1628.97,-0.86823109,1.45,47.9806904
1667674643.8821323,1628.97,1628.97,-0.86823109,1.45,47.9806904
1667674653.900915,1628.97,1628.97,-0.86823109,1.45,47.9806904
1667674663.8748338,1628.97,1628.94,-0.87062425,1.42,47.79651274
1667674673.9168258,1628.97,1628.94,-0.87062425,1.42,47.79651274
1667674683.8738956,1628.97,1628.94,-0.87062425,1.42,47.79651274
1667674694.3160205,1628.93,1628.93,-0.75705369,2.93,47.7307421
1667674703.849161,1628.93,1628.93,-0.75705369,2.93,47.7307421
1667674713.826403,1628.93,1628.93,-0.75705369,2.93,47.7307421
1667674723.8767538,1628.93,1628.5,-0.79135569,2.5,45.06427219
1667674734.3120506,1628.93,1628.5,-0.79135569,2.5,45.06427219
1667674743.8944433,1628.93,1628.5,-0.79135569,2.5,45.06427219
1667674753.8370526,1628.49,1628.49,-0.7210301,2.2,45.00130999
1667674763.9355974,1628.49,1628.49,-0.7210301,2.2,45.00130999
1667674775.2759624,1628.49,1628.49,-0.7210301,2.2,45.00130999
1667674785.1142132,1628.49,1629.62,-0.63088765,3.33,52.50655877
1667674795.0904243,1628.49,1629.62,-0.63088765,3.33,52.50655877
1667674805.1702154,1628.49,1629.62,-0.63088765,3.33,52.50655877
1667674815.2592816,1629.96,1629.96,-0.44991199,2.77,54.38260228
1667674825.2060466,1629.96,1629.96,-0.44991199,2.77,54.38260228
1667674835.142629,1629.96,1629.96,-0.44991199,2.77,54.38260228
1667674845.7959363,1629.96,1629.89,-0.45549604,2.7,53.91044575
1667674855.1851974,1629.96,1629.89,-0.45549604,2.7,53.91044575
1667674865.2817583,1629.96,1629.89,-0.45549604,2.7,53.91044575
1667674875.2455726,1629.63,1629.63,-0.37089419,2.62,52.22625903
1667674885.6530025,1629.63,1629.63,-0.37089419,2.62,52.22625903
1667674895.1659198,1629.63,1629.63,-0.37089419,2.62,52.22625903
1667674905.1393511,1629.63,1629.63,-0.37089419,2.62,52.22625903
1667674915.1834984,1629.63,1629.63,-0.37089419,2.62,52.22625903
1667674925.2176414,1629.63,1629.63,-0.37089419,2.62,52.22625903
1667674935.1218896,1629.62,1629.62,-0.28493182,2.76,52.15358195
1667674945.1789832,1629.62,1629.62,-0.28493182,2.76,52.15358195
1667674956.1605947,1629.62,1629.62,-0.28493182,2.76,52.15358195
1667674965.9280972,1629.62,1629.11,-0.32561558,2.25,48.69748982
1667674976.0374973,1629.62,1629.11,-0.32561558,2.25,48.69748982
1667674986.1646967,1629.62,1629.11,-0.32561558,2.25,48.69748982
1667674996.2246108,1629.29,1629.29,-0.26098493,1.51,49.86373072
1667675006.1953127,1629.29,1629.29,-0.26098493,1.51,49.86373072
1667675015.9696455,1629.29,1629.29,-0.26098493,1.51,49.86373072
1667675025.9540713,1629.29,1629.51,-0.24343507,1.73,51.39584085
1667675035.974137,1629.29,1629.51,-0.24343507,1.73,51.39584085
1667675047.8459718,1629.29,1629.51,-0.24343507,1.73,51.39584085
1667675055.8859243,1629.5,1629.5,-0.18893798,1.32,51.32823374
1667675065.919093,1629.5,1629.5,-0.18893798,1.32,51.32823374
1667675075.9283292,1629.5,1629.5,-0.18893798,1.32,51.32823374
1667675085.9204557,1629.5,1629.89,-0.15782686,1.71,54.0147344
1667675095.9503696,1629.5,1629.89,-0.15782686,1.71,54.0147344
1667675106.0715685,1629.5,1629.89,-0.15782686,1.71,54.0147344
1667675116.54995,1629.41,1629.41,-0.15618531,0.49,50.64544469
1667675126.2849393,1629.41,1629.41,-0.15618531,0.49,50.64544469
1667675137.0255003,1629.41,1629.41,-0.15618531,0.49,50.64544469
1667675147.3003583,1629.41,1630.11,-0.10034485,1.19,55.59331996
1667675157.0102086,1629.41,1630.11,-0.10034485,1.19,55.59331996
1667675167.0297668,1629.41,1630.11,-0.10034485,1.19,55.59331996
1667675176.986562,1629.59,1629.59,-0.09705839,0.61,52.00772801
1667675187.0376248,1629.59,1629.59,-0.09705839,0.61,52.00772801
1667675197.0078716,1629.59,1629.59,-0.09705839,0.61,52.00772801
1667675207.7523696,1629.59,1630.28,-0.04201566,1.3,56.96352219
1667675217.080523,1629.59,1630.28,-0.04201566,1.3,56.96352219
1667675227.092384,1629.59,1630.28,-0.04201566,1.3,56.96352219
1667675237.0311954,1630.13,1630.13,0.01421713,1.19,55.98164136
1667675247.0579298,1630.13,1630.13,0.01421713,1.19,55.98164136
1667675257.0688925,1630.13,1630.13,0.01421713,1.19,55.98164136
1667675267.081224,1630.13,1630.13,0.01421713,1.19,55.98164136
1667675277.0689344,1630.13,1630.13,0.01421713,1.19,55.98164136
1667675287.1331277,1630.13,1630.13,0.01421713,1.19,55.98164136
1667675297.0381238,1629.81,1629.81,0.02287606,1.31,53.18976869
1667675307.1292405,1629.81,1629.81,0.02287606,1.31,53.18976869
1667675317.756291,1629.81,1629.81,0.02287606,1.31,53.18976869
1667675327.7515423,1629.81,1629.45,-0.00584189,0.95,50.13990324
1667675337.7924368,1629.81,1629.45,-0.00584189,0.95,50.13990324
1667675347.7857995,1629.81,1629.45,-0.00584189,0.95,50.13990324
1667675357.744574,1630.09,1630.09,0.08898076,0.13,55.30432018
1667675368.225247,1630.09,1630.09,0.08898076,0.13,55.30432018
1667675377.7686126,1630.09,1630.09,0.08898076,0.13,55.30432018
1667675387.717769,1630.09,1631.17,0.17513461,1.21,62.36600335
1667675397.7737749,1630.09,1631.17,0.17513461,1.21,62.36600335
1667675407.8257225,1630.09,1631.17,0.17513461,1.21,62.36600335
1667675417.7150848,1631.46,1631.46,0.31592492,1.83,63.89762906
1667675427.7806194,1631.46,1631.46,0.31592492,1.83,63.89762906
1667675439.559972,1631.46,1631.46,0.31592492,1.83,63.89762906
1667675452.3686793,1631.46,1631.46,0.31592492,1.83,63.89762906
1667675461.973042,1631.46,1631.46,0.31592492,1.83,63.89762906
1667675469.3603375,1631.46,1631.46,0.31592492,1.83,63.89762906
1667675479.329208,1631.26,1631.26,0.37561718,1.63,61.99199416
1667675489.3501284,1631.26,1631.26,0.37561718,1.63,61.99199416
1667675500.0345511,1631.26,1631.26,0.37561718,1.63,61.99199416
1667675510.0061986,1631.26,1631.4,0.38678527,1.77,62.81200671
1667675519.952537,1631.26,1631.4,0.38678527,1.77,62.81200671
1667675530.0170496,1631.26,1631.4,0.38678527,1.77,62.81200671
1667675539.9564545,1631.06,1631.06,0.40234058,1.77,60.10352684
1667675550.3777585,1631.06,1631.06,0.40234058,1.77,60.10352684
1667675560.324062,1631.06,1630.79,0.38080212,1.5,57.57258996
1667675570.310038,1631.06,1630.79,0.38080212,1.5,57.57258996
1667675580.3428533,1631.06,1630.79,0.38080212,1.5,57.57258996
1667675590.6532044,1630.53,1630.53,0.3562795,1.03,55.29098936
1667675600.385306,1630.53,1630.53,0.3562795,1.03,55.29098936
1667675610.5715249,1630.53,1630.53,0.3562795,1.03,55.29098936
1667675620.3985648,1630.53,1630.53,0.3562795,1.03,55.29098936
1667675630.3633406,1630.53,1630.53,0.3562795,1.03,55.29098936
1667675640.3707588,1630.53,1630.53,0.3562795,1.03,55.29098936
1667675650.3716657,1630.53,1630.53,0.3562795,1.03,55.29098936
1667675660.3768246,1630.53,1630.53,0.35049723,1.12,55.26691102
1667675670.3899095,1630.53,1630.53,0.35049723,1.12,55.26691102
1667675680.9572086,1630.53,1630.53,0.35049723,1.12,55.26691102
1667675690.9968057,1630.53,1630.53,0.35049723,1.12,55.26691102
1667675701.0294917,1630.53,1630.53,0.35049723,1.12,55.26691102
1667675711.0027282,1630.53,1630.53,0.35049723,1.12,55.26691102
1667675721.0008297,1631.16,1631.16,0.43040606,1.56,59.73487799
1667675731.2152057,1631.16,1631.16,0.43040606,1.56,59.73487799
1667675740.989435,1631.16,1631.16,0.43040606,1.56,59.73487799
1667675751.4431863,1631.16,1631.16,0.43040606,1.56,59.73487799
1667675761.3664334,1631.16,1631.16,0.43040606,1.56,59.73487799
1667675771.2942736,1630.53,1630.53,0.36029064,0.41,53.94671897
1667675780.9409182,1630.53,1630.53,0.36029064,0.41,53.94671897
1667675790.982828,1630.53,1630.53,0.36029064,0.41,53.94671897
1667675800.957625,1630.53,1630.33,0.34433623,0.21,52.2189534
1667675810.9171834,1630.53,1630.33,0.34433623,0.21,52.2189534
1667675820.9581392,1630.53,1630.33,0.34433623,0.21,52.2189534
1667675831.0648618,1630.32,1630.32,0.31031459,0.51,52.1354656
1667675841.0523417,1630.32,1630.32,0.31031459,0.51,52.1354656
1667675850.9899445,1630.32,1630.32,0.31031459,0.51,52.1354656
1667675861.7882082,1630.32,1630.32,0.31031459,0.51,52.1354656
1667675871.789751,1630.32,1630.32,0.31031459,0.51,52.1354656
1667675881.7532537,1630.32,1630.32,0.31031459,0.51,52.1354656
1667675891.756961,1630.33,1630.33,0.28216174,0.24,52.2177365
1667675902.0832589,1630.33,1630.33,0.28216174,0.24,52.2177365
1667675912.094807,1630.33,1630.33,0.28216174,0.24,52.2177365
1667675922.3530862,1630.33,1630.17,0.26939821,0.08,50.71570321
1667675932.1369798,1630.33,1630.17,0.26939821,0.08,50.71570321
1667675942.4217198,1630.33,1630.17,0.26939821,0.08,50.71570321
1667675952.176225,1630.0,1630.0,0.21023043,-1.46,49.20506332
1667675962.1700735,1630.0,1630.0,0.21023043,-1.46,49.20506332
1667675972.119068,1630.0,1630.0,0.21023043,-1.46,49.20506332
1667675982.1364372,1630.0,1630.81,0.27484582,-0.65,55.93234602
1667675992.159118,1630.0,1630.81,0.27484582,-0.65,55.93234602
1667676002.1048691,1630.0,1630.81,0.27484582,-0.65,55.93234602
1667676012.2601018,1630.67,1630.67,0.265575,-0.58,54.90536556
1667676022.399295,1630.67,1630.67,0.265575,-0.58,54.90536556
1667676032.1768093,1630.67,1630.67,0.265575,-0.58,54.90536556
1667676042.8492043,1630.67,1630.41,0.24483426,-0.84,52.45578556
1667676052.8760784,1630.67,1630.41,0.24483426,-0.84,52.45578556
1667676062.799141,1630.67,1630.41,0.24483426,-0.84,52.45578556
1667676072.8134954,1630.26,1630.26,0.20731726,-0.79,51.12399487
1667676082.7888355,1630.26,1630.26,0.20731726,-0.79,51.12399487
1667676092.8020988,1630.26,1630.26,0.20731726,-0.79,51.12399487
1667676102.8216765,1630.26,1630.26,0.20731726,-0.79,51.12399487
1667676112.8412006,1630.26,1630.26,0.20731726,-0.79,51.12399487
1667676122.9505634,1630.26,1630.26,0.20731726,-0.79,51.12399487
1667676133.531043,1630.41,1630.41,0.20489941,-0.11,52.43337821
1667676142.9027731,1630.41,1630.41,0.20489941,-0.11,52.43337821
1667676152.9369464,1630.41,1630.41,0.20489941,-0.11,52.43337821
1667676162.9118772,1630.41,1630.9,0.24398772,0.38,56.49975839
1667676172.872154,1630.41,1630.9,0.24398772,0.38,56.49975839
1667676182.9252715,1630.41,1630.9,0.24398772,0.38,56.49975839
1667676192.9244475,1631.32,1631.32,0.32117588,0.78,59.43154712
1667676202.844497,1631.32,1631.32,0.32117588,0.78,59.43154712
1667676212.910225,1631.32,1631.32,0.32117588,0.78,59.43154712
1667676223.5559013,1631.32,1632.28,0.39775707,1.74,65.29730215
1667676233.5427594,1631.32,1632.28,0.39775707,1.74,65.29730215
1667676243.5985825,1631.32,1632.28,0.39775707,1.74,65.29730215
1667676253.5168276,1632.25,1632.25,0.48319904,1.09,65.08758061
1667676263.60424,1632.25,1632.25,0.48319904,1.09,65.08758061
1667676273.600922,1632.25,1632.25,0.48319904,1.09,65.08758061
1667676283.6073782,1632.25,1632.64,0.51431015,1.48,67.21028322
1667676293.787079,1632.25,1632.64,0.51431015,1.48,67.21028322
1667676303.5318332,1632.25,1632.64,0.51431015,1.48,67.21028322
1667676313.578257,1632.39,1632.39,0.56505904,1.85,65.91461188
1667676323.558272,1632.39,1632.39,0.56505904,1.85,65.91461188
1667676333.6915574,1632.39,1632.39,0.56505904,1.85,65.91461188
1667676343.6765122,1632.39,1631.92,0.52756617,1.38,61.05293633
1667676353.5913234,1632.39,1631.92,0.52756617,1.38,61.05293633
1667676363.71464,1632.39,1631.92,0.52756617,1.38,61.05293633
1667676373.6096702,1632.39,1631.92,0.52756617,1.38,61.05293633
1667676383.6321096,1631.41,1631.41,0.47609478,1.09,56.48524547
1667676393.6187658,1631.41,1631.41,0.47609478,1.09,56.48524547
1667676404.1970906,1631.41,1631.08,0.44977,0.76,53.68637577
1667676414.1523287,1631.41,1631.08,0.44977,0.76,53.68637577
1667676424.1576836,1631.41,1631.08,0.44977,0.76,53.68637577
1667676434.1677744,1630.78,1630.78,0.37315899,0.45,51.37226731
1667676444.14588,1630.78,1630.78,0.37315899,0.45,51.37226731
1667676454.213043,1630.78,1630.78,0.37315899,0.45,51.37226731
1667676464.2821376,1630.78,1630.9,0.38273164,0.57,52.2587256
1667676474.2073088,1630.78,1630.9,0.38273164,0.57,52.2587256
1667676484.5400343,1630.78,1630.9,0.38273164,0.57,52.2587256
1667676494.2234368,1630.86,1630.86,0.33955835,0.85,51.95476879
1667676504.1670902,1630.86,1630.86,0.33955835,0.85,51.95476879
1667676514.1524882,1630.86,1630.86,0.33955835,0.85,51.95476879
1667676524.239341,1630.86,1631.46,0.3874216,1.45,56.27949858
1667676534.19083,1630.86,1631.46,0.3874216,1.45,56.27949858
1667676544.1854684,1630.86,1631.46,0.3874216,1.45,56.27949858
1667676554.207805,1630.93,1630.93,0.31363387,0.27,52.50846005
1667676564.2973375,1630.93,1630.93,0.31363387,0.27,52.50846005
1667676574.2969708,1630.93,1630.93,0.31363387,0.27,52.50846005
1667676584.8570786,1630.93,1630.91,0.31203843,0.25,52.32504951
1667676594.767195,1630.93,1630.91,0.31203843,0.25,52.32504951
1667676604.785119,1630.93,1630.91,0.31203843,0.25,52.32504951
1667676614.6455357,1630.14,1630.14,0.17308126,-0.13,46.14078112
1667676624.7008348,1630.14,1630.14,0.17308126,-0.13,46.14078112
1667676634.6744125,1630.14,1630.14,0.17308126,-0.13,46.14078112
1667676645.117864,1630.14,1630.24,0.18105847,-0.03,47.01638623
1667676654.6732266,1630.14,1630.24,0.18105847,-0.03,47.01638623
1667676664.7234812,1630.14,1630.24,0.18105847,-0.03,47.01638623
1667676674.8136706,1630.21,1630.21,0.12026832,-0.19,46.76339888
1667676684.7322156,1630.21,1630.21,0.12026832,-0.19,46.76339888
1667676695.0781336,1630.21,1630.21,0.12026832,-0.19,46.76339888
1667676704.770404,1630.21,1629.1,0.03172131,-1.3,39.09176316
1667676714.768584,1630.21,1629.1,0.03172131,-1.3,39.09176316
1667676724.979103,1630.21,1629.1,0.03172131,-1.3,39.09176316
1667676734.7757504,1629.35,1629.35,-0.04780163,-1.98,40.58962843
1667676744.7699032,1629.35,1629.35,-0.04780163,-1.98,40.58962843
1667676754.8687787,1629.35,1629.35,-0.04780163,-1.98,40.58962843
1667676765.6039984,1629.35,1629.28,-0.05338567,-2.05,40.12601476
1667676775.69855,1629.35,1629.28,-0.05338567,-2.05,40.12601476
1667676785.643732,1629.35,1629.28,-0.05338567,-2.05,40.12601476
1667676795.6108787,1629.47,1629.47,-0.10822255,-2.79,41.74350086
1667676805.9996088,1629.47,1629.47,-0.10822255,-2.79,41.74350086
1667676815.8000424,1629.47,1629.47,-0.10822255,-2.79,41.74350086
1667676825.8702905,1629.47,1629.98,-0.06753879,-2.28,46.49935131
1667676835.6513534,1629.47,1629.98,-0.06753879,-2.28,46.49935131
1667682149.5126889,1631.45,1631.45,0.01755643,0.39,54.03703348
1667682159.3150184,1631.45,1631.45,0.01755643,0.39,54.03703348
1667682169.4405766,1631.45,1631.82,0.0470721,0.76,57.44185908
1667682179.297469,1631.45,1631.82,0.0470721,0.76,57.44185908
1667682189.282647,1631.45,1631.82,0.0470721,0.76,57.44185908
1667682200.3726034,1631.83,1631.83,0.09615879,1.32,57.53342146
1667682210.104359,1631.83,1631.83,0.09615879,1.32,57.53342146
1667682219.721759,1631.83,1631.83,0.09615879,1.32,57.53342146
1667682231.752804,1631.83,1631.77,0.09137246,1.26,56.82921054
1667682240.8984928,1631.83,1631.77,0.09137246,1.26,56.82921054
1667682250.773771,1631.91,1631.91,0.14483019,1.38,58.25197694
1667682260.001832,1631.91,1631.91,0.14483019,1.38,58.25197694
1667682270.55453,1631.91,1631.91,0.14483019,1.38,58.25197694
1667682280.004042,1631.91,1631.91,0.14483019,1.38,58.25197694
1667682289.8483698,1631.91,1632.2,0.1679641,1.67,60.83877204
1667682299.906073,1631.91,1632.2,0.1679641,1.67,60.83877204
1667682309.9034023,1631.91,1632.2,0.1679641,1.67,60.83877204
1667682319.9787936,1632.2,1632.2,0.21792364,1.77,60.78270488
1667682330.4712083,1632.2,1632.2,0.21792364,1.77,60.78270488
1667682340.7743516,1632.2,1632.05,0.20595783,1.62,58.76346241
1667682350.430706,1632.2,1632.05,0.20595783,1.62,58.76346241
1667682360.456854,1632.2,1632.05,0.20595783,1.62,58.76346241
1667682370.4682174,1632.24,1632.24,0.26022768,1.8,61.12812604
1667682380.435831,1632.24,1632.24,0.26022768,1.8,61.12812604
1667682390.505695,1632.24,1632.24,0.26022768,1.8,61.12812604
1667682400.807926,1632.24,1631.94,0.23629606,1.5,56.95205465
1667682410.45085,1632.24,1631.94,0.23629606,1.5,56.95205465
1667682420.4656453,1632.24,1631.94,0.23629606,1.5,56.95205465
1667682430.5039735,1631.76,1631.76,0.22004325,0.91,54.70030634
1667682440.4631662,1631.76,1631.76,0.22004325,0.91,54.70030634
1667682450.7345831,1631.76,1631.76,0.22004325,0.91,54.70030634
1667682460.516678,1631.76,1631.76,0.22004325,0.91,54.70030634
1667682470.4796095,1631.76,1631.76,0.22004325,0.91,54.70030634
1667682480.5438554,1631.76,1631.76,0.22004325,0.91,54.70030634
1667682490.697202,1630.9,1630.9,0.09447103,-0.56,45.47942696
1667682500.632341,1630.9,1630.9,0.09447103,-0.56,45.47942696
1667682511.5822754,1630.9,1630.9,0.09447103,-0.56,45.47942696
1667682521.392639,1630.9,1630.9,0.09447103,-0.56,45.47942696
1667682531.418093,1630.9,1630.87,0.09207787,-0.59,45.19348518
1667682541.4297123,1630.9,1630.87,0.09207787,-0.59,45.19348518
1667682551.4549468,1630.86,1630.86,0.04248172,-0.6,45.0989686
1667682561.7487037,1630.86,1630.86,0.04248172,-0.6,45.0989686
1667682571.432796,1630.86,1630.86,0.04248172,-0.6,45.0989686
1667682581.3530655,1630.86,1630.86,0.04248172,-0.6,45.0989686
1667682591.4100266,1630.86,1630.86,0.04248172,-0.6,45.0989686
1667682601.3516452,1630.86,1630.86,0.04248172,-0.6,45.0989686
1667682611.4230044,1630.86,1630.86,0.00438111,-0.59,45.1131655
1667682621.4305625,1630.86,1630.86,0.00438111,-0.59,45.1131655
1667682631.4975908,1630.86,1630.86,0.00438111,-0.59,45.1131655
1667682641.447245,1630.86,1630.87,0.00517883,-0.58,45.22234165
1667682651.4646957,1630.86,1630.87,0.00517883,-0.58,45.22234165
1667682661.459205,1630.86,1630.87,0.00517883,-0.58,45.22234165
1667682671.469258,1630.86,1630.86,-0.02614472,-0.59,45.1131655
1667682681.4795604,1630.86,1630.86,-0.02614472,-0.59,45.1131655
1667682691.9506128,1630.86,1630.86,-0.02614472,-0.59,45.1131655
1667682702.1529408,1630.86,1630.87,-0.025347,-0.58,45.25549664
1667682711.909107,1630.86,1630.87,-0.025347,-0.58,45.25549664
1667682722.2139394,1630.86,1630.87,-0.025347,-0.58,45.25549664
1667682731.8952396,1630.87,1630.87,-0.04834939,-0.95,45.25549664
1667682741.9167657,1630.87,1630.87,-0.04834939,-0.95,45.25549664
1667682752.0841763,1630.87,1630.87,-0.04834939,-0.95,45.25549664
1667682761.9514558,1630.87,1630.83,-0.05154028,-0.99,44.75555037
1667682771.9318123,1630.87,1630.83,-0.05154028,-0.99,44.75555037
1667682781.9362736,1630.87,1630.83,-0.05154028,-0.99,44.75555037
1667682791.974696,1630.58,1630.58,-0.10743125,-1.33,41.91828333
1667682801.9635348,1630.58,1630.58,-0.10743125,-1.33,41.91828333
1667682811.9503777,1630.58,1630.58,-0.10743125,-1.33,41.91828333
1667682821.999359,1630.58,1630.44,-0.11859934,-1.47,40.30317973
1667682831.9805615,1630.58,1630.44,-0.11859934,-1.47,40.30317973
1667682841.9062696,1630.58,1630.44,-0.11859934,-1.47,40.30317973
1667682851.9538443,1630.46,1630.46,-0.15132572,-1.75,40.58325732
1667682861.982291,1630.46,1630.46,-0.15132572,-1.75,40.58325732
1667682872.9031336,1630.46,1630.46,-0.15132572,-1.75,40.58325732
1667682882.8944955,1630.46,1630.36,-0.15930293,-1.85,39.38622365
1667682892.8787448,1630.46,1630.36,-0.15930293,-1.85,39.38622365
1667682902.9017065,1630.46,1630.36,-0.15930293,-1.85,39.38622365
1667682913.090966,1630.25,1630.25,-0.20555265,-2.0,38.20172525
1667682922.8700404,1630.25,1630.25,-0.20555265,-2.0,38.20172525
1667682933.0449064,1630.25,1630.25,-0.20555265,-2.0,38.20172525
1667682942.8984077,1630.25,1630.13,-0.2151253,-2.12,36.89805762
1667682953.024516,1630.25,1630.13,-0.2151253,-2.12,36.89805762
1667682962.9131372,1630.25,1630.13,-0.2151253,-2.12,36.89805762
1667682973.0179064,1630.12,1630.12,-0.25094789,-1.65,36.79342361
1667682982.8517406,1630.12,1630.12,-0.25094789,-1.65,36.79342361
1667682992.8847914,1630.12,1630.12,-0.25094789,-1.65,36.79342361
1667683002.8800254,1630.12,1630.24,-0.24137524,-1.53,39.02785369
1667683012.9144075,1630.12,1630.24,-0.24137524,-1.53,39.02785369
1667683022.9402857,1630.12,1630.24,-0.24137524,-1.53,39.02785369
1667683032.9150338,1630.25,1630.25,-0.2571521,-0.66,39.20694611
1667683042.8980377,1630.25,1630.25,-0.2571521,-0.66,39.20694611
1667683053.4464078,1630.25,1630.25,-0.2571521,-0.66,39.20694611
1667683063.3418317,1630.25,1630.25,-0.2571521,-0.66,39.20694611
1667683073.7477968,1630.25,1630.25,-0.2571521,-0.66,39.20694611
1667683083.3914442,1630.25,1630.25,-0.2571521,-0.66,39.20694611
1667683093.4073775,1630.34,1630.34,-0.25510065,-0.52,40.90373991
1667683103.3790529,1630.34,1630.34,-0.25510065,-0.52,40.90373991
1667683113.3821273,1630.34,1630.34,-0.25510065,-0.52,40.90373991
1667683123.3298073,1630.34,1630.34,-0.25510065,-0.52,40.90373991
1667683133.333802,1630.34,1630.33,-0.25589837,-0.53,40.70739409
1667683143.400906,1630.34,1630.33,-0.25589837,-0.53,40.70739409
1667683153.3194225,1630.01,1630.01,-0.30223585,-0.86,36.79534305
1667683163.3101482,1630.01,1630.01,-0.30223585,-0.86,36.79534305
1667683173.3636148,1630.01,1630.01,-0.30223585,-0.86,36.79534305
1667683183.3420124,1630.01,1629.71,-0.32616747,-1.16,33.54100105
1667683193.3591154,1630.01,1629.71,-0.32616747,-1.16,33.54100105
1667683203.4212227,1630.01,1629.71,-0.32616747,-1.16,33.54100105
1667683213.4363732,1629.97,1629.97,-0.32075051,-0.89,36.32540953
1667683223.3728788,1629.97,1629.97,-0.32075051,-0.89,36.32540953
1667683234.2146094,1629.97,1629.97,-0.32075051,-0.89,36.32540953
1667683244.251836,1629.97,1629.96,-0.32154823,-0.9,36.20093284
1667683254.2532656,1629.97,1629.96,-0.32154823,-0.9,36.20093284
1667683264.6601422,1629.97,1629.96,-0.32154823,-0.9,36.20093284
1667683274.2885244,1629.96,1629.96,-0.32989877,-0.91,36.19139304
1667683284.4014504,1629.96,1629.96,-0.32989877,-0.91,36.19139304
1667683294.137478,1629.96,1629.96,-0.32989877,-0.91,36.19139304
1667683304.2579703,1629.96,1630.27,-0.30516942,-0.6,42.6917696
1667683314.300007,1629.96,1630.27,-0.30516942,-0.6,42.6917696
1667683324.2488322,1629.96,1630.27,-0.30516942,-0.6,42.6917696
1667683334.2509828,1630.45,1630.45,-0.26342315,-0.12,45.94946125
1667683344.2141402,1630.45,1630.45,-0.26342315,-0.12,45.94946125
1667683354.1926095,1630.45,1630.45,-0.26342315,-0.12,45.94946125
1667683364.2918563,1630.45,1630.52,-0.2578391,-0.05,47.17439934
1667683374.2557442,1630.45,1630.52,-0.2578391,-0.05,47.17439934
1667683384.2610726,1630.45,1630.52,-0.2578391,-0.05,47.17439934
1667683394.2481198,1630.6,1630.6,-0.21900042,0.15,48.54924397
1667683404.265477,1630.6,1630.6,-0.21900042,0.15,48.54924397
1667683414.9208,1630.6,1630.6,-0.21900042,0.15,48.54924397
1667683425.1027803,1630.6,1630.61,-0.2182027,0.16,48.72716825
1667683434.9756143,1630.6,1630.61,-0.2182027,0.16,48.72716825
1667683444.920299,1630.6,1630.61,-0.2182027,0.16,48.72716825
1667683455.5456748,1630.19,1630.19,-0.2477932,-0.06,42.4463856
1667683464.9134738,1630.19,1630.19,-0.2477932,-0.06,42.4463856
1667683474.9016178,1630.19,1630.19,-0.2477932,-0.06,42.4463856
1667683484.9360354,1630.19,1630.17,-0.24938864,-0.08,42.16884413
1667683494.961764,1630.19,1630.17,-0.24938864,-0.08,42.16884413
1667683504.9677489,1630.19,1630.17,-0.24938864,-0.08,42.16884413
1667683514.8691292,1630.17,1630.17,-0.24535524,0.05,42.16884413
1667683524.9122145,1630.17,1630.17,-0.24535524,0.05,42.16884413
1667683534.9498506,1630.17,1630.17,-0.24535524,0.05,42.16884413
1667683544.8918722,1630.17,1629.72,-0.28125268,-0.4,36.40152545
1667683554.9867902,1630.17,1629.72,-0.28125268,-0.4,36.40152545
1667683564.9052565,1630.17,1629.72,-0.28125268,-0.4,36.40152545
1667683574.965047,1629.57,1629.57,-0.3248325,-0.68,34.91660967
1667683585.2421556,1629.57,1629.57,-0.3248325,-0.68,34.91660967
1667683595.6716156,1629.57,1629.57,-0.3248325,-0.68,34.91660967
1667683605.65519,1629.57,1629.57,-0.3248325,-0.68,34.91660967
1667683615.678906,1629.57,1629.57,-0.3248325,-0.68,34.91660967
1667683625.7131796,1629.57,1629.57,-0.3248325,-0.68,34.91660967
1667683635.8429575,1629.57,1629.57,-0.34589042,-0.76,34.93218374
1667683645.7381108,1629.57,1629.57,-0.34589042,-0.76,34.93218374
1667683655.8457692,1629.57,1629.57,-0.34589042,-0.76,34.93218374
1667683665.6965733,1629.57,1629.56,-0.34668814,-0.77,34.71346614
1667683675.6453388,1629.57,1629.56,-0.34668814,-0.77,34.71346614
1667683685.6534922,1629.57,1629.56,-0.34668814,-0.77,34.71346614
1667683695.6868882,1630.19,1630.19,-0.26956138,0.18,46.13446168
1667683705.7510252,1630.19,1630.19,-0.26956138,0.18,46.13446168
1667683715.8438146,1630.19,1630.19,-0.26956138,0.18,46.13446168
1667683725.6948826,1630.19,1630.37,-0.25520241,0.36,48.86175064
1667683735.726263,1630.19,1630.37,-0.25520241,0.36,48.86175064
1667683745.8816245,1630.19,1630.37,-0.25520241,0.36,48.86175064
1667683755.8999429,1630.44,1630.44,-0.21072156,0.47,49.85700197
1667683765.6581788,1630.44,1630.44,-0.21072156,0.47,49.85700197
1667683776.4982982,1630.44,1630.44,-0.21072156,0.47,49.85700197
1667683786.1642396,1630.44,1630.44,-0.21072156,0.47,49.85700197
1667683796.227317,1630.44,1630.44,-0.21072156,0.47,49.85700197
1667683806.1949692,1630.44,1630.44,-0.21072156,0.47,49.85700197
1667683816.210822,1630.45,1630.45,-0.17581595,0.48,49.99523738
1667683826.1383743,1630.45,1630.45,-0.17581595,0.48,49.99523738
1667683836.2271698,1630.45,1630.45,-0.17581595,0.48,49.99523738
1667683846.1899292,1630.45,1630.81,-0.147098,0.84,55.18323767
1667683856.173585,1630.45,1630.81,-0.147098,0.84,55.18323767
1667683866.1159704,1630.45,1630.81,-0.147098,0.84,55.18323767
1667683876.0995347,1630.78,1630.78,-0.10168092,0.32,54.80248477
1667683886.172184,1630.78,1630.78,-0.10168092,0.32,54.80248477
1667683896.420851,1630.78,1630.78,-0.10168092,0.32,54.80248477
1667683906.7629097,1630.78,1630.84,-0.09689459,0.38,55.63565267
1667683916.2746243,1630.78,1630.84,-0.09689459,0.38,55.63565267
1667683926.2044346,1630.78,1630.84,-0.09689459,0.38,55.63565267
1667683936.2385814,1630.99,1630.99,-0.03336878,0.4,57.59968453
1667683946.1572316,1630.99,1630.99,-0.03336878,0.4,57.59968453
1667683956.8307796,1630.99,1630.99,-0.03336878,0.4,57.59968453
1667683966.7646215,1630.99,1631.0,-0.03257105,0.41,57.73333926
1667683976.7820525,1630.99,1631.0,-0.03257105,0.41,57.73333926
1667683986.7813122,1630.99,1631.0,-0.03257105,0.41,57.73333926
1667683996.9100294,1631.19,1631.19,0.03692091,0.99,60.04822268
1667684006.8354635,1631.19,1631.19,0.03692091,0.99,60.04822268
1667684016.8523557,1631.19,1631.19,0.03692091,0.99,60.04822268
1667684026.8438363,1631.19,1631.1,0.02974142,0.9,58.37582525
1667684036.8269062,1631.19,1631.1,0.02974142,0.9,58.37582525
1667684046.8436928,1631.19,1631.1,0.02974142,0.9,58.37582525
1667684056.8234513,1631.41,1631.41,0.10892937,1.24,62.74731924
1667684067.096208,1631.41,1631.41,0.10892937,1.24,62.74731924
1667684076.9881065,1631.41,1631.41,0.10892937,1.24,62.74731924
1667684086.920525,1631.41,1631.41,0.10892937,1.24,62.74731924
1667684097.0376413,1631.41,1631.41,0.10892937,1.24,62.74731924
1667684107.090534,1631.41,1631.41,0.10892937,1.24,62.74731924
1667684116.9266534,1631.44,1631.44,0.15522088,1.88,63.10397158
1667684126.7925897,1631.44,1631.44,0.15522088,1.88,63.10397158
1667684137.9344416,1631.44,1631.44,0.15522088,1.88,63.10397158
1667684147.8506682,1631.44,1631.41,0.15282771,1.85,62.45998898
1667684157.867432,1631.44,1631.41,0.15282771,1.85,62.45998898
1667684168.135935,1631.44,1631.41,0.15282771,1.85,62.45998898
1667684177.914736,1630.86,1630.86,0.10523912,1.3,52.61137298
1667684187.94073,1630.86,1630.86,0.10523912,1.3,52.61137298
1667684197.9660876,1630.86,1630.86,0.10523912,1.3,52.61137298
1667684207.9741633,1630.86,1630.81,0.10125052,1.25,51.82761748
1667684218.0002472,1630.86,1630.81,0.10125052,1.25,51.82761748
1667684227.8827715,1630.86,1630.81,0.10125052,1.25,51.82761748
1667684237.876568,1631.01,1631.01,0.12234349,0.81,54.70630213
1667684247.9097574,1631.01,1631.01,0.12234349,0.81,54.70630213
1667684258.3852255,1631.01,1631.01,0.12234349,0.81,54.70630213
1667684267.9345608,1631.01,1631.23,0.13989335,1.03,57.64841625
1667684277.9993863,1631.01,1631.23,0.13989335,1.03,57.64841625
1667684287.9606297,1631.01,1631.23,0.13989335,1.03,57.64841625
1667684298.0114253,1631.21,1631.21,0.15448859,0.77,57.34013693
1667684307.9504657,1631.21,1631.21,0.15448859,0.77,57.34013693
1667684318.574114,1631.21,1631.21,0.15448859,0.77,57.34013693
1667684328.628934,1631.21,1631.22,0.15528631,0.78,57.52300027
1667684338.727115,1631.21,1631.22,0.15528631,0.78,57.52300027
1667684348.5245426,1631.21,1631.22,0.15528631,0.78,57.52300027
1667684358.6117356,1631.35,1631.35,0.1845788,0.89,59.21392091
1667684368.620438,1631.35,1631.35,0.1845788,0.89,59.21392091
1667684378.571978,1631.35,1631.35,0.1845788,0.89,59.21392091
1667684388.5754662,1631.35,1631.56,0.20133094,1.1,61.85549048
1667684398.6894164,1631.35,1631.56,0.20133094,1.1,61.85549048
1667684408.871974,1631.35,1631.56,0.20133094,1.1,61.85549048
1667684418.7852414,1631.83,1631.83,0.26515436,1.06,64.78766235
1667684428.635322,1631.83,1631.83,0.26515436,1.06,64.78766235
1667684438.546013,1631.83,1631.83,0.26515436,1.06,64.78766235
1667684448.764333,1631.83,1632.48,0.31700621,1.71,70.63908254
1667684458.8431554,1631.83,1632.48,0.31700621,1.71,70.63908254
1667684468.6301022,1631.83,1632.48,0.31700621,1.71,70.63908254
1667684478.6608765,1632.55,1632.55,0.39642698,1.57,71.16085356
1667684488.5910463,1632.55,1632.55,0.39642698,1.57,71.16085356
1667684499.330548,1632.55,1632.55,0.39642698,1.57,71.16085356
1667684509.2759662,1632.55,1632.54,0.39562926,1.56,71.08265315
1667684519.2663646,1632.55,1632.54,0.39562926,1.56,71.08265315
1667684529.2549407,1632.55,1632.54,0.39562926,1.56,71.08265315
1667684539.2692726,1632.68,1632.68,0.46937661,1.48,72.01080295
1667684549.3890202,1632.68,1632.68,0.46937661,1.48,72.01080295
1667684559.3083563,1632.68,1632.68,0.46937661,1.48,72.01080295
1667684569.4118297,1632.68,1632.68,0.46937661,1.48,72.01080295
1667684579.349466,1632.68,1632.68,0.46937661,1.48,72.01080295
1667684589.295938,1632.68,1632.68,0.46937661,1.48,72.01080295
1667684599.2574816,1632.91,1632.91,0.5449453,1.51,73.82852011
1667684609.4754562,1632.91,1632.91,0.5449453,1.51,73.82852011
1667684619.291589,1632.91,1632.91,0.5449453,1.51,73.82852011
1667684629.357108,1632.91,1632.91,0.5449453,1.51,73.82852011
1667684639.2562125,1632.91,1632.91,0.5449453,1.51,73.82852011
1667684649.3477302,1632.91,1632.91,0.5449453,1.51,73.82852011
1667684659.3366485,1633.2,1633.2,0.62456157,1.76,75.82400369
1667684669.5862415,1633.2,1633.2,0.62456157,1.76,75.82400369
1667684680.1720464,1633.2,1633.2,0.62456157,1.76,75.82400369
1667684690.1822069,1633.2,1632.73,0.58706869,1.29,66.9186424
1667684700.1958766,1633.2,1632.73,0.58706869,1.29,66.9186424
1667684710.1640325,1633.2,1632.73,0.58706869,1.29,66.9186424
1667684720.2067516,1632.89,1632.89,0.61725835,2.04,69.6096273
1667684730.1782663,1632.89,1632.89,0.61725835,2.04,69.6096273
1667684740.1208467,1632.89,1632.89,0.61725835,2.04,69.6096273
1667684750.2220218,1632.89,1632.98,0.62443784,2.13,70.35354706
1667684760.2356114,1632.89,1632.98,0.62443784,2.13,70.35354706
1667684770.203148,1632.89,1632.98,0.62443784,2.13,70.35354706
1667684780.2211325,1632.99,1632.99,0.63863826,1.99,70.43396273
1667684790.2138915,1632.99,1632.99,0.63863826,1.99,70.43396273
1667684800.6917937,1632.99,1633.16,0.65219951,2.16,71.83273257
1667684810.160678,1632.99,1633.16,0.65219951,2.16,71.83273257
1667684820.2508514,1632.99,1633.16,0.65219951,2.16,71.83273257
1667684830.2256584,1632.99,1633.16,0.65219951,2.16,71.83273257
1667684840.2792974,1633.14,1633.14,0.66244949,1.92,71.68117554
1667684850.5300424,1633.14,1633.14,0.66244949,1.92,71.68117554
1667684860.6607747,1633.14,1632.91,0.64410191,1.69,67.13201894
1667684870.617734,1633.14,1632.91,0.64410191,1.69,67.13201894
1667684880.6786473,1633.14,1632.91,0.64410191,1.69,67.13201894
1667684890.680936,1632.77,1632.77,0.61250168,1.42,64.57028425
1667684900.625068,1632.77,1632.77,0.61250168,1.42,64.57028425
1667684910.675831,1632.77,1632.77,0.61250168,1.42,64.57028425
1667684920.6154957,1632.77,1632.67,0.60452447,1.32,62.72896453
1667684930.6975298,1632.77,1632.67,0.60452447,1.32,62.72896453
1667684940.6674175,1632.77,1632.67,0.60452447,1.32,62.72896453
1667684950.6551847,1632.66,1632.66,0.57396364,0.83,62.55059201
1667684961.0571787,1632.66,1632.66,0.57396364,0.83,62.55059201
1667684970.649413,1632.66,1632.66,0.57396364,0.83,62.55059201
1667684980.6465266,1632.66,1632.46,0.55800923,0.63,58.94073469
1667684990.680678,1632.66,1632.46,0.55800923,0.63,58.94073469
1667685000.7538383,1632.66,1632.46,0.55800923,0.63,58.94073469
1667685010.6111703,1632.27,1632.27,0.4889727,-0.27,55.87723978
1667685020.6005027,1632.27,1632.27,0.4889727,-0.27,55.87723978
1667685030.581444,1632.27,1632.27,0.4889727,-0.27,55.87723978
1667685041.4610813,1632.27,1632.21,0.48418638,-0.33,54.90670888
1667685051.4403243,1632.27,1632.21,0.48418638,-0.33,54.90670888
1667685061.4604588,1632.27,1632.21,0.48418638,-0.33,54.90670888
1667685071.3958995,1632.21,1632.21,0.43270507,-0.48,54.90670888
1667685081.4307766,1632.21,1632.21,0.43270507,-0.48,54.90670888
1667685091.503657,1632.21,1632.21,0.43270507,-0.48,54.90670888
1667685101.421811,1632.21,1632.17,0.42951419,-0.52,54.23045297
1667685111.529766,1632.21,1632.17,0.42951419,-0.52,54.23045297
1667685122.1633248,1632.21,1632.17,0.42951419,-0.52,54.23045297
1667685131.4057617,1632.17,1632.17,0.3811692,-0.74,54.21533828
1667685141.419818,1632.17,1632.17,0.3811692,-0.74,54.21533828
1667685151.4677396,1632.17,1632.17,0.3811692,-0.74,54.21533828
1667685161.6812098,1632.17,1632.11,0.37638288,-0.8,53.18489358
1667685171.533547,1632.17,1632.11,0.37638288,-0.8,53.18489358
1667685181.4779649,1632.17,1632.11,0.37638288,-0.8,53.18489358
1667685191.582451,1632.02,1632.02,0.31775299,-1.18,51.67369422
1667685201.4265115,1632.02,1632.02,0.31775299,-1.18,51.67369422
1667685211.4777348,1632.02,1632.02,0.31775299,-1.18,51.67369422
1667685222.3702788,1632.02,1631.88,0.30658489,-1.32,49.33439913
1667685232.393122,1632.02,1631.88,0.30658489,-1.32,49.33439913
1667685242.349955,1632.02,1631.88,0.30658489,-1.32,49.33439913
1667685252.3930104,1631.86,1631.86,0.25182872,-1.02,49.01592887
1667685262.377495,1631.86,1631.86,0.25182872,-1.02,49.01592887
1667685272.3987668,1631.86,1631.86,0.25182872,-1.02,49.01592887
1667685282.8324823,1631.86,1631.73,0.24145835,-1.15,46.89678637
1667685292.3370688,1631.86,1631.73,0.24145835,-1.15,46.89678637
1667685302.306822,1631.86,1631.73,0.24145835,-1.15,46.89678637
1667685312.3593612,1631.68,1631.68,0.18186348,-1.31,46.12972442
1667685322.298542,1631.68,1631.68,0.18186348,-1.31,46.12972442
1667685332.5336175,1631.68,1631.68,0.18186348,-1.31,46.12972442
1667685342.3883572,1631.68,1631.46,0.16431362,-1.53,42.81164605
1667685352.3741324,1631.68,1631.46,0.16431362,-1.53,42.81164605
1667685362.4329314,1631.68,1631.46,0.16431362,-1.53,42.81164605
1667685372.377483,1631.46,1631.46,0.10450915,-1.67,42.87261977
1667685382.4117527,1631.46,1631.46,0.10450915,-1.67,42.87261977
1667685392.6420226,1631.46,1631.46,0.10450915,-1.67,42.87261977
1667685403.5279696,1631.46,1631.14,0.07898208,-1.99,38.48511291
1667685413.4860473,1631.46,1631.14,0.07898208,-1.99,38.48511291
1667685423.4673743,1631.46,1631.14,0.07898208,-1.99,38.48511291
1667685433.7631168,1631.14,1631.14,0.0112359,-1.63,38.57240982
1667685443.9701743,1631.14,1631.14,0.0112359,-1.63,38.57240982
1667685453.44459,1631.14,1631.14,0.0112359,-1.63,38.57240982
1667685463.5496612,1631.14,1631.14,0.0112359,-1.63,38.57240982
1667685473.5095065,1631.14,1631.14,0.0112359,-1.63,38.57240982
1667685483.4550357,1631.14,1631.14,0.0112359,-1.63,38.57240982
1667685493.4847207,1631.14,1631.14,-0.04134465,-1.52,38.57240982
1667685503.5522273,1631.14,1631.14,-0.04134465,-1.52,38.57240982
1667685513.540533,1631.14,1631.14,-0.04134465,-1.52,38.57240982
1667685523.665816,1631.14,1631.36,-0.02379479,-1.3,43.13479199
1667685533.4753897,1631.14,1631.36,-0.02379479,-1.3,43.13479199
1667685543.5376658,1631.14,1631.36,-0.02379479,-1.3,43.13479199
1667685553.6284342,1631.88,1631.88,0.02315508,-0.39,51.60622821
1667685563.553398,1631.88,1631.88,0.02315508,-0.39,51.60622821
1667685573.5656772,1631.88,1631.88,0.02315508,-0.39,51.60622821
1667685584.4135308,1631.88,1632.53,0.07500693,0.26,59.71621197
1667685594.3823168,1631.88,1632.53,0.07500693,0.26,59.71621197
1667685604.8754392,1631.88,1632.53,0.07500693,0.26,59.71621197
1667685614.4254656,1632.52,1632.52,0.11763845,0.31,59.55103563
1667685624.3609564,1632.52,1632.52,0.11763845,0.31,59.55103563
1667685634.408455,1632.52,1632.52,0.11763845,0.31,59.55103563
1667685644.440306,1632.52,1632.53,0.11843617,0.32,59.71621197
1667685654.4007442,1632.52,1632.53,0.11843617,0.32,59.71621197
1667685664.4161797,1632.52,1632.53,0.11843617,0.32,59.71621197
1667685674.469308,1632.42,1632.42,0.13617827,0.26,57.93618106
1667685684.4257226,1632.42,1632.42,0.13617827,0.26,57.93618106
1667685694.438089,1632.42,1632.42,0.13617827,0.26,57.93618106
1667685704.396034,1632.42,1632.43,0.13697599,0.27,58.10456906
1667685714.411329,1632.42,1632.43,0.13697599,0.27,58.10456906
1667685724.3963745,1632.42,1632.43,0.13697599,0.27,58.10456906
1667685734.4440322,1632.43,1632.43,0.15557455,0.42,58.06705131
1667685744.4922743,1632.43,1632.43,0.15557455,0.42,58.06705131
1667685754.4260514,1632.43,1632.43,0.15557455,0.42,58.06705131
1667685765.185102,1632.43,1632.07,0.1268566,0.06,52.23085227
1667685775.057598,1632.43,1632.07,0.1268566,0.06,52.23085227
1667685784.9623845,1632.43,1632.07,0.1268566,0.06,52.23085227
1667685795.498198,1632.43,1632.07,0.1268566,0.06,52.23085227
1667685805.0314336,1631.98,1631.98,0.10600092,0.12,50.93015444
1667685815.0478628,1631.98,1631.98,0.10600092,0.12,50.93015444
1667685825.1631403,1631.98,1632.02,0.1091918,0.16,51.51213443
1667685835.019288,1631.98,1632.02,0.1091918,0.16,51.51213443
1667685845.119315,1631.98,1632.02,0.1091918,0.16,51.51213443
1667685855.0579784,1632.04,1632.04,0.10131881,0.36,51.80613538
1667685865.141157,1632.04,1632.04,0.10131881,0.36,51.80613538
1667685875.0908568,1632.04,1632.04,0.10131881,0.36,51.80613538
1667685885.033466,1632.04,1632.54,0.14120485,0.86,58.35300402
1667685895.0279858,1632.04,1632.54,0.14120485,0.86,58.35300402
1667685905.0744588,1632.04,1632.54,0.14120485,0.86,58.35300402
1667685915.0933392,1632.08,1632.08,0.09902539,0.63,52.40469042
1667685925.1033828,1632.08,1632.08,0.09902539,0.63,52.40469042
1667685935.1327767,1632.08,1632.08,0.09902539,0.63,52.40469042
1667685946.2975316,1632.08,1631.94,0.0878573,0.49,50.06118383
1667685956.33687,1632.08,1631.94,0.0878573,0.49,50.06118383
1667685966.337787,1632.08,1631.94,0.0878573,0.49,50.06118383
1667685976.2916374,1631.95,1631.95,0.07460705,0.82,50.23238216
1667685986.6470914,1631.95,1631.95,0.07460705,0.82,50.23238216
1667685996.2683494,1631.95,1631.95,0.07460705,0.82,50.23238216
1667686006.3628654,1631.95,1631.58,0.04509138,0.45,44.54482595
1667686016.3025386,1631.95,1631.58,0.04509138,0.45,44.54482595
1667686026.2914026,1631.95,1631.58,0.04509138,0.45,44.54482595
1667686036.3421953,1631.19,1631.19,-0.04405991,0.05,39.79437232
1667686046.4134548,1631.19,1631.19,-0.04405991,0.05,39.79437232
1667686056.332012,1631.19,1631.19,-0.04405991,0.05,39.79437232
1667686066.326862,1631.19,1631.18,-0.04485763,0.04,39.67752937
1667686076.296581,1631.19,1631.18,-0.04485763,0.04,39.67752937
1667686086.3402605,1631.19,1631.18,-0.04485763,0.04,39.67752937
1667686096.2880466,1630.69,1630.69,-0.15971213,-1.2,34.68702953
1667686106.2566893,1630.69,1630.69,-0.15971213,-1.2,34.68702953
1667686116.357656,1630.69,1630.69,-0.15971213,-1.2,34.68702953
1667686127.2335434,1630.69,1630.82,-0.14934176,-1.07,36.95270568
1667686137.186017,1630.69,1630.82,-0.14934176,-1.07,36.95270568
1667686147.2193654,1630.69,1630.82,-0.14934176,-1.07,36.95270568
1667686157.1718538,1630.82,1630.82,-0.19825998,-1.71,37.01441013
1667686167.172386,1630.82,1630.82,-0.19825998,-1.71,37.01441013
1667686177.6557727,1630.82,1630.82,-0.19825998,-1.71,37.01441013
1667686187.2722445,1630.82,1631.16,-0.17113748,-1.37,42.55372623
1667686197.2258008,1630.82,1631.16,-0.17113748,-1.37,42.55372623
1667686207.4506688,1630.82,1631.16,-0.17113748,-1.37,42.55372623
1667686217.2371016,1631.11,1631.11,-0.19334082,-1.32,41.82649867
1667686227.1832614,1631.11,1631.11,-0.19334082,-1.32,41.82649867
1667686237.2567675,1631.11,1631.11,-0.19334082,-1.32,41.82649867
1667686247.212279,1631.11,1631.06,-0.19732943,-1.37,41.24056134
1667686257.3005352,1631.11,1631.06,-0.19732943,-1.37,41.24056134
1667686267.2271192,1631.11,1631.06,-0.19732943,-1.37,41.24056134
1667686277.274417,1631.51,1631.51,-0.14948832,-0.91,47.75231852
1667686287.2446785,1631.51,1631.51,-0.14948832,-0.91,47.75231852
1667686297.301123,1631.51,1631.51,-0.14948832,-0.91,47.75231852
1667686307.817783,1631.51,1632.1,-0.10242279,-0.32,55.07325489
1667686317.661436,1631.51,1632.1,-0.10242279,-0.32,55.07325489
1667686327.6701796,1631.51,1632.1,-0.10242279,-0.32,55.07325489
1667686338.067903,1632.14,1632.14,-0.0493688,0.15,55.49602704
1667686347.680452,1632.14,1632.14,-0.0493688,0.15,55.49602704
1667686357.682532,1632.14,1632.14,-0.0493688,0.15,55.49602704
1667686367.638467,1632.14,1632.24,-0.0413916,0.25,56.59568844
1667686377.6766946,1632.14,1632.24,-0.0413916,0.25,56.59568844
1667686387.7041588,1632.14,1632.24,-0.0413916,0.25,56.59568844
1667686397.634559,1632.28,1632.28,0.01005109,0.25,57.02048569
1667686407.7097628,1632.28,1632.28,0.01005109,0.25,57.02048569
1667686417.757328,1632.28,1632.28,0.01005109,0.25,57.02048569
1667686427.6441398,1632.28,1632.43,0.0220169,0.4,58.65463451
1667686437.6668477,1632.28,1632.43,0.0220169,0.4,58.65463451
1667686447.6799934,1632.28,1632.43,0.0220169,0.4,58.65463451
1667686457.6331484,1632.45,1632.45,0.07238819,0.37,58.80734683
1667686467.8846135,1632.45,1632.45,0.07238819,0.37,58.80734683
1667686477.8882568,1632.45,1632.45,0.07238819,0.37,58.80734683
1667686488.7320535,1632.45,1632.66,0.08914033,0.58,61.07570236
1667686499.055078,1632.45,1632.66,0.08914033,0.58,61.07570236
1667686508.6707504,1632.45,1632.66,0.08914033,0.58,61.07570236
1667686518.7537766,1633.98,1633.98,0.32482166,2.04,70.93955677
1667686528.7378175,1633.98,1633.98,0.32482166,2.04,70.93955677
1667686538.7857313,1633.98,1633.98,0.32482166,2.04,70.93955677
1667686548.8231456,1633.98,1633.91,0.31923761,1.97,70.00964305
1667686558.7461672,1633.98,1633.91,0.31923761,1.97,70.00964305
1667686568.8015647,1633.98,1633.91,0.31923761,1.97,70.00964305
1667686578.768197,1633.79,1633.79,0.3976533,2.6,68.32216651
1667686588.9975848,1633.79,1633.79,0.3976533,2.6,68.32216651
1667686598.8190596,1633.79,1633.79,0.3976533,2.6,68.32216651
1667686608.7358963,1633.79,1633.91,0.40722595,2.72,69.19912244
1667686618.8191,1633.79,1633.91,0.40722595,2.72,69.19912244
1667686628.820443,1633.79,1633.91,0.40722595,2.72,69.19912244
1667686639.022606,1634.02,1634.02,0.49333084,3.33,69.90065655
1667686648.7952914,1634.02,1634.02,0.49333084,3.33,69.90065655
1667686659.1439354,1634.02,1634.02,0.49333084,3.33,69.90065655
1667686669.2456968,1634.02,1633.59,0.45902885,2.9,63.87962658
1667686679.26553,1634.02,1633.59,0.45902885,2.9,63.87962658
1667686689.2897792,1634.02,1633.59,0.45902885,2.9,63.87962658
1667686699.3170705,1633.18,1633.18,0.4307914,2.35,58.96278478
1667686709.3096204,1633.18,1633.18,0.4307914,2.35,58.96278478
1667686719.3951356,1633.18,1633.18,0.4307914,2.35,58.96278478
1667686729.2305212,1633.18,1633.16,0.42919596,2.33,58.72577329
1667686739.2872436,1633.18,1633.16,0.42919596,2.33,58.72577329
1667686749.2956598,1633.18,1633.16,0.42919596,2.33,58.72577329
1667686759.3055997,1633.47,1633.47,0.46913776,2.35,61.28022483
1667686769.2321544,1633.47,1633.47,0.46913776,2.35,61.28022483
1667686779.3106291,1633.47,1633.47,0.46913776,2.35,61.28022483
1667686789.299589,1633.47,1634.7,0.56725741,3.58,69.10949453
1667686799.2753558,1633.47,1634.7,0.56725741,3.58,69.10949453
1667686809.3143263,1633.47,1634.7,0.56725741,3.58,69.10949453
1667686819.4561963,1633.83,1633.83,0.52784144,2.32,63.89142466
1667686829.2927885,1633.83,1633.83,0.52784144,2.32,63.89142466
1667686839.339557,1633.83,1633.83,0.52784144,2.32,63.89142466
1667686850.5340872,1633.83,1633.83,0.52784144,2.32,63.89142466
1667686860.0950878,1633.83,1633.83,0.52784144,2.32,63.89142466
1667686870.0835676,1633.83,1633.83,0.52784144,2.32,63.89142466
1667686879.9339008,1633.51,1633.51,0.49945826,1.37,59.94439842
1667686890.0730078,1633.51,1633.51,0.49945826,1.37,59.94439842
1667686900.0132823,1633.51,1633.51,0.49945826,1.37,59.94439842
1667686910.03411,1633.51,1632.91,0.45159501,0.77,53.29612284
1667686919.9865546,1633.51,1632.91,0.45159501,0.77,53.29612284
1667686930.0165868,1633.51,1632.91,0.45159501,0.77,53.29612284
1667686940.0480754,1632.61,1632.61,0.36430249,0.33,50.49593705
1667686950.0441377,1632.61,1632.61,0.36430249,0.33,50.49593705
1667686960.0396912,1632.61,1632.61,0.36430249,0.33,50.49593705
1667686970.0438137,1632.61,1631.43,0.27017143,-0.85,41.30362366
1667686980.2856667,1632.61,1631.43,0.27017143,-0.85,41.30362366
1667686990.084072,1632.61,1631.43,0.27017143,-0.85,41.30362366
1667687000.0634174,1631.64,1631.64,0.17338755,-0.82,42.68654237
1667687010.3781106,1631.64,1631.64,0.17338755,-0.82,42.68654237
1667687020.128682,1631.64,1631.64,0.17338755,-0.82,42.68654237
1667687030.5851336,1631.64,1631.51,0.16301718,-0.95,41.75453176
1667687040.786525,1631.64,1631.51,0.16301718,-0.95,41.75453176
1667687050.6515038,1631.51,1631.51,0.06469768,-2.46,41.74913801
1667687060.6421862,1631.51,1631.51,0.06469768,-2.46,41.74913801
1667687070.586331,1631.51,1631.51,0.06469768,-2.46,41.74913801
1667687080.924004,1631.51,1631.56,0.06868628,-2.41,42.24334288
1667687090.806767,1631.51,1631.56,0.06868628,-2.41,42.24334288
1667687100.7171454,1631.51,1631.56,0.06868628,-2.41,42.24334288
1667687110.7082212,1631.62,1631.62,0.00185432,-2.18,42.86001821
1667687120.6590822,1631.62,1631.62,0.00185432,-2.18,42.86001821
1667687130.6704807,1631.62,1631.62,0.00185432,-2.18,42.86001821
1667687140.990019,1631.62,1632.55,0.07604235,-1.25,51.5033747
1667687150.894575,1631.62,1632.55,0.07604235,-1.25,51.5033747
1667687160.6755447,1631.62,1632.55,0.07604235,-1.25,51.5033747
1667687171.1748788,1632.13,1632.13,0.01720095,-1.88,47.95445572
1667687180.7108595,1632.13,1632.13,0.01720095,-1.88,47.95445572
1667687190.6759603,1632.13,1632.13,0.01720095,-1.88,47.95445572
1667687200.642176,1632.13,1631.85,-0.00513523,-2.16,45.54066031
1667687211.3959577,1632.13,1631.85,-0.00513523,-2.16,45.54066031
1667687221.3759964,1632.13,1631.85,-0.00513523,-2.16,45.54066031
1667687231.292822,1631.59,1631.59,-0.07794094,-1.6,43.50731621
1667687241.3344548,1631.59,1631.59,-0.07794094,-1.6,43.50731621
1667687251.6178775,1631.59,1631.59,-0.07794094,-1.6,43.50731621
1667687261.3559926,1631.59,1632.08,-0.03885262,-1.11,48.18241625
1667687271.3706105,1631.59,1632.08,-0.03885262,-1.11,48.18241625
1667687281.415741,1631.59,1632.08,-0.03885262,-1.11,48.18241625
1667687291.4217637,1631.95,1631.95,-0.06757886,-1.51,47.01358289
1667687301.3720076,1631.95,1631.95,-0.06757886,-1.51,47.01358289
1667687311.3504643,1631.95,1631.95,-0.06757886,-1.51,47.01358289
1667687321.3363616,1631.95,1631.95,-0.06757886,-1.51,47.01358289
1667687331.426215,1631.95,1631.95,-0.06757886,-1.51,47.01358289
1667687341.400108,1631.95,1631.89,-0.07236519,-1.57,46.49232898
1667687351.4592402,1632.07,1632.07,-0.06484252,-1.77,48.18293652
1667687361.4036782,1632.07,1632.07,-0.06484252,-1.77,48.18293652
1667687371.3322368,1632.07,1632.07,-0.06484252,-1.77,48.18293652
1667687381.427235,1632.07,1632.35,-0.04250634,-1.49,50.88905036
1667687392.289468,1632.07,1632.35,-0.04250634,-1.49,50.88905036
1667687402.274179,1632.07,1632.35,-0.04250634,-1.49,50.88905036
1667687412.371132,1632.36,1632.36,-0.02845544,-1.15,50.98749833
1667687422.184018,1632.36,1632.36,-0.02845544,-1.15,50.98749833
1667687432.254401,1632.36,1632.36,-0.02845544,-1.15,50.98749833
1667687442.2552953,1632.36,1631.91,-0.06435288,-1.6,46.75670604
1667687452.2626717,1632.36,1631.91,-0.06435288,-1.6,46.75670604
1667687462.2698708,1632.36,1631.91,-0.06435288,-1.6,46.75670604
1667687472.2896628,1631.91,1631.91,-0.08073575,-0.7,46.75670604
1667687482.321241,1631.91,1631.91,-0.08073575,-0.7,46.75670604
1667687492.305251,1631.91,1631.91,-0.08073575,-0.7,46.75670604
1667687502.2671013,1631.91,1632.45,-0.03765882,-0.16,51.91716134
1667687512.294749,1631.91,1632.45,-0.03765882,-0.16,51.91716134
1667687522.292129,1631.91,1632.45,-0.03765882,-0.16,51.91716134
1667687532.3433635,1632.79,1632.79,0.03174773,1.15,54.68265531
1667687542.2354891,1632.79,1632.79,0.03174773,1.15,54.68265531
1667687552.2981284,1632.79,1632.79,0.03174773,1.15,54.68265531
1667687562.3136146,1632.79,1634.01,0.12906966,2.37,62.92311524
1667687572.9916918,1632.79,1634.01,0.12906966,2.37,62.92311524
1667687582.9118843,1632.79,1634.01,0.12906966,2.37,62.92311524
1667687592.9535446,1634.57,1634.57,0.31613968,3.05,65.77940796
1667687602.8374434,1634.57,1634.57,0.31613968,3.05,65.77940796
1667687612.866169,1634.57,1634.57,0.31613968,3.05,65.77940796
1667687622.8978655,1634.57,1634.39,0.30178071,2.87,64.07085227
1667687633.126469,1634.57,1634.39,0.30178071,2.87,64.07085227
1667687642.9540985,1634.57,1634.39,0.30178071,2.87,64.07085227
1667687652.918208,1634.83,1634.83,0.46024041,3.21,67.05226052
1667687662.9341972,1634.83,1634.83,0.46024041,3.21,67.05226052
1667687673.144656,1634.83,1634.83,0.46024041,3.21,67.05226052
1667687683.114988,1634.83,1634.67,0.44747688,3.05,65.49025837
1667687692.94494,1634.83,1634.67,0.44747688,3.05,65.49025837
1667687702.9044375,1634.83,1634.67,0.44747688,3.05,65.49025837
1667687712.993714,1634.11,1634.11,0.45048907,1.99,60.40363733
1667687722.9519937,1634.11,1634.11,0.45048907,1.99,60.40363733
1667687732.9855754,1634.11,1634.11,0.45048907,1.99,60.40363733
1667687742.9405692,1634.11,1632.76,0.34279676,0.64,50.2675407
1667687753.458377,1634.11,1632.76,0.34279676,0.64,50.2675407
1667687763.462878,1634.11,1632.76,0.34279676,0.64,50.2675407
1667687773.5597868,1632.44,1632.44,0.24602372,0.84,48.35326126
1667687783.550708,1632.44,1632.44,0.24602372,0.84,48.35326126
1667687793.6232033,1632.44,1632.44,0.24602372,0.84,48.35326126
1667687803.5288413,1632.44,1632.41,0.24363056,0.81,48.16298639
1667687813.5832508,1632.44,1632.41,0.24363056,0.81,48.16298639
1667687823.504977,1632.44,1632.41,0.24363056,0.81,48.16298639
1667687833.6226993,1632.44,1632.41,0.24363056,0.81,48.16298639
1667687843.580861,1632.37,1632.37,0.17751426,0.42,47.92755638
1667687853.5364876,1632.37,1632.37,0.17751426,0.42,47.92755638
1667687863.7391334,1632.37,1632.23,0.16634617,0.28,47.01722308
1667687873.587827,1632.37,1632.23,0.16634617,0.28,47.01722308
1667687883.4586143,1632.37,1632.23,0.16634617,0.28,47.01722308
1667687893.609329,1632.24,1632.24,0.10843863,0.18,47.0807058
1667687903.6064825,1632.24,1632.24,0.10843863,0.18,47.0807058
1667687913.6446266,1632.24,1632.24,0.10843863,0.18,47.0807058
1667687923.6723778,1632.24,1632.24,0.10843863,0.18,47.0807058
1667687934.263733,1632.24,1632.14,0.10046143,0.08,46.40593423
1667687944.313023,1632.24,1632.14,0.10046143,0.08,46.40593423
1667687954.2858102,1631.48,1631.48,-0.04684268,-0.87,42.4212632
1667687964.3117144,1631.48,1631.48,-0.04684268,-0.87,42.4212632
1667687974.3254209,1631.48,1631.48,-0.04684268,-0.87,42.4212632
1667687984.3302135,1631.48,1631.48,-0.04684268,-0.87,42.4212632
1667687994.3523943,1631.48,1631.8,-0.02131561,-0.55,44.90075199
1667688004.3111072,1631.48,1631.8,-0.02131561,-0.55,44.90075199
1667688014.31004,1631.33,1631.33,-0.14104777,-0.58,41.5215639
1667688024.3565469,1631.33,1631.33,-0.14104777,-0.58,41.5215639
1667688034.3464644,1631.33,1631.33,-0.14104777,-0.58,41.5215639
1667688044.3581874,1631.33,1630.14,-0.23597654,-1.77,35.27797899
1667688054.360067,1631.33,1630.14,-0.23597654,-1.77,35.27797899
1667688064.3549104,1631.33,1630.14,-0.23597654,-1.77,35.27797899
1667688074.282287,1629.9,1629.9,-0.40540532,-2.89,34.2363762
1667688084.2370534,1629.9,1629.9,-0.40540532,-2.89,34.2363762
1667688094.2945485,1629.9,1629.9,-0.40540532,-2.89,34.2363762
1667688104.3308592,1629.9,1629.95,-0.40141672,-2.84,34.62743898
1667688115.0510302,1629.9,1629.95,-0.40141672,-2.84,34.62743898
1667688125.0634348,1629.9,1629.95,-0.40141672,-2.84,34.62743898
1667688135.0107062,1629.59,1629.59,-0.56297615,-4.98,32.88987707
1667688145.0847883,1629.59,1629.59,-0.56297615,-4.98,32.88987707
1667688155.0433154,1629.59,1629.59,-0.56297615,-4.98,32.88987707
1667688165.071938,1629.59,1629.55,-0.56616704,-5.02,32.7111063
1667688175.069928,1629.59,1629.55,-0.56616704,-5.02,32.7111063
1667688185.0318758,1629.59,1629.55,-0.56616704,-5.02,32.7111063
1667688195.0003636,1630.26,1630.26,-0.56592569,-4.56,38.51800585
1667688205.093053,1630.26,1630.26,-0.56592569,-4.56,38.51800585
1667688215.0080614,1630.26,1630.26,-0.56592569,-4.56,38.51800585
1667688224.9887488,1630.26,1630.63,-0.53641002,-4.19,41.4387783
1667688235.009513,1630.26,1630.63,-0.53641002,-4.19,41.4387783
1667688245.0688355,1630.26,1630.63,-0.53641002,-4.19,41.4387783
1667688255.0998497,1630.16,1630.16,-0.61779819,-3.95,38.00569384
1667688265.0995553,1630.16,1630.16,-0.61779819,-3.95,38.00569384
1667688275.0181236,1630.16,1630.16,-0.61779819,-3.95,38.00569384
1667688284.980604,1630.16,1629.68,-0.65608879,-4.43,35.56075691
1667688296.009251,1630.16,1629.68,-0.65608879,-4.43,35.56075691
1667688306.0135882,1630.16,1629.68,-0.65608879,-4.43,35.56075691
1667688316.0732713,1629.2,1629.2,-0.78085665,-3.23,33.41137614
1667688326.0255413,1629.2,1629.2,-0.78085665,-3.23,33.41137614
1667688336.1526372,1629.2,1629.2,-0.78085665,-3.23,33.41137614
1667688346.0894306,1629.2,1629.63,-0.74655466,-2.8,37.08031763
1667688356.0608025,1629.2,1629.63,-0.74655466,-2.8,37.08031763
1667688366.0959556,1629.2,1629.63,-0.74655466,-2.8,37.08031763
1667688376.017177,1630.27,1630.27,-0.68845298,-2.09,41.84911219
1667688386.0970683,1630.27,1630.27,-0.68845298,-2.09,41.84911219
1667688396.0270298,1630.27,1630.27,-0.68845298,-2.09,41.84911219
1667688406.0271432,1630.27,1631.07,-0.62463531,-1.29,47.23281091
1667688416.072084,1630.27,1631.07,-0.62463531,-1.29,47.23281091
1667688426.1372497,1630.27,1631.07,-0.62463531,-1.29,47.23281091
1667688436.1300275,1631.62,1631.62,-0.48424641,-0.62,50.3904493
1667688446.098862,1631.62,1631.62,-0.48424641,-0.62,50.3904493
1667688456.3081255,1631.62,1631.62,-0.48424641,-0.62,50.3904493
1667688466.081841,1631.62,1631.83,-0.46749428,-0.41,51.5818234
1667688476.5674934,1631.62,1631.83,-0.46749428,-0.41,51.5818234
1667688486.5752556,1631.62,1631.83,-0.46749428,-0.41,51.5818234
1667688496.5994377,1631.84,1631.84,-0.37201161,0.37,51.63712983
1667688506.5700004,1631.84,1631.84,-0.37201161,0.37,51.63712983
1667688516.5160692,1631.84,1631.84,-0.37201161,0.37,51.63712983
1667688526.4962184,1631.84,1630.79,-0.45577229,-0.68,45.73041112
1667688536.5649831,1631.84,1630.79,-0.45577229,-0.68,45.73041112
1667688546.636036,1631.84,1630.79,-0.45577229,-0.68,45.73041112
1667688556.5189946,1630.98,1630.98,-0.41516053,-0.35,46.69699018
1667688566.550453,1630.98,1630.98,-0.41516053,-0.35,46.69699018
1667688576.537431,1630.98,1630.98,-0.41516053,-0.35,46.69699018
1667688586.548638,1630.98,1631.83,-0.34735426,0.5,51.62326713
1667688596.6056998,1630.98,1631.83,-0.34735426,0.5,51.62326713
1667688606.7707214,1630.98,1631.83,-0.34735426,0.5,51.62326713
1667688616.5277772,1631.91,1631.91,-0.25963472,2.0,52.04441375
1667688626.7805536,1631.91,1631.91,-0.25963472,2.0,52.04441375
1667688636.6264944,1631.91,1631.91,-0.25963472,2.0,52.04441375
1667688646.6054726,1631.91,1632.37,-0.22293957,2.46,54.47517144
1667688657.5436726,1631.91,1632.37,-0.22293957,2.46,54.47517144
1667688667.5077102,1631.91,1632.37,-0.22293957,2.46,54.47517144
1667688677.5439,1632.41,1632.41,-0.12225941,2.82,54.67877193
1667688687.7313683,1632.41,1632.41,-0.12225941,2.82,54.67877193
1667688697.4618244,1632.41,1632.41,-0.12225941,2.82,54.67877193
1667688707.5425754,1632.41,1632.53,-0.11268676,2.94,55.31227994
1667688717.5489836,1632.41,1632.53,-0.11268676,2.94,55.31227994
1667688727.5308695,1632.41,1632.53,-0.11268676,2.94,55.31227994
1667688737.548894,1632.52,1632.52,-0.02769488,2.26,55.2429803
1667688747.4673283,1632.52,1632.52,-0.02769488,2.26,55.2429803
1667688757.472953,1632.52,1632.52,-0.02769488,2.26,55.2429803
1667688767.7869103,1632.52,1632.58,-0.02290856,2.32,55.59082572
1667688777.4975426,1632.52,1632.58,-0.02290856,2.32,55.59082572
1667688787.5451653,1632.52,1632.58,-0.02290856,2.32,55.59082572
1667688797.566009,1631.99,1631.99,-0.03571231,1.83,51.80311703
1667688807.552157,1631.99,1631.99,-0.03571231,1.83,51.80311703
1667688817.5996006,1631.99,1631.99,-0.03571231,1.83,51.80311703
1667688827.4339812,1631.99,1632.84,0.03209395,2.68,56.48315349
1667688838.3257873,1631.99,1632.84,0.03209395,2.68,56.48315349
1667688848.1799464,1631.99,1632.84,0.03209395,2.68,56.48315349
1667688858.1818974,1633.01,1633.01,0.13511177,3.81,57.31585164
1667688868.1443026,1633.01,1633.01,0.13511177,3.81,57.31585164
1667688878.2068906,1633.01,1633.01,0.13511177,3.81,57.31585164
1667688888.227435,1633.01,1633.16,0.14707758,3.96,58.07473035
1667688898.2418723,1633.01,1633.16,0.14707758,3.96,58.07473035
1667688908.3073492,1633.01,1633.16,0.14707758,3.96,58.07473035
1667688918.255175,1633.0,1633.0,0.20287045,2.73,57.26428174
1667688928.2685928,1633.0,1633.0,0.20287045,2.73,57.26428174
1667688938.2627916,1633.0,1633.0,0.20287045,2.73,57.26428174
1667688948.2685812,1633.0,1632.95,0.19888185,2.68,56.89415373
1667688958.2000697,1633.0,1632.95,0.19888185,2.68,56.89415373
1667688968.2693274,1633.0,1632.95,0.19888185,2.68,56.89415373
1667688978.265757,1633.48,1633.48,0.32150891,1.86,59.78016926
1667688988.3121085,1633.48,1633.48,0.32150891,1.86,59.78016926
1667688998.2275488,1633.48,1633.48,0.32150891,1.86,59.78016926
1667689008.202888,1633.48,1633.16,0.29598184,1.54,57.37834235
1667689018.7089465,1633.48,1633.16,0.29598184,1.54,57.37834235
1667689028.6887794,1633.48,1633.16,0.29598184,1.54,57.37834235
1667689038.7337515,1633.11,1633.11,0.32850056,1.27,57.0032211
1667689048.7195098,1633.11,1633.11,0.32850056,1.27,57.0032211
1667689058.8205712,1633.11,1633.11,0.32850056,1.27,57.0032211
1667689068.7890515,1633.11,1632.96,0.31653475,1.12,55.88419183
1667689078.80067,1633.11,1632.96,0.31653475,1.12,55.88419183
1667689088.7753248,1633.11,1632.96,0.31653475,1.12,55.88419183
1667689099.1152115,1633.11,1633.11,0.35336866,2.13,57.00769873
1667689108.8112843,1633.11,1633.11,0.35336866,2.13,57.00769873
1667689118.7910151,1633.11,1633.11,0.35336866,2.13,57.00769873
1667689128.8041174,1633.11,1632.89,0.3358188,1.91,55.25085102
1667689138.8033974,1633.11,1632.89,0.3358188,1.91,55.25085102
1667689148.766958,1633.11,1632.89,0.3358188,1.91,55.25085102
1667689158.8408184,1633.01,1633.01,0.35531397,1.11,56.20633861
1667689168.7306557,1633.01,1633.01,0.35531397,1.11,56.20633861
1667689178.8357737,1633.01,1633.01,0.35531397,1.11,56.20633861
1667689189.1273584,1633.01,1632.41,0.30745072,0.51,51.41829157
1667689199.2054288,1633.01,1632.41,0.30745072,0.51,51.41829157
1667689209.243284,1633.01,1632.41,0.30745072,0.51,51.41829157
1667689219.2452407,1632.31,1632.31,0.26070102,-0.09,50.69302441
1667689229.2199764,1632.31,1632.31,0.26070102,-0.09,50.69302441
1667689239.2350917,1632.31,1632.31,0.26070102,-0.09,50.69302441
1667689249.2415907,1632.31,1634.41,0.42822238,2.01,62.57743935
1667689259.2329102,1632.31,1634.41,0.42822238,2.01,62.57743935
1667689269.219633,1632.31,1634.41,0.42822238,2.01,62.57743935
1667689279.2171035,1633.89,1633.89,0.45069639,1.36,60.17203048
1667689289.250404,1633.89,1633.89,0.45069639,1.36,60.17203048
1667689299.2222457,1633.89,1633.89,0.45069639,1.36,60.17203048
1667689309.2844224,1633.89,1633.69,0.43474198,1.16,58.63464158
1667689319.2861986,1633.89,1633.69,0.43474198,1.16,58.63464158
1667689329.2544982,1633.89,1633.69,0.43474198,1.16,58.63464158
1667689339.2489152,1633.46,1633.46,0.43487287,1.47,56.95555508
1667689349.2119098,1633.46,1633.46,0.43487287,1.47,56.95555508
1667689359.3228767,1633.46,1633.46,0.43487287,1.47,56.95555508
1667689369.2807925,1633.46,1633.84,0.46518626,1.85,59.05883801
1667689379.8923352,1633.46,1633.84,0.46518626,1.85,59.05883801
1667689389.9684095,1633.46,1633.84,0.46518626,1.85,59.05883801
1667689399.9421527,1633.88,1633.88,0.50375765,0.88,59.23736599
1667689410.0160491,1633.88,1633.88,0.50375765,0.88,59.23736599
1667689419.9304993,1633.88,1633.88,0.50375765,0.88,59.23736599
1667689429.937456,1633.88,1633.93,0.50774625,0.93,59.53901082
1667689439.9828546,1633.88,1633.93,0.50774625,0.93,59.53901082
1667689449.9825368,1633.88,1633.93,0.50774625,0.93,59.53901082
1667689459.93996,1633.94,1633.94,0.53297743,0.94,59.59805363
1667689469.9418385,1633.94,1633.94,0.53297743,0.94,59.59805363
1667689479.999618,1633.94,1633.94,0.53297743,0.94,59.59805363
1667689489.8964798,1633.94,1633.9,0.52978655,0.9,59.2791219
1667689499.9271803,1633.94,1633.9,0.52978655,0.9,59.2791219
1667689510.157875,1633.94,1633.9,0.52978655,0.9,59.2791219
1667689519.993122,1633.83,1633.83,0.53050586,0.36,58.66107915
1667689529.9867764,1633.83,1633.83,0.53050586,0.36,58.66107915
1667689540.0102365,1633.83,1633.83,0.53050586,0.36,58.66107915
1667689550.0366223,1633.83,1632.89,0.4555201,-0.58,51.21905864
1667689560.6756463,1633.83,1632.89,0.4555201,-0.58,51.21905864
1667689570.7478745,1631.98,1631.98,0.26788722,-1.12,45.61650753
1667689580.6886306,1631.98,1631.98,0.26788722,-1.12,45.61650753
1667689590.7005987,1631.98,1631.98,0.26788722,-1.12,45.61650753
1667689600.7474189,1631.98,1631.04,0.19290147,-2.06,40.64511789
1667689610.7108543,1631.98,1631.04,0.19290147,-2.06,40.64511789
1667689620.7088082,1631.98,1631.04,0.19290147,-2.06,40.64511789
1667689630.6685925,1630.45,1630.45,-0.04157242,-2.65,38.07879715
1667689640.736397,1630.45,1630.45,-0.04157242,-2.65,38.07879715
1667689650.665732,1630.45,1630.45,-0.04157242,-2.65,38.07879715
1667689660.7863324,1630.45,1630.45,-0.04157242,-2.65,38.07879715
1667689670.7305827,1630.45,1628.41,-0.20430747,-4.69,30.73671899
1667689680.7712955,1630.45,1628.41,-0.20430747,-4.69,30.73671899
1667689690.7754872,1630.45,1628.41,-0.20430747,-4.69,30.73671899
1667689700.723506,1625.19,1625.19,-0.93148618,-7.82,23.62414755
1667689710.788499,1625.19,1625.19,-0.93148618,-7.82,23.62414755
1667689720.7705,1625.19,1626.77,-0.80544629,-6.24,31.97879256
1667689730.7387478,1625.19,1626.77,-0.80544629,-6.24,31.97879256
1667689741.1161654,1625.19,1626.77,-0.80544629,-6.24,31.97879256
1667689751.2487423,1625.19,1626.77,-0.80544629,-6.24,31.97879256
1667689761.1819334,1626.24,1626.24,-1.13967798,-6.08,29.41573519
1667689771.1823452,1626.24,1626.24,-1.13967798,-6.08,29.41573519
1667689781.3215933,1626.24,1625.55,-1.19472072,-6.77,27.92653379
1667689791.1226635,1626.24,1625.55,-1.19472072,-6.77,27.92653379
1667689801.154814,1626.24,1625.55,-1.19472072,-6.77,27.92653379
1667689811.183586,1623.76,1623.76,-1.70663187,-10.14,24.68460249
1667689821.095137,1623.76,1623.76,-1.70663187,-10.14,24.68460249
1667689831.2748709,1623.76,1623.76,-1.70663187,-10.14,24.68460249
1667689841.1141467,1623.76,1626.25,-1.5079994,-7.65,35.84212437
1667689851.112676,1623.76,1626.25,-1.5079994,-7.65,35.84212437
1667689861.2551415,1623.76,1626.25,-1.5079994,-7.65,35.84212437
1667689871.2422185,1623.76,1626.25,-1.5079994,-7.65,35.84212437
1667689881.178381,1624.77,1624.77,-1.83360286,-8.7,29.6473295
1667689891.1854632,1624.77,1624.77,-1.83360286,-8.7,29.6473295
1667689901.1803188,1624.77,1624.89,-1.82403022,-8.58,30.23551667
1667689911.223137,1624.77,1624.89,-1.82403022,-8.58,30.23551667
1667689921.7885191,1624.77,1624.89,-1.82403022,-8.58,30.23551667
1667689931.7485025,1624.82,1624.82,-1.96824217,-9.07,29.89360859
1667689941.785498,1624.82,1624.82,-1.96824217,-9.07,29.89360859
1667689951.7355883,1624.82,1624.82,-1.96824217,-9.07,29.89360859
1667689961.758569,1624.82,1621.9,-2.20117664,-11.99,24.49968302
1667689971.7417624,1624.82,1621.9,-2.20117664,-11.99,24.49968302
1667689981.8012297,1624.82,1621.9,-2.20117664,-11.99,24.49968302
1667689991.762642,1624.82,1621.9,-2.20117664,-11.99,24.49968302
1667690001.7314637,1624.95,1624.95,-2.03604654,-8.98,30.57410598
1667690011.810482,1624.95,1624.95,-2.03604654,-8.98,30.57410598
1667690021.8331895,1624.95,1625.42,-1.99855366,-8.51,33.10234952
1667690031.74954,1624.95,1625.42,-1.99855366,-8.51,33.10234952
1667690041.7233658,1624.95,1625.42,-1.99855366,-8.51,33.10234952
1667690052.1726997,1626.34,1626.34,-1.87759789,-7.48,37.55372216
1667690061.810192,1626.34,1626.34,-1.87759789,-7.48,37.55372216
1667690071.81246,1626.34,1626.34,-1.87759789,-7.48,37.55372216
1667690081.7758708,1626.34,1626.31,-1.87999105,-7.51,37.4661753
1667690091.823851,1626.34,1626.31,-1.87999105,-7.51,37.4661753
1667690102.7625873,1626.34,1626.31,-1.87999105,-7.51,37.4661753
1667690112.7484128,1626.04,1626.04,-1.86072722,-5.93,36.69409616
1667690122.7347076,1626.04,1626.04,-1.86072722,-5.93,36.69409616
1667690132.712921,1626.04,1626.04,-1.86072722,-5.93,36.69409616
1667690142.7468455,1626.04,1625.72,-1.88625428,-6.25,35.75629593
1667690152.8047557,1626.04,1625.72,-1.88625428,-6.25,35.75629593
1667690162.802337,1626.04,1625.72,-1.88625428,-6.25,35.75629593
1667690172.8492846,1627.19,1627.19,-1.64561287,-3.25,42.13526108
1667690182.752243,1627.19,1627.19,-1.64561287,-3.25,42.13526108
1667690192.8035147,1627.19,1627.19,-1.64561287,-3.25,42.13526108
1667690202.7627635,1627.19,1627.05,-1.65678096,-3.39,41.66405111
1667690212.807227,1627.19,1627.05,-1.65678096,-3.39,41.66405111
1667690222.7771747,1627.19,1627.05,-1.65678096,-3.39,41.66405111
1667690232.8292696,1627.25,1627.25,-1.52171523,2.07,42.41438061
1667690242.800465,1627.25,1627.25,-1.52171523,2.07,42.41438061
1667690252.766444,1627.25,1627.25,-1.52171523,2.07,42.41438061
1667690262.8299222,1627.25,1627.25,-1.52171523,2.07,42.41438061
1667690272.8464055,1627.25,1627.25,-1.52171523,2.07,42.41438061
1667690283.2390285,1627.25,1627.25,-1.52171523,2.07,42.41438061
1667690293.3288248,1627.84,1627.84,-1.32764905,1.59,45.21297155
1667690303.2916398,1627.84,1627.84,-1.32764905,1.59,45.21297155
1667690313.2374024,1627.84,1627.84,-1.32764905,1.59,45.21297155
1667690323.2635324,1627.84,1627.89,-1.32366045,1.64,45.45489825
1667690333.338623,1627.84,1627.89,-1.32366045,1.64,45.45489825
1667690343.2257843,1627.84,1627.89,-1.32366045,1.64,45.45489825
1667690353.2679868,1628.23,1628.23,-1.14283223,4.47,47.04848186
1667690363.276019,1628.23,1628.23,-1.14283223,4.47,47.04848186
1667690373.2414815,1628.23,1628.23,-1.14283223,4.47,47.04848186
1667690383.258125,1628.23,1628.8,-1.09736214,5.04,49.69589481
1667690393.2226186,1628.23,1628.8,-1.09736214,5.04,49.69589481
1667690403.2484543,1628.23,1628.8,-1.09736214,5.04,49.69589481
1667690413.20863,1629.01,1629.01,-0.89849606,4.24,50.6057332
1667690423.2778406,1629.01,1629.01,-0.89849606,4.24,50.6057332
1667690433.279361,1629.01,1629.01,-0.89849606,4.24,50.6057332
1667690443.243051,1629.01,1628.79,-0.91604592,4.02,49.59374419
1667690453.279463,1629.01,1628.79,-0.91604592,4.02,49.59374419
1667690464.2219553,1629.01,1628.79,-0.91604592,4.02,49.59374419
1667690474.1751716,1628.5,1628.5,-0.81705389,3.68,48.31671954
1667690484.209396,1628.5,1628.5,-0.81705389,3.68,48.31671954
1667690494.2354538,1628.5,1628.5,-0.81705389,3.68,48.31671954
1667690504.199309,1628.5,1628.6,-0.80907668,3.78,48.80270091
1667690514.2639422,1628.5,1628.6,-0.80907668,3.78,48.80270091
1667690524.2579038,1628.5,1628.6,-0.80907668,3.78,48.80270091
1667690534.206738,1628.29,1628.29,-0.74298704,3.34,47.37674331
1667690544.2358418,1628.29,1628.29,-0.74298704,3.34,47.37674331
1667690554.2309248,1628.29,1628.29,-0.74298704,3.34,47.37674331
1667690564.2142692,1628.29,1627.62,-0.79643434,2.67,44.37747264
1667690574.3667028,1628.29,1627.62,-0.79643434,2.67,44.37747264
1667690584.1466067,1628.29,1627.62,-0.79643434,2.67,44.37747264
1667690594.2083657,1627.8,1627.8,-0.7313922,1.46,45.14067382
1667690604.260595,1627.8,1627.8,-0.7313922,1.46,45.14067382
1667690614.1938243,1627.8,1627.8,-0.7313922,1.46,45.14067382
1667690624.1967618,1627.8,1628.33,-0.689113,1.99,47.98523843
1667690634.2740357,1627.8,1628.33,-0.689113,1.99,47.98523843
1667690644.9020286,1627.8,1628.33,-0.689113,1.99,47.98523843
1667690654.82304,1629.11,1629.11,-0.49817245,3.06,51.67789144
1667690664.8316057,1629.11,1629.11,-0.49817245,3.06,51.67789144
1667690674.828864,1629.11,1629.11,-0.49817245,3.06,51.67789144
1667690684.8684902,1629.11,1628.42,-0.55321519,2.37,48.40448137
1667690694.9018154,1629.11,1628.42,-0.55321519,2.37,48.40448137
1667690704.825719,1629.11,1628.42,-0.55321519,2.37,48.40448137
1667690714.8675618,1628.48,1628.48,-0.48133094,1.29,48.67257228
1667690724.8689833,1628.48,1628.48,-0.48133094,1.29,48.67257228
1667690734.8922584,1628.48,1628.48,-0.48133094,1.29,48.67257228
1667690745.3180275,1628.48,1628.53,-0.47734234,1.34,48.92643337
1667690754.8554833,1628.48,1628.53,-0.47734234,1.34,48.92643337
1667690764.8554487,1628.48,1628.53,-0.47734234,1.34,48.92643337
1667690774.878043,1628.31,1628.31,-0.44669181,1.06,47.86009151
1667690784.9529448,1628.31,1628.31,-0.44669181,1.06,47.86009151
1667690794.9349213,1628.31,1628.31,-0.44669181,1.06,47.86009151
1667690804.8879478,1628.31,1627.51,-0.51050948,0.26,44.14258603
1667690814.910697,1628.31,1627.51,-0.51050948,0.26,44.14258603
1667690825.6744168,1628.31,1627.51,-0.51050948,0.26,44.14258603
1667690835.4086025,1627.49,1627.49,-0.51976381,-0.35,44.05374954
1667690845.5019164,1627.49,1627.49,-0.51976381,-0.35,44.05374954
1667690855.3337245,1627.49,1627.49,-0.51976381,-0.35,44.05374954
1667690865.4682071,1627.49,1626.56,-0.59395184,-1.28,40.15667602
1667690875.4556713,1627.49,1626.56,-0.59395184,-1.28,40.15667602
1667690885.4467015,1627.49,1626.56,-0.59395184,-1.28,40.15667602
1667690895.4364147,1626.19,1626.19,-0.70423736,-2.03,38.79143192
1667690905.5051296,1626.19,1626.19,-0.70423736,-2.03,38.79143192
1667690915.5043788,1626.19,1626.19,-0.70423736,-2.03,38.79143192
1667690925.47562,1626.19,1626.08,-0.71301229,-2.14,38.37373405
1667690935.4231403,1626.19,1626.08,-0.71301229,-2.14,38.37373405
1667690945.4736228,1626.19,1626.08,-0.71301229,-2.14,38.37373405
1667690955.3828857,1625.37,1625.37,-0.87602623,-3.64,35.9103342
1667690965.391268,1625.37,1625.37,-0.87602623,-3.64,35.9103342
1667690975.4788594,1625.37,1625.37,-0.87602623,-3.64,35.9103342
1667690985.7245965,1625.37,1625.17,-0.89198064,-3.84,35.18880747
1667690995.5028634,1625.37,1625.17,-0.89198064,-3.84,35.18880747
1667691006.3255708,1625.37,1625.17,-0.89198064,-3.84,35.18880747
1667691016.3906243,1625.06,1625.06,-0.99319914,-3.45,34.85233138
1667691026.3239777,1625.06,1625.06,-0.99319914,-3.45,34.85233138
1667691036.2474437,1625.06,1625.06,-0.99319914,-3.45,34.85233138
1667691046.3125038,1625.06,1625.77,-0.93656096,-2.74,39.28411572
1667691056.2855763,1625.06,1625.77,-0.93656096,-2.74,39.28411572
1667691066.258914,1625.06,1625.77,-0.93656096,-2.74,39.28411572
1667691076.2637482,1624.73,1624.73,-1.09971664,-3.55,33.67368809
1667691086.2467935,1624.73,1624.73,-1.09971664,-3.55,33.67368809
1667691096.3454745,1624.73,1624.73,-1.09971664,-3.55,33.67368809
1667691106.4078362,1624.73,1624.73,-1.09971664,-3.55,33.67368809
1667691116.3473086,1624.73,1624.73,-1.09971664,-3.55,33.67368809
1667691126.351162,1624.73,1624.73,-1.09971664,-3.55,33.67368809
1667691136.2690628,1624.8,1624.8,-1.14135884,-3.01,34.13970525
1667691146.3621554,1624.8,1624.8,-1.14135884,-3.01,34.13970525
1667691156.2938132,1624.8,1624.8,-1.14135884,-3.01,34.13970525
1667691166.305459,1624.8,1625.24,-1.10625912,-2.57,37.30945325
1667691176.3214054,1624.8,1625.24,-1.10625912,-2.57,37.30945325
1667691186.912096,1624.8,1625.24,-1.10625912,-2.57,37.30945325
1667691196.8481164,1625.44,1625.44,-1.07363963,-3.68,38.67261004
1667691207.1584177,1625.44,1625.44,-1.07363963,-3.68,38.67261004
1667691216.9224002,1625.44,1625.44,-1.07363963,-3.68,38.67261004
1667691226.9037578,1625.44,1626.14,-1.01779917,-2.98,43.22794391
1667691236.901229,1625.44,1626.14,-1.01779917,-2.98,43.22794391
1667691246.957198,1625.44,1626.14,-1.01779917,-2.98,43.22794391
1667691256.8970723,1626.53,1626.53,-0.89488761,-1.95,45.49552289
1667691266.910465,1626.53,1626.53,-0.89488761,-1.95,45.49552289
1667691277.0078986,1626.53,1626.53,-0.89488761,-1.95,45.49552289
1667691286.9183536,1626.53,1625.02,-1.01534345,-3.46,39.00031651
1667691296.9339905,1626.53,1625.02,-1.01534345,-3.46,39.00031651
1667691307.1838903,1626.53,1625.02,-1.01534345,-3.46,39.00031651
1667691317.0390491,1625.33,1625.33,-0.98301692,-2.99,40.20148097
1667691326.9902415,1625.33,1625.33,-0.98301692,-2.99,40.20148097
1667691336.9676986,1625.33,1625.33,-0.98301692,-2.99,40.20148097
1667691347.0069602,1625.33,1625.49,-0.97025339,-2.83,41.18655797
1667691357.0025597,1625.33,1625.49,-0.97025339,-2.83,41.18655797
1667691367.4890952,1625.33,1625.49,-0.97025339,-2.83,41.18655797
1667691377.4446948,1625.34,1625.34,-0.96382362,-2.16,40.26401403
1667691387.4413388,1625.34,1625.34,-0.96382362,-2.16,40.26401403
1667691397.4767172,1625.34,1625.34,-0.96382362,-2.16,40.26401403
1667691407.4594655,1625.34,1625.48,-0.95265553,-2.02,41.19121553
1667691417.4740047,1625.34,1625.48,-0.95265553,-2.02,41.19121553
1667691427.478057,1625.34,1625.48,-0.95265553,-2.02,41.19121553
1667691437.469348,1625.95,1625.95,-0.85219627,-0.24,44.10387438
1667691447.4857216,1625.95,1625.95,-0.85219627,-0.24,44.10387438
1667691457.4503253,1625.95,1625.95,-0.85219627,-0.24,44.10387438
1667691467.5157104,1625.95,1627.04,-0.7652447,0.85,50.25696133
1667691477.4906394,1625.95,1627.04,-0.7652447,0.85,50.25696133
1667691487.4658043,1625.95,1627.04,-0.7652447,0.85,50.25696133
1667691497.6805575,1627.31,1627.31,-0.60089901,1.95,51.57733631
1667691507.532354,1627.31,1627.31,-0.60089901,1.95,51.57733631
1667691517.5324285,1627.31,1627.31,-0.60089901,1.95,51.57733631
1667691527.510275,1627.31,1627.41,-0.5929218,2.05,52.08463148
1667691537.4567084,1627.31,1627.41,-0.5929218,2.05,52.08463148
1667691547.9208007,1627.31,1627.41,-0.5929218,2.05,52.08463148
1667691557.9151938,1627.55,1627.55,-0.44885405,2.5,52.78099597
1667691567.884515,1627.55,1627.55,-0.44885405,2.5,52.78099597
1667691577.8194575,1627.55,1627.55,-0.44885405,2.5,52.78099597
1667691588.0119345,1627.55,1627.61,-0.44406773,2.56,53.09390583
1667691597.875892,1627.55,1627.61,-0.44406773,2.56,53.09390583
1667691607.9265869,1627.55,1627.61,-0.44406773,2.56,53.09390583
1667691617.9448197,1627.83,1627.83,-0.30002466,3.09,54.21040027
1667691627.977508,1627.83,1627.83,-0.30002466,3.09,54.21040027
1667691638.0812795,1627.83,1627.83,-0.30002466,3.09,54.21040027
1667691647.878177,1627.83,1628.05,-0.2824748,3.31,55.35093492
1667691657.9666429,1627.83,1628.05,-0.2824748,3.31,55.35093492
1667691667.9003232,1627.83,1628.05,-0.2824748,3.31,55.35093492
1667691677.9489336,1627.99,1627.99,-0.17487411,3.2,55.0494949
1667691687.927758,1627.99,1627.99,-0.17487411,3.2,55.0494949
1667691697.9531145,1627.99,1627.99,-0.17487411,3.2,55.0494949
1667691707.934045,1627.99,1628.84,-0.10706785,4.05,59.2964446
1667691717.8984554,1627.99,1628.84,-0.10706785,4.05,59.2964446
1667691728.397118,1627.99,1628.84,-0.10706785,4.05,59.2964446
1667691738.4445982,1628.95,1628.95,0.05088833,3.5,59.79150769
1667691748.4574373,1628.95,1628.95,0.05088833,3.5,59.79150769
