time,price,change_price,rsi,coin_allocation,cash_allocation,coin_balance,cash_balance,total_balance,profit,total_profit
1668032012.7123296,15778.28,x,50.02937513,0.0,1.0,0.0,1000.0,1000.0,x,x
1668032022.6382527,15784.51,6.229999999999563,50.4781593,0.0,1.0,0.0,1000.0,0.0,0.0,0.0
1668032032.6858673,15784.51,0.0,50.4781593,0.0,1.0,0.0,1000.0,0.0,0.0,0.0
1668032042.8952258,15784.51,0.0,50.4781593,0.0,1.0,0.0,1000.0,0.0,0.0,0.0
1668032052.6677418,15758.07,-26.44000000000051,48.61314795,1.0,0.0,0.063459548028407,0.0,0.0,0.0,0.0
1668032062.6272707,15758.07,0.0,48.61314795,1.0,0.0,0.063459548028407,0.0,0.0,0.0,0.0
1668032072.6142244,15758.07,0.0,48.61314795,1.0,0.0,0.063459548028407,0.0,0.0,0.0,0.0
1668032082.691862,15675.84,-82.22999999999956,43.24865022,1.0,0.0,0.063459548028407,0.0,0.0,0.0,0.0
1668032092.628535,15675.84,0.0,43.24865022,1.0,0.0,0.063459548028407,0.0,0.0,0.0,0.0
1668032102.6745536,15675.84,0.0,43.24865022,1.0,0.0,0.063459548028407,0.0,0.0,0.0,0.0
1668032112.5943542,15757.86,82.02000000000044,48.59775358,1.0,0.0,0.063459548028407,0.0,0.0,0.0,0.0
1668032122.717132,15757.86,0.0,48.59775358,1.0,0.0,0.063459548028407,0.0,0.0,0.0,0.0
1668032132.894278,15757.86,0.0,48.59775358,1.0,0.0,0.063459548028407,0.0,0.0,0.0,0.0
1668032142.7293704,15788.79,30.93000000000029,51.05614722,0.0,1.0,0.0,1001.9494773154324,0.0,0.0,0.0
1668032152.9568844,15788.79,0.0,51.05614722,0.0,1.0,0.0,1001.9494773154324,0.0,0.0,0.0
1668032162.7234704,15788.79,0.0,51.05614722,0.0,1.0,0.0,1001.9494773154324,0.0,0.0,0.0
1668032172.6620717,15788.79,0.0,51.05614722,0.0,1.0,0.0,1001.9494773154324,0.0,0.0,0.0
1668032182.9858055,15765.15,-23.640000000001237,49.21822409,1.0,0.0,0.0635547062549631,0.0,0.0,0.0,0.0
1668032193.617271,15765.15,0.0,49.21822409,1.0,0.0,0.0635547062549631,0.0,0.0,0.0,0.0
1668032203.5954075,15765.15,0.0,49.21822409,1.0,0.0,0.0635547062549631,0.0,0.0,0.0,0.0
1668032213.646116,15833.83,68.68000000000029,54.60492479,0.0,1.0,0.0,1006.3144145410224,0.0,0.0,0.0
1668032223.6411042,15833.83,0.0,54.60492479,0.0,1.0,0.0,1006.3144145410224,0.0,0.0,0.0
1668032233.6052728,15839.81,5.979999999999563,55.02035861,0.0,1.0,0.0,1006.3144145410224,0.0,0.0,0.0
1668032243.565369,15839.81,0.0,55.02035861,0.0,1.0,0.0,1006.3144145410224,0.0,0.0,0.0
1668032253.5601869,15839.81,0.0,55.02035861,0.0,1.0,0.0,1006.3144145410224,0.0,0.0,0.0
1668032263.6308436,15812.84,-26.969999999999345,52.67885991,0.0,1.0,0.0,1006.3144145410224,0.0,0.0,0.0
1668032273.5673516,15812.84,0.0,52.67885991,0.0,1.0,0.0,1006.3144145410224,0.0,0.0,0.0
1668032283.6592107,15812.84,0.0,52.67885991,0.0,1.0,0.0,1006.3144145410224,0.0,0.0,0.0
1668032293.7803493,15809.16,-3.680000000000291,52.3595651,0.0,1.0,0.0,1006.3144145410224,0.0,0.0,0.0
1668032303.6966748,15809.16,0.0,52.3595651,0.0,1.0,0.0,1006.3144145410224,0.0,0.0,0.0
1668032313.897647,15809.16,0.0,52.3595651,0.0,1.0,0.0,1006.3144145410224,0.0,0.0,0.0
1668032323.7437296,15799.05,-10.110000000000582,51.48048651,0.0,1.0,0.0,1006.3144145410224,0.0,0.0,0.0
1668032333.6461935,15799.05,0.0,51.48048651,0.0,1.0,0.0,1006.3144145410224,0.0,0.0,0.0
1668032343.678099,15799.05,0.0,51.48048651,0.0,1.0,0.0,1006.3144145410224,0.0,0.0,0.0
1668032353.6985805,15789.94,-9.109999999998763,50.71326553,0.0,1.0,0.0,1006.3144145410224,0.0,0.0,0.0
1668032363.6646287,15789.94,0.0,50.71326553,0.0,1.0,0.0,1006.3144145410224,0.0,0.0,0.0
1668032374.3671763,15789.94,0.0,50.71326553,0.0,1.0,0.0,1006.3144145410224,0.0,0.0,0.0
1668032384.419712,15801.01,11.069999999999709,51.65609571,0.0,1.0,0.0,1006.3144145410224,0.0,0.0,0.0
1668032394.3819156,15801.01,0.0,51.65609571,0.0,1.0,0.0,1006.3144145410224,0.0,0.0,0.0
1668032404.30851,15801.01,0.0,51.65609571,0.0,1.0,0.0,1006.3144145410224,0.0,0.0,0.0
1668032414.311724,15787.76,-13.25,50.51924064,0.0,1.0,0.0,1006.3144145410224,0.0,0.0,0.0
1668032424.2740717,15787.76,0.0,50.51924064,0.0,1.0,0.0,1006.3144145410224,0.0,0.0,0.0
1668032434.6626582,15787.76,0.0,50.51924064,0.0,1.0,0.0,1006.3144145410224,0.0,0.0,0.0
1668032444.3308764,15875.5,87.73999999999978,57.55746351,0.0,1.0,0.0,1006.3144145410224,0.0,0.0,0.0
1668032454.3726268,15875.5,0.0,57.55746351,0.0,1.0,0.0,1006.3144145410224,0.0,0.0,0.0
1668032464.3674183,15875.5,0.0,57.55746351,0.0,1.0,0.0,1006.3144145410224,0.0,0.0,0.0
1668032474.4098706,15863.77,-11.729999999999563,56.73471596,0.0,1.0,0.0,1006.3144145410224,0.0,0.0,0.0
1668032484.4281774,15863.77,0.0,56.73471596,0.0,1.0,0.0,1006.3144145410224,0.0,0.0,0.0
1668032494.3916695,15863.77,0.0,56.73471596,0.0,1.0,0.0,1006.3144145410224,0.0,0.0,0.0
1668032504.8755746,15926.72,62.94999999999891,61.09354049,0.0,1.0,0.0,1006.3144145410224,0.0,0.0,0.0
1668032514.639986,15926.72,0.0,61.09354049,0.0,1.0,0.0,1006.3144145410224,0.0,0.0,0.0
1668032524.5737991,15926.72,0.0,61.09354049,0.0,1.0,0.0,1006.3144145410224,0.0,0.0,0.0
1668032534.435731,15905.54,-21.179999999998472,59.72845992,0.0,1.0,0.0,1006.3144145410224,0.0,0.0,0.0
1668032544.4260905,15905.54,0.0,59.72845992,0.0,1.0,0.0,1006.3144145410224,0.0,0.0,0.0
1668032555.3331292,15905.54,0.0,59.72845992,0.0,1.0,0.0,1006.3144145410224,0.0,0.0,0.0
1668032565.3241837,15886.65,-18.890000000001237,57.78124383,0.0,1.0,0.0,1006.3144145410224,0.0,0.0,0.0
1668032575.2641718,15886.65,0.0,57.78124383,0.0,1.0,0.0,1006.3144145410224,0.0,0.0,0.0
1668032585.327913,15886.65,0.0,57.78124383,0.0,1.0,0.0,1006.3144145410224,0.0,0.0,0.0
1668032595.2433176,15994.28,107.63000000000102,65.22656286,0.0,1.0,0.0,1006.3144145410224,0.0,0.0,0.0
1668032605.317255,15994.28,0.0,65.22656286,0.0,1.0,0.0,1006.3144145410224,0.0,0.0,0.0
1668032615.2855494,15994.28,0.0,65.22656286,0.0,1.0,0.0,1006.3144145410224,0.0,0.0,0.0
1668032625.246242,15994.29,0.010000000000218279,65.22764437,0.0,1.0,0.0,1006.3144145410224,0.0,0.0,0.0
1668032635.381498,15994.29,0.0,65.22764437,0.0,1.0,0.0,1006.3144145410224,0.0,0.0,0.0
1668032645.278843,15994.29,0.0,65.22764437,0.0,1.0,0.0,1006.3144145410224,0.0,0.0,0.0
1668032655.3293118,15989.62,-4.670000000000073,64.72644862,0.0,1.0,0.0,1006.3144145410224,0.0,0.0,0.0
1668032665.5179253,15989.62,0.0,64.72644862,0.0,1.0,0.0,1006.3144145410224,0.0,0.0,0.0
1668032675.3103704,15989.62,0.0,64.72644862,0.0,1.0,0.0,1006.3144145410224,0.0,0.0,0.0
1668032685.3033051,15962.44,-27.18000000000029,61.75240837,0.0,1.0,0.0,1006.3144145410224,0.0,0.0,0.0
1668032695.7410898,15962.44,0.0,61.75240837,0.0,1.0,0.0,1006.3144145410224,0.0,0.0,0.0
1668032705.31865,15962.44,0.0,61.75240837,0.0,1.0,0.0,1006.3144145410224,0.0,0.0,0.0
1668032715.2713933,15938.91,-23.530000000000655,59.39002151,0.0,1.0,0.0,1006.3144145410224,0.0,0.0,0.0
1668032725.3434286,15938.91,0.0,59.39002151,0.0,1.0,0.0,1006.3144145410224,0.0,0.0,0.0
1668032736.1024327,15938.91,0.0,59.39002151,0.0,1.0,0.0,1006.3144145410224,0.0,0.0,0.0
1668032746.2384963,15982.68,43.77000000000044,62.28070158,0.0,1.0,0.0,1006.3144145410224,0.0,0.0,0.0
1668032756.2033026,15982.68,0.0,62.28070158,0.0,1.0,0.0,1006.3144145410224,0.0,0.0,0.0
1668032766.0986087,15982.68,0.0,62.28070158,0.0,1.0,0.0,1006.3144145410224,0.0,0.0,0.0
1668032776.116238,16075.72,93.03999999999905,67.25475932,0.0,1.0,0.0,1006.3144145410224,0.0,0.0,0.0
1668032786.0592575,16075.72,0.0,67.25475932,0.0,1.0,0.0,1006.3144145410224,0.0,0.0,0.0
1668032796.044856,16075.72,0.0,67.25475932,0.0,1.0,0.0,1006.3144145410224,0.0,0.0,0.0
1668032806.1448126,16050.03,-25.68999999999869,64.93418508,0.0,1.0,0.0,1006.3144145410224,0.0,0.0,0.0
1668032816.241265,16050.03,0.0,64.93418508,0.0,1.0,0.0,1006.3144145410224,0.0,0.0,0.0
1668032826.0784671,16050.03,0.0,64.93418508,0.0,1.0,0.0,1006.3144145410224,0.0,0.0,0.0
1668032836.0728836,16034.35,-15.680000000000291,63.45769856,0.0,1.0,0.0,1006.3144145410224,0.0,0.0,0.0
1668032846.1835823,16034.35,0.0,63.45769856,0.0,1.0,0.0,1006.3144145410224,0.0,0.0,0.0
1668032856.3443034,16034.35,0.0,63.45769856,0.0,1.0,0.0,1006.3144145410224,0.0,0.0,0.0
1668032866.180751,16000.0,-34.350000000000364,60.22688528,0.0,1.0,0.0,1006.3144145410224,0.0,0.0,0.0
1668032876.2541792,16000.0,0.0,60.22688528,0.0,1.0,0.0,1006.3144145410224,0.0,0.0,0.0
1668032886.1905303,16000.0,0.0,60.22688528,0.0,1.0,0.0,1006.3144145410224,0.0,0.0,0.0
1668159134.2733753,17359.61,1359.6100000000006,48.95650225,1.0,0.0,0.0579687224851838,0.0,1006.3144145410224,1006.3144145410223,0.0
,17750.01,0.0,30.58347368,1.0,0.0,0.0583009387245202,0.0,1034.8422453696207,0.0,0.0
1668118132.4111023,17739.55,-10.459999999999127,29.27580443,1.0,0.0,0.0583009387245202,0.0,1034.2324175505623,-0.6098278190584097,0.0
1668118142.550562,17739.55,0.0,29.27580443,1.0,0.0,0.0583009387245202,0.0,1034.2324175505623,0.0,0.0
1668118152.3910992,17727.57,-11.979999999999563,27.90907761,1.0,0.0,0.0583009387245202,0.0,1033.5339723046425,-0.6984452459198565,0.0
1668118162.4825428,17727.57,0.0,27.90907761,1.0,0.0,0.0583009387245202,0.0,1033.5339723046425,0.0,0.0
1668118172.5053935,17727.57,0.0,27.90907761,1.0,0.0,0.0583009387245202,0.0,1033.5339723046425,0.0,0.0
1668118182.557644,17749.54,21.970000000001164,33.99475915,1.0,0.0,0.0583009387245202,0.0,1034.8148439284205,1.2808716237777844,0.0
1668118192.555226,17749.54,0.0,33.99475915,1.0,0.0,0.0583009387245202,0.0,1034.8148439284205,-2.2737367544323206e-13,0.0
1668118202.5813985,17749.54,0.0,33.99475915,1.0,0.0,0.0583009387245202,0.0,1034.8148439284205,-2.2737367544323206e-13,0.0
1668118213.4369087,17740.79,-8.75,31.75143199,1.0,0.0,0.0583009387245202,0.0,1034.3047107145808,-0.5101332138397083,0.0
1668118223.611819,17740.79,0.0,31.75143199,1.0,0.0,0.0583009387245202,0.0,1034.3047107145808,0.0,0.0
1668118233.5049958,17740.79,0.0,31.75143199,1.0,0.0,0.0583009387245202,0.0,1034.3047107145808,0.0,0.0
1668118243.5402994,17752.1,11.309999999997672,34.90158334,1.0,0.0,0.0583009387245202,0.0,1034.9640943315549,0.6593836169740825,0.0
1668118253.5161092,17752.1,0.0,34.90158334,1.0,0.0,0.0583009387245202,0.0,1034.9640943315549,0.0,0.0
1668118263.5899105,17752.1,0.0,34.90158334,1.0,0.0,0.0583009387245202,0.0,1034.9640943315549,0.0,0.0
1668118273.5391903,17742.03,-10.069999999999709,32.11160867,1.0,0.0,0.0583009387245202,0.0,1034.377003878599,-0.5870904529558629,0.0
1668118283.578491,17742.03,0.0,32.11160867,1.0,0.0,0.0583009387245202,0.0,1034.377003878599,0.0,0.0
1668118293.4747698,17742.03,0.0,32.11160867,1.0,0.0,0.0583009387245202,0.0,1034.377003878599,0.0,0.0
1668118303.4868262,17737.91,-4.119999999998981,31.51646777,1.0,0.0,0.0583009387245202,0.0,1034.136804011054,-0.24019986754501588,0.0
1668118313.4883635,17737.91,0.0,31.51646777,1.0,0.0,0.0583009387245202,0.0,1034.136804011054,0.0,0.0
1668118323.5369394,17737.91,0.0,31.51646777,1.0,0.0,0.0583009387245202,0.0,1034.136804011054,0.0,0.0
1668118333.4599726,17740.36,2.4500000000007276,32.21824086,1.0,0.0,0.0583009387245202,0.0,1034.2796413109293,0.14283729987528204,0.0
1668118344.139658,17740.36,0.0,32.21824086,1.0,0.0,0.0583009387245202,0.0,1034.2796413109293,0.0,0.0
1668118353.5914028,17740.36,0.0,32.21824086,1.0,0.0,0.0583009387245202,0.0,1034.2796413109293,0.0,0.0
1668118363.6003332,17711.66,-28.700000000000728,27.95597262,1.0,0.0,0.0583009387245202,0.0,1032.6064043695353,-1.6732369413939523,0.0
1668118373.4850674,17711.66,0.0,27.95597262,1.0,0.0,0.0583009387245202,0.0,1032.6064043695353,0.0,0.0
1668118383.648588,17711.66,0.0,27.95597262,1.0,0.0,0.0583009387245202,0.0,1032.6064043695353,0.0,0.0
1668118394.5036244,17688.89,-22.770000000000437,25.44644446,1.0,0.0,0.0583009387245202,0.0,1031.278891994778,-1.3275123747573616,0.0
1668118404.5360754,17688.89,0.0,25.44644446,1.0,0.0,0.0583009387245202,0.0,1031.278891994778,0.0,0.0
1668118414.4574115,17688.89,0.0,25.44644446,1.0,0.0,0.0583009387245202,0.0,1031.278891994778,0.0,0.0
1668118424.508451,17709.85,20.959999999999127,31.15336826,1.0,0.0,0.0583009387245202,0.0,1032.500879670444,1.2219876756660142,0.0
1668118434.5082104,17709.85,0.0,31.15336826,1.0,0.0,0.0583009387245202,0.0,1032.500879670444,0.0,0.0
1668118444.5900106,17709.85,0.0,31.15336826,1.0,0.0,0.0583009387245202,0.0,1032.500879670444,0.0,0.0
1668118454.4749875,17718.46,8.610000000000582,33.8437657,1.0,0.0,0.0583009387245202,0.0,1033.002850752862,0.5019710824180947,0.0
1668118464.8722577,17718.46,0.0,33.8437657,1.0,0.0,0.0583009387245202,0.0,1033.002850752862,0.0,0.0
1668118474.545467,17718.46,0.0,33.8437657,1.0,0.0,0.0583009387245202,0.0,1033.002850752862,0.0,0.0
1668118484.5658534,17729.64,11.180000000000291,36.26784365,1.0,0.0,0.0583009387245202,0.0,1033.6546552478023,0.6518044949402793,0.0
1668118494.6945474,17729.64,0.0,36.26784365,1.0,0.0,0.0583009387245202,0.0,1033.6546552478023,0.0,0.0
1668118504.5453303,17729.64,0.0,36.26784365,1.0,0.0,0.0583009387245202,0.0,1033.6546552478023,0.0,0.0
1668118514.4957974,17729.64,0.0,36.26784365,1.0,0.0,0.0583009387245202,0.0,1033.6546552478023,0.0,0.0
1668118524.6175923,17713.85,-15.790000000000873,33.22960364,1.0,0.0,0.0583009387245202,0.0,1032.734083425342,-0.9205718224602606,0.0
1668118534.5504718,17713.85,0.0,33.22960364,1.0,0.0,0.0583009387245202,0.0,1032.734083425342,0.0,0.0
1668118544.527819,17740.34,26.4900000000016,39.90874736,1.0,0.0,0.0583009387245202,0.0,1034.2784752921546,1.5443918668124752,0.0
1668118554.604967,17740.34,0.0,39.90874736,1.0,0.0,0.0583009387245202,0.0,1034.2784752921546,0.0,0.0
1668118564.5815156,17740.34,0.0,39.90874736,1.0,0.0,0.0583009387245202,0.0,1034.2784752921546,0.0,0.0
1668118575.3634384,17750.0,9.659999999999854,42.11262583,1.0,0.0,0.0583009387245202,0.0,1034.8416623602336,0.5631870680790598,0.0
1668118585.4045477,17750.0,0.0,42.11262583,1.0,0.0,0.0583009387245202,0.0,1034.8416623602336,0.0,0.0
1668118595.354892,17750.0,0.0,42.11262583,1.0,0.0,0.0583009387245202,0.0,1034.8416623602336,0.0,0.0
1668118605.3767056,17736.94,-13.06000000000131,40.07155459,1.0,0.0,0.0583009387245202,0.0,1034.0802521004912,-0.7614102597424335,0.0
1668118615.502903,17736.94,0.0,40.07155459,1.0,0.0,0.0583009387245202,0.0,1034.0802521004912,0.0,0.0
1668118625.4060347,17736.94,0.0,40.07155459,1.0,0.0,0.0583009387245202,0.0,1034.0802521004912,0.0,0.0
1668118635.531397,17748.52,11.580000000001746,41.83425162,1.0,0.0,0.0583009387245202,0.0,1034.7553769709211,0.6751248704299542,0.0
1668118645.4851997,17748.52,0.0,41.83425162,1.0,0.0,0.0583009387245202,0.0,1034.7553769709211,0.0,0.0
1668118655.461864,17748.52,0.0,41.83425162,1.0,0.0,0.0583009387245202,0.0,1034.7553769709211,0.0,0.0
1668118665.4976945,17759.65,11.130000000001019,44.28144216,1.0,0.0,0.0583009387245202,0.0,1035.404266418925,0.6488894480041836,0.0
1668118675.4283507,17759.65,0.0,44.28144216,1.0,0.0,0.0583009387245202,0.0,1035.404266418925,2.2737367544323206e-13,0.0
1668118685.5819578,17759.65,0.0,44.28144216,1.0,0.0,0.0583009387245202,0.0,1035.404266418925,2.2737367544323206e-13,0.0
1668118695.5064516,17734.6,-25.05000000000291,39.53791197,1.0,0.0,0.0583009387245202,0.0,1033.943827903876,-1.4604385150491908,0.0
1668118705.4130988,17734.6,0.0,39.53791197,1.0,0.0,0.0583009387245202,0.0,1033.943827903876,0.0,0.0
1668118715.4788847,17734.6,0.0,39.53791197,1.0,0.0,0.0583009387245202,0.0,1033.943827903876,0.0,0.0
1668118725.4734526,17741.72,7.120000000002619,41.31241126,1.0,0.0,0.0583009387245202,0.0,1034.3589305875946,0.4151026837187146,0.0
1668118735.4946234,17741.72,0.0,41.31241126,1.0,0.0,0.0583009387245202,0.0,1034.3589305875946,0.0,0.0
1668118745.4570253,17741.72,0.0,41.31241126,1.0,0.0,0.0583009387245202,0.0,1034.3589305875946,0.0,0.0
1668118756.464035,17754.19,12.469999999997526,44.28016476,1.0,0.0,0.0583009387245202,0.0,1035.0859432934892,0.7270127058945945,0.0
1668118766.48188,17754.19,0.0,44.28016476,1.0,0.0,0.0583009387245202,0.0,1035.0859432934892,0.0,0.0
1668118776.510606,17754.19,0.0,44.28016476,1.0,0.0,0.0583009387245202,0.0,1035.0859432934892,0.0,0.0
1668118786.5701623,17759.57,5.380000000001019,45.37091157,1.0,0.0,0.0583009387245202,0.0,1035.3996023438272,0.3136590503379466,0.0
1668118796.4782286,17759.57,0.0,45.37091157,1.0,0.0,0.0583009387245202,0.0,1035.3996023438272,0.0,0.0
1668118806.478274,17759.57,0.0,45.37091157,1.0,0.0,0.0583009387245202,0.0,1035.3996023438272,0.0,0.0
1668118816.457394,17754.66,-4.9099999999998545,44.36601608,1.0,0.0,0.0583009387245202,0.0,1035.1133447346897,-0.2862576091374649,0.0
1668118826.501192,17754.66,0.0,44.36601608,1.0,0.0,0.0583009387245202,0.0,1035.1133447346897,0.0,0.0
1668118836.4348187,17754.66,0.0,44.36601608,1.0,0.0,0.0583009387245202,0.0,1035.1133447346897,0.0,0.0
1668118846.4327204,17761.0,6.3400000000001455,45.89003757,1.0,0.0,0.0583009387245202,0.0,1035.4829726862033,0.36962795151362116,0.0
1668118856.405764,17761.0,0.0,45.89003757,1.0,0.0,0.0583009387245202,0.0,1035.4829726862033,0.0,0.0
1668118866.432442,17761.0,0.0,45.89003757,1.0,0.0,0.0583009387245202,0.0,1035.4829726862033,0.0,0.0
1668118876.5570428,17776.11,15.110000000000582,49.20620749,1.0,0.0,0.0583009387245202,0.0,1036.363899870331,0.8809271841273585,0.0
1668118886.5139356,17776.11,0.0,49.20620749,1.0,0.0,0.0583009387245202,0.0,1036.363899870331,-2.2737367544323206e-13,0.0
1668118896.5442724,17776.11,0.0,49.20620749,1.0,0.0,0.0583009387245202,0.0,1036.363899870331,-2.2737367544323206e-13,0.0
1668118906.7404823,17756.3,-19.81000000000131,45.28750218,1.0,0.0,0.0583009387245202,0.0,1035.208958274198,-1.1549415961328577,0.0
1668118916.5440114,17756.3,0.0,45.28750218,1.0,0.0,0.0583009387245202,0.0,1035.208958274198,0.0,0.0
1668118926.5506132,17756.3,0.0,45.28750218,1.0,0.0,0.0583009387245202,0.0,1035.208958274198,0.0,0.0
1668118941.4788363,17763.07,6.770000000000437,46.56225625,1.0,0.0,0.0583009387245202,0.0,1035.603655629363,0.394697355164908,0.0
1668118947.612062,17763.07,0.0,46.56225625,1.0,0.0,0.0583009387245202,0.0,1035.603655629363,0.0,0.0
1668118957.4283595,17763.07,0.0,46.56225625,1.0,0.0,0.0583009387245202,0.0,1035.603655629363,0.0,0.0
1668118967.487707,17775.17,12.099999999998545,49.28909871,1.0,0.0,0.0583009387245202,0.0,1036.3090969879297,0.7054413585665316,0.0
1668118977.8569171,17775.17,0.0,49.28909871,1.0,0.0,0.0583009387245202,0.0,1036.3090969879297,-2.2737367544323206e-13,0.0
1668118987.9347038,17775.17,0.0,49.28909871,1.0,0.0,0.0583009387245202,0.0,1036.3090969879297,-2.2737367544323206e-13,0.0
1668118997.5110135,17768.36,-6.809999999997672,47.78965475,1.0,0.0,0.0583009387245202,0.0,1035.9120675952158,-0.3970293927138755,0.0
1668119008.577217,17768.36,0.0,47.78965475,1.0,0.0,0.0583009387245202,0.0,1035.9120675952158,0.0,0.0
1668119017.481281,17768.36,0.0,47.78965475,1.0,0.0,0.0583009387245202,0.0,1035.9120675952158,0.0,0.0
1668119027.5358453,17761.01,-7.350000000002183,46.20179312,1.0,0.0,0.0583009387245202,0.0,1035.4835556955904,-0.4285118996253914,0.0
1668119037.4379237,17761.01,0.0,46.20179312,1.0,0.0,0.0583009387245202,0.0,1035.4835556955904,0.0,0.0
1668119047.5044222,17761.01,0.0,46.20179312,1.0,0.0,0.0583009387245202,0.0,1035.4835556955904,0.0,0.0
1668119057.4435663,17759.96,-1.0499999999992724,45.95426456,1.0,0.0,0.0583009387245202,0.0,1035.4223397099297,-0.061215985660737715,0.0
1668119067.8712485,17759.96,0.0,45.95426456,1.0,0.0,0.0583009387245202,0.0,1035.4223397099297,0.0,0.0
1668119077.5345798,17759.96,0.0,45.95426456,1.0,0.0,0.0583009387245202,0.0,1035.4223397099297,0.0,0.0
1668119087.5728014,17761.28,1.319999999999709,46.24988036,1.0,0.0,0.0583009387245202,0.0,1035.499296949046,0.07695723911638197,0.0
1668119097.5952132,17761.28,0.0,46.24988036,1.0,0.0,0.0583009387245202,0.0,1035.499296949046,0.0,0.0
1668119107.5376885,17761.28,0.0,46.24988036,1.0,0.0,0.0583009387245202,0.0,1035.499296949046,0.0,0.0
1668119118.2830412,17779.37,18.090000000000146,50.60736219,0.0,1.0,0.0,1036.5539609305729,1036.5539609305729,1.0546639815265735,0.0
1668119128.2660892,17779.37,0.0,50.60736219,0.0,1.0,0.0,1036.5539609305729,1036.5539609305729,0.0,0.0
1668119138.2707152,17779.37,0.0,50.60736219,0.0,1.0,0.0,1036.5539609305729,1036.5539609305729,0.0,0.0
1668119148.3517191,17785.44,6.069999999999709,52.01862891,0.0,1.0,0.0,1036.5539609305729,1036.5539609305729,0.0,0.0
1668119158.245503,17785.44,0.0,52.01862891,0.0,1.0,0.0,1036.5539609305729,1036.5539609305729,0.0,0.0
1668119168.275648,17785.44,0.0,52.01862891,0.0,1.0,0.0,1036.5539609305729,1036.5539609305729,0.0,0.0
1668119178.281798,17791.82,6.380000000001019,53.41707485,0.0,1.0,0.0,1036.5539609305729,1036.5539609305729,0.0,0.0
1668119188.44424,17791.82,0.0,53.41707485,0.0,1.0,0.0,1036.5539609305729,1036.5539609305729,0.0,0.0
1668119198.2897136,17791.82,0.0,53.41707485,0.0,1.0,0.0,1036.5539609305729,1036.5539609305729,0.0,0.0
1668119208.3891425,17767.53,-24.290000000000873,47.71381979,1.0,0.0,0.0583397895447804,0.0,1036.5539609305729,0.0,0.0
1668119218.32347,17767.53,0.0,47.71381979,1.0,0.0,0.0583397895447804,0.0,1036.553960930572,-9.094947017729282e-13,0.0
1668119228.4210737,17767.53,0.0,47.71381979,1.0,0.0,0.0583397895447804,0.0,1036.553960930572,0.0,0.0
1668119238.350921,17763.87,-3.6599999999998545,46.93837068,1.0,0.0,0.0583397895447804,0.0,1036.3404373008382,-0.21352362973379968,0.0
1668119248.3391666,17763.87,0.0,46.93837068,1.0,0.0,0.0583397895447804,0.0,1036.3404373008382,0.0,0.0
1668119258.347921,17763.87,0.0,46.93837068,1.0,0.0,0.0583397895447804,0.0,1036.3404373008382,0.0,0.0
1668119268.4071598,17772.22,8.350000000002183,48.91190512,1.0,0.0,0.0583397895447804,0.0,1036.8275745435371,0.48713724269896375,0.0
1668119278.5786495,17772.22,0.0,48.91190512,1.0,0.0,0.0583397895447804,0.0,1036.8275745435371,0.0,0.0
1668119288.3165038,17772.22,0.0,48.91190512,1.0,0.0,0.0583397895447804,0.0,1036.8275745435371,0.0,0.0
1668119299.0402737,17755.07,-17.150000000001455,45.05538826,1.0,0.0,0.0583397895447804,0.0,1035.827047152844,-1.0005273906931507,0.0
1668119309.4330432,17755.07,0.0,45.05538826,1.0,0.0,0.0583397895447804,0.0,1035.827047152844,0.0,0.0
1668119319.050293,17755.07,0.0,45.05538826,1.0,0.0,0.0583397895447804,0.0,1035.827047152844,0.0,0.0
1668119329.120724,17753.61,-1.4599999999991269,44.74094297,1.0,0.0,0.0583397895447804,0.0,1035.741871060109,-0.0851760927353098,0.0
1668119339.1276274,17753.61,0.0,44.74094297,1.0,0.0,0.0583397895447804,0.0,1035.741871060109,-2.2737367544323206e-13,0.0
1668119349.152598,17753.61,0.0,44.74094297,1.0,0.0,0.0583397895447804,0.0,1035.741871060109,-2.2737367544323206e-13,0.0
1668119359.017441,17750.44,-3.1700000000018917,44.07309395,1.0,0.0,0.0583397895447804,0.0,1035.5569339272515,-0.18493713285715785,0.0
1668119369.099649,17750.44,0.0,44.07309395,1.0,0.0,0.0583397895447804,0.0,1035.5569339272515,2.2737367544323206e-13,0.0
1668119379.1083205,17750.44,0.0,44.07309395,1.0,0.0,0.0583397895447804,0.0,1035.5569339272515,2.2737367544323206e-13,0.0
1668119389.2029345,17738.42,-12.020000000000437,41.54099901,1.0,0.0,0.0583397895447804,0.0,1034.8556896569237,-0.7012442703280612,0.0
1668119399.089827,17738.42,0.0,41.54099901,1.0,0.0,0.0583397895447804,0.0,1034.8556896569237,-2.2737367544323206e-13,0.0
1668119409.0922382,17738.42,0.0,41.54099901,1.0,0.0,0.0583397895447804,0.0,1034.8556896569237,-2.2737367544323206e-13,0.0
1668119419.0953617,17733.74,-4.679999999996653,40.63209699,1.0,0.0,0.0583397895447804,0.0,1034.582659441854,-0.27303021506963887,0.0
1668119429.132954,17733.74,0.0,40.63209699,1.0,0.0,0.0583397895447804,0.0,1034.582659441854,0.0,0.0
1668119439.1520934,17733.74,0.0,40.63209699,1.0,0.0,0.0583397895447804,0.0,1034.582659441854,0.0,0.0
1668119449.158626,17733.47,-0.27000000000043656,40.57693728,1.0,0.0,0.0583397895447804,0.0,1034.566907698677,-0.015751743177133903,0.0
1668119459.1828291,17733.47,0.0,40.57693728,1.0,0.0,0.0583397895447804,0.0,1034.566907698677,0.0,0.0
1668119469.1478846,17733.47,0.0,40.57693728,1.0,0.0,0.0583397895447804,0.0,1034.566907698677,0.0,0.0
1668119479.7952285,17767.72,34.25,49.33939645,1.0,0.0,0.0583397895447804,0.0,1036.5650454905856,1.9981377919086754,0.0
1668119489.8145182,17767.72,0.0,49.33939645,1.0,0.0,0.0583397895447804,0.0,1036.5650454905856,0.0,0.0
1668119499.7614548,17767.72,0.0,49.33939645,1.0,0.0,0.0583397895447804,0.0,1036.5650454905856,0.0,0.0
1668119509.9361036,17771.11,3.389999999999418,50.12173252,0.0,1.0,0.0,1036.7628173771425,1036.7628173771425,0.19777188655689315,0.0
1668119519.7995,17771.11,0.0,50.12173252,0.0,1.0,0.0,1036.7628173771425,1036.7628173771425,0.0,0.0
1668119529.7614207,17771.11,0.0,50.12173252,0.0,1.0,0.0,1036.7628173771425,1036.7628173771425,0.0,0.0
1668119539.8149617,17760.6,-10.510000000002037,47.80535173,1.0,0.0,0.0583743126570691,0.0,1036.7628173771425,0.0,0.0
1668119549.8328693,17760.6,0.0,47.80535173,1.0,0.0,0.0583743126570691,0.0,1036.7628173771411,-1.1368683772161603e-12,0.0
1668119559.7541952,17760.6,0.0,47.80535173,1.0,0.0,0.0583743126570691,0.0,1036.7628173771411,2.2737367544323206e-13,0.0
1668119569.755038,17760.31,-0.28999999999723514,47.73233328,1.0,0.0,0.0583743126570691,0.0,1036.745888826471,-0.016928550670172626,0.0
1668119579.8402677,17760.31,0.0,47.73233328,1.0,0.0,0.0583743126570691,0.0,1036.745888826471,0.0,0.0
1668119589.8567593,17760.31,0.0,47.73233328,1.0,0.0,0.0583743126570691,0.0,1036.745888826471,0.0,0.0
1668119599.7987585,17764.12,3.8099999999976717,48.67564895,1.0,0.0,0.0583743126570691,0.0,1036.9682949576943,0.22240613122335162,0.0
1668119609.83114,17764.12,0.0,48.67564895,1.0,0.0,0.0583743126570691,0.0,1036.9682949576943,0.0,0.0
1668119619.9059267,17764.12,0.0,48.67564895,1.0,0.0,0.0583743126570691,0.0,1036.9682949576943,0.0,0.0
1668119629.8425872,17761.2,-2.9199999999982538,47.96122377,1.0,0.0,0.0583743126570691,0.0,1036.7978419647357,-0.17045299295864424,0.0
1668119639.8650415,17761.2,0.0,47.96122377,1.0,0.0,0.0583743126570691,0.0,1036.7978419647357,0.0,0.0
1668119650.8767006,17761.2,0.0,47.96122377,1.0,0.0,0.0583743126570691,0.0,1036.7978419647357,0.0,0.0
1668119660.9406755,17761.9,0.7000000000007276,48.13057222,1.0,0.0,0.0583743126570691,0.0,1036.8387039835957,0.04086201886002527,0.0
1668119671.1563811,17761.9,0.0,48.13057222,1.0,0.0,0.0583743126570691,0.0,1036.8387039835957,0.0,0.0
1668119680.8826635,17761.9,0.0,48.13057222,1.0,0.0,0.0583743126570691,0.0,1036.8387039835957,0.0,0.0
1668119690.875933,17772.29,10.389999999999418,50.90171843,0.0,1.0,0.0,1037.445213092103,1037.445213092103,0.606509108506998,0.0
1668119700.8712802,17772.29,0.0,50.90171843,0.0,1.0,0.0,1037.445213092103,1037.445213092103,0.0,0.0
1668119710.9849648,17772.29,0.0,50.90171843,0.0,1.0,0.0,1037.445213092103,1037.445213092103,0.0,0.0
1668119720.881932,17772.92,0.6299999999973807,51.06025691,0.0,1.0,0.0,1037.445213092103,1037.445213092103,0.0,0.0
1668119730.9896991,17772.92,0.0,51.06025691,0.0,1.0,0.0,1037.445213092103,1037.445213092103,0.0,0.0
1668119740.8120725,17772.92,0.0,51.06025691,0.0,1.0,0.0,1037.445213092103,1037.445213092103,0.0,0.0
1668119750.9643445,17769.27,-3.649999999997817,50.05187344,0.0,1.0,0.0,1037.445213092103,1037.445213092103,0.0,0.0
1668119760.8474908,17769.27,0.0,50.05187344,0.0,1.0,0.0,1037.445213092103,1037.445213092103,0.0,0.0
1668119770.903469,17769.27,0.0,50.05187344,0.0,1.0,0.0,1037.445213092103,1037.445213092103,0.0,0.0
1668119780.8803315,17770.03,0.7599999999983993,50.25854149,0.0,1.0,0.0,1037.445213092103,1037.445213092103,0.0,0.0
1668119790.904315,17770.03,0.0,50.25854149,0.0,1.0,0.0,1037.445213092103,1037.445213092103,0.0,0.0
1668119800.8622508,17770.03,0.0,50.25854149,0.0,1.0,0.0,1037.445213092103,1037.445213092103,0.0,0.0
1668119810.9378035,17770.47,0.4400000000023283,50.3862673,0.0,1.0,0.0,1037.445213092103,1037.445213092103,0.0,0.0
1668119820.9487178,17770.47,0.0,50.3862673,0.0,1.0,0.0,1037.445213092103,1037.445213092103,0.0,0.0
1668119830.8757858,17770.47,0.0,50.3862673,0.0,1.0,0.0,1037.445213092103,1037.445213092103,0.0,0.0
1668119841.7809963,17799.51,29.039999999997235,57.57604177,0.0,1.0,0.0,1037.445213092103,1037.445213092103,0.0,0.0
1668119851.8137035,17799.51,0.0,57.57604177,0.0,1.0,0.0,1037.445213092103,1037.445213092103,0.0,0.0
1668119861.8123188,17793.22,-6.289999999997235,55.6934498,0.0,1.0,0.0,1037.445213092103,1037.445213092103,0.0,0.0
1668119871.8635857,17793.22,0.0,55.6934498,0.0,1.0,0.0,1037.445213092103,1037.445213092103,0.0,0.0
1668119881.7965865,17793.22,0.0,55.6934498,0.0,1.0,0.0,1037.445213092103,1037.445213092103,0.0,0.0
1668119891.9268982,17835.87,42.64999999999782,64.19600664,0.0,1.0,0.0,1037.445213092103,1037.445213092103,0.0,0.0
1668119901.748342,17835.87,0.0,64.19600664,0.0,1.0,0.0,1037.445213092103,1037.445213092103,0.0,0.0
1668119911.8300743,17835.87,0.0,64.19600664,0.0,1.0,0.0,1037.445213092103,1037.445213092103,0.0,0.0
1668119921.8625412,17829.99,-5.879999999997381,62.4523314,0.0,1.0,0.0,1037.445213092103,1037.445213092103,0.0,0.0
1668119931.893437,17829.99,0.0,62.4523314,0.0,1.0,0.0,1037.445213092103,1037.445213092103,0.0,0.0
1668119942.1168892,17829.99,0.0,62.4523314,0.0,1.0,0.0,1037.445213092103,1037.445213092103,0.0,0.0
1668119951.9057877,17829.99,0.0,62.4523314,0.0,1.0,0.0,1037.445213092103,1037.445213092103,0.0,0.0
1668119961.823531,17843.95,13.959999999999127,65.82281522,0.0,1.0,0.0,1037.445213092103,1037.445213092103,0.0,0.0
1668119971.9288318,17843.95,0.0,65.82281522,0.0,1.0,0.0,1037.445213092103,1037.445213092103,0.0,0.0
1668119981.8631656,17843.0,-0.9500000000007276,65.51033013,0.0,1.0,0.0,1037.445213092103,1037.445213092103,0.0,0.0
1668119991.7830746,17843.0,0.0,65.51033013,0.0,1.0,0.0,1037.445213092103,1037.445213092103,0.0,0.0
1668120001.8473372,17843.0,0.0,65.51033013,0.0,1.0,0.0,1037.445213092103,1037.445213092103,0.0,0.0
1668120011.9995964,17842.27,-0.7299999999995634,65.27221857,0.0,1.0,0.0,1037.445213092103,1037.445213092103,0.0,0.0
1668120022.476785,17842.27,0.0,65.27221857,0.0,1.0,0.0,1037.445213092103,1037.445213092103,0.0,0.0
1668120032.4867144,17842.27,0.0,65.27221857,0.0,1.0,0.0,1037.445213092103,1037.445213092103,0.0,0.0
1668120042.437741,17842.27,0.0,65.27221857,0.0,1.0,0.0,1037.445213092103,1037.445213092103,0.0,0.0
1668120052.5044374,17838.03,-4.240000000001601,63.8212315,0.0,1.0,0.0,1037.445213092103,1037.445213092103,0.0,0.0
1668120062.3795905,17838.03,0.0,63.8212315,0.0,1.0,0.0,1037.445213092103,1037.445213092103,0.0,0.0
1668120072.522861,17838.03,0.0,63.8212315,0.0,1.0,0.0,1037.445213092103,1037.445213092103,0.0,0.0
1668120082.509266,17860.82,22.790000000000873,68.43256052,0.0,1.0,0.0,1037.445213092103,1037.445213092103,0.0,0.0
1668120092.522058,17860.82,0.0,68.43256052,0.0,1.0,0.0,1037.445213092103,1037.445213092103,0.0,0.0
1668120102.474019,17860.82,0.0,68.43256052,0.0,1.0,0.0,1037.445213092103,1037.445213092103,0.0,0.0
1668120112.504703,17838.06,-22.7599999999984,61.29584354,0.0,1.0,0.0,1037.445213092103,1037.445213092103,0.0,0.0
1668120122.5738971,17838.06,0.0,61.29584354,0.0,1.0,0.0,1037.445213092103,1037.445213092103,0.0,0.0
1668120132.4627638,17841.48,3.4199999999982538,62.25853908,0.0,1.0,0.0,1037.445213092103,1037.445213092103,0.0,0.0
1668120142.4641917,17841.48,0.0,62.25853908,0.0,1.0,0.0,1037.445213092103,1037.445213092103,0.0,0.0
1668120152.6989388,17841.48,0.0,62.25853908,0.0,1.0,0.0,1037.445213092103,1037.445213092103,0.0,0.0
1668120162.4393091,17832.66,-8.819999999999709,59.52557307,0.0,1.0,0.0,1037.445213092103,1037.445213092103,0.0,0.0
1668120172.7646492,17832.66,0.0,59.52557307,0.0,1.0,0.0,1037.445213092103,1037.445213092103,0.0,0.0
1668120182.519256,17832.66,0.0,59.52557307,0.0,1.0,0.0,1037.445213092103,1037.445213092103,0.0,0.0
1668120192.5664375,17834.51,1.8499999999985448,60.01487105,0.0,1.0,0.0,1037.445213092103,1037.445213092103,0.0,0.0
1668120203.672305,17834.51,0.0,60.01487105,0.0,1.0,0.0,1037.445213092103,1037.445213092103,0.0,0.0
1668120213.6780028,17834.51,0.0,60.01487105,0.0,1.0,0.0,1037.445213092103,1037.445213092103,0.0,0.0
1668120223.5801206,17854.06,19.55000000000291,63.81231398,0.0,1.0,0.0,1037.445213092103,1037.445213092103,0.0,0.0
1668120233.6606224,17854.06,0.0,63.81231398,0.0,1.0,0.0,1037.445213092103,1037.445213092103,0.0,0.0
1668120243.638421,17854.06,0.0,63.81231398,0.0,1.0,0.0,1037.445213092103,1037.445213092103,0.0,0.0
1668120253.7128432,17854.06,0.0,63.81231398,0.0,1.0,0.0,1037.445213092103,1037.445213092103,0.0,0.0
1668120263.674261,17862.45,8.389999999999418,65.22781926,0.0,1.0,0.0,1037.445213092103,1037.445213092103,0.0,0.0
1668120273.6873329,17862.45,0.0,65.22781926,0.0,1.0,0.0,1037.445213092103,1037.445213092103,0.0,0.0
1668120283.6765096,17835.4,-27.049999999999272,57.42095399,0.0,1.0,0.0,1037.445213092103,1037.445213092103,0.0,0.0
1668120293.623815,17835.4,0.0,57.42095399,0.0,1.0,0.0,1037.445213092103,1037.445213092103,0.0,0.0
1668120303.6922402,17835.4,0.0,57.42095399,0.0,1.0,0.0,1037.445213092103,1037.445213092103,0.0,0.0
1668120313.5768647,17839.54,4.139999999999418,58.33048757,0.0,1.0,0.0,1037.445213092103,1037.445213092103,0.0,0.0
1668120323.6412754,17839.54,0.0,58.33048757,0.0,1.0,0.0,1037.445213092103,1037.445213092103,0.0,0.0
1668120333.6775942,17839.54,0.0,58.33048757,0.0,1.0,0.0,1037.445213092103,1037.445213092103,0.0,0.0
1668120343.7662337,17835.0,-4.540000000000873,57.28311273,0.0,1.0,0.0,1037.445213092103,1037.445213092103,0.0,0.0
1668120353.6765344,17835.0,0.0,57.28311273,0.0,1.0,0.0,1037.445213092103,1037.445213092103,0.0,0.0
1668120363.79433,17835.0,0.0,57.28311273,0.0,1.0,0.0,1037.445213092103,1037.445213092103,0.0,0.0
1668120373.700386,17837.52,2.5200000000004366,57.92803641,0.0,1.0,0.0,1037.445213092103,1037.445213092103,0.0,0.0
1668120384.5186543,17837.52,0.0,57.92803641,0.0,1.0,0.0,1037.445213092103,1037.445213092103,0.0,0.0
1668120394.5151637,17837.52,0.0,57.92803641,0.0,1.0,0.0,1037.445213092103,1037.445213092103,0.0,0.0
1668120404.486945,17859.81,22.290000000000873,62.25959953,0.0,1.0,0.0,1037.445213092103,1037.445213092103,0.0,0.0
1668120414.577461,17859.81,0.0,62.25959953,0.0,1.0,0.0,1037.445213092103,1037.445213092103,0.0,0.0
1668120424.5001736,17859.81,0.0,62.25959953,0.0,1.0,0.0,1037.445213092103,1037.445213092103,0.0,0.0
1668120434.449186,17859.81,0.0,62.25959953,0.0,1.0,0.0,1037.445213092103,1037.445213092103,0.0,0.0
1668120444.4125383,17857.0,-2.8100000000013097,61.72636587,0.0,1.0,0.0,1037.445213092103,1037.445213092103,0.0,0.0
1668120454.51148,17857.0,0.0,61.72636587,0.0,1.0,0.0,1037.445213092103,1037.445213092103,0.0,0.0
1668120464.4607334,17834.57,-22.43000000000029,55.47278031,0.0,1.0,0.0,1037.445213092103,1037.445213092103,0.0,0.0
1668120474.671363,17834.57,0.0,55.47278031,0.0,1.0,0.0,1037.445213092103,1037.445213092103,0.0,0.0
1668120484.5449567,17834.57,0.0,55.47278031,0.0,1.0,0.0,1037.445213092103,1037.445213092103,0.0,0.0
1668120494.4924958,17832.93,-1.639999999999418,55.06488594,0.0,1.0,0.0,1037.445213092103,1037.445213092103,0.0,0.0
1668120504.4566195,17832.93,0.0,55.06488594,0.0,1.0,0.0,1037.445213092103,1037.445213092103,0.0,0.0
1668120514.4453158,17832.93,0.0,55.06488594,0.0,1.0,0.0,1037.445213092103,1037.445213092103,0.0,0.0
1668120524.4304504,17842.96,10.029999999998836,57.14054576,0.0,1.0,0.0,1037.445213092103,1037.445213092103,0.0,0.0
1668120534.428933,17842.96,0.0,57.14054576,0.0,1.0,0.0,1037.445213092103,1037.445213092103,0.0,0.0
1668120544.4843192,17842.96,0.0,57.14054576,0.0,1.0,0.0,1037.445213092103,1037.445213092103,0.0,0.0
1668120554.682521,17855.05,12.090000000000146,59.4010755,0.0,1.0,0.0,1037.445213092103,1037.445213092103,0.0,0.0
1668120565.4998162,17855.05,0.0,59.4010755,0.0,1.0,0.0,1037.445213092103,1037.445213092103,0.0,0.0
1668120575.478167,17855.05,0.0,59.4010755,0.0,1.0,0.0,1037.445213092103,1037.445213092103,0.0,0.0
1668120585.4822,17862.63,7.580000000001746,60.7971507,0.0,1.0,0.0,1037.445213092103,1037.445213092103,0.0,0.0
1668120595.545529,17862.63,0.0,60.7971507,0.0,1.0,0.0,1037.445213092103,1037.445213092103,0.0,0.0
1668120605.8286254,17862.63,0.0,60.7971507,0.0,1.0,0.0,1037.445213092103,1037.445213092103,0.0,0.0
1668120615.433149,17881.68,19.049999999999272,63.93807727,0.0,1.0,0.0,1037.445213092103,1037.445213092103,0.0,0.0
1668120625.643551,17881.68,0.0,63.93807727,0.0,1.0,0.0,1037.445213092103,1037.445213092103,0.0,0.0
1668120635.5058024,17881.68,0.0,63.93807727,0.0,1.0,0.0,1037.445213092103,1037.445213092103,0.0,0.0
1668120645.658353,17864.18,-17.5,59.42863436,0.0,1.0,0.0,1037.445213092103,1037.445213092103,0.0,0.0
1668120705.549714,17864.98,0.7999999999992724,59.63065675,0.0,1.0,0.0,1037.445213092103,1037.445213092103,0.0,0.0
1668120765.50103,17889.17,24.18999999999869,63.82748329,0.0,1.0,0.0,1037.445213092103,1037.445213092103,0.0,0.0
1668120825.4975338,17867.1,-22.06999999999971,58.90900472,0.0,1.0,0.0,1037.445213092103,1037.445213092103,0.0,0.0
1668120885.4792788,17842.47,-24.62999999999738,52.34113276,0.0,1.0,0.0,1037.445213092103,1037.445213092103,0.0,0.0
1668120945.5115857,17857.88,15.409999999999854,56.20954556,0.0,1.0,0.0,1037.445213092103,1037.445213092103,0.0,0.0
1668121005.667765,17853.34,-4.540000000000873,54.8074261,0.0,1.0,0.0,1037.445213092103,1037.445213092103,0.0,0.0
1668121065.5941956,17845.9,-7.43999999999869,52.63808409,0.0,1.0,0.0,1037.445213092103,1037.445213092103,0.0,0.0
1668121125.5554726,17823.92,-21.9800000000032,46.82747418,1.0,0.0,0.05820522158381,0.0,1037.445213092103,0.0,0.0
1668121185.5573678,17826.01,2.0900000000001455,47.47649029,1.0,0.0,0.05820522158381,0.0,1037.566862005213,0.12164891310999337,0.0
1668121245.582008,17815.96,-10.049999999999272,45.03219128,1.0,0.0,0.05820522158381,0.0,1036.9818995282956,-0.5849624769173261,0.0
1668121305.645955,17814.13,-1.8299999999981083,44.60571763,1.0,0.0,0.05820522158381,0.0,1036.8753839727974,-0.10651555549816294,0.0
1668121365.754531,17802.97,-11.159999999999854,41.81646197,1.0,0.0,0.05820522158381,0.0,1036.225813699922,-0.6495702728752804,0.0
1668121425.5585425,17802.48,-0.4900000000016007,41.93945594,1.0,0.0,0.05820522158381,0.0,1036.197293141346,-0.02852055857601954,0.0
1668121485.5300813,17800.48,-2.0,41.86195075,1.0,0.0,0.05820522158381,0.0,1036.080882698178,-0.11641044316797888,0.0
1668121545.5373333,17852.44,51.95999999999913,56.10021918,0.0,1.0,0.0,1039.105226011673,1039.105226011673,3.0243433134951374,0.0
1668121605.6021862,17844.56,-7.879999999997381,54.26107945,0.0,1.0,0.0,1039.105226011673,1039.105226011673,0.0,0.0
1668121665.478549,17839.46,-5.100000000002183,52.94285561,0.0,1.0,0.0,1039.105226011673,1039.105226011673,0.0,0.0
1668121785.5433726,17842.39,2.930000000000291,53.78358034,0.0,1.0,0.0,1039.105226011673,1039.105226011673,0.0,0.0
1668121845.843575,17842.56,0.17000000000189175,53.83693323,0.0,1.0,0.0,1039.105226011673,1039.105226011673,0.0,0.0
1668121905.5283377,17845.05,2.4899999999979627,54.6087332,0.0,1.0,0.0,1039.105226011673,1039.105226011673,0.0,0.0
1668121965.521485,17824.66,-20.389999999999418,47.13827893,1.0,0.0,0.0582959352947923,0.0,1039.105226011673,0.0,0.0
1668122025.656386,17824.25,-0.4099999999998545,46.96768838,1.0,0.0,0.0582959352947923,0.0,1039.0813246782018,-0.023901333471258113,0.0
1668122085.5810094,17768.05,-56.20000000000073,32.57899091,1.0,0.0,0.0582959352947923,0.0,1035.8050931146342,-3.276231563567535,0.0
1668122145.6199057,17722.25,-45.79999999999927,25.7940992,1.0,0.0,0.0582959352947923,0.0,1033.1351392781328,-2.6699538365014632,0.0
1668122205.846943,17527.44,-194.8100000000013,13.05397754,1.0,0.0,0.0582959352947923,0.0,1021.7785081233544,-11.356631154778484,0.0
1668122265.6149948,17558.57,31.13000000000102,14.90046536,1.0,0.0,0.0582959352947923,0.0,1023.5932605890812,1.8147524657268832,0.0
1668122325.505244,17520.62,-37.95000000000073,12.72079806,1.0,0.0,0.0582959352947923,0.0,1021.3809298446438,-2.212330744437395,0.0
1668122385.5747845,17520.45,-0.16999999999825377,15.22225847,1.0,0.0,0.0582959352947923,0.0,1021.371019535644,-0.009910308999906192,0.0
1668122445.5803633,17581.12,60.669999999998254,28.67767602,1.0,0.0,0.0582959352947923,0.0,1024.9078339299788,3.536814394334783,0.0
1668122505.5961356,17525.28,-55.840000000000146,24.53549191,1.0,0.0,0.0582959352947923,0.0,1021.6525889031176,-3.255245026861189,0.0
1668122565.667418,17529.46,4.180000000000291,26.14968728,1.0,0.0,0.0582959352947923,0.0,1021.8962659126498,0.24367700953223448,0.0
1668122629.982639,17520.12,-9.340000000000146,25.12654184,1.0,0.0,0.0582959352947923,0.0,1021.3517818769964,-0.5444840356533405,0.0
1668122685.632284,17532.64,12.520000000000437,27.91857225,1.0,0.0,0.0582959352947923,0.0,1022.0816469868872,0.7298651098908522,0.0
1668122745.634242,17536.02,3.3800000000010186,28.61774698,1.0,0.0,0.0582959352947923,0.0,1022.2786872481836,0.197040261296479,0.0
1668122805.6234365,17542.32,6.299999999999272,29.97481172,1.0,0.0,0.0582959352947923,0.0,1022.6459516405408,0.3672643923572423,0.0
1668122865.6789968,17554.95,12.630000000001019,32.7798144,1.0,0.0,0.0582959352947923,0.0,1023.382229303314,0.7362776627733183,0.0
1668122925.6015854,17541.34,-13.610000000000582,32.41367364,1.0,0.0,0.0582959352947923,0.0,1022.588821623952,-0.7934076793620761,0.0
1668122985.5625615,17544.05,2.709999999999127,33.51540424,1.0,0.0,0.0582959352947923,0.0,1022.7468036086008,0.1579819846489272,0.0
1668123045.7357116,17573.94,29.889999999999418,39.90063866,1.0,0.0,0.0582959352947923,0.0,1024.489269114562,1.742465505961377,0.0
1668123105.6832116,17591.15,17.210000000002765,43.32138492,1.0,0.0,0.0582959352947923,0.0,1025.4925421609855,1.0032730464238284,0.0
1668123168.3824666,17578.54,-12.610000000000582,41.56622766,1.0,0.0,0.0582959352947923,0.0,1024.7574304169184,-0.735111744067126,0.0
1668123225.6081543,17610.02,31.479999999999563,47.50113642,1.0,0.0,0.0582959352947923,0.0,1026.5925864599983,1.8351560430799054,0.0
1668123285.8295903,17621.2,11.180000000000291,49.32651199,1.0,0.0,0.0582959352947923,0.0,1027.244335016594,0.6517485565957486,0.0
1668123348.7378998,17609.68,-11.520000000000437,47.38389654,1.0,0.0,0.0582959352947923,0.0,1026.572765841998,-0.6715691745960157,0.0
1668123405.6307,17616.86,7.180000000000291,48.8515613,1.0,0.0,0.0582959352947923,0.0,1026.991330657415,0.41856481541663015,0.0
1668123465.56253,17587.68,-29.18000000000029,43.95093993,1.0,0.0,0.0582959352947923,0.0,1025.2902552655128,-1.7010753919021226,0.0
1668123525.6440482,17601.6,13.919999999998254,46.24935333,1.0,0.0,0.0582959352947923,0.0,1026.1017346848162,0.8114794193033958,0.0
1668123585.7758195,17590.15,-11.44999999999709,44.41596342,1.0,0.0,0.0582959352947923,0.0,1025.434246225691,-0.6674884591252521,0.0
1668123645.792626,17595.98,5.829999999998108,45.67572025,1.0,0.0,0.0582959352947923,0.0,1025.7741115284591,0.3398653027684304,0.0
1668123705.655741,17583.0,-12.979999999999563,43.36457863,1.0,0.0,0.0582959352947923,0.0,1025.0174302883331,-0.7566812401259995,0.0
1668123765.7674265,17525.97,-57.029999999998836,34.73934228,1.0,0.0,0.0582959352947923,0.0,1021.6928130984712,-3.3246171898620105,0.0
1668123825.674379,17527.49,1.5200000000004366,34.79401398,1.0,0.0,0.0582959352947923,0.0,1021.7814229201192,0.08860982164799225,0.0
1668123886.6475585,17521.2,-6.290000000000873,33.91370525,1.0,0.0,0.0582959352947923,0.0,1021.414741487115,-0.3666814330042598,0.0
1668123946.4572473,17550.57,29.36999999999898,41.56066842,1.0,0.0,0.0582959352947923,0.0,1023.126893106723,1.7121516196079938,0.0
1668124006.4576423,17554.69,4.119999999998981,42.54590514,1.0,0.0,0.0582959352947923,0.0,1023.3670723601374,0.24017925341445334,0.0
1668124067.356297,17555.13,0.4400000000023283,42.87483465,1.0,0.0,0.0582959352947923,0.0,1023.3927225716672,0.025650211529864464,0.0
1668124127.3658876,17519.12,-36.01000000000204,36.6229151,1.0,0.0,0.0582959352947923,0.0,1021.2934859417016,-2.099236629965503,0.0
1668124187.390242,17560.3,41.18000000000029,45.75915138,1.0,0.0,0.0582959352947923,0.0,1023.6941125571412,2.4006266154395917,0.0
1668124248.4412167,17575.7,15.400000000001455,49.13686978,1.0,0.0,0.0582959352947923,0.0,1024.5918699606812,0.897757403539913,0.0
1668124308.151322,17569.01,-6.690000000002328,47.76236258,1.0,0.0,0.0582959352947923,0.0,1024.2018701535587,-0.38999980712242177,0.0
1668124368.2555428,17569.63,0.6200000000026193,47.94189756,1.0,0.0,0.0582959352947923,0.0,1024.2380136334418,0.03614347988309419,0.0
1668124429.3339837,17584.83,15.200000000000728,51.32252618,0.0,1.0,0.0,1025.1241118499229,1025.1241118499229,0.886098216480832,0.0
1668124489.215357,17589.06,4.229999999999563,52.27776203,0.0,1.0,0.0,1025.1241118499229,1025.1241118499229,0.0,0.0
1668124549.2941625,17606.46,17.399999999997817,56.02617957,0.0,1.0,0.0,1025.1241118499229,1025.1241118499229,0.0,0.0
1668124610.4073036,17588.25,-18.209999999999127,51.5707081,0.0,1.0,0.0,1025.1241118499229,1025.1241118499229,0.0,0.0
1668124670.428677,17594.06,5.81000000000131,52.93851075,0.0,1.0,0.0,1025.1241118499229,1025.1241118499229,0.0,0.0
1668124730.200833,17602.56,8.5,54.74030116,0.0,1.0,0.0,1025.1241118499229,1025.1241118499229,0.0,0.0
1668124791.0577226,17595.7,-6.860000000000582,52.56770833,0.0,1.0,0.0,1025.1241118499229,1025.1241118499229,0.0,0.0
1668124851.163343,17586.36,-9.340000000000146,49.68626093,1.0,0.0,0.0582908635925753,0.0,1025.1241118499229,0.0,0.0
1668124911.160719,17628.22,41.86000000000058,60.86841399,0.0,1.0,0.0,1027.5641673999078,1027.5641673999078,2.4400555499848906,0.0
1668124972.3053944,17639.27,11.049999999999272,61.71788236,0.0,1.0,0.0,1027.5641673999078,1027.5641673999078,0.0,0.0
1668125032.344518,17622.41,-16.860000000000582,56.40219066,0.0,1.0,0.0,1027.5641673999078,1027.5641673999078,0.0,0.0
1668125092.1856008,17621.24,-1.1699999999982538,55.89146448,0.0,1.0,0.0,1027.5641673999078,1027.5641673999078,0.0,0.0
1668125153.1979654,17654.86,33.61999999999898,64.05398994,0.0,1.0,0.0,1027.5641673999078,1027.5641673999078,0.0,0.0
1668125202.699089,17645.09,-9.770000000000437,62.08840435,0.0,1.0,0.0,1027.5641673999078,1027.5641673999078,0.0,0.0
1668125253.353145,17646.46,1.3699999999989814,62.20821949,0.0,1.0,0.0,1027.5641673999078,1027.5641673999078,0.0,0.0
1668125313.5130782,17639.13,-7.329999999998108,59.25478489,0.0,1.0,0.0,1027.5641673999078,1027.5641673999078,0.0,0.0
1668125373.9622324,17623.02,-16.110000000000582,53.83056426,0.0,1.0,0.0,1027.5641673999078,1027.5641673999078,0.0,0.0
1668125454.9763029,17609.82,-13.200000000000728,49.52538232,1.0,0.0,0.0583517700578374,0.0,1027.5641673999078,0.0,0.0
1668125493.4447875,17601.38,-8.43999999999869,47.0933848,1.0,0.0,0.0583517700578374,0.0,1027.0716784606182,-0.4924889392896148,0.0
1668125557.6738012,17546.93,-54.45000000000073,34.78902962,1.0,0.0,0.0583517700578374,0.0,1023.8944245809688,-3.1772538796493563,0.0
1668125613.357922,17578.96,32.029999999998836,43.914958,1.0,0.0,0.0583517700578374,0.0,1025.7634317759212,1.86900719495236,0.0
1668125673.4025662,17617.12,38.159999999999854,52.63974348,0.0,1.0,0.0,1027.9901353213284,1027.9901353213284,2.22670354540719,0.0
1668125733.3659286,17598.16,-18.959999999999127,48.65243477,1.0,0.0,0.0584146374008037,0.0,1027.9901353213284,0.0,0.0
1668125793.561031,17605.51,7.349999999998545,50.23348876,0.0,1.0,0.0,1028.4194829062235,1028.4194829062235,0.42934758489514024,0.0
1668125853.5191226,17591.42,-14.090000000000146,47.23584057,1.0,0.0,0.0584614251098674,0.0,1028.4194829062235,0.0,0.0
1668125913.3906348,17553.53,-37.88999999999942,40.2472034,1.0,0.0,0.0584614251098674,0.0,1026.2043795088107,-2.215103397412804,0.0
1668125973.4395823,17544.7,-8.829999999998108,38.81217022,1.0,0.0,0.0584614251098674,0.0,1025.6881651250906,-0.5162143837201256,0.0
1668126033.396621,17445.07,-99.63000000000102,27.4503787,1.0,0.0,0.0584614251098674,0.0,1019.8636533413944,-5.824511783696153,0.0
1668126093.4478014,17467.74,22.67000000000189,32.38417347,1.0,0.0,0.0584614251098674,0.0,1021.1889738486352,1.3253205072408036,0.0
1668126153.4520338,17463.64,-4.100000000002183,32.07886014,1.0,0.0,0.0584614251098674,0.0,1020.9492820056846,-0.23969184295060586,0.0
1668126213.393543,17464.49,0.8500000000021828,32.29838095,1.0,0.0,0.0584614251098674,0.0,1020.998974217028,0.04969221134354029,0.0
1668126273.4099748,17435.31,-29.18000000000029,28.99813754,1.0,0.0,0.0584614251098674,0.0,1019.2930698323222,-1.705904384705832,0.0
1668126333.4117353,17482.4,47.090000000000146,39.27891919,1.0,0.0,0.0584614251098674,0.0,1022.0460183407458,2.7529485084236285,0.0
1668126393.4979844,17502.31,19.909999999999854,43.03464968,1.0,0.0,0.0584614251098674,0.0,1023.2099853146832,1.1639669739374767,0.0
1668126453.4079766,17502.18,-0.13000000000101863,43.01594109,1.0,0.0,0.0584614251098674,0.0,1023.202385329419,-0.007599985264164388,0.0
1668126513.450313,17515.42,13.239999999997963,45.60938093,1.0,0.0,0.0584614251098674,0.0,1023.9764145978736,0.7740292684544556,0.0
1668126573.4889965,17507.86,-7.559999999997672,44.36217515,1.0,0.0,0.0584614251098674,0.0,1023.534446224043,-0.44196837383060483,0.0
1668126633.4509883,17498.41,-9.450000000000728,42.79405937,1.0,0.0,0.0584614251098674,0.0,1022.9819857567549,-0.552460467288256,0.0
1668126693.514075,17539.78,41.36999999999898,50.98305544,0.0,1.0,0.0,1025.40053491355,1025.40053491355,2.418549156795166,0.0
1668126753.3902638,17550.19,10.409999999999854,52.80912258,0.0,1.0,0.0,1025.40053491355,1025.40053491355,0.0,0.0
1668126813.4728942,17537.22,-12.969999999997526,50.28529841,0.0,1.0,0.0,1025.40053491355,1025.40053491355,0.0,0.0
1668126873.5321848,17547.74,10.520000000000437,52.29676991,0.0,1.0,0.0,1025.40053491355,1025.40053491355,0.0,0.0
1668126933.4347494,17546.44,-1.3000000000029104,52.03685995,0.0,1.0,0.0,1025.40053491355,1025.40053491355,0.0,0.0
1668126993.5955338,17535.13,-11.309999999997672,49.55199441,1.0,0.0,0.0584769280246881,0.0,1025.40053491355,0.0,0.0
1668127053.6420462,17504.96,-30.17000000000189,43.56962106,1.0,0.0,0.0584769280246881,0.0,1023.6362859950442,-1.764248918505814,0.0
1668127113.815549,17523.37,18.409999999999854,47.7232713,1.0,0.0,0.0584769280246881,0.0,1024.7128462399787,1.0765602449345124,0.0
1668127173.4663584,17522.94,-0.43000000000029104,47.6127958,1.0,0.0,0.0584769280246881,0.0,1024.687701160928,-0.025145079050616914,0.0
1668127233.56523,17507.98,-14.959999999999127,44.57330614,1.0,0.0,0.0584769280246881,0.0,1023.8128863176788,-0.8748148432492826,0.0
1668127293.654662,17518.02,10.040000000000873,47.05342912,1.0,0.0,0.0584769280246881,0.0,1024.3999946750466,0.5871083573678106,0.0
1668127353.7162085,17496.05,-21.970000000001164,42.49825484,1.0,0.0,0.0584769280246881,0.0,1023.1152565663442,-1.2847381087024132,0.0
1668127413.5959938,17488.44,-7.610000000000582,41.18662197,1.0,0.0,0.0584769280246881,0.0,1022.6702471440764,-0.44500942226784446,0.0
1668127473.749193,17498.19,9.75,43.85082252,1.0,0.0,0.0584769280246881,0.0,1023.240397192317,0.5701500482406345,0.0
1668127533.6452804,17489.53,-8.659999999999854,41.9353772,1.0,0.0,0.0584769280246881,0.0,1022.7339869956232,-0.5064101966937642,0.0
1668127593.5991037,17509.49,19.960000000002765,47.37660973,1.0,0.0,0.0584769280246881,0.0,1023.9011864789962,1.1671994833729968,0.0
1668127653.720953,17536.66,27.169999999998254,53.64120045,0.0,1.0,0.0,1025.490004613427,1025.490004613427,1.5888181344306531,0.0
1668127713.611101,17524.74,-11.919999999998254,50.78136343,0.0,1.0,0.0,1025.490004613427,1025.490004613427,0.0,0.0
1668127773.6666882,17538.89,14.149999999997817,53.84635022,0.0,1.0,0.0,1025.490004613427,1025.490004613427,0.0,0.0
1668127833.6847546,17556.07,17.18000000000029,57.46146527,0.0,1.0,0.0,1025.490004613427,1025.490004613427,0.0,0.0
1668127893.65716,17560.08,4.010000000002037,58.27074272,0.0,1.0,0.0,1025.490004613427,1025.490004613427,0.0,0.0
1668127953.6872776,17549.18,-10.900000000001455,55.13865426,0.0,1.0,0.0,1025.490004613427,1025.490004613427,0.0,0.0
1668128013.850819,17563.2,14.020000000000437,58.1439912,0.0,1.0,0.0,1025.490004613427,1025.490004613427,0.0,0.0
1668128073.5769792,17553.95,-9.25,55.50213622,0.0,1.0,0.0,1025.490004613427,1025.490004613427,0.0,0.0
1668128133.6944206,17551.38,-2.569999999999709,54.75707372,0.0,1.0,0.0,1025.490004613427,1025.490004613427,0.0,0.0
1668128193.6381128,17546.13,-5.25,53.16390437,0.0,1.0,0.0,1025.490004613427,1025.490004613427,0.0,0.0
1668128253.6644874,17569.37,23.239999999997963,58.93450195,0.0,1.0,0.0,1025.490004613427,1025.490004613427,0.0,0.0
1668128313.7751749,17580.34,10.970000000001164,61.32212104,0.0,1.0,0.0,1025.490004613427,1025.490004613427,0.0,0.0
1668128373.6316805,17565.09,-15.25,56.41184247,0.0,1.0,0.0,1025.490004613427,1025.490004613427,0.0,0.0
1668128433.6729813,17553.81,-11.279999999998836,53.02940588,0.0,1.0,0.0,1025.490004613427,1025.490004613427,0.0,0.0
1668128494.0550482,17555.08,1.2700000000004366,53.36842079,0.0,1.0,0.0,1025.490004613427,1025.490004613427,0.0,0.0
1668128553.6801648,17568.65,13.569999999999709,56.79512513,0.0,1.0,0.0,1025.490004613427,1025.490004613427,0.0,0.0
1668128613.7180312,17592.95,24.299999999999272,62.47029432,0.0,1.0,0.0,1025.490004613427,1025.490004613427,0.0,0.0
1668128673.8111467,17584.33,-8.619999999998981,59.53843711,0.0,1.0,0.0,1025.490004613427,1025.490004613427,0.0,0.0
1668128733.8595543,17598.42,14.089999999996508,62.6399276,0.0,1.0,0.0,1025.490004613427,1025.490004613427,0.0,0.0
1668128793.70649,17609.33,10.910000000003492,64.65067498,0.0,1.0,0.0,1025.490004613427,1025.490004613427,0.0,0.0
1668128853.696262,17611.69,2.359999999996944,64.98929668,0.0,1.0,0.0,1025.490004613427,1025.490004613427,0.0,0.0
1668128913.7821896,17599.43,-12.2599999999984,60.43594638,0.0,1.0,0.0,1025.490004613427,1025.490004613427,0.0,0.0
1668128973.7558,17630.4,30.970000000001164,66.76967232,0.0,1.0,0.0,1025.490004613427,1025.490004613427,0.0,0.0
1668159109.4964883,17144.75,-485.65000000000146,37.01368128,1.0,0.0,0.0598136458457211,0.0,1025.490004613427,0.0,0.0
1668159110.9260986,17365.14,220.38999999999942,50.41162681,0.0,1.0,0.0,1038.6723340213653,1038.6723340213653,13.182329407938369,0.0
1668159111.868889,17365.14,0.0,50.41162681,0.0,1.0,0.0,1038.6723340213653,1038.6723340213653,0.0,0.0
1668159112.2451956,17365.14,0.0,50.41162681,0.0,1.0,0.0,1038.6723340213653,1038.6723340213653,0.0,0.0
1668159112.6849792,17365.14,0.0,50.41162681,0.0,1.0,0.0,1038.6723340213653,1038.6723340213653,0.0,0.0
1668159113.155561,17365.14,0.0,50.41162681,0.0,1.0,0.0,1038.6723340213653,1038.6723340213653,0.0,0.0
1668159114.5603962,17365.14,0.0,50.41162681,0.0,1.0,0.0,1038.6723340213653,1038.6723340213653,0.0,0.0
1668159114.887445,17365.14,0.0,50.41162681,0.0,1.0,0.0,1038.6723340213653,1038.6723340213653,0.0,0.0
1668159116.8956797,17365.14,0.0,50.41162681,0.0,1.0,0.0,1038.6723340213653,1038.6723340213653,0.0,0.0
1668159117.3921337,17365.14,0.0,50.41162681,0.0,1.0,0.0,1038.6723340213653,1038.6723340213653,0.0,0.0
1668159118.0607638,17365.14,0.0,50.41162681,0.0,1.0,0.0,1038.6723340213653,1038.6723340213653,0.0,0.0
1668159118.3364637,17365.14,0.0,50.41162681,0.0,1.0,0.0,1038.6723340213653,1038.6723340213653,0.0,0.0
1668159119.2487102,17365.14,0.0,50.41162681,0.0,1.0,0.0,1038.6723340213653,1038.6723340213653,0.0,0.0
1668159119.772017,17365.14,0.0,50.41162681,0.0,1.0,0.0,1038.6723340213653,1038.6723340213653,0.0,0.0
1668159120.9801445,17365.14,0.0,50.41162681,0.0,1.0,0.0,1038.6723340213653,1038.6723340213653,0.0,0.0
1668159121.3056347,17365.14,0.0,50.41162681,0.0,1.0,0.0,1038.6723340213653,1038.6723340213653,0.0,0.0
1668159122.049993,17365.14,0.0,50.41162681,0.0,1.0,0.0,1038.6723340213653,1038.6723340213653,0.0,0.0
1668159123.101771,17365.14,0.0,50.41162681,0.0,1.0,0.0,1038.6723340213653,1038.6723340213653,0.0,0.0
1668159123.3381088,17365.14,0.0,50.41162681,0.0,1.0,0.0,1038.6723340213653,1038.6723340213653,0.0,0.0
1668159123.8242862,17365.14,0.0,50.41162681,0.0,1.0,0.0,1038.6723340213653,1038.6723340213653,0.0,0.0
1668159124.8774686,17365.14,0.0,50.41162681,0.0,1.0,0.0,1038.6723340213653,1038.6723340213653,0.0,0.0
1668159126.10457,17365.14,0.0,50.41162681,0.0,1.0,0.0,1038.6723340213653,1038.6723340213653,0.0,0.0
1668159127.415604,17365.14,0.0,50.41162681,0.0,1.0,0.0,1038.6723340213653,1038.6723340213653,0.0,0.0
1668159127.927107,17365.14,0.0,50.41162681,0.0,1.0,0.0,1038.6723340213653,1038.6723340213653,0.0,0.0
1668159128.1072512,17365.14,0.0,50.41162681,0.0,1.0,0.0,1038.6723340213653,1038.6723340213653,0.0,0.0
1668159128.411341,17365.14,0.0,50.41162681,0.0,1.0,0.0,1038.6723340213653,1038.6723340213653,0.0,0.0
1668159128.8893864,17365.14,0.0,50.41162681,0.0,1.0,0.0,1038.6723340213653,1038.6723340213653,0.0,0.0
1668159129.5163276,17365.14,0.0,50.41162681,0.0,1.0,0.0,1038.6723340213653,1038.6723340213653,0.0,0.0
1668159130.805662,17365.14,0.0,50.41162681,0.0,1.0,0.0,1038.6723340213653,1038.6723340213653,0.0,0.0
1668159131.3557537,17365.14,0.0,50.41162681,0.0,1.0,0.0,1038.6723340213653,1038.6723340213653,0.0,0.0
1668159132.215314,17359.61,-5.529999999998836,48.95650225,1.0,0.0,0.0598326998141873,0.0,1038.6723340213653,0.0,0.0
1668159132.5057557,17359.61,0.0,48.95650225,1.0,0.0,0.0598326998141873,0.0,1038.672334021364,-1.3642420526593924e-12,0.0
1668159132.898542,17359.61,0.0,48.95650225,1.0,0.0,0.0598326998141873,0.0,1038.672334021364,0.0,0.0
1668159133.20747,17359.61,0.0,48.95650225,1.0,0.0,0.0598326998141873,0.0,1038.672334021364,0.0,0.0
1668159134.2220252,17359.61,0.0,48.95650225,1.0,0.0,0.0598326998141873,0.0,1038.672334021364,0.0,0.0
1668159135.8343112,17359.61,0.0,48.95650225,1.0,0.0,0.0598326998141873,0.0,1038.672334021364,0.0,0.0
1668159136.085223,17359.61,0.0,48.95650225,1.0,0.0,0.0598326998141873,0.0,1038.672334021364,0.0,0.0
1668159136.6912482,17359.61,0.0,48.95650225,1.0,0.0,0.0598326998141873,0.0,1038.672334021364,0.0,0.0
1668159137.7143924,17359.61,0.0,48.95650225,1.0,0.0,0.0598326998141873,0.0,1038.672334021364,0.0,0.0
1668159138.0119815,17359.61,0.0,48.95650225,1.0,0.0,0.0598326998141873,0.0,1038.672334021364,0.0,0.0
1668159138.415578,17359.61,0.0,48.95650225,1.0,0.0,0.0598326998141873,0.0,1038.672334021364,0.0,0.0
1668159139.0668535,17359.61,0.0,48.95650225,1.0,0.0,0.0598326998141873,0.0,1038.672334021364,0.0,0.0
1668159139.564943,17359.61,0.0,48.95650225,1.0,0.0,0.0598326998141873,0.0,1038.672334021364,0.0,0.0
1668159139.852489,17359.61,0.0,48.95650225,1.0,0.0,0.0598326998141873,0.0,1038.672334021364,0.0,0.0
1668159140.1881213,17359.61,0.0,48.95650225,1.0,0.0,0.0598326998141873,0.0,1038.672334021364,0.0,0.0
1668159141.224097,17359.61,0.0,48.95650225,1.0,0.0,0.0598326998141873,0.0,1038.672334021364,0.0,0.0
1668159141.5278914,17359.61,0.0,48.95650225,1.0,0.0,0.0598326998141873,0.0,1038.672334021364,0.0,0.0
1668159143.1498518,17359.61,0.0,48.95650225,1.0,0.0,0.0598326998141873,0.0,1038.672334021364,0.0,0.0
1668159143.887182,17359.61,0.0,48.95650225,1.0,0.0,0.0598326998141873,0.0,1038.672334021364,0.0,0.0
1668159144.1811492,17359.61,0.0,48.95650225,1.0,0.0,0.0598326998141873,0.0,1038.672334021364,0.0,0.0
