time,open,close,macd,mom,rsi
1668272473.3431275,2.814,2.814,-0.00362635,-0.012,38.9516179
1668272483.2932506,2.814,2.814,-0.00362635,-0.012,38.9516179
1668272493.2984278,2.814,2.814,-0.00362635,-0.012,38.9516179
1668272503.3098345,2.814,2.814,-0.00362635,-0.012,38.9516179
1668272513.2954912,2.814,2.814,-0.00362635,-0.012,38.9516179
1668272524.1685593,2.814,2.814,-0.00362635,-0.012,38.9516179
1668272534.1679554,2.814,2.814,-0.0037503,-0.006,38.9516179
1668272544.128937,2.814,2.814,-0.0037503,-0.006,38.9516179
1668272554.1722653,2.814,2.814,-0.0037503,-0.006,38.9516179
1668272961.102307,2.817,2.817,-0.00337518,0.001,46.1736476
1668272961.7720542,2.817,2.817,-0.00337518,0.001,46.1736476
1668273021.4224918,2.818,2.818,-0.00296516,0.0,47.71139938
1668273081.2832143,2.818,2.818,-0.00261014,0.003,47.71139938
1668273141.1366928,2.82,2.82,-0.00214269,0.003,50.96101592
1668273201.1057491,2.82,2.82,-0.00214269,0.003,50.96101592
1668273261.1750495,2.816,2.816,-0.00207113,0.002,44.94485114
1668273321.1529217,2.82,2.82,-0.00134089,0.008,51.15480251
1668273381.2740724,2.82,2.815,-0.00173975,0.003,44.41139549
1668273440.99939,2.814,2.814,-0.00185249,0.004,43.18524705
1668273501.1705203,2.814,2.814,-0.00191971,0.0,43.18524705
1668273561.0245826,2.813,2.813,-0.00203027,-0.004,41.84536863
1668273621.0903249,2.813,2.817,-0.00171118,0.0,48.16452462
1668273681.1554718,2.821,2.821,-0.00120922,0.004,53.95851721
1668273741.1230092,2.826,2.826,-0.00052648,0.008,60.1292213
1668273800.9920478,2.826,2.826,-4.534e-05,0.008,60.36756824
1668273861.1289096,2.825,2.825,0.00043986,0.005,58.60683093
1668273921.0508444,2.825,2.823,0.00028032,0.003,55.37650445
1668273981.197274,2.823,2.823,0.00053227,0.007,55.37650445
1668274041.0409727,2.823,2.823,0.0007236,0.003,55.37650445
1668274101.1159823,2.823,2.823,0.0007236,0.003,55.37650445
1668274161.0305324,2.822,2.822,0.00078548,0.007,53.53382206
1668274221.4458563,2.822,2.821,0.00070571,0.006,51.80982288
1668274281.158213,2.821,2.819,0.00052411,0.005,48.4492701
1668274341.1803904,2.819,2.819,0.00037586,0.005,48.4492701
1668274401.3240645,2.819,2.819,0.00037586,0.005,48.4492701
1668274461.0830688,2.819,2.819,0.00037586,0.005,48.4492701
1668274521.233756,2.819,2.819,0.00025542,0.002,48.4492701
1668274581.243575,2.819,2.819,0.00025542,0.002,48.4492701
1668274641.667392,2.821,2.821,0.0003177,0.002,52.31255485
1668274701.6301384,2.821,2.821,0.00042446,-0.002,52.01186574
1668274761.1932986,2.821,2.821,0.00050236,-0.005,51.86250414
1668274821.0683372,2.821,2.818,0.00026304,-0.008,46.28057222
1668274881.1956575,2.816,2.82,0.00041539,-0.003,49.71024222
1668274941.219349,2.816,2.82,0.00041539,-0.003,49.71024222
1668275001.1007376,2.82,2.82,0.00028153,-0.003,49.71024222
1668275061.067207,2.821,2.821,0.0003719,0.0,52.01951705
1668275121.1224103,2.821,2.819,0.00021235,-0.002,47.33766594
1668275181.1588564,2.822,2.822,0.00051622,0.003,54.44554765
1668275241.2317405,2.822,2.821,0.00043645,0.002,51.63395908
1668275301.1823256,2.818,2.818,0.00017705,-0.001,44.25117533
1668275361.1318345,2.822,2.822,0.00029089,0.0,53.74727866
1668275421.270251,2.822,2.822,0.00029089,0.0,53.74727866
1668275481.311442,2.82,2.82,0.00021722,-0.002,49.23173977
1668275541.4799478,2.823,2.823,0.00039634,0.002,55.29843007
1668275601.259611,2.823,2.823,0.00039634,0.002,55.29843007
1668275661.9651618,2.823,2.823,0.00053216,0.003,55.29843007
1668275721.262998,2.824,2.824,0.00071228,0.004,57.2722941
1668275781.926544,2.824,2.825,0.00079206,0.005,59.07921209
1668275841.830796,2.822,2.822,0.00074733,0.001,51.97768514
1668275902.8648598,2.822,2.82,0.00058779,-0.001,48.12144192
1668275962.723933,2.824,2.824,0.00074014,0.003,55.26918557
1668276022.7437618,2.822,2.822,0.00069153,0.0,51.45204298
1668276082.7006226,2.822,2.822,0.00064556,0.001,51.45204298
1668276143.495793,2.816,2.816,-6.122e-05,-0.002,41.77273003
1668276203.517512,2.815,2.815,-0.00056813,-0.007,40.45725873
1668276263.4483244,2.815,2.816,-0.00048836,-0.006,42.41032869
1668276324.571504,2.818,2.818,-0.0005954,-0.002,46.21048356
1668276384.640131,2.818,2.818,-0.0005954,-0.002,46.21048356
1668276444.589682,2.818,2.818,-0.0005954,-0.002,46.21048356
1668276505.427778,2.816,2.816,-0.00083202,-0.007,43.14451979
1668276565.4689283,2.81,2.81,-0.00160974,-0.013,35.67872091
1668276625.384277,2.811,2.811,-0.00193436,-0.014,36.7648917
1668276687.259819,2.809,2.809,-0.00238869,-0.011,34.34002008
1668276746.388768,2.807,2.807,-0.00293856,-0.017,32.13874275
1668276806.2661288,2.81,2.81,-0.00309566,-0.012,39.49000091
1668276867.441493,2.81,2.81,-0.00309566,-0.012,39.49000091
1668276927.5365207,2.81,2.81,-0.00309566,-0.012,39.49000091
1668276987.5423443,2.81,2.81,-0.00309566,-0.012,39.49000091
1668277048.3275702,2.811,2.813,-0.00288165,-0.006,44.90592018
1668277108.3432198,2.811,2.811,-0.00284068,-0.004,42.19451478
1668277168.3033652,2.811,2.811,-0.00284068,-0.004,42.19451478
1668277229.509286,2.811,2.811,-0.00284068,-0.004,42.19451478
1668277289.1970608,2.81,2.81,-0.00285598,-0.006,40.86587768
1668277349.1555884,2.809,2.809,-0.00291519,-0.009,39.52554404
1668277410.0692496,2.809,2.809,-0.00291519,-0.009,39.52554404
1668277470.1091578,2.806,2.806,-0.00357576,-0.005,39.11732142
1668277529.9489913,2.806,2.806,-0.00357576,-0.005,39.11732142
1668277591.232029,2.81,2.81,-0.00320568,0.002,45.82650523
1668277651.171722,2.805,2.805,-0.00381058,-0.001,40.52740468
1668277711.320508,2.805,2.805,-0.00381058,-0.001,40.52740468
1668277772.7697215,2.8,2.8,-0.00413994,-0.01,35.49284149
1668277832.2186253,2.805,2.805,-0.00376718,-0.008,41.721222
1668277892.2913668,2.806,2.806,-0.00353992,-0.005,43.38751752
1668277953.053139,2.81,2.81,-0.00275608,0.0,49.19764215
1668278013.0287373,2.811,2.811,-0.00228078,0.002,50.66566201
1668278073.1023948,2.807,2.807,-0.0021399,0.005,45.2136694
1668278134.427039,2.81,2.81,-0.00164355,0.004,49.08219063
1668278194.2184892,2.81,2.81,-0.00164355,0.004,49.08219063
1668278254.6557262,2.806,2.806,-0.00174252,-0.001,43.34706389
1668278315.277772,2.807,2.807,-0.00172044,0.005,45.07494661
1668278375.2592545,2.807,2.812,-0.00132158,0.01,52.3425707
1668278435.188511,2.815,2.815,-0.0007374,0.01,56.09626874
1668278495.882259,2.807,2.807,-0.00122052,0.002,45.46521297
1668278556.1256788,2.811,2.811,-0.0009382,0.001,51.46738652
1668278615.892306,2.811,2.811,-0.0009382,0.001,51.46738652
1668278677.1375806,2.811,2.811,-0.0009382,0.001,51.46738652
1668278737.0998082,2.811,2.811,-0.0009382,0.001,51.46738652
1668278797.7169008,2.811,2.811,-0.0009382,0.001,51.46738652
1668278857.7750895,2.811,2.811,-0.0009382,0.001,51.46738652
1668278917.8770094,2.815,2.815,-1.272e-05,0.003,56.69851006
1668278977.9292552,2.82,2.82,0.00092697,0.01,62.23944758
1668279038.6542833,2.82,2.814,0.00044833,0.004,54.00384815
1668279098.7205083,2.82,2.814,0.00044833,0.004,54.00384815
1668279158.59861,2.813,2.813,0.00053718,0.003,52.56701365
1668279219.440718,2.811,2.811,0.00031794,0.005,49.91112771
1668279279.7521996,2.811,2.813,0.00047749,0.007,52.49584131
1668279340.0167177,2.811,2.813,0.00047749,0.007,52.49584131
1668279400.525464,2.816,2.818,0.00112307,0.007,58.52404378
1668279460.7546427,2.818,2.818,0.00143405,0.011,58.52404378
1668279520.8234668,2.818,2.818,0.00143405,0.011,58.52404378
1668279581.4106455,2.817,2.817,0.00158158,0.01,56.80290752
1668279641.4611402,2.817,2.818,0.00166135,0.011,58.52404378
1668279701.3960104,2.821,2.821,0.00205982,0.01,62.2222158
1668279762.3880446,2.817,2.817,0.00202944,0.003,55.16003756
1668279822.1635149,2.817,2.817,0.00202944,0.003,55.16003756
1668279882.6635668,2.817,2.817,0.00198252,-0.001,55.16003756
1668279943.1862984,2.814,2.814,0.00156067,0.0,50.41944537
1668280003.3339472,2.817,2.817,0.00157668,0.006,54.81096744
1668280063.189648,2.817,2.816,0.00149691,0.005,53.43619474
1668280124.0772057,2.816,2.818,0.00158945,0.005,56.29969361
1668280184.0789845,2.817,2.817,0.00150247,0.002,54.91336436
1668280305.1366515,2.818,2.818,0.00129156,0.0,55.41556077
1668280365.7413075,2.818,2.817,0.00121179,-0.001,54.11164048
1668280424.9901347,2.816,2.816,0.00114957,-0.002,52.45939086
1668280486.008727,2.816,2.816,0.00114957,-0.002,52.45939086
1668280546.1042645,2.816,2.816,0.00108773,-0.005,52.45939086
1668280605.987734,2.816,2.816,0.00102688,-0.001,52.45939086
1668280666.987281,2.816,2.816,0.00102688,-0.001,52.45939086
1668280726.9948466,2.816,2.816,0.00102688,-0.001,52.45939086
1668280787.0677693,2.816,2.816,0.00102688,-0.001,52.45939086
1668280847.8393288,2.816,2.816,0.00102688,-0.001,52.45939086
1668280908.2620275,2.816,2.816,0.00102688,-0.001,52.45939086
1668280967.9854708,2.816,2.816,0.00102688,-0.001,52.45939086
1668281028.544772,2.816,2.816,0.00102688,-0.001,52.45939086
1668281088.5508647,2.815,2.815,0.00088773,0.0,50.53227485
1668281148.6063635,2.815,2.815,0.00076859,0.001,50.53227485
1668281209.858656,2.815,2.816,0.00084836,0.002,52.41480172
1668281269.588966,2.815,2.816,0.00084836,0.002,52.41480172
1668281329.700112,2.815,2.816,0.00084836,0.002,52.41480172
1668281390.401747,2.816,2.816,0.00080785,0.0,52.41480172
1668281450.9341724,2.815,2.815,0.00068714,-0.002,50.19923071
1668281510.3490005,2.816,2.816,0.00060291,0.004,52.32758454
1668281571.212547,2.815,2.815,0.00051278,-0.002,50.15792871
1668281631.1719797,2.814,2.814,0.00035654,-0.003,48.01398871
1668281691.4583492,2.814,2.814,0.00023008,-0.002,48.01398871
1668281752.417662,2.814,2.814,0.00012837,-0.002,48.01398871
1668281812.2759,2.814,2.814,0.00012837,-0.002,48.01398871
1668281872.2365594,2.814,2.814,4.722e-05,-0.002,48.01398871
1668281933.0266385,2.817,2.82,0.00058492,0.005,61.10992076
1668281992.9423249,2.816,2.816,0.00055544,0.0,51.55773788
1668282052.9969964,2.816,2.816,0.00055544,0.0,51.55773788
1668282113.721928,2.82,2.82,0.0008451,0.004,58.53736869
1668282173.8003578,2.82,2.821,0.00092488,0.005,59.97894161
1668282233.831639,2.82,2.82,0.00112401,0.006,57.81423414
1668282294.9188476,2.817,2.817,0.00102789,0.001,51.77693503
1668282354.8871136,2.817,2.817,0.00094088,0.002,51.77693503
1668282414.7793725,2.817,2.817,0.00080039,0.003,51.78234644
1668282475.8543477,2.817,2.817,0.00080039,0.003,51.78234644
1668282535.5900743,2.815,2.815,0.00058416,0.001,47.91690789
1668282595.4551494,2.815,2.815,0.00046968,0.001,47.77972897
1668282674.4796815,2.812,2.812,7.282e-05,-0.004,42.30207895
1668282736.178433,2.815,2.815,3.7e-07,-0.005,48.64277366
1668282776.449534,2.815,2.815,3.7e-07,-0.005,48.64277366
1668282837.2491062,2.815,2.815,3.7e-07,-0.005,48.64277366
1668282897.5136323,2.815,2.815,3.7e-07,-0.005,48.64277366
1668282957.3096771,2.815,2.815,3.7e-07,-0.005,48.64277366
1668283018.3430235,2.815,2.815,3.7e-07,-0.005,48.64277366
1668283078.3291914,2.815,2.815,3.7e-07,-0.005,48.64277366
1668283138.33458,2.815,2.815,3.7e-07,-0.005,48.64277366
1668283198.963343,2.815,2.815,3.7e-07,-0.005,48.64277366
1668283259.3289318,2.815,2.815,3.7e-07,-0.005,48.64277366
1668283319.02274,2.815,2.815,3.7e-07,-0.005,48.64277366
1668283379.8100042,2.815,2.815,3.7e-07,-0.005,48.64277366
1668283440.09002,2.815,2.815,3.7e-07,-0.005,48.64277366
1668283499.7952926,2.815,2.815,3.7e-07,-0.005,48.64277366
1668283561.770235,2.815,2.815,3.7e-07,-0.005,48.64277366
1668283620.994684,2.816,2.815,-5.639e-05,-0.001,48.64277366
1668283680.9011316,2.816,2.815,-5.639e-05,-0.001,48.64277366
1668283741.7581367,2.818,2.818,0.0001391,-0.003,54.44840712
1668283801.931805,2.818,2.814,-0.00017999,-0.007,46.66045372
1668283862.097008,2.818,2.814,-0.00017999,-0.007,46.66045372
1668283922.5770285,2.817,2.817,-3.546e-05,-0.003,52.8661974
1668283982.6157372,2.82,2.82,0.00062544,0.003,56.5639969
1668284042.730058,2.82,2.82,0.00062544,0.003,56.5639969
1668284104.3449566,2.822,2.822,0.00098317,0.006,59.42145539
1668284163.6653674,2.818,2.817,0.00085337,0.0,50.48059643
1668284223.784762,2.818,2.818,0.00082172,0.002,52.03503918
1668284284.5397038,2.815,2.818,0.0006028,0.003,52.11619425
1668284344.4435203,2.818,2.818,0.0006119,0.006,52.11619425
1668284404.4559934,2.818,2.818,0.0006119,0.006,52.11619425
1668284465.328207,2.818,2.818,0.00061206,0.003,52.11619425
1668284525.2625349,2.818,2.818,0.00061206,0.003,52.11619425
1668284585.2762446,2.819,2.818,0.00060521,0.003,52.11619425
1668284646.6455202,2.818,2.818,0.00040817,0.004,52.0663749
1668284706.2946825,2.819,2.819,0.00076278,-0.003,52.68646807
1668284766.3867369,2.814,2.814,7.51e-05,-0.006,46.13678129
1668284827.019685,2.814,2.814,-0.00015203,-0.008,46.13678129
1668284887.0961857,2.813,2.813,-0.00034644,-0.004,44.93393503
1668284947.0373166,2.813,2.813,-0.00034644,-0.004,44.93393503
1668285007.7955377,2.82,2.82,1.11e-06,0.005,54.66241892
1668285068.0865264,2.815,2.815,-0.00012548,-0.003,48.12258503
1668285127.8875418,2.807,2.807,-0.0008614,-0.011,39.89769118
1668285189.648507,2.811,2.811,-0.00147861,-0.007,46.31315469
1668285249.6696544,2.811,2.809,-0.00172988,-0.006,44.68292869
1668285309.7142863,2.807,2.803,-0.00238566,-0.019,40.12031477
1668285370.6694171,2.803,2.803,-0.00293386,-0.011,40.52082224
1668285430.842013,2.805,2.805,-0.00310787,-0.009,42.70530718
1668285490.7371364,2.809,2.809,-0.0029938,-0.004,47.37256416
1668285551.600849,2.809,2.809,-0.0029938,-0.004,47.37256416
1668285611.72058,2.811,2.811,-0.00256919,-0.009,49.43211907
1668285671.8419998,2.81,2.81,-0.00228702,-0.005,48.41195857
1668285732.4024024,2.81,2.809,-0.00236679,-0.006,47.43305398
1668285792.4890082,2.81,2.809,-0.00236679,-0.006,47.43305398
1668285852.535256,2.811,2.81,-0.00210147,0.009,48.55334167
1668285913.522195,2.809,2.809,-0.00194942,-0.002,47.46399578
1668285973.586599,2.801,2.801,-0.00260792,-0.001,39.58618943
1668286033.5568542,2.801,2.802,-0.00252815,0.0,40.46433776
1668286094.3458424,2.801,2.804,-0.0023686,0.002,42.34294159
1668286154.4734323,2.804,2.804,-0.00248251,0.001,42.34294159
1668286214.7807634,2.8,2.8,-0.00286256,-0.005,38.22645972
1668286275.4100342,2.803,2.803,-0.00288837,-0.001,42.72389195
1668286335.301645,2.803,2.804,-0.0028086,0.0,44.08095683
1668286395.3643992,2.805,2.805,-0.00265455,-0.004,45.47228349
1668286456.605239,2.805,2.805,-0.00265455,-0.004,45.47228349
1668286516.9069548,2.801,2.801,-0.0026759,-0.008,40.76678929
1668286576.6157758,2.801,2.801,-0.0026759,-0.008,40.76678929
1668286637.4718566,2.801,2.801,-0.0026759,-0.008,40.76678929
1668286697.4254384,2.801,2.801,-0.00278039,-0.009,40.76678929
1668286758.2253458,2.801,2.801,-0.00278039,-0.009,40.76678929
1668286818.258654,2.81,2.81,-0.00211262,0.002,53.36074057
1668286878.1685438,2.807,2.807,-0.00180469,0.002,49.57684576
1668286938.285781,2.805,2.805,-0.0017024,0.001,47.17511879
1668286998.9797976,2.805,2.805,-0.00160287,0.001,47.17511879
1668287059.0030334,2.805,2.805,-0.00160287,0.001,47.17511879
1668287118.919773,2.805,2.805,-0.00150661,0.005,47.17511879
1668287179.9637918,2.805,2.805,-0.00150661,0.005,47.17511879
1668287240.6151898,2.805,2.805,-0.00150661,0.005,47.17511879
1668287299.9987586,2.81,2.81,-0.00101517,0.006,54.11579816
1668287360.842614,2.809,2.809,-0.00069835,0.004,52.62649678
1668287420.7588103,2.81,2.81,-0.00036239,0.005,53.99011976
1668287480.7960558,2.814,2.814,0.00068095,0.013,59.06575359
1668287541.4507794,2.814,2.812,0.0005214,0.011,55.75391446
1668287601.8112147,2.814,2.812,0.0005214,0.011,55.75391446
1668287661.4700928,2.814,2.814,0.00120051,0.007,58.27350557
1668287722.740598,2.814,2.814,0.00135442,0.009,57.8890337
1668287782.6015365,2.814,2.813,0.00127465,0.008,56.53984329
1668287842.4937654,2.81,2.81,0.00114139,0.005,51.23634848
1668287903.5600483,2.81,2.81,0.00114139,0.005,51.23634848
1668287977.6531868,2.81,2.81,0.00114139,0.005,51.23634848
1668288023.314101,2.811,2.811,0.00110376,0.006,52.82483808
1668288084.1849406,2.811,2.811,0.00110376,0.006,52.82483808
1668288144.1831777,2.811,2.811,0.00110376,0.006,52.82483808
1668288204.1937215,2.812,2.812,0.00114147,0.002,54.42370336
1668288265.3992078,2.812,2.81,0.00098192,0.0,51.03449341
1668288325.3990395,2.798,2.798,-0.00116097,-0.012,38.33946383
1668288385.42884,2.798,2.797,-0.00124074,-0.013,36.915368
1668288446.1132617,2.798,2.797,-0.00124074,-0.013,36.915368
1668288506.1322455,2.803,2.803,-0.00140582,-0.011,45.10723607
1668288566.294345,2.8,2.8,-0.00182004,-0.012,41.89673091
1668288627.1153646,2.8,2.8,-0.00206134,-0.014,41.89673091
1668288686.9004874,2.798,2.798,-0.00250962,-0.015,39.94054809
1668288747.0319676,2.798,2.8,-0.00235007,-0.013,42.8158891
1668288807.7240243,2.798,2.8,-0.00235007,-0.013,42.8158891
1668288867.7539318,2.803,2.803,-0.0021852,-0.01,46.9208401
1668288927.7380977,2.803,2.803,-0.0021852,-0.01,46.9208401
1668288988.716625,2.803,2.803,-0.0021852,-0.01,46.9208401
1668289048.712815,2.803,2.803,-0.0021852,-0.01,46.9208401
1668289108.967528,2.8,2.8,-0.00243452,-0.011,44.30380205
1668289169.5582914,2.8,2.801,-0.00235475,-0.01,45.57897341
1668289229.4970322,2.805,2.801,-0.00226897,-0.009,45.57897341
1668289289.4781222,2.806,2.806,-0.00177705,0.012,51.95733925
1668289350.622336,2.803,2.803,-0.00161071,0.006,48.29952624
1668289410.2513368,2.803,2.803,-0.00161071,0.006,48.29952624
1668289470.170389,2.803,2.803,-0.00146203,0.001,48.29952624
1668289531.199113,2.803,2.802,-0.0015418,0.0,47.10899215
1668289591.1635764,2.802,2.802,-0.00145901,0.004,47.35681282
1668289651.217102,2.802,2.803,-0.00137924,0.005,48.74546606
1668289711.9767847,2.804,2.804,-0.00114995,0.004,50.16127054
1668289771.9930346,2.804,2.802,-0.0013095,0.002,47.39896958
1668289831.9625723,2.802,2.802,-0.00123993,-0.001,47.39896958
1668289892.6751757,2.802,2.802,-0.00123993,-0.001,47.39896958
1668289952.819321,2.802,2.802,-0.00123993,-0.001,47.39896958
1668290012.7469864,2.805,2.805,-0.00074168,0.004,52.11875678
1668290073.6599915,2.804,2.804,-0.00060141,0.003,50.41373562
1668290133.600545,2.805,2.805,-0.00040488,-0.001,52.10123914
1668290193.7595894,2.805,2.807,-0.00024533,0.001,55.15363292
1668290254.7563622,2.805,2.807,-0.00024533,0.001,55.15363292
1668290314.4911902,2.809,2.809,0.00019598,0.006,58.03369405
1668290374.4710996,2.809,2.809,0.00053951,0.007,58.03369405
1668290435.933881,2.809,2.809,0.00053951,0.007,58.03369405
1668290495.1701338,2.805,2.805,0.00043396,0.002,50.50969778
1668290555.16738,2.805,2.805,0.00043396,0.002,50.50969778
1668290615.9219637,2.806,2.806,0.00047004,0.004,52.302663
1668290675.7998743,2.806,2.806,0.00043136,0.004,52.43521733
1668290735.9545004,2.806,2.806,0.00045863,0.002,52.43521733
1668290796.943545,2.806,2.807,0.00053841,0.003,54.34802827
1668290857.1264284,2.809,2.809,0.00077569,0.004,57.98704799
1668290917.1406016,2.809,2.806,0.00053637,0.001,52.09201141
1668290977.67657,2.808,2.808,0.00068821,0.004,56.02380639
1668291037.7465029,2.808,2.808,0.00068821,0.004,56.02380639
1668291097.697094,2.805,2.805,0.00056001,-0.002,49.46590572
1668291158.4538462,2.802,2.802,-0.00019969,-0.007,44.28240223
1668291218.5036206,2.802,2.802,-0.00019969,-0.007,44.28240223
1668291278.5083923,2.801,2.801,-0.00045644,-0.004,42.43127485
1668291339.7456002,2.801,2.799,-0.00061598,-0.006,39.15749112
1668291399.8606915,2.801,2.799,-0.00061598,-0.006,39.15749112
1668291459.6865444,2.801,2.799,-0.00061598,-0.006,39.15749112
1668291521.119143,2.809,2.809,-0.00013739,0.004,57.01542558
1668291580.6277318,2.812,2.809,0.00077777,0.003,55.17119654
1668291640.6037903,2.805,2.805,0.00062183,-0.002,49.43045346
1668291701.4571006,2.805,2.801,0.00030274,-0.006,44.77180139
1668291761.3736565,2.805,2.801,0.00030274,-0.006,44.77180139
1668291821.5471032,2.805,2.801,0.00030274,-0.006,44.77180139
1668291882.4924278,2.805,2.801,0.00030274,-0.006,44.77180139
1668291942.586228,2.805,2.801,0.00030274,-0.006,44.77180139
1668292002.5894525,2.806,2.806,0.00032598,0.0,50.98975213
1668292063.59729,2.805,2.805,0.00039135,0.003,49.55404711
1668292123.5820415,2.805,2.805,0.00039135,0.003,49.55404711
1668292183.4907322,2.805,2.805,0.00039135,0.003,49.55404711
1668292243.991942,2.805,2.805,0.00030175,0.003,49.55404711
1668292304.179697,2.805,2.805,0.00030175,0.003,49.55404711
1668292364.0756483,2.805,2.805,0.00030175,0.003,49.55404711
1668292425.1823652,2.805,2.805,0.00030175,0.003,49.55404711
1668292484.956154,2.803,2.803,6.858e-05,0.001,47.02614044
1668292545.2980435,2.803,2.803,6.858e-05,0.001,47.02614044
1668292606.0220945,2.803,2.803,6.858e-05,0.001,47.02614044
1668292665.898543,2.803,2.803,6.858e-05,0.001,47.02614044
1668292725.9365497,2.803,2.803,6.858e-05,0.001,47.02614044
1668292786.8327048,2.803,2.803,6.858e-05,0.001,47.02614044
1668292846.8988614,2.803,2.803,6.858e-05,0.001,47.02614044
1668292906.721858,2.803,2.803,6.858e-05,0.001,47.02614044
1668292967.486588,2.808,2.808,0.00028397,0.009,53.42314626
1668293027.5007486,2.813,2.813,0.00109608,0.0,59.00101709
1668293087.6670785,2.813,2.813,0.00146518,0.004,59.00101709
1668293148.462109,2.813,2.813,0.00146518,0.004,59.00101709
1668293208.4838345,2.805,2.805,0.00109949,0.004,48.01678175
1668293268.5855331,2.805,2.805,0.00109949,0.004,48.01678175
1668293329.3183024,2.805,2.803,0.00064091,-0.003,45.7249222
1668293389.3214774,2.805,2.803,0.00064091,-0.003,45.7249222
1668293449.5490184,2.811,2.811,0.00091249,0.003,54.98114977
1668293510.179337,2.811,2.811,0.00091249,0.003,54.98114977
1668293569.9458568,2.811,2.811,0.00091249,0.003,54.98114977
1668293630.4090793,2.811,2.811,0.00091249,0.003,54.98114977
1668293690.980573,2.811,2.811,0.00091249,0.003,54.98114977
1668293751.0612028,2.811,2.811,0.00091249,0.003,54.98114977
1668293811.016255,2.811,2.811,0.00091249,0.003,54.98114977
1668293871.8632336,2.811,2.811,0.00091249,0.003,54.98114977
1668293931.742939,2.811,2.811,0.00091249,0.003,54.98114977
1668293991.7774217,2.806,2.806,0.00071601,0.001,49.31980481
1668294053.5407002,2.806,2.806,0.00071601,0.001,49.31980481
1668294113.889054,2.805,2.805,0.00047414,0.0,48.24972704
1668294173.8438845,2.803,2.803,0.0001197,0.0,46.09561502
1668294234.6486511,2.803,2.803,-0.00022096,-0.005,46.35066216
1668294294.400347,2.803,2.803,-0.00042283,-0.007,46.35066216
1668294354.567939,2.803,2.803,-0.00042283,-0.007,46.35066216
1668294415.337506,2.803,2.803,-0.00042283,-0.007,46.35066216
1668294475.4719734,2.805,2.805,-0.00041664,-0.008,49.06498724
1668294535.5246062,2.805,2.805,-0.00041664,-0.008,49.06498724
1668294596.3010056,2.805,2.805,-0.00039487,0.0,49.06498724
1668294656.5182185,2.805,2.805,-0.00039487,0.0,49.06498724
1668294716.4012556,2.805,2.805,-0.00039487,0.0,49.06498724
1668294777.192007,2.805,2.805,-0.00039487,0.0,49.06498724
1668294837.0939977,2.805,2.805,-0.00039487,0.0,49.06498724
1668294896.9624362,2.805,2.805,-0.00039487,0.0,49.06498724
1668294958.0838394,2.801,2.801,-0.00069993,-0.002,43.55985265
1668295018.0005226,2.801,2.801,-0.00069993,-0.002,43.55985265
1668295078.0755763,2.801,2.801,-0.00069993,-0.002,43.55985265
1668295138.7875326,2.804,2.805,-0.00061187,-0.006,49.64440543
1668295198.9072144,2.804,2.805,-0.00061187,-0.006,49.64440543
1668295258.7530246,2.804,2.805,-0.00061187,-0.006,49.64440543
1668295319.5993953,2.805,2.805,-0.00053591,-0.001,49.64440543
1668295379.529575,2.805,2.806,-0.00045614,0.0,51.06472874
1668295439.4653077,2.805,2.806,-0.00045614,0.0,51.06472874
1668295500.5387986,2.805,2.806,-0.00045614,0.0,51.06472874
1668295561.0328488,2.81,2.81,-9.83e-06,0.005,56.36631742
1668295620.4369378,2.81,2.81,-9.83e-06,0.005,56.36631742
1668295681.3854852,2.806,2.806,2.086e-05,0.004,50.47703295
1668295741.1885684,2.8,2.8,-0.00068033,-0.003,43.48686495
1668295801.224941,2.793,2.79,-0.00220079,-0.013,34.84702275
1668295862.0232885,2.795,2.795,-0.00253061,-0.01,41.44134118
1668295921.868415,2.792,2.798,-0.00264403,-0.007,45.1961355
1668295982.1721208,2.798,2.798,-0.00257776,-0.007,45.1961355
1668296043.421319,2.798,2.798,-0.00257776,-0.007,45.1961355
1668296103.5541327,2.794,2.794,-0.00281556,-0.007,41.28837829
1668296163.3396587,2.79,2.79,-0.00341205,-0.015,37.88662648
1668296224.0817375,2.794,2.794,-0.00296528,-0.012,42.8622167
1668296284.0478835,2.793,2.793,-0.00346827,-0.017,43.6948359
1668296344.095216,2.793,2.797,-0.00314918,-0.013,47.42919315
1668296404.980072,2.793,2.797,-0.00314918,-0.013,47.42919315
1668296464.914492,2.793,2.797,-0.00314918,-0.013,47.42919315
1668296524.9199948,2.793,2.797,-0.00314918,-0.013,47.42919315
1668296585.6783104,2.797,2.797,-0.00288237,-0.005,47.42919315
1668296645.6951275,2.797,2.797,-0.00288237,-0.005,47.42919315
1668296705.6968164,2.793,2.793,-0.00295958,0.0,44.04153595
1668296766.529636,2.793,2.793,-0.00298634,0.003,44.04153595
1668296825.516438,2.79,2.79,-0.00321259,-0.003,41.465392
1668296885.8010552,2.788,2.788,-0.00357437,-0.01,39.85158204
1668296945.5462823,2.788,2.788,-0.00357437,-0.01,39.85158204
1668297005.6246474,2.794,2.794,-0.00327596,-0.004,46.78999469
1668297065.4983592,2.797,2.797,-0.00276551,0.005,49.90180209
1668297125.4700053,2.8,2.8,-0.00197157,0.003,52.73670867
1668297185.483303,2.803,2.803,-0.00121275,0.015,55.5790638
1668297245.623785,2.803,2.803,-0.00078919,0.006,55.78361135
1668297305.6244874,2.803,2.803,-0.00026085,0.006,55.78361135
1668297365.544253,2.805,2.805,0.00031562,0.012,57.88289554
1668297425.6279142,2.798,2.798,0.00020526,0.005,49.09683502
1668297535.017241,2.798,2.798,0.00020526,0.005,49.09683502
1668297595.4789455,2.798,2.798,0.00020526,0.005,49.09683502
1668297654.934801,2.802,2.802,0.0006726,0.014,53.22046995
1668297715.894328,2.802,2.802,0.0006726,0.014,53.22046995
1668297775.801538,2.802,2.802,0.0006726,0.014,53.22046995
1668297835.7331717,2.802,2.802,0.0006726,0.014,53.22046995
1668297896.821072,2.802,2.802,0.0006726,0.014,53.22046995
1668297956.6890616,2.802,2.802,0.0006726,0.014,53.22046995
1668298021.2033844,2.799,2.799,0.00054884,0.005,49.68524843
1668298077.7512772,2.799,2.799,0.00054884,0.005,49.68524843
1668298137.5006666,2.799,2.799,0.00054884,0.005,49.68524843
1668298197.4921918,2.799,2.799,0.00054884,0.005,49.68524843
1668298258.202673,2.799,2.799,0.00054884,0.005,49.68524843
1668298318.337061,2.806,2.806,0.00100403,0.007,56.88230522
1668298378.3335671,2.801,2.801,0.00095036,0.001,51.24387503
1668298439.0589993,2.801,2.801,0.00095036,0.001,51.24387503
1668298499.0374217,2.801,2.801,0.00095036,0.001,51.24387503
1668298559.025103,2.799,2.799,0.00073793,-0.001,49.14537793
1668298620.6023018,2.8,2.8,0.00064286,-0.003,50.24256105
1668298679.8996477,2.8,2.8,0.00064286,-0.003,50.24256105
1668298739.819207,2.804,2.804,0.00088014,0.001,54.47368598
1668298800.7968743,2.808,2.808,0.00162146,0.003,58.04161794
1668298860.7338965,2.808,2.812,0.00225288,0.014,61.53753083
1668298920.7367914,2.81,2.81,0.00256237,0.007,58.89526251
1668298981.517615,2.812,2.812,0.00293519,0.01,60.71195713
1668299041.587977,2.811,2.813,0.0032736,0.014,61.62520939
1668299101.5200682,2.812,2.812,0.00348325,0.006,59.58170223
1668299162.640119,2.814,2.814,0.00370486,0.013,61.5149863
1668299222.6612663,2.814,2.814,0.00370486,0.013,61.5149863
1668299282.6016045,2.814,2.814,0.00370486,0.013,61.5149863
1668299343.3311458,2.817,2.817,0.00407558,0.018,64.2753221
1668299403.357591,2.814,2.813,0.0040005,0.013,58.27372957
1668299463.2690785,2.814,2.813,0.0040005,0.013,58.27372957
1668299524.1139743,2.816,2.816,0.0041354,0.008,61.19990889
1668299584.1894634,2.817,2.82,0.00469782,0.012,64.57590115
1668299644.9454217,2.817,2.817,0.00465811,0.005,60.11225441
1668299705.2310648,2.817,2.816,0.00457834,0.004,58.75841193
1668299765.2281096,2.816,2.816,0.00443256,0.006,58.75841193
1668299825.1759212,2.812,2.812,0.00394874,0.0,53.20005351
1668299886.0021527,2.81,2.81,0.00336514,-0.004,50.62155623
1668299946.0738149,2.81,2.81,0.00336514,-0.004,50.62155623
1668300006.2101352,2.81,2.81,0.00336514,-0.004,50.62155623
1668300066.897369,2.81,2.81,0.00336514,-0.004,50.62155623
1668300126.964704,2.81,2.81,0.00336514,-0.004,50.62155623
1668300187.425408,2.81,2.81,0.00336514,-0.004,50.62155623
1668300248.2128482,2.812,2.812,0.00302909,0.0,53.07107032
1668300308.209529,2.812,2.812,0.00302909,0.0,53.07107032
1668300383.3434122,2.813,2.813,0.00281106,-0.001,54.29199671
1668300429.3269858,2.813,2.813,0.00281106,-0.001,54.29199671
1668300489.2196844,2.813,2.813,0.00281106,-0.001,54.29199671
1668300549.1364107,2.813,2.813,0.00281106,-0.001,54.29199671
1668300610.0245724,2.815,2.815,0.00276775,-0.002,56.7173624
1668300670.7964845,2.813,2.813,0.00254273,0.0,53.65150753
1668300730.007572,2.813,2.813,0.00254273,0.0,53.65150753
1668300790.9186833,2.811,2.811,0.00217791,-0.008,50.70010074
1668300850.8348525,2.811,2.811,0.00217791,-0.008,50.70010074
1668300910.786765,2.811,2.811,0.00217791,-0.008,50.70010074
1668300971.9416397,2.811,2.811,0.00217791,-0.008,50.70010074
1668301031.9316382,2.808,2.808,0.00162795,-0.012,46.56240556
1668301091.848087,2.808,2.807,0.00154817,-0.013,45.32928017
1668301153.0024543,2.808,2.807,0.00154817,-0.013,45.32928017
1668301212.9440415,2.808,2.807,0.00154817,-0.013,45.32928017
1668301272.756893,2.812,2.812,0.00143601,-0.004,52.15245057
1668301333.3944235,2.813,2.815,0.00157108,-0.001,55.72307986
1668301393.488845,2.813,2.818,0.0018104,0.002,58.79779919
1668301453.3783,2.813,2.818,0.0018104,0.002,58.79779919
1668301514.5842135,2.813,2.818,0.0018104,0.002,58.79779919
1668301574.4748652,2.813,2.818,0.0018104,0.002,58.79779919
1668301634.4519055,2.813,2.818,0.0018104,0.002,58.79779919
1668301695.2237816,2.814,2.814,0.00176401,0.002,53.46649784
1668301755.5313191,2.814,2.814,0.00176401,0.002,53.46649784
1668301815.1456852,2.817,2.817,0.00194687,0.007,56.64182925
1668301876.0664728,2.817,2.817,0.00194687,0.007,56.64182925
1668301936.0394988,2.817,2.817,0.00206795,0.005,56.64182925
1668301996.116429,2.815,2.814,0.00189994,0.001,52.48796392
1668302057.570405,2.815,2.814,0.00189994,0.001,52.48796392
1668302117.406214,2.814,2.814,0.00174665,-0.001,52.48796392
1668302177.5698204,2.814,2.815,0.00182642,0.0,53.70666457
1668302238.3996828,2.814,2.815,0.00182642,0.0,53.70666457
1668302298.324469,2.814,2.815,0.00182642,0.0,53.70666457
1668302358.4530687,2.814,2.815,0.00182642,0.0,53.70666457
1668302419.2638268,2.814,2.815,0.00182642,0.0,53.70666457
1668302479.1723058,2.814,2.815,0.00182642,0.0,53.70666457
1668302539.213935,2.814,2.815,0.00182642,0.0,53.70666457
1668302600.0255706,2.814,2.815,0.00182642,0.0,53.70666457
1668302659.9958563,2.814,2.815,0.00182642,0.0,53.70666457
1668302720.0796394,2.814,2.815,0.00182642,0.0,53.70666457
1668302781.078334,2.814,2.815,0.00182642,0.0,53.70666457
1668302841.0624728,2.814,2.815,0.00182642,0.0,53.70666457
1668302901.0873106,2.814,2.815,0.00182642,0.0,53.70666457
1668302961.8321,2.814,2.815,0.00182642,0.0,53.70666457
1668303021.994821,2.814,2.815,0.00182642,0.0,53.70666457
1668303081.8716094,2.815,2.815,0.00174801,0.002,53.70666457
1668303142.7915647,2.815,2.815,0.00174801,0.002,53.70666457
1668303202.770234,2.817,2.817,0.0018262,0.006,56.30629514
1668303262.6616142,2.817,2.817,0.0018262,0.006,56.30629514
1668303323.9538803,2.817,2.817,0.0018262,0.006,56.30629514
1668303383.7580316,2.817,2.817,0.0018262,0.006,56.30629514
1668303443.790553,2.817,2.817,0.0018262,0.006,56.30629514
1668303504.5595284,2.819,2.819,0.00202619,0.012,58.79799753
1668303564.491614,2.819,2.819,0.00202619,0.012,58.79799753
1668303624.6017568,2.816,2.816,0.00192047,0.004,53.83841097
1668303685.3575506,2.816,2.816,0.00192047,0.004,53.83841097
1668303745.238368,2.816,2.816,0.00192047,0.004,53.83841097
1668303805.1825218,2.816,2.816,0.00192047,0.004,53.83841097
1668303866.6539872,2.814,2.815,0.00173599,-0.003,52.25612998
1668303926.570847,2.815,2.815,0.00157167,0.001,52.25612998
1668303986.811142,2.828,2.828,0.00294681,0.011,67.09516256
1668304047.412482,2.828,2.821,0.00238841,0.004,58.03750128
1668304107.473905,2.828,2.821,0.00238841,0.004,58.03750128
1668304167.3607037,2.814,2.814,0.00193259,0.0,48.93537144
1668304228.0781844,2.814,2.814,0.00193259,0.0,48.93537144
1668304288.2118895,2.814,2.818,0.00187253,0.003,53.42993757
1668304348.1714635,2.818,2.818,0.00180414,0.003,53.42993757
1668304408.9737098,2.819,2.819,0.00180976,0.002,54.588821
1668304468.8094995,2.819,2.819,0.00180976,0.002,54.588821
1668304528.8077652,2.819,2.815,0.00147446,-0.004,49.30367601
1668304589.9827886,2.819,2.815,0.00147446,-0.004,49.30367601
1668304649.8628778,2.819,2.815,0.00147446,-0.004,49.30367601
1668304710.0300834,2.815,2.82,0.00159382,0.004,55.14913611
1668304770.6789827,2.815,2.82,0.00159382,0.004,55.14913611
1668304830.9233615,2.815,2.82,0.00159382,0.004,55.14913611
1668304890.6690392,2.815,2.82,0.00159382,0.004,55.14913611
1668304951.3885098,2.815,2.815,0.00100236,0.0,49.05752028
1668305011.689416,2.815,2.815,0.00100236,0.0,49.05752028
1668305071.4295092,2.815,2.815,0.00100236,0.0,49.05752028
1668305132.438512,2.815,2.815,0.00100236,0.0,49.05752028
1668305192.453889,2.815,2.815,0.00100236,0.0,49.05752028
1668305252.3840437,2.82,2.82,0.00117988,-0.005,54.8423962
1668305313.3955848,2.82,2.818,0.00102033,-0.007,52.6936071
1668305373.3057458,2.82,2.818,0.00102033,-0.007,52.6936071
1668305433.3349874,2.827,2.827,0.00174073,0.006,61.55828327
1668305494.1009033,2.827,2.827,0.00174073,0.006,61.55828327
1668305554.045854,2.827,2.827,0.00174073,0.006,61.55828327
1668305614.046134,2.818,2.818,0.00156736,0.004,51.22160682
1668305674.9410546,2.818,2.815,0.00132804,0.001,48.50658178
1668305734.919691,2.818,2.815,0.00132804,0.001,48.50658178
1668305794.868667,2.818,2.815,0.00132804,0.001,48.50658178
1668305855.6537778,2.814,2.814,0.00090981,-0.004,47.6008517
1668305915.717847,2.814,2.815,0.00098958,-0.003,48.50658178
1668305975.6705678,2.814,2.815,0.00098958,-0.003,48.50658178
1668306036.6891875,2.814,2.815,0.00098958,-0.003,48.50658178
1668306096.6918986,2.814,2.815,0.00098958,-0.003,48.50658178
1668306156.7233748,2.814,2.815,0.00098958,-0.003,48.50658178
1668306217.4040306,2.814,2.815,0.00098958,-0.003,48.50658178
1668306277.4471607,2.814,2.815,0.00098958,-0.003,48.50658178
1668306337.5471177,2.814,2.815,0.00098958,-0.003,48.50658178
1668306398.4192655,2.814,2.815,0.00098958,-0.003,48.50658178
1668306458.413619,2.814,2.815,0.00098958,-0.003,48.50658178
1668306518.454271,2.814,2.815,0.00098958,-0.003,48.50658178
1668306579.3050518,2.814,2.815,0.00098958,-0.003,48.50658178
1668306639.1256163,2.82,2.82,0.00119521,0.001,53.29210125
1668306699.3019726,2.82,2.822,0.00135476,0.003,55.08999947
1668306760.1561425,2.82,2.822,0.00135476,0.003,55.08999947
1668306820.221409,2.82,2.822,0.00135476,0.003,55.08999947
1668306880.1813767,2.82,2.822,0.00135476,0.003,55.08999947
1668306941.1635692,2.82,2.82,0.00136998,0.005,52.89723286
1668307001.2010102,2.82,2.82,0.00136998,0.005,52.89723286
1668307061.1604776,2.82,2.82,0.00136998,0.005,52.89723286
1668307121.983539,2.82,2.82,0.00136998,0.005,52.89723286
1668307181.954397,2.82,2.82,0.00136998,0.005,52.89723286
1668307242.2825117,2.82,2.82,0.00136998,0.005,52.89723286
1668307302.8474584,2.82,2.82,0.0013663,0.0,52.89723286
1668307362.8745072,2.82,2.82,0.0013663,0.0,52.89723286
1668307423.0430598,2.82,2.82,0.0013663,0.0,52.89723286
1668307483.8654354,2.819,2.819,0.00126807,0.004,51.70384437
1668307543.6844091,2.823,2.823,0.0017421,0.008,55.94758506
1668307603.7961054,2.823,2.823,0.00165888,0.005,55.42939035
1668307664.726755,2.823,2.824,0.00173865,0.006,56.38319231
1668307724.707986,2.824,2.824,0.00190363,-0.003,56.38319231
1668307784.7510746,2.824,2.827,0.00214295,0.0,59.20375505
1668307845.8981333,2.824,2.827,0.00214295,0.0,59.20375505
1668307905.5514812,2.824,2.827,0.00214295,0.0,59.20375505
1668307965.4842775,2.826,2.826,0.00235551,0.011,57.86059365
1668308026.4906988,2.826,2.824,0.00219597,0.009,55.34916957
1668308087.2577376,2.826,2.824,0.00219597,0.009,55.34916957
1668308146.5014095,2.826,2.824,0.00219597,0.009,55.34916957
1668308207.558246,2.826,2.824,0.00219597,0.009,55.34916957
1668308267.9239736,2.826,2.826,0.00235975,0.006,57.48913369
1668308327.4515915,2.826,2.826,0.00235975,0.006,57.48913369
1668308388.2825232,2.826,2.826,0.00235975,0.006,57.48913369
1668308448.4264631,2.824,2.824,0.0022887,0.002,54.66756045
1668308508.3089137,2.827,2.827,0.00244626,0.007,57.99764419
1668308569.1801076,2.83,2.835,0.00318001,0.015,65.3148192
1668308629.152277,2.838,2.838,0.00395796,0.015,67.59464924
1668308689.331912,2.838,2.833,0.0035591,0.01,62.38864589
1668308750.2878928,2.838,2.833,0.0035591,0.01,62.38864589
1668308810.5120735,2.831,2.831,0.003656,0.011,59.51710631
1668308870.742898,2.831,2.831,0.003656,0.011,59.51710631
1668308931.270781,2.831,2.831,0.003656,0.011,59.51710631
1668308991.129416,2.834,2.834,0.00392958,0.01,62.31873553
1668309051.1171107,2.834,2.834,0.00392958,0.01,62.31873553
1668309111.950649,2.83,2.83,0.00378004,0.003,56.68577606
1668309172.0915253,2.827,2.827,0.00313414,0.003,53.03490305
1668309231.910893,2.826,2.826,0.002701,0.002,51.98672214
1668309293.177143,2.826,2.826,0.002701,0.002,51.98672214
1668309353.1081629,2.826,2.826,0.002701,0.002,51.98672214
1668309413.1209517,2.826,2.826,0.002701,0.002,51.98672214
1668309473.9929202,2.826,2.826,0.002701,0.002,51.98672214
1668309534.041824,2.826,2.826,0.002701,0.002,51.98672214
1668309594.044698,2.821,2.822,0.00207428,-0.004,47.10923193
1668309654.7668967,2.821,2.822,0.00207428,-0.004,47.10923193
1668309714.9663804,2.821,2.822,0.00207428,-0.004,47.10923193
1668309774.89328,2.82,2.82,0.00140008,-0.004,44.84375011
1668309835.7565186,2.817,2.817,0.00061658,-0.01,41.61123125
1668309895.6642194,2.819,2.819,0.00027843,-0.016,43.71184916
1668309955.6616774,2.819,2.819,0.00027843,-0.016,43.71184916
1668310016.9358652,2.821,2.821,-0.00020022,-0.01,46.93796657
1668310076.8630428,2.82,2.82,-0.00046882,-0.014,45.31274112
1668310136.906866,2.82,2.817,-0.00070814,-0.017,41.23258974
1668310197.615937,2.819,2.819,-0.00087597,-0.007,44.80104473
1668310257.7358618,2.819,2.819,-0.00087597,-0.007,44.80104473
1668310317.675545,2.819,2.819,-0.00087597,-0.007,44.80104473
1668310378.4652429,2.819,2.819,-0.00087597,-0.007,44.80104473
1668310438.4108682,2.822,2.822,-0.00075816,-0.004,49.73179484
1668310498.4697723,2.822,2.822,-0.00075816,-0.004,49.73179484
1668310559.4022667,2.822,2.822,-0.00075816,-0.004,49.73179484
1668310619.3732278,2.822,2.822,-0.00075816,-0.004,49.73179484
1668310679.4283593,2.831,2.831,6.073e-05,0.005,60.98989668
1668310740.2385862,2.831,2.831,6.073e-05,0.005,60.98989668
1668310800.248121,2.831,2.831,6.073e-05,0.005,60.98989668
1668310860.2902253,2.832,2.832,0.00078139,0.01,62.00803258
1668310921.3729992,2.832,2.828,0.0004623,0.006,56.45142014
1668310980.8969176,2.83,2.83,0.0009312,0.01,58.66001442
1668311040.9377215,2.83,2.83,0.0009312,0.01,58.66001442
1668311101.926165,2.829,2.829,0.00120819,0.01,57.10068472
1668311161.8946445,2.829,2.83,0.0014912,0.011,58.29459799
1668311222.0287223,2.829,2.831,0.00177571,0.011,59.5081943
1668311282.6556304,2.829,2.829,0.00175725,0.009,56.4718615
1668311342.598068,2.829,2.829,0.00175725,0.009,56.4718615
1668311402.6454692,2.83,2.83,0.00186504,0.013,57.88983212
1668311463.4441986,2.83,2.83,0.00192823,0.011,57.88983212
1668311523.6723716,2.83,2.83,0.00192823,0.011,57.88983212
1668311583.4445815,2.83,2.83,0.00192823,0.011,57.88983212
1668311645.7628455,2.83,2.83,0.00192823,0.011,57.88983212
1668311705.7352524,2.83,2.83,0.00192823,0.011,57.88983212
1668311766.185102,2.826,2.826,0.00163667,0.004,50.28993716
1668311826.5965242,2.822,2.822,0.00107051,-0.009,44.0606182
1668311886.4906783,2.825,2.825,0.00079246,-0.003,49.29754555
1668311946.6216228,2.825,2.825,0.00079246,-0.003,49.29754555
1668312007.405761,2.83,2.83,0.00102694,0.0,56.07223514
1668312066.8118863,2.825,2.825,0.00080009,-0.004,49.0186992
1668312126.5071056,2.825,2.83,0.00119895,0.001,56.07223514
1668312186.5935717,2.83,2.83,0.00132005,0.0,56.07223514
1668312247.1639256,2.83,2.83,0.00132005,0.0,56.07223514
1668312306.5659788,2.829,2.829,0.00132011,-0.001,54.26117183
1668312366.4837904,2.829,2.829,0.00130512,0.0,54.26117183
1668312426.6011431,2.83,2.83,0.00135827,0.0,55.9126364
1668312486.6758933,2.83,2.83,0.00107649,0.0,55.07161745
1668312546.5061154,2.83,2.83,0.00107649,0.0,55.07161745
1668312606.703287,2.83,2.83,0.00115594,0.004,55.07161745
1668312667.2816763,2.83,2.825,0.00075708,-0.001,47.44613607
1668312726.5524526,2.83,2.825,0.00075708,-0.001,47.44613607
1668312786.6498797,2.83,2.825,0.00075708,-0.001,47.44613607
1668312846.5109737,2.83,2.825,0.00075708,-0.001,47.44613607
1668312906.6506827,2.83,2.825,0.00075708,-0.001,47.44613607
1668312966.8614004,2.83,2.825,0.00075708,-0.001,47.44613607
1668313026.661763,2.825,2.825,0.00049821,0.004,47.44613607
1668313086.8087468,2.825,2.825,0.00049821,0.004,47.44613607
1668313146.673641,2.821,2.821,-2.938e-05,-0.004,42.04469113
1668313206.6218376,2.821,2.821,-2.938e-05,-0.004,42.04469113
1668313266.5910954,2.824,2.824,-0.00020308,-0.006,46.92497678
1668313326.5895915,2.824,2.823,-0.00028285,-0.007,45.39217629
1668313386.576898,2.827,2.827,-0.00015913,-0.003,51.43405444
1668313446.5523522,2.827,2.827,-0.00015913,-0.003,51.43405444
1668313506.553756,2.827,2.827,-0.00015913,-0.003,51.43405444
1668313566.711013,2.827,2.827,-0.00015913,-0.003,51.43405444
1668313626.718068,2.827,2.827,-0.00015913,-0.003,51.43405444
1668313687.0360413,2.827,2.827,-0.00015913,-0.003,51.43405444
1668313746.7597432,2.827,2.827,-6.038e-05,-0.003,51.43405444
1668313806.725037,2.827,2.829,0.00023881,0.0,54.26364592
1668313866.8708346,2.827,2.829,0.00023881,0.0,54.26364592
1668313926.821669,2.822,2.827,0.00024845,-0.002,50.94850291
1668313986.592363,2.822,2.827,0.00024845,-0.002,50.94850291
1668314046.5622945,2.822,2.822,-0.00014569,-0.003,43.75207976
1668314106.6110177,2.822,2.822,-0.00014569,-0.003,43.75207976
1668314166.6857796,2.822,2.822,-0.00014569,-0.003,43.75207976
1668314226.79349,2.822,2.822,-0.00014569,-0.003,43.75207976
1668314286.932263,2.822,2.822,-0.00014569,-0.003,43.75207976
1668314346.5985248,2.822,2.822,-0.00014569,-0.003,43.75207976
1668314406.608402,2.822,2.822,-0.00045283,-0.008,43.75207976
1668314466.879645,2.821,2.821,-0.00076807,-0.004,42.36410162
1668314526.8481038,2.817,2.817,-0.00144858,-0.008,37.43154492
1668314586.6135166,2.817,2.821,-0.00112949,-0.004,43.46878375
1668314646.8428366,2.82,2.82,-0.00135455,-0.001,42.10018222
1668314706.6118095,2.824,2.824,-0.00107318,0.001,48.72572448
1668314766.6152716,2.824,2.824,-0.00107318,0.001,48.72572448
1668314826.6999376,2.824,2.824,-0.00107318,0.001,48.72572448
1668314886.7254512,2.824,2.824,-0.00107318,0.001,48.72572448
1668314946.736474,2.824,2.824,-0.00107318,0.001,48.72572448
1668315007.2051537,2.823,2.823,-0.00104527,-0.004,47.11459991
1668315066.562659,2.823,2.823,-0.00104527,-0.004,47.11459991
1668315126.7887464,2.819,2.816,-0.00156989,-0.012,37.71399017
1668315186.6969905,2.819,2.816,-0.00156989,-0.012,37.71399017
1668315246.6385093,2.819,2.816,-0.00156989,-0.012,37.71399017
1668315306.800073,2.819,2.816,-0.00156989,-0.012,37.71399017
1668315366.6987464,2.819,2.819,-0.00172372,-0.01,42.9661851
1668315426.8176692,2.819,2.819,-0.00172372,-0.01,42.9661851
1668315487.0533886,2.819,2.819,-0.00172372,-0.01,42.9661851
1668315546.7546852,2.819,2.818,-0.00190436,-0.009,41.70380699
1668315606.6524644,2.814,2.814,-0.00234328,-0.008,37.01861394
1668315666.6756136,2.818,2.815,-0.00258069,-0.007,38.86765905
1668315726.8418574,2.814,2.814,-0.00281705,-0.005,37.67644477
1668315786.8171654,2.814,2.812,-0.0029766,-0.007,35.50041453
1668315846.930269,2.816,2.816,-0.00293377,-0.005,42.63628503
1668315906.7171075,2.816,2.812,-0.00325286,-0.009,35.50041453
1668315966.7204645,2.815,2.815,-0.00319292,-0.007,41.38929307
1668316026.8812213,2.812,2.812,-0.00334889,-0.012,37.68404049
1668316087.0270183,2.812,2.812,-0.00334889,-0.012,37.68404049
1668316146.7441993,2.812,2.812,-0.00334889,-0.012,37.68404049
1668316206.8804672,2.812,2.812,-0.00343292,-0.011,37.68404049
1668316266.7108855,2.809,2.809,-0.00369895,-0.007,34.13952668
1668316326.857272,2.809,2.812,-0.00345964,-0.004,37.68404049
1668316386.8316288,2.812,2.812,-0.00344114,-0.007,37.68404049
1668316447.0393016,2.812,2.812,-0.00344114,-0.007,37.68404049
1668316506.7690082,2.812,2.812,-0.00344114,-0.007,37.68404049
1668316566.8779545,2.812,2.812,-0.00344114,-0.007,37.68404049
1668316626.7854953,2.812,2.812,-0.00338744,-0.006,37.68404049
1668316686.9694293,2.812,2.812,-0.00338744,-0.006,37.68404049
1668316746.8022356,2.812,2.812,-0.00338744,-0.006,37.68404049
1668316806.845162,2.813,2.813,-0.00322699,-0.001,40.2660236
1668316866.8876188,2.813,2.813,-0.00322699,-0.001,40.2660236
1668316926.7300727,2.813,2.813,-0.00322699,-0.001,40.2660236
1668316986.7280378,2.813,2.813,-0.00322699,-0.001,40.2660236
1668317046.8977594,2.813,2.813,-0.00322699,-0.001,40.2660236
1668317106.8376858,2.81,2.81,-0.00330382,-0.005,35.51225247
1668317166.8961306,2.81,2.81,-0.00330382,-0.005,35.51225247
1668317226.859169,2.81,2.81,-0.00330382,-0.005,35.51225247
1668317286.7735178,2.81,2.81,-0.00330382,-0.005,35.51225247
1668317346.758696,2.81,2.81,-0.00330382,-0.005,35.51225247
1668317406.82187,2.81,2.81,-0.00330382,-0.005,35.51225247
1668317466.951616,2.808,2.808,-0.00348591,-0.004,32.73741628
1668317526.8102202,2.805,2.806,-0.00393316,-0.006,31.8687562
1668317586.9705718,2.806,2.806,-0.00405125,-0.009,31.8687562
1668317646.716188,2.806,2.807,-0.00397148,-0.008,34.43150091
1668317706.9078755,2.807,2.807,-0.00395624,-0.005,34.43150091
1668317766.684695,2.807,2.808,-0.00387647,-0.004,36.98416352
1668317826.7767327,2.807,2.808,-0.00387647,-0.004,36.98416352
1668317886.8668647,2.807,2.808,-0.00387647,-0.004,36.98416352
1668317946.8560162,2.809,2.809,-0.00367808,-0.003,39.51985091
1668318006.85743,2.809,2.809,-0.00348074,-0.003,39.51985091
1668318066.8789673,2.809,2.811,-0.00312691,-0.001,44.68288388
1668318126.8448024,2.809,2.812,-0.00304714,0.0,46.94736652
1668318186.8743415,2.813,2.813,-0.00259293,0.001,49.18745462
1668318246.8939586,2.813,2.813,-0.00259293,0.001,49.18745462
1668318306.819262,2.813,2.813,-0.00259293,0.001,49.18745462
1668318366.8641407,2.813,2.813,-0.00259293,0.001,49.18745462
1668318426.8757794,2.813,2.813,-0.00220751,0.0,49.18745462
1668318487.120174,2.813,2.813,-0.00220751,0.0,49.18745462
1668318547.0913768,2.813,2.813,-0.00220751,0.0,49.18745462
1668318606.8333774,2.813,2.813,-0.00220751,0.0,49.18745462
1668318666.752418,2.813,2.813,-0.00220751,0.0,49.18745462
1668318726.8216546,2.813,2.813,-0.0018804,0.003,49.18745462
1668318786.8431065,2.813,2.813,-0.00160268,0.008,49.18745462
1668318846.8898425,2.813,2.813,-0.00160268,0.008,49.18745462
1668318906.8870792,2.81,2.81,-0.00160614,0.004,42.0269164
1668318966.9993412,2.81,2.809,-0.00168592,0.003,40.08192095
1668319026.780606,2.81,2.809,-0.00168592,0.003,40.08192095
1668319086.899717,2.813,2.813,-0.00141283,0.006,50.04157928
1668319146.9275632,2.813,2.813,-0.00141283,0.006,50.04157928
1668319206.9814346,2.813,2.813,-0.00141283,0.006,50.04157928
1668319266.9396384,2.813,2.813,-0.00141283,0.006,50.04157928
1668319326.8676505,2.811,2.811,-0.00134232,0.003,45.93061671
1668319386.8344018,2.811,2.811,-0.00127178,0.002,45.93061671
1668319446.9895816,2.811,2.811,-0.00120201,0.002,45.93061671
1668319506.959864,2.811,2.811,-0.00113366,-0.001,45.93061671
1668319566.9759383,2.811,2.811,-0.00106719,-0.002,45.93061671
1668319627.0147705,2.81,2.81,-0.00108272,-0.003,43.35128099
1668319686.927354,2.811,2.811,-0.00094118,-0.002,45.93061671
1668319746.9167576,2.811,2.811,-0.00094118,-0.002,45.93061671
1668319806.947064,2.811,2.811,-0.00094118,-0.002,45.93061671
1668319866.9728303,2.811,2.811,-0.00094118,-0.002,45.93061671
1668319927.2967432,2.811,2.811,-0.00094118,-0.002,45.93061671
1668319986.86043,2.811,2.811,-0.00094118,-0.002,45.93061671
1668320046.9277873,2.811,2.811,-0.00094118,-0.002,45.93061671
1668320106.945088,2.811,2.811,-0.00094118,-0.002,45.93061671
1668320166.9841008,2.811,2.811,-0.00094118,-0.002,45.93061671
1668320226.9534009,2.811,2.811,-0.00094118,-0.002,45.93061671
1668320286.918813,2.811,2.811,-0.00094118,-0.002,45.93061671
1668320346.9919903,2.811,2.811,-0.00094118,-0.002,45.93061671
1668320407.8971925,2.811,2.811,-0.00094118,-0.002,45.93061671
1668320466.9025912,2.813,2.813,-0.00072253,0.0,52.48770867
1668320527.0346982,2.811,2.811,-0.00070252,0.002,46.4246326
1668320587.0542817,2.81,2.81,-0.00075862,-0.003,43.70611414
1668320646.9213934,2.81,2.81,-0.00079392,-0.001,43.70611414
1668320707.0534413,2.81,2.811,-0.00073276,0.0,47.28607695
1668320767.0171812,2.81,2.811,-0.00073276,0.0,47.28607695
1668320827.0473218,2.81,2.811,-0.00073276,0.0,47.28607695
1668320887.360227,2.81,2.81,-0.00075626,-0.001,44.25521324
1668320946.9168625,2.806,2.806,-0.00108515,-0.005,34.6798543
1668321006.8956425,2.802,2.803,-0.00181613,-0.008,31.77820318
1668321066.9011092,2.806,2.806,-0.00194042,-0.005,40.73688964
1668321126.8539174,2.802,2.8,-0.00243182,-0.011,31.91897908
1668321187.0141835,2.798,2.798,-0.00307183,-0.015,29.770908
1668321247.1705744,2.797,2.794,-0.00373234,-0.017,25.75118411
1668321307.0535965,2.794,2.794,-0.0042073,-0.016,25.75118411
1668321367.7230709,2.794,2.792,-0.00469102,-0.018,23.88135276
1668321427.0388253,2.797,2.802,-0.00421883,-0.009,45.27715549
1668321487.2820258,2.799,2.801,-0.00412693,-0.009,44.06779404
1668321547.0753846,2.799,2.806,-0.00372807,-0.004,51.56119416
1668321606.921826,2.799,2.806,-0.00372807,-0.004,51.56119416
1668321667.0140648,2.799,2.806,-0.00372807,-0.004,51.56119416
1668321727.074361,2.806,2.806,-0.00305109,0.004,51.56119416
1668393238.486718,2.595,2.595,0.00418607,0.013,60.3356173
1668393238.894078,2.595,2.595,0.00418607,0.013,60.3356173
1668393239.2722094,2.595,2.595,0.00418607,0.013,60.3356173
1668393239.9389815,2.595,2.595,0.00418607,0.013,60.3356173
1668393241.412748,2.595,2.595,0.00418607,0.013,60.3356173
1668393242.6120524,2.595,2.595,0.00418607,0.013,60.3356173
1668393243.316202,2.595,2.595,0.00418607,0.013,60.3356173
1668393244.124493,2.595,2.595,0.00418607,0.013,60.3356173
1668393244.5944211,2.595,2.595,0.00418607,0.013,60.3356173
1668393245.1820607,2.595,2.595,0.00418607,0.013,60.3356173
1668393245.4869907,2.595,2.595,0.00418607,0.013,60.3356173
1668393246.7934833,2.595,2.595,0.00418607,0.013,60.3356173
1668393247.4820635,2.595,2.595,0.00418607,0.013,60.3356173
1668393248.255733,2.595,2.595,0.00418607,0.013,60.3356173
1668393248.700741,2.595,2.595,0.00418607,0.013,60.3356173
1668393249.345867,2.595,2.595,0.00418607,0.013,60.3356173
1668393250.2084513,2.595,2.595,0.00418607,0.013,60.3356173
1668393251.480839,2.595,2.595,0.00418607,0.013,60.3356173
1668393252.1971936,2.595,2.595,0.00418607,0.013,60.3356173
1668393252.5030038,2.595,2.595,0.00418607,0.013,60.3356173
1668393253.0213015,2.595,2.595,0.00418607,0.013,60.3356173
1668393253.7349772,2.595,2.595,0.00418607,0.013,60.3356173
1668393254.9872751,2.595,2.595,0.00418607,0.013,60.3356173
1668393256.0223548,2.595,2.595,0.00418607,0.013,60.3356173
1668393256.7921286,2.595,2.595,0.00418607,0.013,60.3356173
1668393260.7447295,2.595,2.595,0.00418607,0.013,60.3356173
1668393261.1810331,2.595,2.595,0.00418607,0.013,60.3356173
1668393261.7899275,2.595,2.595,0.00418607,0.013,60.3356173
1668393262.309589,2.595,2.595,0.00418607,0.013,60.3356173
1668393263.1853657,2.595,2.595,0.00418607,0.013,60.3356173
1668393264.098606,2.595,2.595,0.00418607,0.013,60.3356173
1668393265.055256,2.595,2.595,0.00418607,0.013,60.3356173
1668393265.844078,2.595,2.595,0.00418607,0.013,60.3356173
1668393266.424965,2.595,2.595,0.00418607,0.013,60.3356173
1668393267.279333,2.595,2.595,0.00418607,0.013,60.3356173
1668393267.9568896,2.595,2.595,0.00418607,0.013,60.3356173
1668393268.5051234,2.595,2.595,0.00418607,0.013,60.3356173
1668393269.2211075,2.595,2.595,0.00418607,0.013,60.3356173
1668393270.1511836,2.595,2.595,0.00418607,0.013,60.3356173
1668393270.3619947,2.595,2.595,0.00418607,0.013,60.3356173
1668393270.6120632,2.595,2.595,0.00418607,0.013,60.3356173
1668393271.2908864,2.595,2.595,0.00418607,0.013,60.3356173
1668393316.9650147,2.59,2.59,0.0039944,0.008,54.55394295
1668393376.8908403,2.59,2.585,0.00359553,0.003,49.72042184
1668393443.3100495,2.586,2.586,0.00254304,-0.004,50.77474934
1668393497.0552654,2.586,2.586,0.00254304,-0.004,50.77474934
1668393556.8580112,2.587,2.587,0.0021219,-0.002,51.63332699
1668393616.8786993,2.587,2.589,0.00228144,0.0,53.7457831
1668393676.9857006,2.589,2.586,0.00194928,-0.004,50.31205657
1668393736.8656049,2.591,2.591,0.00206569,-0.004,55.42368108
1668393796.9525015,2.591,2.59,0.00198592,-0.005,54.48726062
1668393856.9482274,2.59,2.595,0.00239085,-0.004,59.11228685
1668393916.9387724,2.589,2.589,0.00220223,-0.006,52.25049468
1668393976.7637906,2.596,2.596,0.0029573,0.002,60.05386284
1668394037.0624664,2.584,2.584,0.00138224,-0.001,47.12500176
1668394097.0136976,2.584,2.585,0.00146201,0.0,48.13142995
1668394157.3828027,2.594,2.594,0.00180549,0.008,56.44193961
1668394217.0417645,2.591,2.591,0.0015502,0.003,53.94636713
1668394276.8900182,2.591,2.59,0.00147043,0.002,52.95330782
1668394337.0561275,2.592,2.592,0.0016007,0.003,55.04134985
1668394396.9460845,2.592,2.587,0.00120184,-0.002,49.5045526
1668394457.1889296,2.585,2.585,0.0005718,-0.001,47.795165
1668394517.0109286,2.591,2.591,0.0008003,0.001,53.93405907
1668394576.8744702,2.591,2.586,0.00040144,-0.004,48.92946862
1668394637.0415256,2.588,2.582,-5.57e-05,-0.013,44.74176111
1668394697.484306,2.588,2.582,-5.57e-05,-0.013,44.74176111
1668394854.728444,2.62,2.619,0.00461372,0.034,71.03140092
1668394914.59448,2.629,2.624,0.00657385,0.034,73.0363991
1668394974.5763664,2.621,2.623,0.00789238,0.033,71.94829456
1668395035.4767177,2.626,2.615,0.00819729,0.025,63.76399598
1668395095.406025,2.613,2.613,0.00806004,0.03,62.00080917
1668395155.5523872,2.61,2.61,0.00756157,0.025,59.34976042
1668395216.0297048,2.61,2.61,0.00739554,0.024,58.67837498
1668395275.4691796,2.614,2.614,0.00749845,0.032,61.87733071
1668395335.4931786,2.614,2.614,0.00736862,0.026,61.87733071
1668395395.8225694,2.616,2.618,0.00756361,-0.001,64.57210684
1668395455.4870255,2.616,2.613,0.00704565,-0.007,59.6524759
1668395515.5016658,2.616,2.616,0.00692386,-0.008,61.98101353
1668395575.8657773,2.622,2.622,0.00722816,-0.001,66.18438989
1668395635.5732963,2.617,2.617,0.00643104,0.004,61.5821258
1668395695.8034296,2.62,2.621,0.00649162,0.011,64.63914222
1668395755.5448248,2.617,2.617,0.00602466,0.005,61.69631303
1668395815.4974055,2.62,2.62,0.00614105,0.008,64.22441292
1668395875.4582798,2.62,2.62,0.00609976,0.006,64.22441292
1668395935.5455625,2.622,2.622,0.00609585,0.007,65.35483795
1668395995.561559,2.614,2.612,0.00510332,-0.004,52.58655247
1668396055.5787168,2.612,2.612,0.00427027,-0.001,52.49429477
1668396115.4796338,2.612,2.612,0.00357166,-0.004,52.73104432
1668396175.560663,2.61,2.61,0.00301157,-0.003,50.21566176
1668396235.472502,2.609,2.609,0.00239707,-0.006,49.04586589
1668396296.4169044,2.609,2.609,0.00239707,-0.006,49.04586589
1668396355.4605186,2.614,2.623,0.00306761,0.006,63.02958337
1668396415.7356148,2.622,2.615,0.00279665,-0.003,54.35524568
1668396475.7758763,2.621,2.621,0.00321771,0.001,59.72465829
1668396535.5746083,2.619,2.619,0.00310412,0.0,58.17502992
1668396595.507268,2.619,2.619,0.00322884,0.0,57.74554282
1668396655.6139796,2.623,2.623,0.00360793,0.014,61.85638245
1668396715.7825942,2.621,2.621,0.00364178,0.012,58.96223548
1668396775.544906,2.625,2.625,0.00413066,0.013,63.70636455
1668396835.6028152,2.629,2.629,0.00459821,0.02,67.2538074
1668396895.620636,2.625,2.625,0.00416189,0.016,61.99477575
1668396955.5501668,2.628,2.628,0.00444944,0.007,64.8302999
1668397015.8579855,2.619,2.619,0.00335175,0.003,53.38632998
1668397075.8476968,2.624,2.624,0.00359967,0.006,58.69230823
1668397135.660323,2.624,2.624,0.00359967,0.006,58.69230823
1668397195.4321718,2.621,2.621,0.00332607,0.001,54.50399033
1668397255.5026257,2.621,2.621,0.00332607,0.001,54.50399033
1668397315.6481087,2.622,2.626,0.00330159,0.003,59.94946715
1668397375.6219506,2.617,2.617,0.00216926,-0.007,48.95505467
1668397435.5416045,2.617,2.617,0.00216926,-0.007,48.95505467
1668397495.5921795,2.617,2.617,0.00216926,-0.007,48.95505467
1668397555.6651783,2.621,2.621,0.00207646,-0.004,54.00481786
1668397615.630704,2.621,2.618,0.00183715,-0.007,50.31867005
1668397675.629228,2.628,2.628,0.00235373,0.006,61.41823434
1668397735.5017462,2.628,2.628,0.00273164,0.003,61.41823434
1668397795.6972058,2.628,2.628,0.00273164,0.003,61.41823434
1668397855.7427168,2.628,2.628,0.00273164,0.003,61.41823434
1668397915.6837466,2.627,2.627,0.00291682,0.008,59.86702726
1668397975.5536602,2.618,2.618,0.0017564,-0.004,48.7791338
1668398035.5951068,2.618,2.616,0.00159686,-0.006,46.70883716
1668398095.6890106,2.618,2.618,0.00126654,-0.006,49.03815277
1668398155.5833864,2.616,2.616,0.00089536,-0.005,46.8882416
1668398215.9221816,2.617,2.615,0.00045207,-0.007,45.82505562
1668398275.6013746,2.617,2.615,0.00045207,-0.007,45.82505562
1668398335.6935644,2.608,2.608,-0.00104402,-0.009,39.010319
1668398395.665674,2.608,2.612,-0.00072493,-0.005,43.48767016
1668398455.550424,2.612,2.612,-0.00105018,-0.006,43.48767016
1668398515.6198435,2.612,2.61,-0.00120973,-0.008,41.48725323
1668398575.7494566,2.612,2.61,-0.00120973,-0.008,41.48725323
1668398636.3669603,2.609,2.609,-0.00165554,-0.019,40.48449148
1668398695.6379695,2.608,2.608,-0.00206573,-0.02,39.45742974
1668398755.641849,2.608,2.608,-0.00206573,-0.02,39.45742974
1668398815.5501437,2.608,2.608,-0.00206573,-0.02,39.45742974
1668398875.7592556,2.608,2.608,-0.00236356,-0.01,39.45742974
1668398935.7283,2.608,2.608,-0.00250838,-0.008,39.92408828
1668398995.653914,2.608,2.601,-0.00306678,-0.015,33.41214999
1668399056.3683195,2.6,2.6,-0.00413677,-0.016,32.53298476
1668399115.552972,2.595,2.595,-0.00487355,-0.02,28.49561272
1668399175.6761506,2.596,2.597,-0.00523571,-0.013,32.1241756
1668399235.6146855,2.597,2.597,-0.00545979,-0.015,32.1241756
1668399295.7832148,2.595,2.595,-0.00585586,-0.015,30.4595734
1668399355.6138384,2.594,2.594,-0.00630057,-0.015,32.84706282
1668399415.5582554,2.585,2.585,-0.00692196,-0.023,28.11445089
1668399475.60533,2.58,2.58,-0.00785378,-0.029,25.38083553
1668399535.781288,2.575,2.573,-0.00911433,-0.028,22.16474078
1668399595.7011998,2.561,2.553,-0.0122701,-0.048,16.09610108
1668399655.7081094,2.543,2.543,-0.0150816,-0.057,14.04143306
1668399715.7834697,2.549,2.558,-0.01473931,-0.037,27.11285674
1668399775.7524502,2.556,2.556,-0.0152127,-0.041,26.38135562
1668399835.805555,2.559,2.559,-0.01517092,-0.036,29.45587007
1668399895.7466063,2.565,2.569,-0.01342848,-0.022,38.56276649
1668399956.4283657,2.568,2.568,-0.0131096,-0.028,39.65274066
1668400015.694896,2.567,2.564,-0.01265446,-0.021,37.7339824
1668400075.6790528,2.562,2.562,-0.01243639,-0.017,36.84259344
1668400135.6643095,2.56,2.56,-0.01265107,-0.001,38.06043094
1668400195.7616844,2.563,2.563,-0.01199738,0.017,40.34351934
1668400255.6947773,2.558,2.558,-0.01205441,0.003,37.248188
1668400315.7663777,2.571,2.571,-0.01011855,0.013,46.6362823
1668400375.678063,2.572,2.571,-0.00892404,0.015,46.6362823
1668400436.4344926,2.571,2.571,-0.00788647,0.0,46.6362823
1668400495.8241994,2.579,2.579,-0.00591438,0.016,52.01592687
1668400555.6757853,2.577,2.578,-0.00488075,0.01,51.36216364
1668400615.721339,2.567,2.566,-0.00564915,0.004,43.67265028
1668400675.7346156,2.56,2.56,-0.00591544,0.006,40.18406913
1668400735.7146156,2.561,2.561,-0.00560734,0.002,40.51601047
1668400795.8696032,2.561,2.561,-0.00560734,0.002,40.51601047
1668400855.715729,2.562,2.562,-0.00559728,0.005,41.42785602
1668400916.7622786,2.557,2.557,-0.00629401,-0.008,38.54591898
1668400975.714193,2.557,2.55,-0.00695156,-0.021,34.55600375
1668401035.68015,2.541,2.543,-0.0081307,-0.028,31.18602264
1668401095.781525,2.547,2.547,-0.00845528,-0.031,35.19785208
1668401155.7635536,2.549,2.549,-0.00845367,-0.029,37.17021162
1668401215.750511,2.549,2.543,-0.00893231,-0.035,33.11853103
1668401275.7224214,2.55,2.55,-0.00864585,-0.016,39.81875455
1668401335.7009478,2.555,2.555,-0.0081088,-0.011,44.29543163
1668401396.7621858,2.56,2.56,-0.00725563,-0.006,48.47922767
1668401455.7421684,2.559,2.559,-0.00633429,-0.002,47.74855822
1668401515.7114384,2.557,2.557,-0.00539184,0.001,46.40638527
1668401575.7162583,2.556,2.558,-0.0050095,0.001,47.57083088
1668401636.440238,2.557,2.557,-0.00429878,0.01,47.00776441
1668401695.6981523,2.558,2.556,-0.0041459,0.013,46.5439135
1668401755.8422694,2.564,2.564,-0.00315412,0.017,52.07632002
1668401815.7854605,2.566,2.566,-0.00285999,0.023,53.56847541
1668401876.9128778,2.563,2.563,-0.00227287,0.016,51.56031689
1668401935.7511408,2.57,2.57,-0.00091971,0.019,56.12777971
1668401995.8238375,2.57,2.57,-0.00040701,0.01,56.02841612
1668402055.762063,2.57,2.57,0.00055818,0.006,55.20678019
1668402115.6999345,2.568,2.568,0.00065211,0.014,53.65515041
1668402175.70539,2.572,2.572,0.00153373,0.01,56.01917712
1668402235.8219604,2.574,2.574,0.00211652,0.019,57.28273097
1668402295.682802,2.572,2.572,0.00238945,0.015,55.56361344
1668402356.389881,2.572,2.572,0.00238945,0.015,55.56361344
1668402415.8405578,2.572,2.572,0.00238945,0.015,55.56361344
1668402475.7599344,2.566,2.566,0.00184474,0.001,50.65241022
1668402536.047141,2.568,2.568,0.00160051,0.001,52.24529862
1668402595.7827806,2.568,2.567,0.00152073,0.0,51.51417109
1668402655.7259722,2.568,2.568,0.00151683,0.003,52.30062696
1668402715.9646866,2.57,2.57,0.00165602,-0.004,53.91080296
1668402775.8179688,2.568,2.568,0.00152507,0.002,52.15525018
1668402836.213509,2.567,2.567,0.00101828,-0.005,51.32322542
1668402895.8616707,2.567,2.56,0.00045988,-0.012,45.43069223
1668402955.9653463,2.564,2.564,0.00031417,-0.008,49.16007895
1668403015.7365532,2.561,2.561,-4.289e-05,-0.013,46.58842263
1668403075.8308332,2.56,2.56,-0.00058669,-0.012,46.19283735
1668403135.7166429,2.56,2.56,-0.00058669,-0.012,46.19283735
1668403195.756545,2.57,2.57,-2.084e-05,0.004,54.61439204
1668403255.831657,2.572,2.572,0.00070546,0.009,55.99196361
1668403316.6843305,2.569,2.569,0.00071736,0.002,53.37493016
1668403375.775213,2.569,2.569,0.00090602,0.001,53.37493016
1668403435.9925036,2.565,2.565,0.00072441,-0.004,49.5204901
1668403495.7604444,2.565,2.561,0.00040532,-0.008,46.18524876
1668403556.049363,2.562,2.562,8.819e-05,0.0,47.14368647
1668403615.8426645,2.562,2.562,-0.00022287,0.002,47.21600032
1668403675.8288317,2.562,2.562,-0.00040154,-0.002,47.21600032
1668403735.776161,2.562,2.56,-0.00056108,-0.004,45.34531903
1668403795.9017384,2.56,2.558,-0.00097922,0.0,43.48972915
1668403855.7740002,2.56,2.558,-0.00097922,0.0,43.48972915
1668403915.745971,2.557,2.558,-0.00165199,-0.014,44.19091998
1668403975.8248658,2.561,2.561,-0.00124008,-0.008,47.6501105
1668404035.95851,2.561,2.556,-0.00163894,-0.013,43.26695813
1668404095.8972938,2.556,2.556,-0.00192253,-0.013,43.26695813
1668404155.724835,2.548,2.542,-0.00391711,-0.027,33.75100283
1668404215.977527,2.545,2.545,-0.00450837,-0.016,37.13157976
1668404275.808712,2.55,2.55,-0.00409024,-0.011,42.4315259
1668404335.7704532,2.556,2.556,-0.00355171,-0.006,47.52104297
1668404395.8362253,2.556,2.556,-0.00355171,-0.006,47.52104297
1668404456.0800166,2.553,2.553,-0.00315265,-0.005,44.94594694
1668404516.01593,2.548,2.542,-0.00419227,-0.014,37.19405593
1668404576.0521636,2.537,2.54,-0.00486856,-0.023,35.94770665
1668404635.8766632,2.541,2.541,-0.00526316,-0.015,37.08295077
1668404695.8378427,2.527,2.534,-0.00687142,-0.011,35.7108986
1668404755.8821292,2.542,2.542,-0.00654088,0.0,42.82653094
1668404815.985774,2.527,2.524,-0.00795214,-0.028,32.25492974
1668404876.0305092,2.524,2.524,-0.00877879,-0.028,32.77092075
1668404935.889909,2.533,2.533,-0.00836119,-0.023,40.4618002
1668404995.8109927,2.533,2.536,-0.00812187,-0.02,42.7000932
1668405055.7442572,2.536,2.536,-0.00770214,-0.02,42.7000932
1668405116.5898192,2.536,2.536,-0.00728551,-0.013,42.7000932
1668405175.9325616,2.537,2.537,-0.0067347,-0.005,43.52093012
1668405236.2729986,2.543,2.54,-0.00568005,0.0,46.19837712
1668405296.1812696,2.543,2.543,-0.00486312,0.015,48.51657911
1668405355.9409282,2.538,2.538,-0.00475219,0.003,44.59061075
1668405415.9891164,2.532,2.532,-0.00527271,-0.006,40.57643909
1668405475.965828,2.532,2.532,-0.00530795,0.009,40.57643909
1668405535.8120103,2.533,2.533,-0.00525688,0.006,42.00104983
1668405596.276784,2.532,2.532,-0.00492787,-0.004,42.08899776
1668405655.965197,2.532,2.532,-0.00486394,-0.004,42.08899776
1668405716.010564,2.546,2.546,-0.00327207,0.009,53.87148432
1668405775.9612749,2.546,2.546,-0.00236259,0.003,53.87148432
1668405836.0444355,2.539,2.538,-0.00232287,-0.003,47.34487534
1668405895.9601743,2.539,2.539,-0.0022431,-0.002,48.07954836
1668405956.05155,2.539,2.539,-0.0022431,-0.002,48.07954836
1668406015.949,2.544,2.546,-0.00150302,0.005,53.51702888
1668406075.9395504,2.544,2.546,-0.00150302,0.005,53.51702888
1668406136.103469,2.54,2.54,-0.00138469,0.007,48.7995203
1668406195.9412029,2.548,2.548,-0.00063802,0.016,54.55204475
1668406255.856004,2.55,2.55,0.00017538,0.019,55.84012437
1668406315.9312894,2.552,2.552,0.0009077,0.015,57.1950072
1668406376.1602037,2.542,2.542,-6.569e-05,0.01,49.69084135
1668406436.2174942,2.54,2.54,-0.00029871,0.002,48.20841847
1668406496.2067094,2.54,2.54,-0.00041537,-0.006,48.20841847
1668406556.1516984,2.54,2.543,-0.00017605,-0.003,50.65959448
1668406617.0605729,2.54,2.543,-0.00017605,-0.003,50.65959448
1668406677.1518006,2.54,2.543,-0.00017605,-0.003,50.65959448
1668406737.057794,2.558,2.558,0.00111863,0.013,60.67996733
1668406797.898563,2.557,2.557,0.00216365,0.018,59.19556267
1668406857.8595605,2.55,2.548,0.00143729,0.002,52.69100568
1668406917.9045172,2.555,2.555,0.00209773,0.015,56.74607353
1668406978.620163,2.555,2.555,0.00259126,0.006,56.74607353
1668407039.440128,2.556,2.556,0.00308976,0.006,57.3090329
1668407098.619792,2.556,2.556,0.00308976,0.006,57.3090329
1668407159.557315,2.556,2.556,0.00338262,0.016,57.3090329
1668407219.4507198,2.553,2.555,0.00318579,0.014,55.95050789
1668407279.545813,2.56,2.56,0.00376822,0.02,59.04854754
1668407340.3143222,2.558,2.559,0.00391615,0.016,58.50192077
1668407400.2231877,2.558,2.553,0.00343751,0.01,53.60547267
1668407460.7013364,2.564,2.564,0.00464627,0.018,60.47024569
1668407520.9874856,2.564,2.563,0.00490884,0.015,59.54137561
1668407581.5628512,2.56,2.562,0.00497885,0.007,58.57244807
1668407640.9783096,2.56,2.562,0.00497885,0.007,58.57244807
1668407702.1132915,2.564,2.562,0.00497696,0.006,58.57244807
1668407762.1468916,2.564,2.562,0.00497696,0.006,58.57244807
1668407821.9869864,2.563,2.569,0.00547716,0.013,63.40681936
1668407882.9069445,2.566,2.569,0.00580664,0.018,63.40681936
1668407942.856655,2.569,2.569,0.0060602,0.013,62.85832072
1668408002.9238644,2.569,2.569,0.0060602,0.013,62.85832072
1668408063.829137,2.57,2.57,0.00620707,0.012,63.5891874
1668408124.1774533,2.577,2.6,0.00901411,0.047,77.61624464
1668408183.756313,2.626,2.644,0.01547741,0.08,85.98619485
1668408245.213005,2.653,2.689,0.02251985,0.125,90.18430015
1668408305.0589757,2.708,2.695,0.030541,0.132,79.09253861
1668408365.0693069,2.696,2.68,0.03253987,0.118,73.43576066
1668408425.9672213,2.673,2.655,0.03187307,0.093,64.88927912
1668408486.0395763,2.653,2.658,0.03129561,0.089,64.55498472
1668408545.8695254,2.662,2.649,0.03168426,0.079,59.22738237
1668408608.5278034,2.649,2.665,0.03177358,0.096,62.32631181
1668408666.8537345,2.683,2.683,0.03377419,0.107,64.70608826
1668408726.7962215,2.671,2.684,0.03310901,0.064,63.74330272
1668408787.5150363,2.707,2.718,0.03647255,0.077,68.31062812
1668408847.6219978,2.714,2.715,0.03757786,-0.008,67.47842252
1668408907.4417694,2.71,2.7,0.03675743,0.015,63.34297521
1668408968.6451492,2.698,2.698,0.03535235,0.026,62.64458832
1668409028.419813,2.694,2.703,0.03388159,0.055,62.75309064
1668409088.9097402,2.708,2.709,0.0340011,0.027,63.28698179
1668409149.2514646,2.708,2.732,0.03547225,0.077,67.17511322
1668409209.192796,2.744,2.765,0.03798355,0.08,71.60397109
1668409269.1602094,2.752,2.731,0.03650349,0.059,63.62803602
1668409329.9624295,2.731,2.733,0.03577494,0.035,63.9477877
1668409390.1860704,2.727,2.732,0.03434714,0.014,63.37828455
1668409450.0020597,2.733,2.722,0.03247593,0.008,60.28604289
1668409511.045823,2.726,2.726,0.02871532,0.038,59.88091711
1668409570.8918543,2.726,2.725,0.02863555,0.037,59.60449611
1668409631.638834,2.72,2.72,0.02492318,0.003,57.96266316
1668409691.7282286,2.719,2.719,0.02262592,-0.007,57.21909113
1668409751.7707798,2.719,2.71,0.02190797,-0.016,55.14046961
1668409811.7335596,2.718,2.714,0.02017755,-0.04,56.12395376
1668409872.5841556,2.722,2.722,0.01826853,-0.005,58.10236612
1668409932.5545516,2.709,2.709,0.0155925,-0.024,53.80630955
1668409992.465492,2.709,2.717,0.01623068,-0.016,56.08048481
1668410053.7951307,2.717,2.718,0.01521637,0.01,56.35826677
1668410113.8857796,2.721,2.721,0.01387469,0.001,56.98710808
1668410174.4114823,2.721,2.71,0.0129972,-0.01,52.91582227
1668410234.6154375,2.709,2.701,0.01102322,-0.022,49.71198984
1668410294.5942905,2.697,2.697,0.00709824,-0.013,48.31803397
1668410354.6868598,2.689,2.689,0.00451742,-0.025,45.59055821
1668410415.3849134,2.68,2.68,0.00185552,-0.042,42.60585159
1668410475.474858,2.694,2.694,0.00210201,-0.017,48.00133621
1668410535.422265,2.696,2.696,0.001678,-0.021,48.76027704
1668410596.211363,2.696,2.704,0.00231618,-0.013,51.92548499
1668410656.22501,2.711,2.711,0.0033208,-0.012,54.38051262
1668410716.095183,2.72,2.72,0.00469276,0.007,57.82009183
1668410777.2366111,2.73,2.73,0.006136,0.029,61.33916133
1668410837.1428733,2.752,2.752,0.00975156,0.054,67.51292546
1668410897.1181197,2.763,2.763,0.01272201,0.073,70.1334733
1668410958.0241437,2.766,2.766,0.01501679,0.082,70.80967132
1668411018.1294713,2.79,2.79,0.01991127,0.095,75.47405444
1668411077.964693,2.793,2.793,0.02213522,0.096,75.34545299
1668411138.599471,2.785,2.785,0.02274265,0.081,72.66249599
1668411198.909222,2.77,2.77,0.02115235,0.057,64.68163686
1668411258.5789888,2.771,2.771,0.02105306,0.053,63.95874385
1668411319.6148324,2.771,2.77,0.02097329,0.052,63.47445887
1668411379.6148694,2.789,2.789,0.02182469,0.045,68.476998
1668411439.603981,2.799,2.799,0.02301663,0.043,70.7927279
1668411500.5088103,2.795,2.795,0.0231191,0.03,68.55935691
1668411560.4164906,2.783,2.783,0.02111638,-0.007,62.31839116
1668411620.4187293,2.78,2.78,0.01963439,-0.008,60.98525078
1668411681.4426386,2.782,2.782,0.01890634,-0.005,61.37960284
1668411741.272728,2.782,2.779,0.01866702,-0.008,59.89406848
1668411801.1424406,2.793,2.793,0.0184911,0.018,65.05447427
1668411862.5308287,2.797,2.797,0.01887046,0.027,65.04911494
1668411922.6711144,2.802,2.802,0.01903626,0.019,67.39415637
1668411982.458238,2.811,2.811,0.01972604,0.018,70.02147763
1668412043.3146825,2.805,2.805,0.0189435,0.006,67.90990158
1668412103.5077708,2.794,2.794,0.01668816,0.013,60.32113911
1668412163.8518295,2.789,2.789,0.01520802,0.011,57.62361121
1668412224.700962,2.793,2.793,0.01419505,0.01,59.18135344
1668412284.486622,2.801,2.801,0.01387874,0.017,62.39631899
1668412344.5318131,2.805,2.805,0.01434706,0.014,62.6754929
1668412405.3393254,2.797,2.797,0.01353549,-0.004,57.91099006
1668412465.3577738,2.791,2.791,0.01214176,-0.009,54.61639545
1668412525.3251934,2.799,2.799,0.01173439,-0.007,58.40148726
1668412586.3990543,2.791,2.791,0.01076377,-0.014,53.28485975
1668412646.857257,2.798,2.798,0.01074246,0.008,56.75755262
1668412706.8433592,2.803,2.803,0.01019244,0.01,58.6293997
1668412767.2037454,2.797,2.797,0.00910787,0.009,55.66730335
1668412827.206874,2.804,2.804,0.0092091,0.012,59.29193643
1668412887.2589746,2.809,2.809,0.00964028,0.0,61.48220105
1668412947.8914883,2.814,2.814,0.01032414,0.007,63.24826693
1668413007.943257,2.814,2.814,0.01005933,0.017,62.02924741
1668413067.9323492,2.815,2.815,0.00994472,0.021,62.57216873
1668413128.8519647,2.822,2.822,0.01104181,0.018,64.67544783
1668413188.828242,2.815,2.815,0.01022349,0.014,59.97009925
1668413249.3550994,2.808,2.808,0.00891381,0.013,55.61285196
1668413309.6030035,2.795,2.795,0.00650909,-0.004,48.4840617
1668413369.643555,2.802,2.802,0.00635108,0.001,51.93148743
1668413429.624833,2.801,2.801,0.00538946,-0.008,51.40096544
1668413490.377717,2.808,2.808,0.00562758,-0.007,54.90111501
1668413550.381168,2.814,2.814,0.00573047,0.005,57.79064168
1668413610.314551,2.822,2.822,0.00694008,0.011,61.17270737
1668413671.6269505,2.815,2.815,0.00638166,-0.009,57.05655342
1668413732.1141548,2.818,2.818,0.00642506,0.003,58.24025953
1668413791.6698225,2.822,2.822,0.00713788,0.014,59.73156076
1668413912.361235,2.814,2.814,0.00604575,0.01,54.72922429
1668413972.2971237,2.805,2.805,0.0045219,0.005,49.44177245
1668414033.0817256,2.805,2.803,0.00436236,0.003,48.34284158
1668414093.1403987,2.809,2.809,0.00338763,0.003,51.88644501
1668414153.1152403,2.809,2.807,0.00322809,0.001,50.70284628
1668414214.4328284,2.799,2.799,0.00127013,-0.016,45.84469731
1668414273.891723,2.803,2.803,0.00138285,-0.01,48.468974
1668414333.9028947,2.797,2.797,-1.595e-05,-0.026,45.51129679
1668414394.905738,2.8,2.8,-0.00043397,-0.017,47.50947931
1668414454.81512,2.789,2.789,-0.00218744,-0.026,41.21937552
1668414514.893675,2.788,2.788,-0.00299108,-0.019,40.67608993
1668414575.628306,2.787,2.787,-0.0036664,-0.016,40.1068052
1668414635.7700295,2.786,2.786,-0.00398713,-0.021,40.15534492
1668414696.151795,2.791,2.791,-0.00367457,-0.016,43.24828914
1668414756.432876,2.794,2.794,-0.00333872,-0.005,45.61394157
1668414816.5082846,2.792,2.792,-0.00356935,-0.015,44.42086695
1668414876.467804,2.793,2.793,-0.00331892,-0.002,45.41030571
1668414937.4887967,2.79,2.79,-0.00338762,-0.006,43.01597172
1668414997.4833012,2.79,2.783,-0.00394602,-0.013,38.40136602
1668415057.4878638,2.775,2.775,-0.00593367,-0.014,33.92248842
1668415118.3200994,2.779,2.779,-0.00614398,-0.009,38.03833905
1668415178.9220965,2.772,2.772,-0.00735237,-0.019,33.36170837
1668415238.1745222,2.776,2.776,-0.00714987,-0.016,37.43601585
1668415299.0602136,2.78,2.78,-0.00684066,-0.014,41.57859942
1668415359.0761976,2.782,2.782,-0.00605294,-0.009,43.87715723
1668415419.074947,2.782,2.786,-0.00573385,-0.005,46.91828376
1668415480.1047285,2.786,2.786,-0.00511385,-0.008,46.91828376
1668415539.9650135,2.792,2.792,-0.00409118,-0.002,52.29513313
1668415600.0766146,2.79,2.79,-0.00352605,0.007,50.62811085
1668415661.6381068,2.784,2.784,-0.00370468,0.009,45.43306721
1668415720.7486272,2.78,2.78,-0.00380901,0.004,42.13269912
1668415780.8036077,2.78,2.783,-0.0035697,0.007,44.56043246
1668415841.7791042,2.785,2.785,-0.00326371,0.014,46.76280259
1668415901.669262,2.786,2.786,-0.00272224,0.01,47.82573133
1668415961.6987994,2.793,2.787,-0.00175882,0.011,48.56209757
1668416022.4198697,2.794,2.794,-0.00086577,0.009,54.32464988
1668416082.3665278,2.79,2.79,-0.00066281,0.004,50.63871678
1668416142.5183678,2.79,2.79,-0.00066281,0.004,50.63871678
1668416203.6153765,2.79,2.791,-0.00021872,0.001,51.52423976
1668416263.4105494,2.795,2.795,0.00031938,0.01,55.18710088
1668416323.441348,2.795,2.795,0.00067483,0.011,55.18710088
1668416384.3528128,2.784,2.784,-0.00023982,0.001,44.59908235
1668416444.3159754,2.783,2.789,-0.00030393,0.001,49.57848515
1668416504.2522154,2.784,2.784,-0.00068705,-0.012,45.39570044
1668416565.401538,2.78,2.78,-0.00154483,-0.01,42.52550343
1668416625.2309625,2.771,2.774,-0.00285905,-0.02,38.99703008
1668416685.2601352,2.775,2.775,-0.00321568,-0.015,40.22554368
1668416746.9316592,2.77,2.77,-0.00429025,-0.021,37.15371292
1668416806.385295,2.774,2.774,-0.00420532,-0.018,41.03322752
1668416866.4352863,2.767,2.767,-0.00526879,-0.028,36.71495601
1668416927.0853791,2.773,2.773,-0.00506515,-0.017,42.29708658
1668416986.9971907,2.768,2.768,-0.00537173,-0.015,38.91633057
1668417047.0937896,2.768,2.768,-0.00548913,-0.021,38.86853494
1668417107.6603355,2.771,2.771,-0.00528014,-0.009,41.74374337
1668417167.6531963,2.765,2.765,-0.00596691,-0.008,36.77690604
1668417227.7803051,2.765,2.765,-0.00618516,-0.011,37.87254337
1668417288.718727,2.769,2.769,-0.00547204,-0.001,42.62869456
1668417348.694278,2.764,2.764,-0.00593277,-0.01,39.18263422
1668417408.650312,2.758,2.758,-0.00676182,-0.01,35.47645057
1668417469.4792793,2.764,2.764,-0.00604953,-0.005,41.64938861
1668417529.4285078,2.753,2.753,-0.00710706,-0.02,35.20519213
1668417589.4107342,2.75,2.75,-0.00784212,-0.019,33.68807438
1668417650.440143,2.751,2.756,-0.00741707,-0.013,38.95036632
1668417710.1370835,2.762,2.762,-0.00640226,-0.003,44.19907501
1668417770.1553636,2.765,2.76,-0.00600808,-0.003,42.95207185
1668417831.076099,2.759,2.759,-0.00583556,-0.012,42.27571085
1668417890.9113843,2.759,2.759,-0.00583556,-0.012,42.27571085
1668417950.9530623,2.761,2.765,-0.0045635,0.007,47.60668135
1668418012.0294242,2.763,2.767,-0.00370355,0.002,49.25114
1668418071.897386,2.763,2.763,-0.00349419,0.005,45.94196381
1668418131.9975145,2.766,2.766,-0.00292784,0.015,48.50297653
1668418192.8410192,2.765,2.765,-0.00265552,0.01,47.56182803
1668418253.2958474,2.765,2.765,-0.00228873,0.002,47.51636575
1668418312.7115774,2.767,2.767,-0.0021255,0.003,49.92118169
1668418373.4345856,2.764,2.764,-0.00233316,0.004,47.13916299
1668418433.4154997,2.777,2.777,-0.00062701,0.018,58.74579892
1668418493.340819,2.777,2.776,-0.00070678,0.017,58.00387333
1668418554.3995502,2.772,2.772,-0.00024358,0.007,53.83337053
1668418614.422804,2.776,2.776,0.00044119,0.008,57.15120502
1668418674.4054935,2.772,2.772,0.00083834,0.005,52.58476223
1668418735.0509613,2.777,2.777,0.00135131,0.012,56.40375442
1668418795.304361,2.773,2.773,0.00117236,0.007,53.40116549
1668418855.074027,2.771,2.771,0.00104766,0.004,51.42086423
1668418915.837152,2.772,2.779,0.0016387,0.017,58.32480574
1668418975.890327,2.772,2.779,0.0016387,0.017,58.32480574
1668419035.85343,2.772,2.779,0.0016387,0.017,58.32480574
1668419096.731814,2.776,2.78,0.00216286,0.018,59.10713497
1668419156.7461493,2.781,2.779,0.00271547,0.007,56.63810539
1668419217.333913,2.78,2.78,0.00294725,0.004,57.42615685
1668419277.6140954,2.779,2.781,0.00311345,0.009,58.30058514
1668419337.4681804,2.781,2.787,0.00356453,0.008,62.61334183
1668419397.524397,2.783,2.783,0.00319142,0.011,60.05796878
1668419458.247228,2.785,2.785,0.00358477,0.012,61.73589951
1668419518.1421611,2.785,2.78,0.00318591,0.007,56.35134853
1668419578.3110912,2.786,2.786,0.00362392,0.014,61.47276376
1668419639.0356152,2.787,2.787,0.00363602,0.016,62.59801425
1668419698.8854787,2.782,2.791,0.00423656,0.012,65.67497373
1668419758.9467807,2.782,2.787,0.00391747,0.008,62.65674266
1668419820.325375,2.785,2.785,0.00399629,0.001,59.82422033
1668419879.0504,2.785,2.784,0.00391652,0.0,58.50187371
1668419939.121899,2.792,2.78,0.00355205,0.001,53.41579975
1668419999.0756934,2.78,2.78,0.00322602,0.001,53.41579975
1668420059.1081018,2.78,2.78,0.00293382,0.002,53.41579975
1668420119.1167462,2.775,2.775,0.00208782,-0.003,47.27424506
1668420179.0404284,2.774,2.774,0.00163212,-0.009,45.91653341
1668420239.022652,2.776,2.784,0.00217557,0.004,58.14788598
1668420299.5697105,2.784,2.784,0.00263451,0.004,56.13065921
1668420359.070789,2.784,2.778,0.00215588,-0.002,49.87088456
1668420419.0722127,2.784,2.778,0.00215588,-0.002,49.87088456
1668420479.0406995,2.775,2.775,0.00156407,-0.011,47.04578374
1668420539.0532916,2.775,2.775,0.00114417,-0.012,46.97754789
1668420598.9924629,2.773,2.773,0.0005801,-0.011,45.0090521
1668420658.9693916,2.78,2.776,0.00074042,-0.004,48.11644546
1668420719.2015378,2.771,2.771,-3.945e-05,-0.009,43.49054924
1668420779.8802378,2.776,2.778,0.00015657,0.001,50.74873912
1668420839.0551882,2.774,2.774,-0.00038208,-0.003,46.47122132
1668420899.056322,2.778,2.778,-0.00023067,0.0,51.36959307
1668420959.1070802,2.775,2.772,-0.00058804,-0.017,44.75395457
1668421019.0856118,2.78,2.78,-0.00016156,0.002,53.43537961
1668421079.1161287,2.775,2.775,-0.0005949,-0.001,48.1836751
1668421139.072579,2.775,2.774,-0.00067467,-0.002,47.04096744
1668421198.958762,2.776,2.776,-0.00059695,0.001,49.61464547
1668421259.73128,2.779,2.779,-4.357e-05,0.0,52.81832619
1668421319.0737762,2.779,2.779,1.73e-05,0.005,52.73305985
1668421379.0924797,2.78,2.78,0.00026957,0.007,53.86936677
1668421439.179611,2.78,2.78,0.00026957,0.007,53.86936677
1668421499.128677,2.781,2.777,0.00037198,0.003,49.71136676
1668421559.2120483,2.777,2.777,0.00029553,-0.001,49.71136676
1668421619.062939,2.779,2.782,0.00044636,0.009,55.66705328
1668421679.0955093,2.779,2.778,0.00012727,0.005,51.26658641
1668421739.894054,2.778,2.778,9.872e-05,0.004,51.32506322
1668421799.045539,2.781,2.781,0.00082819,0.001,53.72192472
1668421859.1256435,2.777,2.777,0.00032575,0.0,49.54878085
1668421919.1156323,2.783,2.783,0.00096587,0.004,55.2108638
1668421979.099177,2.783,2.783,0.00096587,0.004,55.2108638
1668422039.1076047,2.785,2.785,0.0016638,0.005,57.02862385
1668422099.0476518,2.788,2.788,0.00205594,0.011,59.53666845
1668422159.0688722,2.788,2.788,0.00205594,0.011,59.53666845
1668422220.05997,2.785,2.788,0.00240224,0.014,59.53666845
1668422279.1752,2.793,2.793,0.00316823,0.015,63.83306619
1668422339.0705326,2.797,2.798,0.00412929,0.022,67.54430146
1668422398.999632,2.795,2.791,0.00396704,0.006,59.56089498
1668422459.1077063,2.794,2.795,0.00448606,0.019,64.69989604
1668422519.0426483,2.794,2.794,0.00457431,0.013,63.01003785
1668422579.30353,2.794,2.79,0.00425522,0.009,57.04983472
1668422639.170401,2.79,2.79,0.00402587,0.007,57.04983472
1668422699.770157,2.793,2.793,0.00434757,0.008,59.02900863
1668422759.261444,2.792,2.792,0.00403462,0.008,57.42804025
1668422819.1898367,2.795,2.795,0.00410776,0.007,60.41066803
1668422879.162977,2.796,2.796,0.00419803,0.006,61.38191478
1668422939.1341066,2.796,2.795,0.00411826,0.005,60.41066803
1668422999.1038072,2.795,2.785,0.00328183,-0.01,47.53576387
1668423059.0117297,2.788,2.788,0.00282843,-0.007,50.91548457
1668423119.1385849,2.797,2.797,0.00365163,0.003,58.92200933
1668423179.7357244,2.797,2.792,0.00335613,-0.003,53.36134098
1668423239.091095,2.795,2.798,0.00356499,0.008,58.43106452
1668423299.1328182,2.792,2.792,0.00320937,-0.003,52.30771998
1668423359.2598844,2.792,2.792,0.00307895,0.001,52.09773396
1668423419.1805236,2.792,2.79,0.00253304,-0.002,50.14657323
1668423479.2001672,2.792,2.794,0.00285213,0.002,53.87978986
1668423539.2429953,2.792,2.792,0.00254488,-0.003,51.79439792
1668423599.1795735,2.792,2.792,0.00254488,-0.003,51.79439792
1668423660.0896368,2.792,2.792,0.00227515,-0.003,51.79439792
1668423719.2160954,2.79,2.79,0.00187836,0.005,49.56932539
1668423779.162096,2.79,2.79,0.00187836,0.005,49.56932539
1668599675.1589954,2.773,2.773,-0.00426201,-0.008,45.08099249
1668599676.313342,2.773,2.773,-0.00426201,-0.008,45.08099249
1668599677.6397648,2.773,2.773,-0.00426201,-0.008,45.08099249
1668599678.1114671,2.773,2.773,-0.00426201,-0.008,45.08099249
1668599679.166976,2.773,2.773,-0.00426201,-0.008,45.08099249
1668599679.7405562,2.773,2.773,-0.00426201,-0.008,45.08099249
1668599680.714449,2.773,2.773,-0.00426201,-0.008,45.08099249
1668599682.1607387,2.773,2.773,-0.00426201,-0.008,45.08099249
1668599682.8646758,2.773,2.773,-0.00426201,-0.008,45.08099249
1668599684.905945,2.773,2.773,-0.00426201,-0.008,45.08099249
1668599685.5444033,2.773,2.773,-0.00426201,-0.008,45.08099249
1668599686.9162314,2.773,2.773,-0.00426201,-0.008,45.08099249
1668599688.044331,2.773,2.773,-0.00426201,-0.008,45.08099249
1668599689.9428418,2.773,2.773,-0.00426201,-0.008,45.08099249
1668599692.2751153,2.773,2.773,-0.00426201,-0.008,45.08099249
1668599692.7208958,2.773,2.773,-0.00426201,-0.008,45.08099249
1668599693.0389786,2.773,2.773,-0.00426201,-0.008,45.08099249
1668599694.0358903,2.773,2.773,-0.00426201,-0.008,45.08099249
1668599695.4378498,2.773,2.773,-0.00426201,-0.008,45.08099249
1668599696.025378,2.773,2.773,-0.00426201,-0.008,45.08099249
1668599697.3941894,2.773,2.773,-0.00426201,-0.008,45.08099249
1668599703.9024014,2.773,2.773,-0.00426201,-0.008,45.08099249
1668599763.7704046,2.774,2.774,-0.0037591,-0.008,46.22392091
1668599823.8828144,2.774,2.773,-0.00383887,-0.009,45.31390112
1668599884.6205137,2.774,2.772,-0.00366837,-0.012,44.37311978
1668599944.598635,2.772,2.772,-0.00349298,0.0,44.37311978
1668600004.6853943,2.768,2.77,-0.00347531,-0.008,42.33443367
1668600065.5822542,2.766,2.77,-0.00342186,-0.003,42.33443367
1668600125.6319983,2.767,2.768,-0.00350053,0.004,40.19278669
1668600185.58473,2.769,2.769,-0.00338092,0.005,41.23582146
1668600247.2399068,2.768,2.768,-0.00320617,0.004,41.20475382
1668600307.112157,2.765,2.765,-0.00345954,-0.004,38.12623956
1668600367.1937132,2.768,2.768,-0.00344089,-0.007,43.15041538
1668600428.0205505,2.766,2.761,-0.00400616,-0.012,35.56147392
1668600488.0130036,2.761,2.761,-0.00427838,-0.011,35.56147392
1668600548.2416227,2.757,2.753,-0.00520426,-0.019,29.26362505
1668600608.789457,2.755,2.75,-0.00598467,-0.02,27.2772794
1668600668.909699,2.755,2.759,-0.0055636,-0.011,38.75516584
1668600729.0741656,2.759,2.758,-0.00556165,-0.011,37.33690637
1668600790.0085907,2.755,2.755,-0.00567356,-0.017,34.55295261
1668600850.088657,2.758,2.76,-0.00529772,-0.008,42.27795823
1668600909.8070514,2.76,2.751,-0.00566084,-0.013,34.40574424
1668600970.8983214,2.75,2.754,-0.0057031,-0.012,39.03182091
1668601030.7764146,2.749,2.749,-0.00617766,-0.01,35.22405655
1668601091.1418874,2.749,2.75,-0.00609789,-0.009,36.55711399
1668601152.408631,2.749,2.75,-0.00609789,-0.009,36.55711399
1668601212.3578713,2.757,2.757,-0.00497952,0.003,45.19531503
1668601272.3250787,2.757,2.758,-0.00489974,0.004,46.11155788
1668601333.3070593,2.755,2.755,-0.00464351,-0.003,43.27703102
1668601393.3793228,2.755,2.755,-0.00464351,-0.003,43.27703102
1668601453.4321442,2.757,2.755,-0.00438983,-0.003,43.27703102
1668601514.6486194,2.755,2.755,-0.00414106,0.0,43.27703102
1668601574.246112,2.754,2.754,-0.00379396,-0.006,42.94789932
1668601634.3700268,2.752,2.752,-0.00382583,0.002,41.02132514
1668601695.245083,2.743,2.743,-0.00489829,-0.006,33.5935604
1668601755.3262966,2.739,2.739,-0.00582527,-0.011,30.95582122
1668601815.2351182,2.736,2.736,-0.00647447,-0.022,28.97677263
1668601876.0610037,2.74,2.74,-0.00640545,-0.018,32.60807865
1668601936.1108828,2.74,2.742,-0.00624591,-0.016,35.68619373
1668601996.1979058,2.743,2.743,-0.00589048,-0.012,38.25951847
1668602057.2942953,2.747,2.747,-0.0051251,-0.011,43.58916107
1668602117.2912047,2.748,2.748,-0.00457567,-0.006,44.87042157
1668602177.2155304,2.748,2.748,-0.00457567,-0.006,44.87042157
1668602238.1320837,2.741,2.74,-0.00479374,-0.012,37.06051731
1668602298.0803125,2.738,2.738,-0.00500792,-0.007,35.34506366
1668602358.0250757,2.74,2.74,-0.00502161,0.001,38.31398664
1668602419.0767307,2.74,2.74,-0.00502161,0.001,38.31398664
1668602479.8714051,2.742,2.754,-0.00385829,0.015,54.17639749
1668602539.0295303,2.76,2.752,-0.00300085,0.013,51.97427426
1668602599.9067495,2.756,2.755,-0.00211805,0.011,54.66270582
1668602659.9954808,2.756,2.755,-0.00211805,0.011,54.66270582
1668602720.0851777,2.759,2.759,-0.0004448,0.012,58.21514548
1668602781.5176544,2.759,2.763,-0.00012571,0.016,61.30245297
1668602841.5453987,2.763,2.763,0.00081337,0.015,61.30245297
1668602901.8471203,2.763,2.763,0.00141666,0.015,60.58115353
1668602963.1491275,2.753,2.753,0.0010174,0.015,49.93929407
1668603022.349836,2.753,2.764,0.00189489,0.026,58.56220642
1668603082.483388,2.759,2.759,0.00221553,0.004,53.8794298
1668603143.508098,2.753,2.753,0.00161783,0.001,48.74235111
1668603203.4295857,2.753,2.752,0.00153806,0.0,47.96162041
1668603263.57064,2.755,2.755,0.0010713,-0.001,50.6465769
1668603324.5747292,2.756,2.756,0.00085755,-0.007,51.69948809
1668603384.542922,2.755,2.755,0.00072645,-0.006,50.817724
1668603444.8163092,2.755,2.757,0.00088599,-0.004,52.67841656
1668603506.098367,2.762,2.762,0.00135954,-0.001,57.05287951
1668603565.736984,2.762,2.762,0.00135954,-0.001,57.05287951
1668603625.9083586,2.759,2.759,0.00173474,-0.005,53.60470676
1668603686.631214,2.749,2.749,0.00019358,-0.012,45.08743474
1668603746.6328156,2.73,2.73,-0.00301357,-0.027,33.78822433
1668603806.5544376,2.734,2.734,-0.00379969,-0.018,37.45461736
1668603867.7287126,2.734,2.734,-0.00462048,-0.019,37.59245309
1668603927.7024086,2.724,2.724,-0.00649951,-0.028,31.58382464
1668603988.0208662,2.728,2.728,-0.00646082,-0.027,36.85167889
1668604048.59405,2.728,2.726,-0.00662036,-0.029,35.86232093
1668604108.657379,2.73,2.73,-0.00702277,-0.032,39.49551689
1668604168.744452,2.737,2.737,-0.00604826,-0.025,45.19189869
1668604229.6683006,2.742,2.742,-0.00500719,-0.005,48.96057605
1668604289.713277,2.742,2.742,-0.00432198,0.013,48.96057605
1668604349.7443104,2.742,2.731,-0.00519947,0.002,41.8392805
1668604410.742644,2.733,2.733,-0.00514263,0.001,43.57000979
1668604470.892686,2.733,2.741,-0.00450446,0.009,49.57244247
1668604531.448351,2.741,2.737,-0.00415608,0.013,46.88694968
1668604592.1778154,2.732,2.732,-0.00424791,0.006,43.70010533
1668604652.2115395,2.732,2.738,-0.00376928,0.012,48.24599379
1668604712.2044294,2.74,2.74,-0.00320219,0.012,49.70383263
1668604773.131825,2.74,2.74,-0.00320219,0.012,49.70383263
1668604833.1742609,2.74,2.74,-0.0027214,0.004,49.70383263
1668604893.1159196,2.74,2.74,-0.00212893,0.0,49.56950509
1668604954.2006423,2.746,2.746,-0.00134935,0.004,54.00491636
1668605014.144898,2.744,2.744,-0.00075955,0.013,52.11774226
1668605075.3894663,2.744,2.747,-0.00052023,0.016,54.47942647
1668605138.0017052,2.746,2.746,0.00022287,0.005,53.55092648
1668605198.466853,2.741,2.741,-0.00013334,0.004,49.34941089
1668605284.197446,2.741,2.741,-0.00013334,0.004,49.34941089
1668605331.8066728,2.745,2.745,0.00015818,0.013,52.822367
1668605387.3713064,2.746,2.746,0.00058773,0.008,53.4324819
1668605447.215207,2.742,2.725,-0.00088264,-0.015,38.25977215
1668605507.9839032,2.73,2.734,-0.00130663,-0.009,45.41376995
1668605594.7136068,2.761,2.761,0.00196278,0.013,60.28236398
1668605629.403133,2.761,2.76,0.00188301,0.012,59.63446831
1668605689.019213,2.756,2.756,0.00217143,0.009,56.85516945
1668605749.404673,2.739,2.739,0.00046859,-0.006,48.16354533
1668605808.9934697,2.732,2.727,-0.00107453,-0.015,42.73604249
1668605869.8081994,2.728,2.728,-0.00212627,-0.013,43.80082197
1668605929.845893,2.726,2.729,-0.00278197,-0.018,44.4624425
1668605989.8597162,2.734,2.734,-0.00237059,-0.012,47.20208776
1668606050.641592,2.736,2.737,-0.00203377,0.012,48.8061206
1668606110.5106294,2.73,2.73,-0.00292282,-0.004,45.35601451
1668606170.5509858,2.736,2.736,-0.00266903,-0.025,49.02316138
1668606231.3266854,2.736,2.735,-0.00233387,-0.018,48.43352349
1668606291.413967,2.735,2.735,-0.00216968,-0.005,48.43352349
1668606351.372238,2.741,2.746,-0.00083087,0.011,54.72248699
1668606412.2320468,2.746,2.746,-8.497e-05,0.022,54.72248699
1668606472.317132,2.751,2.752,0.00128697,0.026,57.88111628
1668606532.4053152,2.747,2.747,0.00157424,0.012,54.41949434
1668606593.3896346,2.745,2.739,0.0012057,0.003,49.01786293
1668606653.174425,2.738,2.738,0.00070026,0.009,48.50238785
1668606713.1791255,2.734,2.735,-6.44e-05,0.006,46.75002487
1668606773.912035,2.734,2.734,-0.00080049,-0.004,46.6180208
1668606833.9541223,2.732,2.734,-0.00136353,-0.001,46.96433327
1668606893.9223642,2.733,2.722,-0.00249547,-0.018,39.71270312
1668606954.953279,2.718,2.72,-0.00375888,-0.026,39.6687769
1668607014.9069402,2.709,2.716,-0.00538998,-0.035,39.19878862
1668607074.9452753,2.71,2.71,-0.0065208,-0.041,35.91044083
1668607135.769091,2.711,2.711,-0.00681974,-0.036,36.54696297
1668607196.562054,2.719,2.715,-0.00678487,-0.022,38.9057141
1668607255.822149,2.719,2.719,-0.00654864,-0.015,42.44438634
1668607316.6136403,2.722,2.722,-0.00586484,-0.008,44.84057359
1668607376.7538526,2.724,2.719,-0.00568908,-0.01,42.77521878
1668607436.5521264,2.72,2.717,-0.00564609,-0.016,41.40597753
1668607497.6230714,2.701,2.698,-0.00804918,-0.019,31.66103117
1668607557.6671662,2.708,2.71,-0.0076366,0.001,40.77837946
1668607617.6449232,2.708,2.706,-0.00791859,-0.008,38.0908299
1668607678.6992612,2.702,2.69,-0.00920064,-0.025,30.67462868
1668607738.4008074,2.695,2.695,-0.00951661,-0.019,33.64195579
1668607798.9319968,2.701,2.698,-0.00923435,-0.017,37.05724713
1668607859.1482744,2.699,2.701,-0.00885888,-0.021,38.52583133
1668607919.1836288,2.698,2.707,-0.00817263,-0.015,43.70101344
1668607979.448595,2.703,2.704,-0.0080275,-0.015,41.29327203
1668608040.0946908,2.704,2.701,-0.00781164,0.0,39.29306237
1668608100.1744328,2.704,2.7,-0.00789141,-0.001,38.66870309
1668608159.983246,2.707,2.707,-0.00713645,0.005,45.22938575
1668608221.1518242,2.707,2.707,-0.00646363,-0.001,45.22938575
1668608281.1295598,2.703,2.704,-0.00610215,-0.002,42.94598553
1668608341.073492,2.705,2.708,-0.00543031,0.015,46.80234291
1668608402.0479856,2.712,2.715,-0.00409888,0.014,52.64939377
1668608461.8937776,2.716,2.716,-0.00311675,0.015,53.46119317
1668608522.1534135,2.715,2.714,-0.00253289,0.013,51.67859578
1668608582.7676537,2.715,2.715,-0.00190432,0.012,52.61944562
1668608642.7552042,2.715,2.709,-0.00186877,0.005,46.73916983
1668608702.7578137,2.711,2.713,-0.00150054,0.013,50.69498462
1668608763.8286288,2.713,2.715,-0.0010354,0.008,52.59100691
1668608823.747882,2.714,2.718,-0.00041985,0.011,55.36378818
1668608884.2937615,2.719,2.718,0.00025197,0.014,54.5822291
1668608944.5091803,2.721,2.721,0.00076568,0.01,56.98439323
1668609004.532575,2.721,2.718,0.00052636,0.007,54.48003949
1668609064.545241,2.717,2.718,0.00079785,0.003,54.48003949
1668609125.273994,2.718,2.714,0.00068237,-0.001,49.98040255
1668609185.305386,2.718,2.721,0.00114252,0.007,56.71753087
1668609245.3335154,2.727,2.725,0.00224024,0.01,58.64248402
1668609306.4018009,2.73,2.73,0.00303611,0.021,62.16927219
1668609367.2704515,2.731,2.729,0.00379164,0.016,59.47241742
1668609426.447966,2.729,2.725,0.00377129,0.01,55.67518587
1668609487.2857838,2.721,2.72,0.00331351,-0.001,51.26864293
1668609547.1981518,2.72,2.726,0.00339572,0.009,55.79050975
1668609607.2025151,2.726,2.726,0.00342143,0.008,55.79050975
1668609668.007898,2.722,2.712,0.00228577,-0.006,44.5929865
1668609727.9539511,2.722,2.712,0.00228577,-0.006,44.5929865
1668609788.0552,2.717,2.717,0.00176883,0.003,48.56361057
1668609849.387644,2.712,2.714,0.00085797,-0.014,46.31444343
1668609909.9831269,2.712,2.714,0.00085797,-0.014,46.31444343
1668609969.4088335,2.714,2.714,0.00038457,-0.011,46.31444343
1668610030.221149,2.721,2.717,0.0002486,-0.017,49.16387824
1668610090.1380844,2.719,2.719,0.00029878,-0.01,51.02993716
1668610150.1713972,2.719,2.72,0.00041446,-0.005,51.97909399
1668610211.086446,2.707,2.707,-0.00115255,-0.019,40.7818391
1668610270.9755712,2.707,2.704,-0.00139187,-0.022,38.73251012
1668610330.952489,2.703,2.703,-0.00314628,-0.009,39.45007021
1668610391.756145,2.701,2.701,-0.00383922,-0.012,37.719439
1668610451.9864902,2.695,2.695,-0.00499995,-0.019,33.88199598
1668610511.6462512,2.694,2.694,-0.00568124,-0.02,33.28194743
1668610572.9599144,2.696,2.696,-0.00580504,-0.021,35.7333669
1668610632.7294168,2.696,2.696,-0.00580504,-0.021,35.7333669
1668610692.7349274,2.7,2.701,-0.00556203,-0.018,41.92071958
1668610753.4280512,2.712,2.712,-0.00443075,-0.008,52.70804855
1668610813.586464,2.711,2.711,-0.00279991,0.011,51.69571433
1668610873.5113842,2.711,2.707,-0.003119,0.007,48.00750069
1668610934.2070415,2.708,2.708,-0.00235856,0.007,48.98736066
1668610993.482501,2.704,2.704,-0.00268343,0.008,45.55453314
1668611053.5084665,2.712,2.712,-0.00146397,0.018,52.8879269
1668611113.5513654,2.712,2.718,-0.00098534,0.024,57.51037577
1668611173.5324457,2.718,2.718,-0.0001437,0.022,57.51037577
1668611233.4450946,2.719,2.72,0.00067689,0.024,59.06312975
1668611293.4277775,2.716,2.716,0.00090284,0.004,55.04514386
1668611353.6386895,2.712,2.712,0.00077901,0.0,50.94452469
1668611413.454515,2.712,2.713,0.00085879,0.001,51.92923318
1668611473.4357448,2.712,2.713,0.00085879,0.001,51.92923318
1668611533.429707,2.72,2.72,0.00168602,0.012,58.21803882
1668611593.5205414,2.721,2.721,0.00213044,0.018,59.07674029
1668611653.517694,2.72,2.72,0.00237457,0.008,57.79751443
1668611713.5325873,2.72,2.718,0.00221503,0.006,55.39836313
1668611773.569425,2.718,2.718,0.00226251,0.0,55.39836313
1668611833.558803,2.718,2.713,0.00186365,-0.005,49.44722815
1668611910.742571,2.718,2.713,0.00186365,-0.005,49.44722815
1668611953.4938376,2.719,2.719,0.00201359,0.006,55.60972404
1668612013.3885553,2.719,2.716,0.00177427,0.003,52.72847155
1668612073.4879203,2.715,2.708,0.00055313,-0.008,44.31995068
1668612133.5564835,2.712,2.712,0.00053809,-0.001,49.04341645
1668612193.553856,2.71,2.71,0.00016183,-0.007,47.08882705
1668612253.5369737,2.71,2.711,0.0002416,-0.006,48.0824595
1668612313.431801,2.717,2.717,0.00088949,-0.004,54.0029962
1668612373.4604356,2.717,2.717,0.00134434,-0.001,53.07155988
1668612433.555741,2.717,2.716,0.00126457,-0.002,52.08200904
1668612493.5737596,2.718,2.718,0.00122797,0.005,53.90439575
1668612555.76148,2.718,2.718,0.00122797,0.005,53.90439575
1668612613.5954585,2.72,2.72,0.00168848,0.012,55.73432954
1668612673.5801852,2.72,2.72,0.00168848,0.012,55.73432954
1668612733.5163665,2.719,2.718,0.0016607,0.002,53.28120677
1668612793.6427011,2.715,2.715,0.00138069,0.004,49.74435962
1668612853.6095953,2.716,2.716,0.00122535,0.004,50.91402882
1668612913.57048,2.716,2.716,0.00122535,0.004,50.91402882
1668612973.4615064,2.717,2.717,0.00135869,-0.005,51.44462944
1668613033.5128057,2.717,2.719,0.00151824,-0.003,53.79962433
1668613093.498578,2.719,2.719,0.0015242,0.003,53.79962433
1668613153.589191,2.719,2.719,0.00145264,0.001,53.35815311
1668613213.59097,2.719,2.719,0.00145264,0.001,53.35815311
1668613273.555648,2.718,2.718,0.00128261,-0.002,52.07212643
1668613333.530934,2.718,2.715,0.00104329,-0.005,48.31033126
1668613393.515366,2.716,2.716,0.00085296,-0.004,49.61691725
1668613453.6344547,2.713,2.713,0.00027003,-0.005,45.92821569
1668613513.6166036,2.707,2.707,-0.00094056,-0.009,39.0560027
1668613573.6112175,2.707,2.706,-0.00102033,-0.01,38.05941126
1668613635.9133675,2.708,2.707,-0.00129179,-0.014,38.89929747
1668613693.5679393,2.698,2.698,-0.00335559,-0.019,32.48819686
1668613753.5251036,2.682,2.682,-0.00657613,-0.038,27.31485797
1668613813.6561186,2.689,2.689,-0.00678305,-0.029,34.7732715
1668613874.2149975,2.699,2.699,-0.00595152,-0.016,43.67466455
1668613933.6236224,2.693,2.693,-0.00633311,-0.02,39.23506814
1668613993.5733185,2.693,2.692,-0.00641288,-0.021,38.63928903
1668614053.5801854,2.689,2.689,-0.00699945,-0.024,37.39194773
1668614113.608407,2.693,2.692,-0.00688993,-0.017,40.31934786
1668614173.5068922,2.685,2.685,-0.00738657,-0.022,35.99698656
1668614233.5139208,2.685,2.696,-0.00650908,-0.011,45.39334556
1668614293.6125867,2.702,2.701,-0.0055539,0.005,49.34811153
1668614354.2752247,2.698,2.698,-0.00498156,0.022,47.14204032
1668614413.6309311,2.689,2.689,-0.00538018,-0.007,41.27212037
1668614473.673662,2.689,2.689,-0.0053822,-0.007,41.27212037
1668614533.642712,2.683,2.683,-0.00617063,-0.005,37.59651381
1668614593.642587,2.683,2.683,-0.00634303,-0.006,37.59651381
1668614653.6827064,2.683,2.686,-0.00610371,-0.003,40.66096083
1668614713.779632,2.695,2.695,-0.00482197,0.008,49.03331415
1668614773.698308,2.691,2.691,-0.00458466,-0.005,45.65765575
1668614834.1290958,2.691,2.691,-0.00422149,-0.01,45.65765575
1668614893.7057474,2.691,2.69,-0.00430126,-0.011,44.81234535
1668614954.151315,2.686,2.689,-0.00410998,-0.006,43.93633128
1668615013.7835205,2.689,2.696,-0.00360124,0.006,51.2256804
1668615073.6490307,2.695,2.694,-0.00313274,0.005,49.55708344
1668615133.6394134,2.697,2.693,-0.00274726,0.01,48.651287
1668615193.650864,2.692,2.697,-0.00209485,0.014,52.39915437
1668615253.931321,2.697,2.697,-0.00155983,0.009,52.39915437
1668615314.1544533,2.697,2.697,-0.00065951,0.004,52.15089475
1668615373.6826377,2.697,2.704,-0.0001011,0.011,58.83676136
1668615433.7585626,2.704,2.697,3.143e-05,0.006,51.22617328
1668615493.6426568,2.696,2.696,5.513e-05,0.006,50.22665587
1668615553.6243682,2.699,2.699,0.00031239,0.014,53.17822054
1668615613.6823747,2.7,2.7,0.00059016,0.005,54.15415112
1668615673.5766404,2.702,2.702,0.00096061,0.008,56.12391237
1668615733.631766,2.701,2.701,0.00103694,0.008,55.23624975
1668615794.162068,2.705,2.705,0.00177538,0.008,59.09789583
1668615853.662032,2.701,2.701,0.00164143,0.003,53.89800971
1668615913.5902946,2.701,2.7,0.00156165,0.002,52.69593028
1668615973.668285,2.7,2.7,0.00137551,-0.004,52.65582452
1668616033.8434737,2.7,2.698,0.00121596,-0.006,50.1921219
1668616093.71547,2.701,2.701,0.00128028,0.004,53.86435953
1668616153.7658186,2.702,2.702,0.00134732,0.003,54.9759253
1668616214.5049562,2.702,2.703,0.00142709,0.004,56.12999272
1668616273.9774432,2.703,2.695,0.00092212,-0.005,45.97685425
1668616333.873158,2.695,2.697,0.00067553,-0.003,48.48561108
1668616393.6288135,2.705,2.705,0.00113476,0.002,57.41417474
1668616454.0191512,2.705,2.705,0.00113476,0.002,57.41417474
1668616513.7512107,2.705,2.705,0.00113476,0.002,57.41417474
1668616573.9879334,2.705,2.705,0.00145154,0.005,57.41417474
1668616633.7788131,2.71,2.71,0.00242911,0.012,62.41528738
1668616693.700304,2.71,2.705,0.00203025,0.007,56.13013969
1668616753.712965,2.702,2.702,0.00138369,0.002,52.04955578
1668616813.782198,2.702,2.703,0.00146346,0.003,53.01964858
1668616873.7334137,2.712,2.712,0.00268856,0.017,60.72554346
1668616933.8066034,2.718,2.718,0.00417091,0.021,62.73440266
1668616993.8636937,2.718,2.718,0.00417091,0.021,62.73440266
1668617053.766371,2.718,2.718,0.00498968,0.013,62.73440266
1668617113.7489352,2.718,2.72,0.00514922,0.015,64.10762923
1668617173.7168894,2.72,2.72,0.00541242,0.015,64.15842737
1668617233.7087295,2.719,2.715,0.0052206,0.007,57.97319997
1668617294.2776968,2.719,2.714,0.00514082,0.006,56.876557
1668617353.9299428,2.724,2.724,0.00595337,0.027,64.22127983
1668617413.735776,2.724,2.725,0.00603314,0.028,64.86088149
1668617473.7175448,2.729,2.729,0.00678051,0.018,67.55182407
1668617533.7399187,2.729,2.716,0.00574347,0.005,54.66141352
1668617593.963691,2.718,2.718,0.00492999,0.0,56.42731256
1668617653.764669,2.718,2.716,0.00477045,-0.002,54.66141352
1668617713.825834,2.716,2.716,0.004355,-0.002,54.66141352
1668617774.4675891,2.716,2.716,0.004355,-0.002,54.66141352
1668617833.7316756,2.716,2.716,0.00397987,-0.003,54.66141352
1668617893.784731,2.717,2.717,0.00372039,-0.003,55.78056474
1668617953.8018074,2.716,2.713,0.00334038,-0.001,50.14214966
1668618013.7823129,2.713,2.713,0.00237499,-0.012,50.14214966
1668618073.8066895,2.714,2.714,0.00214292,-0.011,51.3328269
1668618133.7395031,2.723,2.723,0.00302325,0.007,60.60687301
1668618193.755908,2.72,2.72,0.00275535,0.004,57.15745967
1668618254.1637807,2.72,2.72,0.00275535,0.004,57.15745967
1668618313.684992,2.717,2.717,0.0021921,0.001,52.99978082
1668618373.760986,2.717,2.717,0.0021921,0.001,52.99978082
1668618433.6719377,2.723,2.723,0.00251014,0.007,59.11276796
1668618493.725278,2.724,2.724,0.00289059,0.011,59.74229361
1668618554.0072498,2.724,2.724,0.00289059,0.011,59.74229361
1668618613.821471,2.724,2.724,0.00313199,0.01,59.74229361
1668618673.916326,2.724,2.718,0.00265336,0.004,51.37157993
1668618733.778817,2.724,2.718,0.00265336,0.004,51.37157993
1668618793.6942852,2.719,2.719,0.00210501,0.0,52.65386114
1668618853.8212166,2.719,2.714,0.00170615,-0.005,46.35033319
1668618913.839244,2.719,2.714,0.00170615,-0.005,46.35033319
1668618973.8118954,2.717,2.717,0.00122967,0.002,50.27589284
1668619033.9174316,2.717,2.717,0.00122967,0.002,50.27589284
1668619093.776556,2.722,2.719,0.00120396,0.002,52.93833364
1668619153.7699792,2.718,2.719,0.00117009,-0.004,52.93833364
1668619213.7561944,2.72,2.72,0.00110429,-0.004,54.30780088
1668619274.0230956,2.718,2.718,0.00103594,-0.006,50.80688468
1668619333.7935512,2.721,2.721,0.00133216,0.003,55.65824703
1668619393.8529234,2.721,2.721,0.00111521,0.003,54.81457137
1668619453.9004073,2.721,2.718,0.00087589,0.0,50.55238401
1668619513.804566,2.723,2.723,0.00130298,0.006,57.8059185
1668619573.8077197,2.722,2.722,0.00120023,0.005,55.90952073
1668619633.8802502,2.722,2.72,0.00104069,0.003,53.04375783
1668619693.8335547,2.719,2.719,0.0008812,0.0,51.06017206
1668619753.8215022,2.719,2.719,0.0008812,0.0,51.06017206
1668619813.81127,2.719,2.719,0.0008812,0.0,51.06017206
1668619873.793064,2.719,2.719,0.0008812,0.0,51.06017206
1668619933.7721474,2.723,2.723,0.00110292,0.005,57.34221435
1668619994.1379013,2.724,2.726,0.00150339,0.005,61.34940955
1668620069.981998,2.727,2.727,0.00187978,0.006,62.61024451
1668620114.0831532,2.725,2.725,0.00199371,0.008,58.4999558
1668620174.2669847,2.724,2.724,0.0018573,0.006,56.34422755
1668620240.3725145,2.724,2.724,0.00183074,0.004,56.34422755
1668620294.0837908,2.738,2.738,0.00401689,0.017,67.3908797
1668620354.1204388,2.738,2.733,0.00361803,0.012,60.73849522
1668620414.138083,2.726,2.723,0.00286961,0.004,50.27781707
1668620474.2935808,2.723,2.723,0.00238009,0.0,49.9275816
1668620534.4337068,2.726,2.726,0.0021112,0.0,52.49901865
1668620594.1193142,2.726,2.727,0.00219097,0.001,53.26142496
1668620654.0466626,2.735,2.735,0.002781,0.008,58.93928951
1668620714.2055628,2.734,2.734,0.00313182,0.011,57.99094864
1668620774.0839822,2.732,2.734,0.00312462,0.01,57.26708445
1668620834.248861,2.735,2.739,0.00373223,0.015,60.51665188
1668620898.4305017,2.739,2.739,0.00447287,0.009,60.15483344
1668620971.5851636,2.739,2.737,0.00431333,0.007,58.17243568
1668621014.572302,2.739,2.734,0.00407401,0.004,55.43228583
1668621087.1608384,2.735,2.735,0.00387247,0.007,56.22934078
1668621137.001955,2.735,2.735,0.00395906,0.014,55.41912225
1668621195.5904567,2.731,2.731,0.00322883,0.004,51.82673173
1668621257.313593,2.731,2.729,0.00306929,0.002,50.07876876
1668621317.1332812,2.731,2.731,0.00274674,-0.004,51.82842969
1668621380.6910484,2.731,2.732,0.00282651,-0.003,52.65806009
1668621438.287144,2.731,2.732,0.00282651,-0.003,52.65806009
1668621498.3510275,2.731,2.732,0.00282651,-0.003,52.65806009
1668621558.3676329,2.733,2.733,0.00268386,0.003,53.52013187
1668621619.3440747,2.732,2.733,0.00254151,-0.001,53.52013187
1668621679.9549356,2.73,2.73,0.00216171,-0.008,50.33133781
1668621745.422293,2.73,2.73,0.00216171,-0.008,50.33133781
1668621799.977312,2.735,2.736,0.00231814,-0.004,55.98032752
1668621859.8720317,2.735,2.736,0.00231814,-0.004,55.98032752
1668621919.938303,2.735,2.735,0.00244391,0.001,54.51211638
1668621980.9118247,2.738,2.738,0.00267768,0.0,57.58828729
1668622040.8632069,2.738,2.738,0.00267768,0.0,57.58828729
1668622100.9315104,2.737,2.737,0.00272713,0.008,56.17294439
1668622162.4754517,2.737,2.737,0.00272713,0.008,56.17294439
1668622221.603462,2.737,2.737,0.00266417,0.005,56.17294439
1668622281.5472083,2.742,2.742,0.00338417,0.009,59.82483321
1668622342.3551166,2.742,2.743,0.00346395,0.01,61.24902637
1668622402.3317904,2.742,2.743,0.00346395,0.01,61.24902637
1668622462.379496,2.743,2.743,0.00361352,0.013,61.24902637
1668622523.3289545,2.747,2.747,0.00400861,0.011,65.10296894
1668622583.3442452,2.743,2.743,0.00386507,0.007,58.80472436
1668622643.3419771,2.744,2.744,0.00413955,0.006,57.81237224
1668622704.3562574,2.744,2.748,0.00445864,0.01,63.55144564
1668622763.4594228,2.744,2.748,0.00445864,0.01,63.55144564
1668622823.3936806,2.744,2.744,0.00420744,0.007,57.09540607
1668622883.3373208,2.747,2.747,0.00436956,0.01,61.8971381
1668622943.529256,2.742,2.742,0.00355247,-0.003,53.77921967
1668623019.8452475,2.744,2.744,0.00340545,0.001,56.34067185
1668623063.4416368,2.741,2.741,0.00282646,-0.002,51.86225334
1668623123.4344738,2.742,2.742,0.00260698,-0.005,53.46715829
1668623183.4958043,2.742,2.738,0.00228789,-0.009,47.17813276
1668623243.3717768,2.74,2.741,0.00201669,-0.002,51.76103105
1668623303.4640791,2.741,2.741,0.00178122,-0.007,51.76103105
1668623363.4188943,2.741,2.742,0.00186099,-0.006,53.21805982
1668623423.3412178,2.744,2.744,0.00186876,-0.003,56.07558938
1668623483.4855826,2.74,2.74,0.00152165,-0.007,49.11668439
1668623543.4404385,2.74,2.738,0.00136211,-0.009,46.24708402
1668623603.4547253,2.738,2.738,0.00061565,-0.005,46.24708402
1668623663.7223835,2.735,2.735,-7.712e-05,-0.007,41.98031889
1668623723.666081,2.734,2.734,-0.00075765,-0.008,42.50208214
1668623783.3478107,2.734,2.73,-0.00107674,-0.012,35.93765869
1668623843.628135,2.734,2.73,-0.00107674,-0.012,35.93765869
1668623903.3536916,2.726,2.726,-0.002553,-0.015,31.76035063
1668623963.496822,2.726,2.721,-0.00295186,-0.02,27.46309749
1668624023.4415774,2.728,2.728,-0.00355259,-0.016,40.19849961
1668624083.4277856,2.728,2.728,-0.00343804,-0.016,40.96997556
1668624144.0542374,2.726,2.726,-0.00377843,-0.012,39.61590341
1668624203.4306445,2.726,2.728,-0.00361888,-0.01,42.44469319
1668624263.3552277,2.733,2.733,-0.00313297,-0.005,48.89085772
1668624323.3900588,2.733,2.732,-0.00321274,-0.006,47.71978635
1668624383.7090244,2.731,2.733,-0.00277815,-0.002,48.97877081
1668624443.4408822,2.731,2.733,-0.00277815,-0.002,48.97877081
1668624503.6267126,2.728,2.728,-0.00280486,-0.003,43.35672737
1668624563.4275217,2.726,2.726,-0.00307655,-0.004,41.45342945
1668624623.8712578,2.726,2.726,-0.00307655,-0.004,41.45342945
1668624683.5050757,2.722,2.722,-0.0037621,0.001,38.27407321
1668624743.431067,2.722,2.723,-0.00368233,0.002,39.70555149
1668624803.4249272,2.729,2.723,-0.00376111,-0.001,39.70555149
1668624863.5017042,2.729,2.723,-0.00376111,-0.001,39.70555149
1668624923.4153557,2.725,2.725,-0.00362043,-0.005,42.78334157
1668624983.3835666,2.721,2.721,-0.00391122,-0.004,37.53137089
1668625043.5038023,2.721,2.723,-0.00375167,-0.002,39.70555149
1668625103.9205372,2.721,2.723,-0.00375167,-0.002,39.70555149
1668625163.432366,2.721,2.723,-0.00375167,-0.002,39.70555149
1668625223.5176847,2.721,2.723,-0.00375167,-0.002,39.70555149
1668625283.4557316,2.723,2.723,-0.00368675,-0.005,39.70555149
1668625343.4607568,2.72,2.72,-0.00383318,-0.012,36.07047407
1668625403.4544342,2.72,2.72,-0.00390422,-0.013,36.07047407
1668625463.5623484,2.72,2.72,-0.00390422,-0.013,36.07047407
1668625523.5860438,2.72,2.72,-0.00390422,-0.013,36.07047407
1668625583.508463,2.711,2.711,-0.00527497,-0.015,29.81376182
1668625643.4289668,2.711,2.71,-0.00535474,-0.016,27.93966588
1668625703.5503008,2.712,2.716,-0.00525528,-0.005,38.54309785
1668625763.4745803,2.715,2.715,-0.00515414,-0.008,38.2768099
1668625823.4357736,2.714,2.714,-0.00526367,-0.009,38.14723482
1668625883.4994955,2.71,2.71,-0.00542109,-0.013,34.28405518
1668625943.3767564,2.706,2.706,-0.00604809,-0.017,31.13137351
1668626003.628254,2.7,2.7,-0.00713018,-0.02,28.16543997
1668626064.049746,2.703,2.703,-0.00703513,-0.017,32.65452318
1668626123.4799483,2.703,2.703,-0.0070064,-0.006,33.34426068
1668626183.5075274,2.703,2.704,-0.00692663,-0.005,34.13213792
1668626243.5793552,2.703,2.703,-0.00680928,-0.013,33.28515865
1668626303.4854512,2.703,2.704,-0.00672951,-0.012,35.02161117
1668626363.5534065,2.711,2.711,-0.00542192,-0.001,45.88188606
1668626423.4823709,2.711,2.711,-0.00542192,-0.001,45.88188606
1668626483.4467113,2.712,2.712,-0.00472193,-0.002,47.30850741
1668626543.5731895,2.715,2.715,-0.00357243,0.009,50.89174709
1668626603.5970926,2.712,2.712,-0.00308784,0.009,48.00842736
1668626663.4974103,2.715,2.715,-0.00248885,0.011,51.37927677
1668626723.7886348,2.711,2.711,-0.00231028,0.007,47.00345523
1668626783.4692483,2.711,2.711,-0.00231028,0.007,47.00345523
1668626843.4923005,2.717,2.717,-0.00095642,0.012,52.82538959
1668626903.5215416,2.717,2.72,-0.0007171,0.015,56.06927683
1668626963.5868387,2.716,2.713,-0.00071186,0.005,48.57398952
1668627023.4985278,2.718,2.718,-0.00030078,0.007,53.36905152
1668627084.1412945,2.713,2.713,-0.00042735,-0.002,48.49904785
1668627143.544196,2.713,2.713,-0.00042735,-0.002,48.49904785
1668627203.540689,2.714,2.714,-0.00053114,0.002,49.82135108
1668627263.7828574,2.714,2.72,-5.251e-05,0.008,55.32259134
1668627323.5087528,2.721,2.721,0.00047539,0.006,56.18477566
1668627383.556322,2.719,2.719,0.00091057,-0.001,53.9426542
1668627443.610089,2.721,2.721,0.0012059,0.001,55.97997822
1668627503.5186338,2.72,2.72,0.00134376,0.007,54.67763454
1668627563.592286,2.726,2.726,0.00222305,0.008,60.72884653
1668627623.6190877,2.726,2.726,0.00222305,0.008,60.72884653
1668627683.483953,2.728,2.728,0.00273366,0.015,62.57351245
1668627743.5152133,2.729,2.729,0.00330551,0.016,62.73704585
1668627803.6140685,2.729,2.731,0.00346505,0.018,65.09587476
1668627863.7551253,2.729,2.729,0.00330551,0.016,62.73704585
1668627923.7080648,2.729,2.729,0.00330551,0.016,62.73704585
1668627983.9997125,2.729,2.729,0.00330551,0.016,62.73704585
1668628043.524404,2.729,2.729,0.00330551,0.016,62.73704585
1668628103.4964216,2.729,2.729,0.00330551,0.016,62.73704585
1668628163.56505,2.729,2.729,0.00330551,0.016,62.73704585
1668628223.5011876,2.726,2.726,0.00335155,0.015,58.2945186
1668628283.4891543,2.726,2.726,0.00335155,0.015,58.2945186
1668628343.5764437,2.726,2.726,0.00335155,0.015,58.2945186
1668628403.5125954,2.727,2.727,0.00342921,0.007,59.32837679
1668628464.25518,2.727,2.727,0.00345097,0.006,59.32837679
1668628523.635794,2.727,2.729,0.00361051,0.008,61.3898784
1668628583.788432,2.731,2.731,0.00399414,0.012,63.25248097
1668628643.6923666,2.731,2.73,0.00391437,0.011,61.65102854
1668628703.825517,2.73,2.73,0.00399107,0.009,61.65102854
1668628763.8053896,2.73,2.73,0.00399107,0.009,61.65102854
1668628823.843743,2.729,2.729,0.00387228,0.004,59.76125301
1668628883.6306872,2.73,2.73,0.00387644,0.004,61.65102854
1668628943.7342217,2.729,2.729,0.00369325,-0.001,59.47001703
1668629003.587258,2.729,2.727,0.00353371,-0.003,55.5403459
1668629063.6224933,2.727,2.727,0.00322492,-0.002,55.5403459
1668629123.5725887,2.727,2.727,0.00322492,-0.002,55.5403459
1668629183.9074826,2.727,2.727,0.00322492,-0.002,55.5403459
1668629243.8203907,2.722,2.722,0.00254737,-0.004,46.61037376
1668629303.660953,2.72,2.72,0.00182796,-0.007,43.59122005
1668629363.6744986,2.72,2.72,0.00182796,-0.007,43.59122005
1668629423.859603,2.72,2.72,0.00124349,-0.011,43.59122005
1668629483.6830697,2.719,2.719,0.00069162,-0.011,42.01314658
1668629543.546577,2.719,2.719,0.00069162,-0.011,42.01314658
1668629603.6976593,2.723,2.722,0.00049069,-0.008,48.08507149
1668629663.8669488,2.722,2.722,0.00032767,-0.008,48.08507149
1668629723.611429,2.722,2.722,0.00032767,-0.008,48.08507149
1668629783.6491454,2.723,2.723,0.00027598,-0.007,50.10484798
1668629843.744886,2.723,2.723,0.0001955,-0.004,50.10484798
1668629904.120221,2.723,2.72,-4.381e-05,-0.007,44.13110571
1668629963.7191997,2.72,2.72,-0.00025967,-0.007,44.13110571
1668630023.6354537,2.72,2.719,-0.00033945,-0.008,42.31987194
1668630083.7569478,2.722,2.722,-0.00032788,0.0,49.07270818
1668630143.6478066,2.722,2.723,-0.00024811,0.001,50.98548142
1668630203.6826386,2.719,2.719,-0.00049281,-0.001,43.88519859
1668630263.7158008,2.719,2.719,-0.00067891,-0.001,43.88519859
1668630323.83228,2.719,2.719,-0.00067891,-0.001,43.88519859
1668630383.656699,2.719,2.719,-0.00067891,-0.001,43.88519859
1668630443.6762323,2.719,2.719,-0.00067891,-0.001,43.88519859
1668630503.6043563,2.727,2.727,-9.29e-05,0.005,58.07789045
1668630563.6121528,2.728,2.728,0.00042933,0.006,59.3969004
1668630623.7608075,2.728,2.728,0.00042933,0.006,59.3969004
1668630683.6759007,2.732,2.732,0.00153392,0.009,64.65506327
1668630743.699082,2.732,2.732,0.00153392,0.009,64.65506327
1668630803.8834116,2.731,2.731,0.00219412,0.012,61.22547877
1668630863.7352104,2.731,2.726,0.00179526,0.007,51.98656162
1668630923.7144785,2.731,2.725,0.00171548,0.006,50.46357226
1668630983.7021177,2.727,2.73,0.00186689,0.007,57.21307178
1668631043.7319083,2.731,2.731,0.00204402,0.012,58.43293443
1668631103.7348988,2.731,2.731,0.00204402,0.012,58.43293443
1668631163.6417558,2.731,2.731,0.00215949,0.012,58.43293443
1668631223.7621272,2.731,2.731,0.00215949,0.012,58.43293443
1668631284.4979386,2.731,2.731,0.00222536,0.009,58.43293443
1668631343.666758,2.731,2.731,0.00222536,0.009,58.43293443
1668631403.5965626,2.731,2.731,0.00222536,0.009,58.43293443
1668631463.7373466,2.735,2.735,0.00257069,0.007,63.61534823
1668631523.6328766,2.735,2.735,0.00257069,0.007,63.61534823
1668631583.6397212,2.726,2.726,0.00169667,-0.005,48.85598304
1668631643.6455386,2.726,2.726,0.00169667,-0.005,48.85598304
1668631703.678851,2.73,2.73,0.00168512,-0.002,54.31895137
1668631764.6249394,2.734,2.734,0.00235293,0.009,57.91127591
1668631823.6311498,2.74,2.74,0.00292132,0.01,63.83382445
1668631883.7185645,2.74,2.74,0.00292132,0.01,63.83382445
1668631943.7781482,2.74,2.74,0.00333335,0.009,63.83382445
1668632003.6528184,2.74,2.74,0.00333335,0.009,63.83382445
1668632063.6291103,2.74,2.74,0.00333335,0.009,63.83382445
1668632123.6148906,2.74,2.74,0.00333335,0.009,63.83382445
1668632183.632835,2.738,2.738,0.00345864,0.007,60.54048227
1668632244.4827464,2.738,2.738,0.00345864,0.007,60.54048227
1668632303.6537957,2.737,2.737,0.00343761,0.006,58.90409473
1668632363.7516134,2.738,2.738,0.00356436,0.012,58.81341252
1668632423.7057035,2.738,2.738,0.00356436,0.012,58.81341252
1668632483.6700718,2.738,2.738,0.00356436,0.012,58.81341252
1668632543.769698,2.738,2.738,0.00356436,0.012,58.81341252
1668632663.7315314,2.738,2.738,0.00355751,0.003,57.1642981
1668632903.729962,2.743,2.739,0.00342065,-0.001,55.90639215
1668633023.6787956,2.737,2.737,0.00259159,0.0,52.49233492
1668633565.05021,2.734,2.734,0.00126652,-0.003,48.81569951
1668633625.141029,2.725,2.725,0.00018312,-0.012,41.3625364
1668633685.1172063,2.732,2.732,0.00026107,-0.012,47.31855739
1668633745.911578,2.738,2.738,0.00356436,0.012,58.81341252
1668633805.9322417,2.728,2.732,-0.0001781,-0.007,47.64202222
1668633865.935843,2.728,2.732,-0.0001781,-0.007,47.64202222
1668633926.7767627,2.743,2.745,0.00303688,0.005,60.34302728
1668633986.8168352,2.728,2.732,-0.0001781,-0.007,47.64202222
1668634046.7841508,2.728,2.728,-0.00065174,-0.013,43.88347648
1668634107.8336189,2.728,2.73,-0.0004922,-0.011,45.68557596
1668634167.7144644,2.728,2.73,-0.0004922,-0.011,45.68557596
1668634227.657946,2.729,2.729,-0.00081245,-0.006,44.697221
1668634288.8203125,2.729,2.729,-0.00081245,-0.006,44.697221
1668634348.5256796,2.73,2.73,-0.00097433,-0.008,45.95633008
1668634408.5838182,2.73,2.729,-0.0010541,-0.009,44.697221
1668634470.1267402,2.73,2.729,-0.0010541,-0.009,44.697221
1668634530.49231,2.73,2.729,-0.0010541,-0.009,44.697221
1668634590.4238698,2.729,2.729,-0.00123141,-0.016,44.697221
1668634651.1263645,2.729,2.731,-0.00119676,-0.004,47.53257715
1668634710.9399557,2.732,2.732,-0.00107619,0.002,48.94211952
1668634770.8010163,2.732,2.732,-0.00107619,0.002,48.94211952
1668634831.748095,2.733,2.733,-0.0008897,0.0,50.37777207
1668634891.765592,2.733,2.733,-0.0008897,0.0,50.37777207
1668634951.749534,2.731,2.731,-0.00107016,0.002,48.15812449
1668635012.544372,2.731,2.729,-0.00122971,0.0,45.30244704
1668635072.5801747,2.731,2.729,-0.00122971,0.0,45.30244704
1668635132.577632,2.731,2.729,-0.00122971,0.0,45.30244704
1668635193.7097216,2.731,2.729,-0.00122971,0.0,45.30244704
1668635253.7088706,2.731,2.729,-0.00122971,0.0,45.30244704
1668635314.2198386,2.731,2.729,-0.00122971,0.0,45.30244704
1668635374.4744363,2.723,2.723,-0.00177064,-0.009,38.45823128
1668635434.5176344,2.721,2.721,-0.00233381,-0.009,36.47981323
1668635494.5334172,2.723,2.723,-0.00265049,-0.006,40.39410244
1668635555.356768,2.723,2.723,-0.0028059,-0.006,40.39410244
1668635615.3603098,2.723,2.722,-0.00288567,-0.007,39.33583714
1668635675.3230498,2.723,2.723,-0.00295727,-0.006,41.00043781
1668635736.3979664,2.722,2.722,-0.00305944,-0.009,39.82363568
1668635796.335878,2.722,2.722,-0.00305944,-0.009,39.82363568
1668635856.839551,2.728,2.728,-0.00262601,-0.005,49.84159544
1668635917.0436635,2.728,2.728,-0.0022211,0.0,49.84159544
1668635977.033618,2.728,2.728,-0.00187855,-0.001,49.84159544
1668636037.0235066,2.728,2.728,-0.00158876,0.005,49.84159544
1668636097.948228,2.728,2.728,-0.00158876,0.005,49.84159544
1668636158.0370002,2.728,2.728,-0.00134362,0.008,49.84159544
1668636217.8919718,2.728,2.728,-0.00134362,0.008,49.84159544
1668636279.0110912,2.728,2.728,-0.00134362,0.008,49.84159544
1668636338.9359272,2.726,2.726,-0.00129578,0.003,46.13333403
1668636399.4417474,2.726,2.72,-0.00177442,-0.003,37.71519621
1668636459.675478,2.728,2.728,-0.00141699,0.005,50.98352173
1668636519.738902,2.729,2.729,-0.00105668,0.007,52.34182631
1668636579.6768494,2.729,2.731,-0.00089714,0.009,54.84445352
1668636640.4811196,2.729,2.731,-0.00089714,0.009,54.84445352
1668636700.54627,2.729,2.731,-0.00089714,0.009,54.84445352
1668636760.5144646,2.729,2.731,-0.00089714,0.009,54.84445352
1668636821.2494116,2.729,2.729,-0.00063917,0.007,51.90893025
1668636881.9083126,2.729,2.73,-0.00055939,0.008,53.33633112
1668636941.289601,2.729,2.73,-0.00055939,0.008,53.33633112
1668637002.305418,2.729,2.73,-0.00055939,0.008,53.33633112
1668637062.3715072,2.727,2.727,-0.00052772,-0.001,48.98453256
1668637122.2280982,2.727,2.727,-0.00052772,-0.001,48.98453256
1668637182.9964397,2.727,2.727,-0.00049689,-0.001,48.98453256
1668637243.167008,2.727,2.727,-0.00049689,-0.001,48.98453256
1668637303.0732255,2.727,2.727,-0.00049689,-0.001,48.98453256
1668637363.989405,2.722,2.717,-0.0012977,-0.011,36.63051465
1668637423.7908473,2.722,2.717,-0.0012977,-0.011,36.63051465
1668637483.8689804,2.72,2.72,-0.00175191,0.001,42.07445082
1668637544.6840897,2.716,2.716,-0.00251645,-0.009,38.29987905
1668637604.6828723,2.716,2.716,-0.00251645,-0.009,38.29987905
1668637664.8032064,2.716,2.716,-0.00251645,-0.009,38.29987905
1668637725.5081122,2.717,2.717,-0.00275699,-0.011,39.86408007
1668637785.616753,2.717,2.718,-0.00283426,-0.013,41.46226542
1668637845.5044951,2.717,2.715,-0.00307358,-0.016,37.80006089
1668637906.2885883,2.717,2.715,-0.00307358,-0.016,37.80006089
1668637966.308509,2.717,2.715,-0.00307358,-0.016,37.80006089
1668638026.2994988,2.715,2.715,-0.00328659,-0.015,37.80006089
1668638087.4168782,2.715,2.715,-0.00328659,-0.015,37.80006089
1668638147.4222636,2.715,2.715,-0.00328659,-0.015,37.80006089
1668638207.362069,2.715,2.715,-0.00328659,-0.015,37.80006089
1668638268.1744509,2.717,2.717,-0.00325648,-0.01,41.32349066
1668638328.2011757,2.717,2.72,-0.00301716,-0.007,45.91878524
1668638388.1334012,2.717,2.72,-0.00301716,-0.007,45.91878524
1668638449.0265536,2.717,2.72,-0.00301716,-0.007,45.91878524
1668638508.9613483,2.717,2.72,-0.00301716,-0.007,45.91878524
1668638569.242838,2.717,2.72,-0.00301716,-0.007,45.91878524
1668638629.71691,2.717,2.72,-0.00301716,-0.007,45.91878524
1668638689.753874,2.717,2.72,-0.00301716,-0.007,45.91878524
1668638749.7462113,2.717,2.72,-0.00301716,-0.007,45.91878524
1668638810.7703276,2.717,2.72,-0.00301716,-0.007,45.91878524
1668638870.7970655,2.717,2.72,-0.00301716,-0.007,45.91878524
1668638930.6521854,2.716,2.716,-0.00309078,-0.011,41.27704238
1668638991.7381089,2.719,2.72,-0.00260937,-0.006,46.24610086
1668639051.6167085,2.719,2.72,-0.00260937,-0.006,46.24610086
1668639111.7151394,2.725,2.725,-0.00199111,0.008,53.42072551
1668639172.4139228,2.725,2.725,-0.00148402,0.003,53.42072551
1668639232.452003,2.729,2.735,-8.732e-05,0.019,64.25110605
1668639292.6165814,2.734,2.734,0.00067909,0.018,63.38101486
1668639353.4299986,2.732,2.733,0.00131613,0.016,60.96259564
1668639413.440132,2.733,2.733,0.00198411,0.018,59.49508459
1668639473.9849396,2.734,2.738,0.0026337,0.023,64.34182058
1668639534.2388685,2.738,2.738,0.00311262,0.018,64.34182058
1668639594.3090358,2.743,2.743,0.00391283,0.024,68.63263811
1668639654.2384007,2.754,2.765,0.00711152,0.045,79.76665341
1668639715.1258743,2.769,2.774,0.00968658,0.049,82.50553248
1668639775.064325,2.774,2.774,0.01128027,0.046,81.4144031
1668639835.0548887,2.775,2.78,0.01281648,0.046,83.20179296
1668639896.0786486,2.774,2.774,0.0132106,0.039,78.10435985
1668639955.985836,2.769,2.762,0.01235271,0.025,64.18005944
1668640016.555275,2.768,2.769,0.01240979,0.036,68.333976
1668640076.8475091,2.77,2.775,0.01266764,0.037,71.18490657
1668640136.7917364,2.767,2.771,0.0124687,0.032,66.91082068
1668640196.8048308,2.771,2.771,0.01223234,0.013,66.83365091
1668640257.5351944,2.771,2.771,0.01184525,0.0,66.83365091
1668640317.5540085,2.759,2.759,0.009957,-0.016,55.05184107
1668640377.6197898,2.764,2.764,0.00950936,-0.01,59.39083325
1668640438.3725624,2.758,2.758,0.00826004,-0.019,53.5655718
1668640498.3887153,2.761,2.761,0.00748892,-0.009,56.03782662
1668640559.1611545,2.761,2.761,0.0069226,-0.002,55.4961367
1668640619.4762127,2.76,2.76,0.00619525,-0.008,54.45231397
1668640679.261958,2.752,2.752,0.00460865,-0.023,47.1525385
1668640739.4436865,2.75,2.75,0.00340443,-0.022,45.49515511
1668640800.025427,2.75,2.752,0.00356398,-0.02,47.31771654
1668640859.974816,2.763,2.763,0.00342036,0.0,56.88645303
1668640920.0418258,2.763,2.76,0.00303139,-0.003,54.52663192
1668640980.7936757,2.761,2.764,0.00319869,0.001,58.07513438
1668641041.4054823,2.758,2.758,0.00256831,0.0,52.14989267
1668641100.709853,2.761,2.761,0.00253447,-0.002,55.29750049
1668641161.7012832,2.767,2.767,0.0030193,0.006,60.78709428
1668641221.8683352,2.766,2.766,0.0030377,0.011,60.0875486
1668641281.6379445,2.771,2.771,0.00360386,0.02,64.43558136
1668641342.4057453,2.773,2.773,0.0041659,0.021,66.02972743
1668641402.3892438,2.771,2.773,0.00443559,0.014,66.14645493
1668641462.37805,2.768,2.768,0.00432248,0.008,58.56171518
1668641523.5433435,2.768,2.768,0.00432248,0.008,58.56171518
1668641583.802043,2.773,2.773,0.00458346,0.013,63.11634182
1668641643.070349,2.773,2.773,0.00458346,0.013,63.11634182
1668641704.1217363,2.769,2.769,0.00441661,0.009,57.65657011
1668641764.4519973,2.77,2.77,0.00431533,0.012,58.62027694
1668641824.0791037,2.769,2.764,0.00364658,0.002,51.23187798
1668641885.0214095,2.769,2.764,0.00364658,0.002,51.23187798
1668641944.9461918,2.764,2.764,0.00314357,0.0,51.23187798
1668642005.0017643,2.766,2.766,0.00305797,0.0,53.22413316
1668642065.6623232,2.766,2.766,0.00305797,0.0,53.22413316
1668642126.1894133,2.766,2.766,0.00305797,0.0,53.22413316
1668642185.636435,2.759,2.759,0.00221015,-0.012,45.201823
1668642247.0353088,2.753,2.759,0.00152072,-0.012,45.201823
1668642307.1350472,2.753,2.759,0.00152072,-0.012,45.201823
1668642367.1279306,2.757,2.76,0.001043,-0.013,46.53693
1668642427.8031726,2.755,2.755,0.0001348,-0.013,40.8824705
1668642487.7089274,2.754,2.752,-0.00069261,-0.021,37.90383644
1668642548.0603542,2.754,2.751,-0.00077238,-0.022,37.00512426
1668642608.643901,2.754,2.751,-0.00077238,-0.022,37.00512426
1668642668.5487397,2.75,2.75,-0.00155411,-0.019,36.08375468
1668642728.937058,2.75,2.756,-0.00107547,-0.013,44.13718402
1668642789.3003514,2.757,2.759,-0.00106137,-0.01,47.94526294
1668642849.6026876,2.757,2.759,-0.00106137,-0.01,47.94526294
1668642909.501114,2.757,2.759,-0.00106137,-0.01,47.94526294
1668642970.388918,2.752,2.752,-0.00181302,-0.015,40.73714851
1668643030.3078542,2.752,2.753,-0.00173324,-0.014,41.67019148
1668643090.4059422,2.757,2.757,-0.00181976,-0.002,47.182033
1668643151.7337267,2.755,2.755,-0.00199674,-0.004,44.51274939
1668643211.170713,2.755,2.755,-0.00199674,-0.004,44.51274939
1668643271.300244,2.758,2.758,-0.00174832,0.0,48.99680554
1668643331.95594,2.755,2.755,-0.00183388,0.004,45.43001062
1668643391.9782083,2.755,2.756,-0.00175411,0.005,46.87659145
1668643451.9562123,2.758,2.758,-0.0014972,0.002,49.74588601
1668643512.950216,2.767,2.767,-0.00025296,0.008,59.84049639
1668643573.1023557,2.767,2.764,-0.00049228,0.005,56.83055286
1668643632.8802228,2.767,2.764,-0.00049228,0.005,56.83055286
1668643693.709554,2.767,2.764,-0.00049228,0.005,56.83055286
1668643753.6501634,2.763,2.764,-1.183e-05,0.009,56.83055286
1668643813.7416492,2.763,2.766,0.00014772,0.011,59.0348878
1668643874.4342575,2.761,2.761,0.00024859,0.008,51.89991335
1668643934.522349,2.759,2.759,0.00016525,0.005,49.33156882
1668643994.3486664,2.759,2.762,0.00040456,0.008,53.12026093
1668644055.3997586,2.759,2.762,0.00040456,0.008,53.12026093
1668644115.5164435,2.767,2.767,0.00092101,0.012,58.75488439
1668644175.3727746,2.766,2.766,0.0013444,0.008,56.75797412
1668644236.6492422,2.766,2.767,0.00142418,0.009,57.79607712
1668644296.0261075,2.772,2.772,0.00202847,0.016,62.22872349
1668644355.997615,2.772,2.766,0.00154984,0.01,56.05914622
1668644416.8588345,2.762,2.762,0.0013517,-0.001,50.69339528
1668644476.90582,2.759,2.761,0.0010397,-0.003,49.50870292
1668644536.822952,2.751,2.751,-0.00013659,-0.015,39.13032348
1668644597.634318,2.751,2.751,-0.00013659,-0.015,39.13032348
1668644657.583687,2.751,2.751,-0.00086913,-0.01,39.13032348
1668644718.6479363,2.755,2.755,-0.00099088,-0.007,44.45323589
1668644778.661571,2.764,2.764,-0.00023567,-0.003,54.19822558
1668644838.6248677,2.764,2.765,-0.0001559,-0.002,55.10211786
1668644898.60596,2.756,2.756,-0.00027584,-0.006,45.81457101
1668644959.439394,2.756,2.76,4.325e-05,-0.002,49.58931195
1668645019.4606571,2.759,2.759,-0.00019724,-0.008,48.71977665
1668645079.401421,2.759,2.758,-0.00027701,-0.009,47.62726596
1668645140.1886542,2.762,2.755,-0.00063909,-0.011,44.56016207
1668645200.2476425,2.755,2.755,-0.00091548,-0.006,44.56016207
1668645260.1601114,2.759,2.759,-0.00061774,0.001,49.3351828
1668645321.3904831,2.759,2.76,-0.00053797,0.002,50.46222955
1668645381.334868,2.755,2.755,-0.00082242,0.004,45.06434932
1668645441.224893,2.763,2.763,-0.00039773,0.01,53.61400047
1668645501.9849055,2.763,2.762,-0.00047751,0.009,52.69371411
1668645562.0070992,2.762,2.761,-0.0002816,0.002,51.59141814
1668645621.870127,2.758,2.758,-0.00030163,-0.005,48.16900622
1668645682.6441095,2.765,2.765,0.00018426,0.007,55.72869684
1668645742.9784856,2.765,2.768,0.00042358,0.01,58.33321671
1668645802.8346188,2.769,2.769,0.0010667,0.011,59.19496913
1668645864.162016,2.769,2.768,0.00098693,0.01,58.33321671
1668645924.3915217,2.769,2.768,0.00098693,0.01,58.33321671
1668645984.2704277,2.767,2.767,0.00133728,0.012,57.03602919
1668646045.0581102,2.767,2.767,0.00133728,0.012,57.03602919
1668646105.2432926,2.761,2.766,0.00151676,0.008,55.70206906
1668646165.2179778,2.766,2.767,0.00171987,0.007,56.79039394
1668646225.7769344,2.774,2.774,0.00299866,0.012,62.86044297
1668646286.1916654,2.772,2.772,0.00288957,0.011,59.10597991
1668646345.7214043,2.772,2.775,0.00312889,0.014,61.50876036
1668646406.5229764,2.772,2.772,0.00320685,0.012,58.23420797
1668646466.421073,2.767,2.767,0.00289503,0.009,52.41308295
1668646526.425294,2.763,2.762,0.0020341,-0.006,47.51709765
1668646588.4581225,2.763,2.762,0.0020341,-0.006,47.51709765
1668646647.564023,2.766,2.766,0.00148749,-0.001,51.80332072
1668646707.4815586,2.766,2.763,0.00124817,-0.004,48.59759025
1668646768.2589283,2.766,2.763,0.00124817,-0.004,48.59759025
1668646828.1862924,2.768,2.768,0.00135428,0.002,54.07970353
1668646888.138077,2.768,2.768,0.00135428,0.002,54.07970353
1668646948.8312523,2.763,2.763,0.00102312,-0.004,48.50829253
1668647008.8289292,2.768,2.768,0.00121246,-0.007,53.7226823
1668647069.5441704,2.768,2.765,0.00097314,-0.01,50.64695934
1668647130.0505168,2.768,2.765,0.00097314,-0.01,50.64695934
1668647190.03752,2.764,2.764,0.00078062,-0.005,49.46675851
1668647250.09337,2.764,2.764,0.00078062,-0.005,49.46675851
1668647310.915665,2.768,2.768,0.00093997,-0.006,54.07655424
1668647371.1918657,2.768,2.768,0.00093997,-0.006,54.07655424
1668647431.0228114,2.769,2.769,0.00113389,-0.003,55.17739948
1668647491.8617494,2.773,2.773,0.00159198,0.009,59.37262434
1668647552.511858,2.773,2.773,0.00193274,0.011,59.37262434
1668647611.5934896,2.773,2.773,0.00193274,0.011,59.37262434
1668647672.850306,2.773,2.773,0.00193274,0.011,59.37262434
1668647732.5723488,2.773,2.773,0.00217769,0.01,59.37262434
1668647792.4979925,2.777,2.777,0.00272547,0.014,63.55674385
1668647853.316544,2.777,2.777,0.00306108,0.009,63.55674385
1668647913.3836627,2.777,2.773,0.00274199,0.005,57.1077711
1668647973.618621,2.772,2.772,0.00264392,0.008,55.58916975
1668648034.7494955,2.772,2.772,0.00253695,0.007,55.58916975
1668648094.0232542,2.775,2.775,0.00267079,0.007,59.43820383
1668648154.0739398,2.775,2.775,0.00267079,0.007,59.43820383
1668648215.0516543,2.775,2.775,0.00267079,0.007,59.43820383
1668648274.8859618,2.775,2.775,0.00267079,0.007,59.43820383
1668648334.8057332,2.775,2.775,0.00267079,0.007,59.43820383
1668648395.7305405,2.771,2.771,0.001957,-0.002,52.45960717
1668648455.9765024,2.771,2.772,0.00203677,-0.001,53.68094186
1668648516.7231245,2.772,2.772,0.00192476,-0.001,53.68094186
1668648576.4653032,2.777,2.777,0.00227552,0.003,59.61179177
1668648636.5278962,2.773,2.773,0.00189644,-0.004,54.927935
1668648696.5417564,2.773,2.773,0.00182784,0.0,54.927935
1668648757.2700634,2.772,2.772,0.00161189,0.0,53.14108215
1668648817.3391438,2.772,2.772,0.00148683,0.0,53.14108215
1668648877.2656908,2.772,2.772,0.00148683,0.0,53.14108215
1668648938.2189455,2.772,2.772,0.00148683,0.0,53.14108215
1668648998.7322557,2.775,2.775,0.00156714,0.0,58.46361953
1668649058.1940734,2.775,2.777,0.00172669,0.002,61.45370294
1668649118.9306064,2.775,2.777,0.00172669,0.002,61.45370294
1668649178.9665203,2.776,2.776,0.0018427,0.008,59.16050667
1668649239.0079718,2.776,2.777,0.00192247,0.009,61.45370294
1668649299.6897042,2.776,2.777,0.00192247,0.009,61.45370294
1668649359.117836,2.776,2.777,0.00192247,0.009,61.45370294
1668649419.0955484,2.776,2.776,0.00197418,0.004,58.99117552
1668649478.9156468,2.776,2.776,0.00197418,0.004,58.99117552
1668649539.1518614,2.773,2.773,0.00175288,0.0,52.2294931
1668649599.0231612,2.773,2.766,0.00119447,-0.007,41.20828818
1668649659.0653956,2.767,2.767,0.00064975,-0.006,43.05688058
1668649718.96409,2.767,2.766,0.00056998,-0.007,41.20828818
1668649779.3891726,2.766,2.766,7.421e-05,-0.007,41.20828818
1668649838.94347,2.766,2.766,-0.00031506,-0.006,41.20828818
1668649899.1276495,2.766,2.766,-0.00031506,-0.006,41.20828818
1668649958.9672265,2.766,2.766,-0.00031506,-0.006,41.20828818
1668650019.3747437,2.766,2.766,-0.00061645,-0.006,41.20828818
1668650078.9719696,2.766,2.766,-0.00061645,-0.006,41.20828818
1668650139.0410924,2.766,2.766,-0.00061645,-0.006,41.20828818
1668650198.9944432,2.766,2.766,-0.00084556,-0.006,41.20828818
1668650259.0045636,2.766,2.766,-0.00084556,-0.006,41.20828818
1668650318.914559,2.766,2.766,-0.00084556,-0.006,41.20828818
1668650378.9957576,2.766,2.766,-0.00101543,-0.007,41.20828818
1668650439.0327215,2.766,2.766,-0.00101543,-0.007,41.20828818
1668650499.0457733,2.766,2.766,-0.00101543,-0.007,41.20828818
1668650559.1152132,2.767,2.767,-0.00105717,-0.01,44.04209013
1668650619.3656454,2.767,2.767,-0.00070828,-0.01,45.58291193
1668650679.1732864,2.767,2.763,-0.00102737,-0.014,40.34892841
1668650739.168892,2.767,2.763,-0.00102737,-0.014,40.34892841
1668650799.0703204,2.763,2.763,-0.00136731,-0.013,40.34892841
1668650859.223951,2.763,2.763,-0.00136731,-0.013,40.34892841
1668650919.3016794,2.763,2.763,-0.00136731,-0.013,40.34892841
1668650979.3012316,2.763,2.76,-0.00185738,-0.006,36.68498114
1668651039.3601258,2.755,2.755,-0.00261904,-0.011,31.54378221
1668651099.1449976,2.755,2.751,-0.00293812,-0.015,28.36376168
1668651159.347986,2.755,2.751,-0.00293812,-0.015,28.36376168
1668651219.060505,2.751,2.751,-0.00375138,-0.015,28.36376168
1668651279.029567,2.751,2.751,-0.00434579,-0.015,28.36376168
1668651339.054395,2.751,2.752,-0.00426602,-0.014,30.39820672
1668651399.053746,2.751,2.752,-0.00426602,-0.014,30.39820672
1668651459.1316078,2.752,2.752,-0.00462061,-0.014,30.39820672
1668651519.3486826,2.751,2.751,-0.00521655,-0.015,30.88763834
1668651578.973259,2.751,2.751,-0.00521655,-0.015,30.88763834
1668651639.1209395,2.751,2.751,-0.00513634,-0.012,33.06530394
1668651699.3068056,2.751,2.751,-0.00513634,-0.012,33.06530394
1668651759.172924,2.751,2.751,-0.00513634,-0.012,33.06530394
1668651819.0031433,2.751,2.751,-0.00509468,-0.012,33.06530394
1668651879.0919287,2.751,2.753,-0.00493513,-0.01,37.47055912
1668651939.1434147,2.754,2.754,-0.00464148,-0.006,39.61066238
1668651999.1364994,2.754,2.754,-0.00464148,-0.006,39.61066238
1668652059.1699514,2.753,2.753,-0.00443829,0.002,38.20258158
1668652119.0623024,2.753,2.758,-0.00403943,0.007,47.37005574
1668652179.1923976,2.753,2.758,-0.00403943,0.007,47.37005574
1668652239.0027502,2.755,2.755,-0.00376102,0.004,42.91621334
1668652299.2869728,2.755,2.753,-0.00392057,0.002,40.38482983
1668652359.194492,2.755,2.753,-0.00392057,0.002,40.38482983
1668652419.1876163,2.757,2.757,-0.00346367,0.005,47.10480204
1668652479.9492767,2.757,2.757,-0.00346367,0.005,47.10480204
1668652539.4422088,2.757,2.757,-0.00346367,0.005,47.10480204
1668652599.7371707,2.755,2.755,-0.00300263,0.005,44.40930211
1668652659.54251,2.755,2.755,-0.00300263,0.005,44.40930211
1668652719.082213,2.755,2.755,-0.00279358,0.004,44.40930211
1668652779.556158,2.756,2.756,-0.00251819,0.003,46.32731499
1668652839.2559843,2.756,2.758,-0.00235865,0.005,49.79191457
1668652899.1752772,2.756,2.758,-0.00235865,0.005,49.79191457
1668652959.952989,2.759,2.759,-0.00191124,0.008,51.47842603
1668653019.6428125,2.759,2.759,-0.00191124,0.008,51.47842603
1668653079.1967273,2.759,2.759,-0.00191124,0.008,51.47842603
1668653139.4213874,2.756,2.756,-0.00177824,0.003,46.4387555
1668653199.5649204,2.756,2.757,-0.00169846,0.004,48.00530776
1668653259.30863,2.757,2.757,-0.00151241,0.003,48.00530776
1668653319.2491567,2.751,2.753,-0.00179167,-0.005,41.71097437
1668653379.300844,2.751,2.751,-0.00202459,-0.002,38.86538388
1668653439.9726653,2.746,2.746,-0.00258287,-0.011,32.8345446
1668653499.2475026,2.746,2.747,-0.00250309,-0.01,33.88618552
1668653559.408383,2.747,2.747,-0.00284947,-0.008,33.88618552
1668653619.260527,2.742,2.742,-0.00348723,-0.013,28.57839596
1668653679.4791665,2.742,2.745,-0.00324791,-0.01,31.54283848
1668653739.3858018,2.739,2.739,-0.0044235,-0.019,25.66236907
1668653799.1436174,2.739,2.74,-0.00434372,-0.018,26.52783727
1668653859.391162,2.739,2.74,-0.00434372,-0.018,26.52783727
1668653919.5011616,2.739,2.74,-0.00434372,-0.018,26.52783727
1668653979.205488,2.741,2.741,-0.00460741,-0.018,29.10278392
1668654039.3023431,2.731,2.731,-0.00623672,-0.026,21.70647984
1668654099.2041495,2.731,2.729,-0.00639626,-0.028,18.91727467
1668654159.47549,2.735,2.735,-0.00655876,-0.02,31.29895865
1668654219.2085507,2.735,2.735,-0.00655876,-0.02,31.29895865
1668654279.1005971,2.734,2.734,-0.00669111,-0.019,30.46398733
1668654339.3552055,2.734,2.734,-0.00684173,-0.017,32.5976139
1668654399.47458,2.736,2.736,-0.00653563,-0.011,36.03364644
1668654459.062058,2.735,2.735,-0.00624042,-0.012,36.30108026
1668654519.3693535,2.735,2.735,-0.00624042,-0.012,36.30108026
1668654579.2873545,2.729,2.729,-0.00654165,-0.016,31.25110817
1668654639.2095091,2.729,2.733,-0.00622256,-0.012,34.44568222
1668654699.285379,2.735,2.735,-0.00597811,-0.006,37.86573935
1668654759.2917633,2.739,2.739,-0.00539937,-0.001,44.14240469
1668654819.280799,2.739,2.732,-0.00595778,-0.008,34.92257659
1668654879.1975744,2.739,2.732,-0.00595778,-0.008,34.92257659
1668654940.3474925,2.734,2.734,-0.00521225,0.005,40.12388786
1668654999.370123,2.734,2.734,-0.00521225,0.005,40.12388786
1668655059.254721,2.733,2.733,-0.00508919,-0.002,39.14023416
1668655119.5048904,2.733,2.737,-0.00477011,0.002,44.32172725
1668655179.2078652,2.733,2.737,-0.00477011,0.002,44.32172725
1668655239.2341814,2.733,2.737,-0.00477011,0.002,44.32172725
1668655299.2673082,2.737,2.737,-0.00436934,0.005,44.32172725
1668655359.788333,2.736,2.732,-0.00440441,-0.003,39.0322374
1668655419.4718597,2.736,2.732,-0.00440441,-0.003,39.0322374
1668655479.340794,2.737,2.738,-0.00390306,0.0,47.17874971
1668655539.3950715,2.734,2.734,-0.00378488,-0.001,43.04896337
1668655599.384276,2.733,2.733,-0.00372893,0.0,42.05778405
1668655659.291472,2.733,2.733,-0.00372893,0.0,42.05778405
1668655719.3092742,2.733,2.733,-0.00372893,0.0,42.05778405
1668655779.1916544,2.733,2.733,-0.00372893,0.0,42.05778405
1668655839.306609,2.733,2.733,-0.00372893,0.0,42.05778405
1668655899.3029974,2.73,2.73,-0.00388191,-0.005,39.14585207
1668655959.8559225,2.73,2.728,-0.00404145,-0.007,37.41869355
1668656019.465209,2.732,2.732,-0.00392117,0.0,42.84969228
1668656079.3585148,2.731,2.731,-0.00373883,-0.007,42.37939646
1668656139.3395238,2.731,2.731,-0.00373883,-0.007,42.37939646
1668656199.244937,2.728,2.728,-0.00391768,-0.006,39.68879702
1668656259.3705337,2.727,2.727,-0.00409293,-0.01,38.8044171
1668656319.4192567,2.724,2.724,-0.00442291,-0.013,36.19846163
1668656379.4513977,2.724,2.725,-0.00434314,-0.012,37.02733274
1668656439.90275,2.724,2.725,-0.00434314,-0.012,37.02733274
1668656499.3789852,2.724,2.725,-0.00434314,-0.012,37.02733274
1668656559.3716216,2.728,2.73,-0.00409081,-0.002,43.93941926
1668656619.3785467,2.728,2.73,-0.00409081,-0.002,43.93941926
1668656679.2861755,2.728,2.73,-0.00409081,-0.002,43.93941926
1668656739.329764,2.728,2.73,-0.00409081,-0.002,43.93941926
1668656799.4672697,2.728,2.73,-0.00409081,-0.002,43.93941926
1668656859.3678243,2.728,2.73,-0.00409081,-0.002,43.93941926
1668656919.445274,2.733,2.733,-0.00360719,-0.005,47.65213728
1668656979.2666273,2.73,2.73,-0.0033649,-0.004,44.63033479
1668657039.3964388,2.721,2.721,-0.00397876,-0.012,37.04935128
1668657099.4678178,2.721,2.72,-0.00405854,-0.013,36.35766461
1668657159.3093324,2.72,2.72,-0.00449323,-0.008,36.35766461
1668657219.450951,2.72,2.716,-0.00481232,-0.012,33.65136335
1668657279.5427246,2.721,2.721,-0.00494919,-0.013,39.69411255
1668657339.6392148,2.721,2.721,-0.00500002,-0.01,39.69411255
1668657399.428015,2.721,2.716,-0.00539888,-0.015,36.1486022
1668657459.299899,2.716,2.716,-0.00591427,-0.011,36.75194217
1668657519.3255951,2.719,2.719,-0.00559783,-0.006,40.40505353
1668657579.462043,2.719,2.719,-0.00553429,-0.011,40.95441114
1668657639.362846,2.715,2.715,-0.00561553,-0.019,37.57741544
1668657699.4266877,2.714,2.714,-0.00569496,-0.015,36.76131144
1668657759.3904788,2.714,2.713,-0.00577473,-0.016,35.97990213
1668657819.3072364,2.707,2.707,-0.00652339,-0.009,31.53376979
1668657879.3622212,2.702,2.702,-0.00746049,-0.019,28.4593201
1668657939.9226944,2.695,2.695,-0.0088483,-0.021,25.80257168
1668657999.5711458,2.689,2.689,-0.01042932,-0.026,26.00577481
1668658059.4076886,2.692,2.692,-0.01062326,-0.026,29.68260409
1668658119.342559,2.696,2.696,-0.01039755,-0.021,34.47210961
1668658179.3928814,2.691,2.691,-0.01050109,-0.028,31.57682626
1668658239.4143865,2.695,2.695,-0.01014344,-0.02,36.19383329
1668658299.43593,2.695,2.696,-0.01006367,-0.019,37.25234299
1668658359.4335432,2.696,2.696,-0.00960628,-0.016,37.25234299
1668658419.5321238,2.696,2.696,-0.00960628,-0.016,37.25234299
1668658479.5507998,2.69,2.69,-0.00961709,-0.02,33.39702195
1668658539.494496,2.693,2.693,-0.00909187,-0.009,35.21949044
1668658599.4406598,2.696,2.696,-0.00852495,0.002,39.07529563
1668658659.3727913,2.696,2.698,-0.0083654,0.004,41.40056305
1668658719.3538747,2.694,2.693,-0.00809976,0.008,37.54283802
1668658779.518608,2.7,2.7,-0.00673189,0.008,45.53136081
1668658839.59613,2.7,2.7,-0.00673189,0.008,45.53136081
1668658899.475886,2.699,2.699,-0.00608614,0.003,44.62551029
1668658959.5623045,2.7,2.7,-0.00501083,0.004,46.32113905
1668659019.5435,2.704,2.704,-0.0040232,0.008,50.60291472
1668659079.5158365,2.704,2.703,-0.00410297,0.007,49.55980093
1668659139.3417983,2.704,2.703,-0.00410297,0.007,49.55980093
1668659199.5805366,2.704,2.703,-0.00410297,0.007,49.55980093
1668659259.498768,2.7,2.7,-0.00370925,0.007,46.39458328
1668659319.525162,2.7,2.694,-0.00418788,0.001,41.13967782
1668659379.4284697,2.699,2.699,-0.00380781,0.006,46.57068836
1668659439.440596,2.703,2.703,-0.00314756,0.005,50.50521192
1668659499.605995,2.704,2.704,-0.00245304,0.011,51.39993659
1668659560.0184188,2.705,2.705,-0.00186366,0.009,52.39792433
1668659619.4452598,2.71,2.71,-0.00067386,0.01,56.83030778
1668659679.5391724,2.712,2.712,-1.012e-05,0.015,58.11748798
1668659739.5658486,2.712,2.713,6.965e-05,0.016,58.90537499
1668659799.796101,2.709,2.709,0.00081736,0.007,54.41132671
1668659859.8096418,2.709,2.709,0.00102766,0.006,54.41132671
1668659919.7110522,2.711,2.711,0.00140185,0.017,56.37762489
1668659980.6350164,2.713,2.713,0.00177609,0.014,58.38232401
1668660040.6188617,2.71,2.71,0.00168656,0.006,54.95230619
1668660100.7090092,2.711,2.711,0.00198673,0.007,55.57721785
1668660161.5554214,2.714,2.714,0.00225109,0.004,58.9235696
1668660221.39143,2.714,2.715,0.00233086,0.005,59.92972916
1668660281.4179428,2.718,2.718,0.00281323,0.01,62.86822958
1668660342.9775696,2.719,2.719,0.00323887,0.006,63.8206478
1668660402.2738776,2.72,2.72,0.0036768,0.01,64.72542943
1668660462.3222249,2.72,2.72,0.0036768,0.01,64.72542943
1668660523.2979696,2.718,2.718,0.00375597,0.009,61.17673469
1668660583.0533,2.717,2.717,0.00363382,0.007,59.54441676
1668660643.324282,2.717,2.717,0.00363382,0.007,59.54441676
1668660703.848549,2.717,2.717,0.00363382,0.007,59.54441676
1668660763.7486272,2.717,2.717,0.00363382,0.007,59.54441676
1668660823.918637,2.717,2.717,0.00363382,0.007,59.54441676
1668660885.4636142,2.716,2.715,0.00339967,0.004,56.07401711
1668660944.8050957,2.716,2.715,0.00339967,0.004,56.07401711
1668661005.198465,2.715,2.715,0.00317747,0.004,56.07401711
1668661065.7320907,2.715,2.715,0.00317747,0.004,56.07401711
1668661125.8765464,2.715,2.715,0.00317747,0.004,56.07401711
1668661185.928799,2.71,2.71,0.00256832,-0.003,47.96812908
1668661246.264897,2.71,2.71,0.00206179,-0.001,47.96812908
1668661305.809775,2.71,2.713,0.00230111,0.002,52.41303779
1668661365.8507066,2.72,2.72,0.00262394,0.005,60.82287254
1668661425.7720854,2.721,2.721,0.00292673,0.003,61.85984815
1668661485.8649118,2.721,2.721,0.00313061,0.001,61.85984815
1668661545.7996244,2.721,2.721,0.00313061,0.001,61.85984815
1668661605.9624996,2.721,2.721,0.00313061,0.001,61.85984815
1668661665.8164015,2.721,2.721,0.00313061,0.001,61.85984815
1668661725.755168,2.721,2.721,0.00325467,0.001,61.85984815
1668661786.0236392,2.721,2.721,0.00325467,0.001,61.85984815
1668661845.7883224,2.721,2.721,0.00325467,0.001,61.85984815
1668661906.164878,2.721,2.721,0.00331478,0.004,61.85984815
1668661965.6523745,2.721,2.721,0.0033241,0.004,61.85984815
1668662025.8859544,2.723,2.723,0.00339147,0.008,63.75848569
1668662085.7298987,2.723,2.723,0.00339147,0.008,63.75848569
1668662145.7956884,2.723,2.723,0.00339147,0.008,63.75848569
1668662205.8974893,2.725,2.725,0.00362765,0.01,66.18535022
1668662265.6804311,2.728,2.728,0.00413385,0.018,69.34360343
1668662325.8216689,2.728,2.728,0.00413385,0.018,69.34360343
1668662386.6439092,2.728,2.728,0.00435833,0.015,69.34360343
1668662445.737676,2.728,2.728,0.00435833,0.015,69.34360343
1668662505.9008403,2.728,2.728,0.00435833,0.015,69.34360343
1668662565.8477,2.728,2.728,0.00448454,0.008,69.34360343
1668662625.7921815,2.726,2.726,0.00437278,0.005,64.10867283
1668662685.8130424,2.726,2.724,0.00421323,0.003,59.60865874
1668662746.044574,2.726,2.724,0.00421323,0.003,59.60865874
1668662805.7714877,2.726,2.724,0.00421323,0.003,59.60865874
1668662866.1951125,2.726,2.724,0.00421323,0.003,59.60865874
1668662925.7818854,2.726,2.724,0.00421323,0.003,59.60865874
1668662985.7787073,2.724,2.724,0.00395265,0.003,59.60865874
1668663045.788993,2.724,2.724,0.00395265,0.003,59.60865874
1668663105.7490528,2.724,2.724,0.00395265,0.003,59.60865874
1668663165.8149471,2.724,2.724,0.00395265,0.003,59.60865874
1668663225.940267,2.728,2.728,0.00378509,0.007,65.63433606
1668663285.8728497,2.728,2.724,0.003466,0.003,59.60865874
1668663346.3491402,2.728,2.724,0.003466,0.003,59.60865874
1668663406.0206084,2.728,2.724,0.003466,0.003,59.60865874
1668663465.8145242,2.728,2.724,0.003466,0.003,59.60865874
1668663526.0286694,2.728,2.724,0.003466,0.003,59.60865874
1668663585.8217902,2.728,2.724,0.003466,0.003,59.60865874
1668663645.9266486,2.728,2.728,0.00355955,0.008,66.0242274
1668663705.7909925,2.729,2.729,0.00367206,0.006,67.41756117
1668663766.2800324,2.729,2.729,0.00367206,0.006,67.41756117
1668663826.1898177,2.729,2.729,0.00371226,0.001,67.41756117
1668663886.2399683,2.729,2.73,0.00379203,0.002,68.89687141
1668663945.9740353,2.729,2.73,0.00379203,0.002,68.89687141
1668664006.2467525,2.729,2.73,0.00379203,0.002,68.89687141
1668664065.773628,2.729,2.73,0.00379203,0.002,68.89687141
1668664125.9617898,2.729,2.73,0.00379203,0.002,68.89687141
1668664185.8648026,2.729,2.729,0.00372676,0.001,65.68522271
1668664245.8662603,2.729,2.729,0.00363316,0.001,65.68522271
1668664306.1775916,2.729,2.73,0.00371293,0.002,67.32551761
1668664366.3073452,2.729,2.73,0.00371293,0.002,67.32551761
1668664425.8247795,2.728,2.728,0.00350023,0.004,61.04093281
1668664486.1564138,2.726,2.726,0.00313416,0.002,55.46519764
1668664545.9093218,2.726,2.726,0.00313416,0.002,55.46519764
1668664606.116149,2.73,2.73,0.00313072,0.006,62.7866103
1668664665.8118997,2.73,2.731,0.00321049,0.007,64.25568001
1668664726.2977366,2.729,2.729,0.00307417,0.005,59.22034056
1668664786.513209,2.727,2.727,0.00271119,-0.001,54.76376814
1668664845.861905,2.73,2.73,0.00294409,0.001,59.34481319
1668664905.891447,2.723,2.723,0.00197666,-0.006,46.78729277
1668664965.828961,2.723,2.723,0.00197666,-0.006,46.78729277
1668665026.0147264,2.726,2.726,0.00174798,-0.004,51.75259938
1668665086.0339143,2.73,2.73,0.00199117,0.001,57.27290628
1668665145.8479974,2.731,2.731,0.00223696,0.001,57.91918992
1668665205.9375286,2.726,2.726,0.00188019,-0.002,50.03270152
1668665265.8376567,2.727,2.727,0.00147423,0.001,51.51233561
1668665326.0058565,2.727,2.727,0.00147423,0.001,51.51233561
1668665385.9776375,2.727,2.727,0.00132688,-0.004,51.51233561
1668665445.8329043,2.727,2.729,0.00148642,-0.002,53.93895733
1668665505.7758322,2.727,2.729,0.00148642,-0.002,53.93895733
1668665565.9386318,2.732,2.732,0.00171835,0.004,57.3841823
1668665625.9964206,2.732,2.735,0.00195766,0.007,60.34988919
1668665685.8866577,2.734,2.734,0.00222479,0.003,58.87899571
1668665745.9656613,2.734,2.734,0.00222479,0.003,58.87899571
1668665806.0187416,2.729,2.729,0.00200986,0.004,52.04828549
1668665866.0805895,2.729,2.729,0.00200986,0.004,52.04828549
1668665926.0239334,2.733,2.733,0.00213765,0.01,56.40552643
1668665986.2455382,2.738,2.738,0.00261228,0.01,61.15686918
1668666045.91837,2.738,2.738,0.00261228,0.01,61.15686918
1668666106.0426526,2.738,2.738,0.00261228,0.01,61.15686918
1668666165.7973623,2.741,2.741,0.00319368,0.009,63.71238888
1668666226.0649383,2.741,2.744,0.003433,0.012,65.95240647
1668666285.8444307,2.741,2.744,0.003433,0.012,65.95240647
1668666346.1129355,2.741,2.741,0.00379757,0.01,61.84132113
1668666405.8753278,2.741,2.739,0.00363803,0.008,59.37397155
1668666465.9548645,2.736,2.736,0.00351789,0.013,55.77897561
1668666526.2017915,2.737,2.737,0.00346344,0.01,56.71968641
1668666585.819461,2.737,2.737,0.00346344,0.01,56.71968641
1668666646.1187787,2.737,2.737,0.00346344,0.01,56.71968641
1668666706.695503,2.736,2.736,0.00330155,0.007,55.44937937
1668666766.1301482,2.736,2.736,0.00319867,0.001,55.3540162
1668666826.0433931,2.736,2.736,0.00301912,0.002,55.3540162
1668666885.9479632,2.736,2.736,0.00284403,0.007,55.3540162
1668666945.9694777,2.736,2.736,0.00284403,0.007,55.3540162
1668667006.5687835,2.736,2.736,0.00284403,0.007,55.3540162
1668667066.102774,2.736,2.736,0.00284403,0.007,55.3540162
1668667126.0399742,2.735,2.735,0.00259468,0.002,53.73799331
1668667186.499637,2.735,2.735,0.00259468,0.002,53.73799331
1668667246.155515,2.734,2.734,0.00228998,-0.004,52.09996835
1668667305.943971,2.73,2.73,0.00170606,-0.014,46.05295105
1668667366.2879496,2.727,2.727,0.00086664,-0.012,42.27829118
1668667426.0471165,2.727,2.728,0.00094641,-0.011,43.52695844
1668667485.9863615,2.727,2.727,0.00038569,-0.009,42.18520072
1668667545.814108,2.727,2.726,0.00030592,-0.01,40.92369107
1668667606.1541612,2.728,2.728,-0.00049505,-0.009,45.17334798
1668667666.2723794,2.728,2.728,-0.00049505,-0.009,45.17334798
1668667725.9578788,2.728,2.728,-0.00049505,-0.009,45.17334798
1668667785.8438983,2.726,2.726,-0.0008181,-0.01,42.38677015
1668667845.7929258,2.726,2.726,-0.0008181,-0.01,42.38677015
1668667905.9249396,2.723,2.722,-0.00138096,-0.014,37.41562362
1668667966.0054774,2.721,2.725,-0.00162849,-0.011,43.30639986
1668668026.217951,2.726,2.726,-0.00190796,-0.009,45.37306899
1668668085.9890027,2.726,2.726,-0.00190796,-0.009,45.37306899
1668668146.620354,2.731,2.731,-0.00114745,0.003,52.70462836
1668668205.8728168,2.732,2.732,-0.00081171,0.004,54.20882075
1668668266.0216162,2.727,2.727,-0.00118372,0.001,46.88043705
1668668325.820316,2.724,2.724,-0.00157329,-0.001,42.88613898
1668668386.0877073,2.727,2.727,-0.00131058,-0.001,47.79872323
1668668445.9161274,2.731,2.731,-0.00058778,0.005,53.13108947
1668668505.9499228,2.736,2.736,0.00031794,0.015,59.30361611
1668668565.7983866,2.738,2.738,0.00087189,0.017,61.63326306
1668668626.3423347,2.738,2.738,0.00087189,0.017,61.63326306
1668668685.9009151,2.738,2.738,0.00087189,0.017,61.63326306
1668668746.086618,2.738,2.738,0.00087189,0.017,61.63326306
1668668805.9533246,2.738,2.738,0.00087189,0.017,61.63326306
1668668865.8360538,2.74,2.74,0.001518,0.014,63.78864284
1668668925.8783882,2.745,2.745,0.00277531,0.015,67.26990428
1668668985.8728075,2.745,2.743,0.00261577,0.013,64.03805932
1668669045.9172337,2.745,2.743,0.00261577,0.013,64.03805932
1668669106.9135468,2.743,2.743,0.00307104,0.013,64.03805932
1668669165.9105265,2.743,2.743,0.00307104,0.013,64.03805932
1668669226.1680772,2.735,2.735,0.00247521,0.011,52.36685748
1668669285.917564,2.736,2.737,0.00220291,0.011,54.3891904
1668669345.957808,2.738,2.738,0.00223174,0.006,55.4407562
1668669405.875981,2.737,2.737,0.00202594,0.002,54.27063639
1668669465.882539,2.734,2.734,0.00178889,-0.001,50.23377899
1668669526.1581292,2.734,2.733,0.00170912,-0.002,49.09871427
1668669586.6228805,2.731,2.731,0.00121937,-0.007,46.82009511
1668669645.84739,2.731,2.727,0.00090028,-0.011,42.84345652
1668669705.8848777,2.731,2.727,0.00090028,-0.011,42.84345652
1668669765.9226844,2.727,2.727,0.00025632,-0.019,42.84345652
1668669825.9942827,2.727,2.723,-6.277e-05,-0.023,39.25306289
1668669885.9248447,2.727,2.723,-6.277e-05,-0.023,39.25306289
1668669946.0032446,2.727,2.723,-6.277e-05,-0.023,39.25306289
1668670006.0350766,2.727,2.723,-6.277e-05,-0.023,39.25306289
1668670066.427092,2.728,2.728,-0.00069105,-0.015,45.41128222
1668670125.8355582,2.735,2.735,0.00021539,0.0,52.32034159
1668670185.8533592,2.732,2.732,0.0001213,0.0,49.30806852
1668670245.9855475,2.732,2.732,0.0001213,0.0,49.30806852
1668670305.9950626,2.738,2.738,0.00052483,0.001,54.90060887
1668670366.0668683,2.735,2.735,0.00065728,-0.001,51.69427327
1668670425.9899104,2.73,2.73,0.00029221,-0.008,47.11712175
1668670486.013762,2.73,2.73,0.00012603,-0.003,46.98910504
1668670546.287789,2.73,2.73,0.00012603,-0.003,46.98910504
1668670605.942623,2.736,2.736,0.00034803,0.009,52.79072432
1668670666.0076425,2.738,2.738,0.00067754,0.015,54.57531825
1668670725.933681,2.738,2.737,0.00059776,0.014,53.70021139
1668670786.0447958,2.737,2.737,0.00078662,0.009,53.70021139
1668670846.1056323,2.737,2.737,0.00078662,0.009,53.70021139
1668670905.807025,2.737,2.737,0.00078662,0.009,53.70021139
1668670966.0324802,2.736,2.736,0.00084584,-0.001,52.52661709
1668671025.9397604,2.736,2.736,0.00084584,-0.001,52.52661709
1668671085.8905897,2.736,2.736,0.00084584,-0.001,52.52661709
1668671145.929224,2.736,2.736,0.0008826,0.001,52.52661709
1668671206.3156571,2.736,2.732,0.00056351,-0.003,48.00709896
1668671266.1576002,2.735,2.735,0.00039305,-0.004,51.62738509
1668671326.1627357,2.735,2.735,0.00039305,-0.004,51.62738509
1668671386.97074,2.737,2.737,0.00068112,0.005,54.0146582
1668671446.933211,2.737,2.737,0.00068112,0.005,54.0146582
1668671506.995576,2.736,2.736,0.00081308,0.0,52.45780977
1668671568.3542795,2.736,2.736,0.00081308,0.0,52.45780977
1668671627.8257544,2.736,2.736,0.00081308,0.0,52.45780977
1668671687.8633146,2.732,2.732,0.00049107,-0.005,46.66403433
1668671748.744037,2.732,2.732,0.00049107,-0.005,46.66403433
1668671808.777557,2.732,2.732,0.00023318,-0.005,46.66403433
1668671868.821627,2.732,2.732,0.00023318,-0.005,46.66403433
1668671929.5420623,2.733,2.733,0.00010825,-0.003,48.31901033
1668671989.4793956,2.735,2.735,0.00029186,0.003,51.33885012
1668672049.561581,2.736,2.736,0.00044875,0.004,52.82319988
1668672110.922788,2.738,2.738,0.0007252,0.003,55.83637057
1668672170.2144656,2.741,2.741,0.00111033,0.005,60.10495985
1668672230.2853138,2.743,2.743,0.00162056,0.006,62.60707994
1668672291.5712912,2.743,2.742,0.00154079,0.005,61.35017915
1668672351.6157134,2.745,2.745,0.0020373,0.008,65.13627295
1668672411.6040118,2.745,2.741,0.00171821,0.004,59.20694816
1668672472.3717346,2.741,2.741,0.00183764,0.005,59.20694816
1668672532.2708166,2.738,2.737,0.00159117,0.005,50.94988332
1668672592.3575966,2.738,2.738,0.00167094,0.006,52.7904361
1668672653.2199109,2.738,2.738,0.00167094,0.006,52.7904361
1668672713.1541896,2.738,2.738,0.00167094,0.006,52.7904361
1668672773.124309,2.735,2.735,0.001209,0.0,46.97997868
1668672833.7723627,2.737,2.737,0.00098599,0.001,50.74393615
1668672893.937024,2.735,2.735,0.00070299,-0.002,47.41407475
1668672953.9200735,2.734,2.734,0.00039349,-0.004,45.79590767
1668673014.7168648,2.734,2.734,0.00039349,-0.004,45.79590767
1668673074.853107,2.734,2.734,0.00039349,-0.004,45.79590767
1668673134.7460248,2.734,2.734,0.00039349,-0.004,45.79590767
1668673195.587567,2.734,2.734,0.00039349,-0.004,45.79590767
1668673255.549019,2.739,2.739,0.00054537,-0.003,54.21055879
1668673315.5411384,2.735,2.735,-9.207e-05,-0.007,48.37087209
1668673376.35783,2.735,2.736,-1.229e-05,-0.006,50.02980627
1668673436.3187308,2.73,2.73,-0.00049021,-0.011,41.4284164
1668673496.3170092,2.731,2.731,-0.00096405,-0.01,44.4616673
1668673557.343053,2.731,2.73,-0.00104383,-0.011,43.0074726
1668673617.1938622,2.732,2.732,-0.00111864,-0.006,46.05000895
1668673677.364408,2.729,2.729,-0.00158859,-0.01,41.82801678
1668673738.049677,2.729,2.727,-0.00174813,-0.012,39.49511822
1668673798.07408,2.727,2.727,-0.0020339,-0.007,39.49511822
1668673857.9476342,2.724,2.724,-0.00247394,-0.013,36.00198131
1668673918.7155852,2.724,2.724,-0.00247394,-0.013,36.00198131
1668673979.2257617,2.724,2.724,-0.00247394,-0.013,36.00198131
1668674038.6956704,2.73,2.73,-0.00231187,-0.005,46.24257879
1668674099.7724748,2.73,2.73,-0.00231187,-0.005,46.24257879
1668674159.745122,2.732,2.732,-0.001999,-0.002,49.16272412
1668674220.3422122,2.731,2.731,-0.00181087,-0.001,47.76559696
1668674280.3905504,2.731,2.731,-0.00181087,-0.001,47.76559696
1668674340.802873,2.731,2.731,-0.00181087,-0.001,47.76559696
1668674400.813613,2.735,2.735,-0.00132375,-0.001,53.46260394
1668674461.2741284,2.735,2.735,-0.00092701,0.008,53.46260394
1668674521.1908813,2.735,2.735,-0.00060562,0.005,53.46260394
1668674581.2291408,2.735,2.735,-0.00060562,0.005,53.46260394
1668674642.0147717,2.734,2.734,-0.00042668,0.005,51.70188298
1668674702.0101483,2.734,2.734,-0.00042668,0.005,51.70188298
1668674761.957356,2.732,2.732,-0.00044117,0.005,48.27737079
1668674823.032676,2.732,2.732,-0.00044117,0.005,48.27737079
1668674883.1972442,2.731,2.731,-0.00052727,0.004,46.61483429
1668674942.8683,2.729,2.729,-0.00099462,0.005,44.58382045
1668675003.6658554,2.729,2.729,-0.00099462,0.005,44.58382045
1668675063.9950943,2.729,2.729,-0.00099462,0.005,44.58382045
1668675123.7286365,2.731,2.731,-0.0009399,0.001,48.01046106
1668675194.396264,2.731,2.731,-0.0009399,0.001,48.01046106
1668675244.4700618,2.727,2.727,-0.00120541,-0.005,42.36781601
1668675304.2958343,2.726,2.725,-0.00155924,-0.006,39.84614812
1668675365.4783092,2.726,2.724,-0.00163901,-0.007,38.69462552
1668675425.4226367,2.725,2.725,-0.00188027,-0.01,40.54499816
1668675485.3201854,2.725,2.725,-0.00188027,-0.01,40.54499816
1668675546.4798722,2.725,2.725,-0.00188027,-0.01,40.54499816
1668675606.206051,2.725,2.725,-0.00188027,-0.01,40.54499816
1668675666.0204756,2.73,2.73,-0.00164901,-0.005,48.8569326
1668675727.038197,2.73,2.73,-0.00164901,-0.005,48.8569326
1668675786.984313,2.73,2.73,-0.00164901,-0.005,48.8569326
1668675847.1560502,2.73,2.73,-0.00164901,-0.005,48.8569326
1668675907.996995,2.729,2.729,-0.0015288,-0.006,47.42879363
1668675967.9338398,2.729,2.729,-0.0015288,-0.006,47.42879363
1668676028.089461,2.729,2.729,-0.0015288,-0.006,47.42879363
1668676088.749787,2.729,2.729,-0.0015288,-0.006,47.42879363
1668676148.737475,2.729,2.729,-0.0015288,-0.006,47.42879363
1668676208.7406368,2.729,2.729,-0.0015288,-0.006,47.42879363
1668676269.5611649,2.733,2.733,-0.0010981,-0.001,53.30815293
1668676329.5762813,2.733,2.733,-0.00074815,0.001,53.30815293
1668676389.5921726,2.733,2.733,-0.00074815,0.001,53.30815293
1668676451.0070236,2.73,2.73,-0.00070477,0.003,48.58219529
1668676511.0405178,2.73,2.727,-0.00094408,0.0,44.62594621
1668676570.9912045,2.728,2.727,-0.00108683,-0.002,44.62594621
1668676631.7940955,2.728,2.727,-0.00108683,-0.002,44.62594621
1668676691.8004763,2.718,2.718,-0.00270772,-0.009,37.03776342
1668676751.7294166,2.718,2.718,-0.00270772,-0.009,37.03776342
1668676812.606356,2.718,2.718,-0.00270772,-0.009,37.03776342
1668676872.632042,2.724,2.724,-0.00264024,0.0,45.15814327
1668676932.4711444,2.724,2.724,-0.00264024,0.0,45.15814327
1668676993.4159498,2.721,2.721,-0.0027966,-0.004,42.22571184
1668677053.268955,2.718,2.713,-0.003587,-0.017,35.63891033
1668677113.260236,2.714,2.714,-0.00421072,-0.019,36.86083191
1668677174.1670835,2.714,2.72,-0.00373208,-0.013,44.07176873
1668677234.2523415,2.719,2.719,-0.00365206,-0.014,43.12193909
1668677294.3884454,2.718,2.719,-0.00354775,-0.008,43.12193909
1668677354.971032,2.718,2.719,-0.00354775,-0.008,43.12193909
1668677414.921775,2.719,2.719,-0.00342559,-0.008,43.12193909
1668677474.8637846,2.719,2.719,-0.00342559,-0.008,43.12193909
1668677535.678058,2.717,2.717,-0.00345039,0.002,40.91903945
1668677595.6325998,2.708,2.708,-0.00464809,-0.016,32.79905856
1668677655.6558597,2.704,2.704,-0.00549043,-0.016,29.90414466
1668677716.5673628,2.704,2.703,-0.0055702,-0.017,29.2228285
1668677776.601051,2.704,2.704,-0.00614668,-0.01,33.46541139
1668677836.5472493,2.717,2.717,-0.00459604,-0.003,48.55656564
1668677897.572139,2.717,2.713,-0.00491513,-0.007,44.35869795
1668677957.3934867,2.717,2.713,-0.00491513,-0.007,44.35869795
1668678017.453631,2.71,2.71,-0.00462892,-0.009,41.61583948
1668678078.1245706,2.71,2.71,-0.00462892,-0.009,41.61583948
1668678138.0698152,2.71,2.71,-0.00462892,-0.009,41.61583948
1668678198.0203826,2.717,2.717,-0.00389531,-0.002,49.98482066
1668678259.568654,2.717,2.715,-0.00405485,-0.004,47.84896223
1668678319.5734136,2.711,2.719,-0.00323978,0.002,52.24168974
1668678379.7905817,2.72,2.716,-0.00280359,0.008,48.91394543
1668678440.4175503,2.721,2.721,-0.00203103,0.016,54.15542738
1668678500.4361775,2.721,2.717,-0.00235012,0.012,50.05598104
1668678560.2022452,2.715,2.715,-0.0021276,0.015,47.75652717
1668678620.9136205,2.71,2.71,-0.00235003,-0.003,42.36183817
1668678680.978848,2.707,2.707,-0.00281385,-0.006,39.49065357
1668678741.1814756,2.707,2.707,-0.00281385,-0.006,39.49065357
1668678801.9387276,2.707,2.713,-0.00233522,0.0,46.90133221
1668678861.6902523,2.714,2.714,-0.00209223,0.004,48.11203004
1668678921.6852748,2.714,2.714,-0.00209223,0.004,48.11203004
1668678982.7110558,2.714,2.714,-0.00209223,0.004,48.11203004
1668679042.6993852,2.714,2.714,-0.00209223,0.004,48.11203004
1668679102.5966337,2.714,2.714,-0.00209223,0.004,48.11203004
1668679163.3851724,2.714,2.714,-0.00209223,0.004,48.11203004
1668679223.3950078,2.714,2.714,-0.00209223,0.004,48.11203004
1668679283.3604486,2.714,2.714,-0.00209223,0.004,48.11203004
1668679344.008227,2.714,2.714,-0.00209223,0.004,48.11203004
1668679404.063022,2.716,2.716,-0.00171847,0.006,50.54094673
1668679464.1478648,2.716,2.716,-0.00171847,0.006,50.54094673
1668679525.3041284,2.715,2.715,-0.00122504,-0.004,49.20528327
1668679584.9582057,2.715,2.715,-0.00122504,-0.004,49.20528327
1668679644.9318562,2.715,2.715,-0.00122504,-0.004,49.20528327
1668679705.8988943,2.72,2.72,-0.00041297,0.003,55.7871941
1668679765.8665853,2.72,2.716,-0.00073206,-0.001,50.4770564
1668679825.817175,2.72,2.716,-0.00073206,-0.001,50.4770564
1668679887.9118235,2.72,2.716,-0.00073206,-0.001,50.4770564
1668679946.644544,2.715,2.715,-0.00060365,0.004,48.99023084
1668680006.665876,2.715,2.715,-0.00060365,0.004,48.99023084
1668680067.860222,2.716,2.716,-0.000359,0.003,50.67523279
1668680127.8668215,2.716,2.716,-0.000359,0.003,50.67523279
1668680187.848636,2.716,2.716,-0.000359,0.003,50.67523279
1668680248.7357216,2.716,2.716,-0.000359,0.003,50.67523279
1668680308.697939,2.716,2.716,-0.00026836,0.002,50.67523279
1668680368.6344378,2.721,2.721,0.00080599,0.005,58.60459961
1668680429.3415298,2.721,2.721,0.00080599,0.005,58.60459961
1668680489.2247174,2.72,2.72,0.00094696,0.005,56.34208984
1668680549.3572657,2.72,2.72,0.00094696,0.005,56.34208984
1668680610.03741,2.72,2.72,0.00094696,0.005,56.34208984
1668680670.0838313,2.721,2.721,0.00112639,0.004,58.08476079
1668680730.1226285,2.724,2.724,0.00149344,0.008,62.87273053
1668680791.1182275,2.724,2.724,0.00220224,0.009,59.13121915
1668680851.1011856,2.722,2.722,0.00211095,0.006,55.21404728
1668680911.1442225,2.722,2.722,0.00211095,0.006,55.21404728
1668680971.934069,2.72,2.72,0.00185582,0.004,51.53731297
1668681031.87288,2.717,2.717,0.00139547,-0.004,46.53190541
1668681091.8675728,2.716,2.716,0.00057088,-0.005,44.9642575
1668681152.6882594,2.716,2.716,0.00057088,-0.005,44.9642575
1668681212.6659777,2.715,2.715,0.0001961,-0.005,43.27347093
1668681272.6388905,2.714,2.714,-0.00041021,-0.01,41.46515614
1668681333.649979,2.714,2.714,-0.00077194,-0.014,43.0014241
1668681393.584926,2.714,2.713,-0.00085171,-0.015,40.72858259
1668681453.6507597,2.714,2.714,-0.00098314,-0.01,43.16905934
1668681514.6748807,2.714,2.714,-0.00098314,-0.01,43.16905934
1668681574.446945,2.714,2.714,-0.00098314,-0.01,43.16905934
1668681634.4313316,2.714,2.714,-0.00107491,-0.008,43.16905934
1668681695.0929787,2.717,2.717,-0.00089524,-0.003,50.29037836
1668681755.3203151,2.717,2.72,-0.00065593,0.0,55.82572732
1668681815.1261816,2.717,2.72,-0.00065593,0.0,55.82572732
1668681876.2575002,2.721,2.721,-0.00024041,0.004,57.52363968
1668681936.206673,2.721,2.721,-0.00024041,0.004,57.52363968
1668681996.1967092,2.721,2.721,-0.00024041,0.004,57.52363968
1668682057.0084493,2.721,2.721,-0.00024041,0.004,57.52363968
1668682116.9388006,2.721,2.721,-0.00024041,0.004,57.52363968
1668682177.0244431,2.722,2.722,0.00016764,0.006,59.21199187
1668682237.8543837,2.722,2.722,0.00016764,0.006,59.21199187
1668682297.7873795,2.721,2.721,0.00040566,0.005,56.78142959
1668682357.7878451,2.716,2.716,1.649e-05,0.001,46.50288414
1668682418.584582,2.716,2.716,1.649e-05,0.001,46.50288414
1668682478.6106226,2.716,2.716,1.649e-05,0.001,46.50288414
1668682538.6244037,2.716,2.716,1.649e-05,0.001,46.50288414
1668682599.5516672,2.716,2.716,1.649e-05,0.001,46.50288414
1668682659.546924,2.715,2.715,-0.00024124,0.002,44.77271752
1668682719.6003473,2.715,2.715,-0.00039709,0.001,44.77271752
1668682780.362703,2.715,2.715,-0.00039709,0.001,44.77271752
1668682840.4154534,2.715,2.715,-0.00039709,0.001,44.77271752
1668682900.5412114,2.715,2.715,-0.00039709,0.001,44.77271752
1668682961.136263,2.715,2.715,-0.00039709,0.001,44.77271752
1668683021.1084816,2.715,2.715,-0.00039709,0.001,44.77271752
1668683081.1352046,2.715,2.715,-0.00039709,0.001,44.77271752
1668683142.271777,2.717,2.717,-0.00035513,0.003,49.45421508
1668683202.1216743,2.717,2.716,-0.0004349,0.002,47.21706743
1668683262.316964,2.721,2.722,1.907e-05,0.002,58.95530025
1668683323.2145832,2.728,2.731,0.00109247,0.01,69.80320745
1668683383.02883,2.728,2.728,0.00174328,0.006,62.93099883
1668683442.873048,2.728,2.729,0.00182305,0.007,64.70125523
1668683503.5646174,2.727,2.727,0.00215263,0.006,61.00508261
1668683563.675938,2.728,2.731,0.0027054,0.015,65.27742582
1668683623.6966968,2.728,2.731,0.0027054,0.015,65.27742582
1668683684.7581463,2.728,2.728,0.0029633,0.011,59.97051427
1668683744.536992,2.728,2.728,0.0029633,0.011,59.97051427
1668683804.6239526,2.729,2.729,0.00308371,0.014,61.19025556
1668683865.313355,2.729,2.729,0.0031429,0.014,61.19025556
1668683925.3223622,2.73,2.738,0.003933,0.022,70.49875051
1668683985.2920988,2.735,2.735,0.00420539,0.013,64.86887238
1668684046.1924925,2.733,2.733,0.00396497,0.001,60.66471138
1668684106.0982306,2.73,2.73,0.0037421,0.001,56.19287647
1668684166.1105576,2.73,2.73,0.0037421,0.001,56.19287647
1668684226.940303,2.73,2.73,0.0037421,0.001,56.19287647
1668684286.858642,2.729,2.729,0.00344508,0.002,54.74426576
1668684407.9094892,2.726,2.726,0.00256136,-0.002,50.43590952
1668684467.8672812,2.726,2.726,0.00256136,-0.002,50.43590952
1668684528.0525165,2.725,2.725,0.00209811,-0.003,48.98289437
1668684588.764111,2.726,2.726,0.00179103,-0.003,50.51808211
1668684648.886021,2.726,2.726,0.00179103,-0.003,50.51808211
1668684708.5969222,2.728,2.728,0.00168957,-0.002,53.52993422
1668684769.4611163,2.728,2.728,0.00159083,-0.01,53.52993422
1668684829.3399224,2.726,2.726,0.00133579,-0.005,50.0003046
1668684889.2650044,2.726,2.73,0.00165488,-0.001,56.59405383
1668684950.3701591,2.726,2.73,0.00165488,-0.001,56.59405383
1668685009.5273871,2.726,2.73,0.00165488,-0.001,56.59405383
1668685069.332972,2.726,2.73,0.00165488,-0.001,56.59405383
1668685129.4536908,2.73,2.733,0.00192552,0.0,60.77236251
1668685189.3403633,2.732,2.732,0.00203584,0.002,58.74249762
1668685249.2663758,2.732,2.734,0.00219539,0.004,62.08260948
1668685309.3927531,2.732,2.734,0.00219539,0.004,62.08260948
1668685369.3299038,2.732,2.734,0.00219539,0.004,62.08260948
1668685429.619177,2.726,2.729,0.00198294,0.0,52.6189727
1668685489.4487884,2.726,2.732,0.00222226,0.003,57.91607651
1668685549.5117393,2.732,2.73,0.00205844,0.003,54.0123229
1668685609.3505175,2.73,2.73,0.00190664,0.004,54.0123229
1668685669.4099016,2.73,2.729,0.00182687,0.003,52.12064271
1668685729.3469765,2.73,2.729,0.00182687,0.003,52.12064271
1668685789.557896,2.73,2.729,0.00182687,0.003,52.12064271
1668685849.3551564,2.73,2.729,0.00182687,0.003,52.12064271
1668685909.8630905,2.738,2.738,0.00265831,0.012,64.33185376
1668685969.533746,2.738,2.738,0.00265831,0.012,64.33185376
1668686029.318089,2.739,2.739,0.00301767,0.011,65.45748238
1668686089.4004705,2.739,2.739,0.00301767,0.011,65.45748238
1668686159.490595,2.731,2.731,0.00262666,0.003,51.46483622
1668686209.3694625,2.734,2.734,0.00252969,0.004,55.32185406
1668686279.4006715,2.731,2.731,0.00212398,-0.002,51.11071364
1668686329.3395543,2.731,2.73,0.00204421,-0.003,49.73402147
1668686399.6288245,2.731,2.73,0.00204421,-0.003,49.73402147
1668686469.4797676,2.735,2.735,0.00210191,0.001,56.1010106
1668686509.5043335,2.735,2.732,0.00186259,-0.002,52.49029258
1668686569.4460957,2.735,2.732,0.00186259,-0.002,52.49029258
1668686629.5898914,2.735,2.732,0.00186259,-0.002,52.49029258
1668686689.6615188,2.729,2.729,0.00145976,-0.003,48.21915709
1668686749.367915,2.729,2.729,0.00145976,-0.003,48.21915709
1668686819.7082987,2.728,2.728,0.00120572,-0.001,47.15676758
1668686869.578649,2.728,2.728,0.00120572,-0.001,47.15676758
1668686929.4008193,2.728,2.728,0.00120572,-0.001,47.15676758
1668686999.467262,2.729,2.729,0.00089553,-0.008,48.35820428
1668687049.4108248,2.729,2.729,0.00064229,-0.009,48.35820428
1668687109.4907444,2.732,2.732,0.00079907,-0.007,51.97621018
1668687169.4738772,2.732,2.732,0.00078779,0.001,51.97621018
1668687229.3763244,2.731,2.727,0.00037112,-0.006,45.50566575
1668687289.4690516,2.725,2.725,-0.0001191,-0.005,43.18955351
1668687349.4368594,2.728,2.728,-0.00026251,-0.004,47.50557185
1668687409.4574945,2.728,2.728,-0.00026251,-0.004,47.50557185
1668687469.5443006,2.728,2.728,-0.00026251,-0.004,47.50557185
1668687529.3171177,2.728,2.728,-0.00026251,-0.004,47.50557185
1668687589.3881738,2.727,2.727,-0.00045165,-0.002,46.24439042
1668687649.8641589,2.726,2.726,-0.00067446,-0.01,44.95900206
1668687709.5014172,2.726,2.726,-0.00067446,-0.01,44.95900206
1668687789.4644132,2.732,2.727,-0.00051318,-0.002,46.92719787
1668687829.4547248,2.732,2.727,-0.00051318,-0.002,46.92719787
1668687889.5610693,2.732,2.727,-0.00051318,-0.002,46.92719787
1668687949.6969326,2.728,2.728,-0.00054545,-0.003,48.26669255
1668688009.4414036,2.728,2.73,-0.00038591,-0.001,50.75258542
1668688069.475901,2.728,2.73,-0.00038591,-0.001,50.75258542
1668688139.6017172,2.728,2.73,-0.00038591,-0.001,50.75258542
1668688189.6447678,2.725,2.725,-0.00068066,-0.007,44.93880796
1668688249.398682,2.725,2.725,-0.00068066,-0.007,44.93880796
1668688309.5327356,2.725,2.725,-0.00068066,-0.007,44.93880796
1668688379.569206,2.73,2.73,-0.00029998,0.003,50.86161929
1668688429.5434315,2.73,2.729,-0.00037975,0.002,49.73654054
1668688489.6746953,2.729,2.729,-0.00033981,0.004,49.73654054
1668688549.6815207,2.728,2.728,-0.000415,0.001,48.492494
1668688609.4304762,2.728,2.728,-0.000415,0.001,48.492494
1668688669.506135,2.726,2.726,-0.00059376,0.0,45.83334908
1668688729.4605105,2.723,2.723,-0.00096637,-0.009,42.10373377
1668688789.5670102,2.723,2.728,-0.00056751,-0.004,48.85375902
1668688849.563047,2.728,2.728,-0.00051314,-0.002,48.85375902
1668688909.5492675,2.728,2.726,-0.00067268,-0.004,45.88628984
1668688969.5398402,2.726,2.725,-0.00084837,0.0,44.43301193
1668689029.477116,2.724,2.724,-0.00105611,-0.007,42.96749629
1668689089.547049,2.721,2.721,-0.00144616,-0.008,38.82982421
1668689149.802311,2.718,2.718,-0.00222095,-0.011,36.36107004
1668689209.556338,2.72,2.72,-0.00226995,-0.008,39.93203491
1668689269.573944,2.72,2.72,-0.00240746,-0.008,39.93203491
1668689329.560387,2.722,2.722,-0.00226664,-0.004,43.73449541
1668689389.6300871,2.722,2.725,-0.00202732,-0.001,48.77833227
1668689449.596563,2.721,2.721,-0.00208797,-0.007,43.21566103
1668689509.6035392,2.721,2.726,-0.00168911,-0.002,50.37524299
1668689569.649544,2.722,2.722,-0.00148527,-0.004,44.01009398
1668689629.4707358,2.722,2.722,-0.00153133,-0.003,44.01009398
1668689689.5930595,2.722,2.722,-0.00161156,-0.002,44.52758263
1668689749.881065,2.72,2.72,-0.00162991,0.003,42.25172812
1668689809.629218,2.72,2.719,-0.00170968,0.002,41.00882026
1668689869.8434105,2.72,2.719,-0.00170968,0.002,41.00882026
1668689929.8853726,2.72,2.719,-0.00170968,0.002,41.00882026
1668689989.617104,2.728,2.728,-0.00092593,0.008,54.35626684
1668690049.66615,2.728,2.733,-0.00052707,0.013,59.67818267
1668690109.5770924,2.727,2.727,-0.00030524,0.006,51.86344922
1668690169.6208775,2.726,2.726,-0.00020773,0.001,50.67247025
1668690229.587779,2.726,2.727,-0.00012796,0.002,51.86344922
1668690289.6552684,2.722,2.716,-0.0008651,-0.01,40.56821418
1668690349.6637404,2.722,2.719,-0.00062578,-0.007,43.12999427
1668690409.6023252,2.716,2.716,-0.00165968,-0.006,40.31787548
1668690469.5661786,2.716,2.716,-0.0020874,-0.005,40.83980375
1668690529.5326314,2.716,2.714,-0.00224695,-0.007,38.49343626
1668690589.477047,2.714,2.714,-0.00261895,-0.01,38.49343626
1668690649.541462,2.718,2.718,-0.00256146,-0.001,44.5311755
1668690709.7682478,2.718,2.717,-0.00264124,-0.002,43.13566581
1668690769.6225295,2.71,2.71,-0.0034551,-0.023,36.13234096
1668690829.5242047,2.716,2.716,-0.00327214,-0.011,44.84297244
1668690889.569281,2.716,2.715,-0.00335192,-0.012,43.56003909
1668690949.638946,2.712,2.712,-0.00340367,-0.007,40.37074073
1668691009.6427813,2.712,2.712,-0.00340367,-0.007,40.37074073
1668691069.6583977,2.71,2.707,-0.00383506,-0.01,35.58088434
1668691129.5756464,2.707,2.707,-0.00431284,-0.007,35.58088434
1668691189.650602,2.7,2.7,-0.00515063,-0.014,29.62331568
1668691249.9938145,2.699,2.699,-0.00570219,-0.018,28.90996302
1668691309.8399997,2.693,2.705,-0.00583616,-0.007,41.50035369
1668691369.7045555,2.704,2.704,-0.00564189,-0.006,40.64948782
1668691429.679957,2.71,2.71,-0.00476199,-0.005,47.27335578
1668691489.5371425,2.705,2.705,-0.00515901,-0.009,43.47532579
1668691549.8659086,2.71,2.71,-0.00420355,-0.002,48.46041511
1668691609.5602186,2.71,2.708,-0.0043631,-0.004,46.58965123
1668691669.835494,2.707,2.707,-0.00401957,0.0,45.66956084
1668691729.6970963,2.712,2.712,-0.00330576,0.005,50.89172372
1668691789.7379608,2.712,2.711,-0.00338553,0.004,49.92917676
1668691849.6956332,2.713,2.719,-0.00151375,0.02,57.39961158
1668691909.6975625,2.72,2.718,-0.00065602,0.024,55.63896624
1668691969.7276032,2.712,2.703,-0.00154447,-0.002,42.8082934
1668692029.7906516,2.712,2.703,-0.00154447,-0.002,42.8082934
1668692089.6822672,2.712,2.712,-0.001255,0.005,50.35012071
1668692149.7281356,2.709,2.705,-0.00137187,-0.004,44.99760639
1668692209.85944,2.705,2.705,-0.00163669,-0.003,44.99760639
1668692269.7151568,2.703,2.703,-0.00210825,-0.004,43.57237559
1668692329.8143833,2.708,2.708,-0.00162186,-0.003,48.00613931
1668692389.735352,2.703,2.703,-0.00193366,-0.012,43.99681334
1668692449.9147203,2.703,2.701,-0.00209321,-0.014,42.57453534
1668692509.6929312,2.696,2.696,-0.0033883,-0.018,39.16578785
1668692570.1646185,2.692,2.692,-0.00397714,-0.011,37.18831408
1668692629.66917,2.697,2.697,-0.00418088,-0.015,42.51864018
1668692689.6614978,2.7,2.7,-0.00399105,-0.012,45.2717047
1668692749.7598464,2.7,2.702,-0.0038315,-0.01,46.96510567
1668692809.6705782,2.704,2.704,-0.00288108,0.001,48.6582687
1668692869.738029,2.703,2.703,-0.00274273,-0.005,47.98688942
1668692929.7187371,2.7,2.7,-0.0027174,-0.008,45.46005809
1668692989.8269873,2.697,2.697,-0.0029059,-0.004,43.02048603
1668693049.81135,2.7,2.7,-0.00271957,0.004,45.92539014
1668693109.7067463,2.698,2.698,-0.00276463,0.0,44.13133321
1668693169.7759814,2.698,2.7,-0.00260509,0.002,45.92539014
1668693229.9683774,2.7,2.7,-0.00248571,0.009,45.92539014
1668693289.7072144,2.702,2.702,-0.00208112,0.005,48.1934701
1668693350.0549667,2.702,2.702,-0.00208112,0.005,48.1934701
1668693409.784889,2.701,2.701,-0.00163176,-0.004,47.06953982
1668693469.7652,2.701,2.701,-0.00163176,-0.004,47.06953982
1668693529.7633903,2.705,2.705,-0.00097345,0.002,51.96970943
1668693589.7317576,2.708,2.708,-0.00045483,0.008,55.48656592
1668693649.703694,2.708,2.709,-0.00037506,0.009,56.54712936
1668693709.8641636,2.708,2.709,-0.00037506,0.009,56.54712936
1668693769.800329,2.712,2.713,0.00078667,0.013,60.87190528
1668693829.7895873,2.712,2.713,0.00078667,0.013,60.87190528
1668693889.8012688,2.713,2.713,0.00131723,0.013,60.87190528
1668693949.7008638,2.713,2.713,0.00131723,0.013,60.87190528
1668694009.8926616,2.713,2.713,0.0017179,0.011,60.87190528
1668694069.6653757,2.713,2.709,0.00139882,0.007,54.57264559
1668694129.8417292,2.703,2.703,0.00096816,0.001,46.75653218
1668694189.812397,2.699,2.699,0.00023904,-0.005,42.46766754
1668694249.7868476,2.709,2.709,0.00101801,0.008,53.93960392
1668694309.819444,2.709,2.702,0.00045961,0.001,46.1796852
1668694369.730652,2.702,2.702,0.00012718,-0.002,46.1796852
1668694429.6835632,2.702,2.702,0.00012718,-0.002,46.1796852
1668694489.7025788,2.702,2.702,-0.00013471,-0.003,46.1796852
1668694549.8000383,2.709,2.709,0.0003107,0.0,54.91260926
1668694609.8033333,2.709,2.709,0.0003107,0.0,54.91260926
1668694669.6980252,2.705,2.705,0.0002466,-0.008,49.73509549
1668694730.2567077,2.705,2.705,0.0002466,-0.008,49.73509549
1668694790.170514,2.703,2.704,-0.00042269,-0.005,49.38992912
1668694850.243085,2.702,2.702,-0.00056023,0.0,47.3889161
1668694910.9660418,2.709,2.709,0.00014315,0.002,54.42322326
1668694970.9793637,2.706,2.706,8.011e-05,0.004,51.29767316
1668695031.038384,2.707,2.707,0.00023458,0.005,52.44861649
1668695092.1763735,2.702,2.702,-0.00016912,0.0,46.53262122
1668695161.7654216,2.704,2.704,-7.575e-05,-0.002,48.84235491
1668695212.445745,2.701,2.701,-0.00061241,-0.008,45.54107
1668695275.264836,2.701,2.701,-0.0007759,-0.004,45.54107
1668695335.2386503,2.704,2.704,-0.00059424,0.007,49.8573995
1668695395.2147834,2.701,2.701,-0.00074695,-0.003,45.84853764
1668695455.9575486,2.704,2.704,-0.00061877,-0.002,50.16392681
1668695516.047952,2.707,2.707,-0.00027198,0.0,54.10287228
1668695576.0559092,2.707,2.707,-0.00027198,0.0,54.10287228
1668695636.8131309,2.707,2.707,2.82e-06,0.001,54.10287228
1668695696.9411802,2.707,2.707,2.82e-06,0.001,54.10287228
1668695756.873984,2.708,2.708,0.00029787,0.003,55.46368557
1668695817.7467556,2.712,2.712,0.00109108,0.008,60.18555224
1668695877.7384353,2.71,2.71,0.00129057,0.01,56.69961982
1668695937.7301986,2.71,2.71,0.00129057,0.01,56.69961982
1668695998.5283866,2.71,2.71,0.00143215,0.009,56.69961982
1668696058.4852846,2.708,2.708,0.00124404,0.006,53.37062091
1668696118.5539706,2.708,2.712,0.00156312,0.01,58.60533062
1668696179.4261746,2.716,2.716,0.00248254,0.015,63.07007024
1668696239.340101,2.717,2.717,0.00283999,0.013,64.18993656
1668696299.3736196,2.717,2.717,0.00308768,0.01,64.18993656
1668696360.3876889,2.715,2.715,0.0031486,0.008,59.26708901
1668696420.424456,2.718,2.72,0.00349681,0.008,65.07756619
1668696480.328653,2.715,2.715,0.00333091,0.003,56.41155741
1668696541.2715142,2.715,2.715,0.00333091,0.003,56.41155741
1668696601.4654193,2.715,2.715,0.00316297,0.005,56.41155741
1668696661.4076347,2.716,2.716,0.00307513,0.008,57.7175693
1668696722.604052,2.716,2.716,0.00307513,0.008,57.7175693
1668696782.1478834,2.716,2.716,0.00297126,0.004,57.7175693
1668696842.110634,2.716,2.715,0.00289149,0.003,55.91340372
1668696918.4252932,2.715,2.715,0.00260677,-0.001,55.40596953
1668696965.01274,2.715,2.716,0.00268654,0.0,57.3491597
1668697025.1186135,2.716,2.716,0.00257139,-0.001,57.3491597
1668697085.8638206,2.715,2.715,0.00237211,-0.003,55.10765306
1668697145.9785488,2.716,2.716,0.00226871,0.001,56.92092934
1668697206.1327133,2.716,2.716,0.00226871,0.001,56.92092934
1668697266.7465189,2.716,2.716,0.00216184,-0.004,56.92092934
1668697326.714898,2.716,2.715,0.00208207,-0.005,54.5481551
1668697386.9816847,2.716,2.716,0.00199189,0.001,56.50091669
1668697448.4020934,2.716,2.716,0.00199189,0.001,56.50091669
1668697508.4386413,2.716,2.716,0.00189854,0.001,56.50091669
1668697568.396351,2.718,2.718,0.00196331,0.002,60.44295561
1668697629.1406608,2.72,2.72,0.00215122,0.005,63.96023919
1668697689.0855434,2.718,2.722,0.00255666,0.006,66.90310714
1668697749.104328,2.718,2.717,0.0021578,0.001,54.84564936
1668697810.0330474,2.721,2.721,0.00233245,0.005,60.91441963
1668697869.96859,2.721,2.721,0.00233245,0.005,60.91441963
1668697930.042455,2.721,2.721,0.00233245,0.005,60.91441963
1668697990.7687373,2.721,2.721,0.00233245,0.005,60.91441963
1668698050.7607338,2.717,2.717,0.00212361,0.001,53.21249287
1668698110.6926577,2.714,2.714,0.00169648,-0.001,48.28179256
1668698171.7553575,2.714,2.714,0.00169648,-0.001,48.28179256
1668698231.7991636,2.715,2.715,0.00142227,-0.001,49.9467039
1668698291.8435535,2.734,2.734,0.00362093,0.018,69.87217063
1668698352.54821,2.734,2.735,0.0037007,0.019,70.5343389
1668698412.52653,2.735,2.735,0.00488956,0.017,68.13320023
1668698472.5953994,2.752,2.752,0.00766839,0.03,76.89716272
1668698533.4857986,2.757,2.757,0.00940338,0.04,78.76678336
1668698593.4951923,2.764,2.764,0.01151826,0.043,79.07578783
1668698653.5024576,2.76,2.76,0.01222396,0.043,74.03886046
1668698714.5825765,2.76,2.757,0.01198465,0.04,70.71963607
1668698774.8831308,2.765,2.762,0.01285779,0.048,76.43036534
1668698834.6934805,2.755,2.755,0.01205895,0.022,67.0482362
1668698895.7587943,2.755,2.755,0.01168092,0.02,66.39488099
1668698955.5326383,2.755,2.756,0.01176069,0.021,67.60670505
1668699015.6075635,2.757,2.757,0.01086754,0.006,66.43352807
1668699076.3937771,2.757,2.753,0.01054846,0.002,63.21259933
1668699136.524186,2.75,2.749,0.0095732,-0.007,58.36716896
1668699196.3446765,2.746,2.746,0.0084607,-0.02,54.96422525
1668699258.0771406,2.75,2.75,0.0071527,-0.012,58.5048464
1668699317.9428723,2.75,2.751,0.00723247,-0.011,59.34904521
1668699377.9768312,2.746,2.746,0.00543385,-0.008,53.55559959
1668699439.089566,2.747,2.747,0.00496106,-0.009,54.4827934
1668699499.094843,2.747,2.748,0.00504083,-0.008,55.44077998
1668699558.9935489,2.752,2.751,0.00485228,-0.006,58.27776673
1668699619.7971282,2.752,2.752,0.00476334,-0.001,57.85816845
1668699679.896479,2.752,2.755,0.00500265,0.002,61.77253694
1668699739.8202548,2.753,2.753,0.00481106,0.007,57.54881693
1668699800.6056485,2.754,2.754,0.00462723,0.005,58.52960024
1668699860.5569434,2.754,2.753,0.00454745,0.004,57.54881693
1668699920.813449,2.757,2.757,0.00460819,0.007,61.47378281
1668699981.673742,2.753,2.753,0.00379492,0.006,57.54881693
1668700041.6981814,2.753,2.75,0.00355561,0.003,52.86422251
1668700101.8022587,2.744,2.744,0.00247388,-0.004,45.21919826
1668700162.560928,2.735,2.735,-0.00023269,-0.02,36.62742351
1668700222.622115,2.731,2.731,-0.00168291,-0.027,34.26659035
1668700282.511839,2.728,2.728,-0.00278835,-0.026,31.25557875
1668700343.3637729,2.716,2.716,-0.0053181,-0.037,25.43709783
1668700403.398743,2.716,2.716,-0.00630383,-0.037,27.08682805
1668700463.2891402,2.72,2.72,-0.00662541,-0.033,30.95337062
1668700524.4077034,2.717,2.717,-0.00741346,-0.036,28.35395787
1668700584.4592292,2.723,2.723,-0.00678753,-0.024,37.34863618
1668700644.521884,2.725,2.725,-0.00649864,-0.015,39.32846187
1668700705.4642053,2.727,2.727,-0.00597802,-0.008,41.70020294
1668700765.466705,2.727,2.732,-0.00557916,-0.003,47.25176147
1668700825.5406718,2.729,2.729,-0.0051595,-0.001,44.51290216
1668700886.2523432,2.729,2.729,-0.0051595,-0.001,44.51290216
1668700946.4482749,2.722,2.722,-0.00515704,0.007,38.6378896
1668701006.299855,2.725,2.725,-0.00478842,0.007,41.03215858
1668701067.7200005,2.727,2.727,-0.00422665,0.008,43.91805232
1668701127.6773546,2.727,2.728,-0.00414687,0.009,44.86337795
1668701187.6094384,2.725,2.725,-0.00408629,0.008,41.94636328
1668701248.501654,2.728,2.728,-0.00375696,0.004,46.4996207
1668701308.397473,2.736,2.736,-0.00190435,0.009,53.18412531
1668701368.546168,2.736,2.732,-0.00222343,0.005,49.97588291
1668701429.5325084,2.732,2.732,-0.00163623,0.003,50.03709657
1668701489.3423667,2.732,2.732,-0.00163623,0.003,50.03709657
1668701549.3130474,2.732,2.732,-0.00137066,0.006,50.03709657
1668701610.0316155,2.732,2.729,-0.00160998,0.003,47.44368578
1668701670.1016548,2.727,2.727,-0.00180541,-0.002,45.74159039
1668701730.053718,2.737,2.737,-0.0004298,0.009,54.5261821
1668701791.1094043,2.737,2.737,-0.0004298,0.009,54.5261821
1668701851.1456523,2.735,2.735,-0.00013169,0.01,52.55263113
1668701911.1858256,2.739,2.739,0.00073041,0.016,55.88141899
1668701971.9269562,2.74,2.74,0.0011648,-0.002,56.75616595
1668702031.9796276,2.74,2.74,0.00149186,0.008,56.75616595
1668702091.988693,2.739,2.739,0.00158973,0.008,55.56962413
1668702152.904262,2.739,2.739,0.00140285,0.007,54.86512087
1668702212.8645108,2.738,2.738,0.00147317,0.009,53.72806867
1668702272.919701,2.739,2.739,0.00165284,0.012,54.86512087
1668702333.896511,2.739,2.735,0.00133375,0.008,50.28127381
1668702393.9022758,2.739,2.735,0.00133375,0.008,50.28127381
1668702453.8673325,2.742,2.742,0.00170522,0.005,57.04478762
1668702514.722446,2.75,2.75,0.00315987,0.01,63.31007408
1668702574.709482,2.75,2.75,0.00315987,0.01,63.31007408
1668702634.7689793,2.75,2.75,0.00315987,0.01,63.31007408
1668702695.6214795,2.75,2.75,0.00369,0.011,63.31007408
1668702755.61366,2.751,2.751,0.00408146,0.011,63.61586879
1668702815.8051586,2.753,2.753,0.00468688,0.014,65.07948754
1668702876.5858128,2.752,2.752,0.00484144,0.018,63.69971303
1668702936.5769832,2.752,2.752,0.00484144,0.018,63.69971303
1668702996.6694665,2.753,2.753,0.00484725,0.014,62.51427579
1668703057.48307,2.753,2.753,0.00484725,0.014,62.51427579
1668703117.5155542,2.753,2.753,0.00484725,0.014,62.51427579
1668703177.5137143,2.753,2.753,0.00484725,0.014,62.51427579
1668703238.2968483,2.75,2.75,0.00470662,0.015,58.45127766
1668703298.35156,2.747,2.747,0.00418032,0.004,54.79843506
1668703358.2631717,2.751,2.751,0.00380969,0.001,57.57325404
1668703419.2214355,2.751,2.754,0.00404901,0.004,59.88070183
1668703479.339187,2.751,2.754,0.00404901,0.004,59.88070183
1668703539.1137917,2.751,2.754,0.00404901,0.004,59.88070183
1668703600.1811051,2.751,2.754,0.00404901,0.004,59.88070183
1668703660.080758,2.755,2.755,0.0046869,0.002,58.93319161
1668703720.1340055,2.751,2.751,0.00437067,-0.001,54.73792579
1668703780.8810267,2.755,2.755,0.00426901,0.003,57.56827229
1668703840.8928254,2.75,2.75,0.00386685,0.002,52.8298012
1668703900.9497583,2.75,2.75,0.0035077,-0.003,52.8298012
1668703961.7342696,2.75,2.754,0.00382679,0.001,55.9533117
1668704021.7385805,2.751,2.751,0.00351248,0.003,53.11265208
1668704081.7922828,2.746,2.746,0.00270415,0.004,48.79348919
1668704142.7931223,2.745,2.745,0.00202367,-0.005,47.99001559
1668704202.7688756,2.745,2.748,0.00226298,-0.002,50.61720474
1668704262.6914198,2.751,2.751,0.00219337,-0.003,53.16497385
1668704323.7398634,2.756,2.757,0.00277723,-0.002,57.69778777
1668704383.6121433,2.756,2.757,0.00277723,-0.002,57.69778777
1668704443.5621684,2.757,2.756,0.00308809,0.007,56.59973328
1668704504.3911936,2.751,2.751,0.00271089,-0.004,51.33877433
1668704564.462671,2.76,2.76,0.00359514,0.01,59.94647839
1668704624.345293,2.761,2.761,0.00382673,0.007,60.80625156
1668704685.3900115,2.761,2.759,0.00366719,0.005,58.65969082
1668704745.4100697,2.761,2.759,0.00366719,0.005,58.65969082
1668704805.4762173,2.755,2.755,0.00314751,0.01,53.60743417
1668704866.2817855,2.755,2.755,0.00314751,0.01,53.60743417
1668704926.2903624,2.755,2.755,0.00288051,0.007,53.60743417
1668704986.245821,2.755,2.754,0.00280073,0.006,52.32541314
1668705047.1562045,2.757,2.757,0.00265488,0.0,55.74474253
1668705107.1653454,2.757,2.757,0.00256073,0.0,55.74474253
1668705167.147946,2.757,2.754,0.00232141,-0.003,51.46392903
1668705227.8940976,2.751,2.747,0.00147529,-0.009,43.13942748
1668705288.0016465,2.751,2.751,0.00111464,-0.008,48.2869913
1668705348.0395358,2.755,2.756,0.00121825,-0.004,53.90449982
1668705409.0926392,2.756,2.756,0.00128553,-0.003,53.90449982
1668705469.0253005,2.747,2.747,0.00060565,-0.009,43.9401804
1668705529.0404196,2.751,2.751,0.00063153,-0.004,47.87326364
1668705590.215681,2.751,2.751,0.00063153,-0.004,47.87326364
1668705650.2281444,2.751,2.751,0.00063153,-0.004,47.87326364
1668705710.24888,2.748,2.748,0.0001553,-0.006,44.41519576
1668705771.0403445,2.743,2.743,-0.00074163,-0.014,39.44699935
1668705830.969874,2.749,2.749,-0.0006475,-0.008,46.63946357
1668705891.0267184,2.743,2.743,-0.00141728,-0.011,39.01634269
1668705952.0661025,2.747,2.747,-0.00149764,0.0,45.2470899
1668706012.09433,2.746,2.746,-0.0016233,-0.005,44.03577515
1668706072.1616392,2.746,2.746,-0.0016233,-0.005,44.03577515
1668706132.9385605,2.746,2.746,-0.0016233,-0.005,44.03577515
1668706192.8753254,2.746,2.746,-0.0016233,-0.005,44.03577515
1668706252.8682384,2.746,2.746,-0.00170326,-0.01,44.03577515
1668706313.8118758,2.743,2.743,-0.00198581,-0.013,40.28358306
1668706373.7971077,2.745,2.745,-0.00196342,-0.006,43.24783651
1668706433.779272,2.746,2.746,-0.00184464,-0.005,44.92865461
1668706494.725697,2.742,2.742,-0.00223532,-0.004,39.67255535
1668706554.6585948,2.742,2.742,-0.00223532,-0.004,39.67255535
1668706614.8870614,2.742,2.745,-0.00215162,-0.001,45.05645589
1668706675.6056423,2.742,2.745,-0.00215162,-0.001,45.05645589
1668706735.6476378,2.741,2.741,-0.00234812,-0.002,39.67846865
1668706795.6201997,2.741,2.74,-0.0024279,-0.003,38.50847265
1668706856.567422,2.74,2.74,-0.00262477,-0.007,38.50847265
1668706916.386525,2.743,2.743,-0.00250979,-0.003,44.23010472
1668706976.4744887,2.74,2.74,-0.00281519,-0.006,38.50847265
1668707037.1909437,2.74,2.74,-0.00281519,-0.006,38.50847265
1668707097.1242228,2.74,2.74,-0.00281519,-0.006,38.50847265
1668707157.218535,2.742,2.742,-0.00267534,-0.002,43.02767848
1668707218.175876,2.745,2.745,-0.00229596,-0.001,49.07364052
1668707278.195979,2.745,2.747,-0.00213642,0.001,52.43849168
1668707338.2170088,2.745,2.747,-0.00213642,0.001,52.43849168
1668707399.0383284,2.745,2.747,-0.00213642,0.001,52.43849168
1668707458.9684317,2.747,2.747,-0.00168984,0.003,52.43849168
1668707519.018266,2.751,2.751,-0.00100162,0.009,58.7589971
1668707579.850258,2.751,2.751,-0.0003894,0.006,58.07409492
1668707639.7790978,2.751,2.752,-0.00030963,0.007,60.08508233
1668707699.80133,2.752,2.752,0.00055014,0.012,60.08508233
1668707760.7820897,2.752,2.752,0.00071573,0.012,58.90798252
1668707820.85047,2.755,2.755,0.00120163,0.015,63.30257693
1668707880.8559575,2.756,2.757,0.00203612,0.017,62.72298918
1668707941.714667,2.756,2.757,0.00203612,0.017,62.72298918
1668708001.6867976,2.759,2.762,0.00275309,0.02,67.85976911
1668708061.714064,2.763,2.765,0.00358434,0.018,70.42999764
1668708122.520167,2.762,2.765,0.00413226,0.018,70.42999764
1668708182.4522452,2.765,2.773,0.00515263,0.021,76.40728573
1668708242.506844,2.771,2.767,0.00535313,0.015,66.51179603
1668708303.980735,2.765,2.765,0.00535216,0.013,63.17830833
1668708363.507532,2.769,2.769,0.00579427,0.019,68.25138279
1668708423.5435889,2.77,2.768,0.00586893,0.016,65.39006237
1668708484.4689856,2.77,2.77,0.00589601,0.01,66.50518319
1668708544.4779038,2.768,2.767,0.00567321,0.01,61.37604922
1668708604.439396,2.765,2.765,0.00508969,0.002,58.05942875
1668708665.3140006,2.765,2.765,0.00508969,0.002,58.05942875
1668708725.3288157,2.77,2.769,0.0050811,0.004,62.14567757
1668708785.3740213,2.769,2.771,0.00517601,0.006,64.03260063
1668708847.5245254,2.772,2.772,0.00551751,0.0,62.70207891
1668708907.451091,2.772,2.771,0.00543774,-0.001,61.30780628
1668708967.4355965,2.771,2.771,0.00533084,0.004,61.30780628
1668709028.422876,2.771,2.771,0.00533084,0.004,61.30780628
1668709088.2603734,2.771,2.771,0.00533084,0.004,61.30780628
1668709148.4206188,2.77,2.77,0.00510656,0.002,59.76648615
1668709209.2163491,2.77,2.77,0.00481106,0.0,59.37372933
1668709269.1292317,2.771,2.771,0.00472857,0.004,60.39286176
1668709329.1301355,2.771,2.771,0.00472857,0.004,60.39286176
1668709389.9984348,2.768,2.769,0.00438802,-0.001,57.0720338
1668709450.1023517,2.768,2.769,0.00438802,-0.001,57.0720338
1668709509.9608524,2.768,2.769,0.00438802,-0.001,57.0720338
1668709571.027835,2.766,2.766,0.00383188,0.002,52.416153
1668709631.0270588,2.765,2.765,0.00321113,0.0,51.02853367
1668709690.977445,2.765,2.765,0.00321113,0.0,51.02853367
1668709751.7036688,2.763,2.763,0.00259115,-0.006,48.07639694
1668709811.655,2.767,2.767,0.00239496,-0.008,53.82950569
1668709871.678349,2.767,2.765,0.00223542,-0.01,51.121658
1668709932.4383287,2.767,2.765,0.00223542,-0.01,51.121658
1668709992.678163,2.767,2.765,0.00223542,-0.01,51.121658
1668710052.4523242,2.769,2.769,0.00225033,-0.002,56.60352889
1668710113.4762151,2.77,2.77,0.00234131,0.001,57.87548448
1668710173.4840355,2.77,2.768,0.00218176,-0.001,54.43879186
1668710233.5285,2.771,2.771,0.00235036,0.0,58.4266275
1668710294.3791208,2.768,2.768,0.00194604,-0.001,53.39374189
1668710354.416074,2.768,2.768,0.00194604,-0.001,53.39374189
1668710414.3506954,2.768,2.768,0.00194604,-0.001,53.39374189
1668710475.0626817,2.765,2.765,0.0012314,0.0,48.54407573
1668710535.0298543,2.765,2.768,0.00147071,0.003,53.12879058
1668710595.1710122,2.762,2.762,0.00064344,-0.003,44.30026185
1668710656.310107,2.762,2.763,0.00072322,-0.002,45.61023915
1668710716.2140212,2.765,2.765,0.00033121,-0.005,48.98439847
1668710776.1851344,2.763,2.763,-5.748e-05,-0.005,45.76768256
1668710837.2745664,2.763,2.763,-5.748e-05,-0.005,45.76768256
1668710897.2643037,2.765,2.765,-9.108e-05,-0.003,49.53314492
1668710957.2790992,2.765,2.765,-9.108e-05,-0.003,49.53314492
1668711018.0480125,2.764,2.764,-0.00018099,-0.004,47.61601067
1668711077.9601576,2.764,2.764,-0.00018099,-0.004,47.61601067
1668711138.0815458,2.764,2.764,-0.00018099,-0.004,47.61601067
1668711200.3624308,2.763,2.763,-0.00032915,-0.002,45.71072789
1668711260.3540218,2.762,2.762,-0.00052124,-0.006,43.82235885
1668711320.3406374,2.762,2.762,-0.00052124,-0.006,43.82235885
1668711382.2476766,2.762,2.762,-0.00052124,-0.006,43.82235885
1668711442.0681963,2.762,2.762,-0.00052124,-0.006,43.82235885
1668711501.9561777,2.766,2.766,-0.00034672,0.001,52.30923223
1668711562.781713,2.766,2.766,9.132e-05,0.002,51.4679175
1668711622.7908266,2.766,2.766,-0.00011062,0.003,51.5543019
1668711682.8433597,2.771,2.771,0.00050446,0.008,57.96697145
1668711743.7226229,2.771,2.762,-0.00021349,-0.001,46.02817169
1668711803.8185334,2.762,2.762,-0.00017028,-0.003,45.67412544
1668711863.7411816,2.762,2.761,-0.00025005,-0.004,44.47673116
1668711924.7464993,2.759,2.759,-0.00068539,-0.006,42.0995666
1668711984.743114,2.759,2.757,-0.00084494,-0.008,39.9636162
1668712044.6440625,2.759,2.757,-0.00084494,-0.008,39.9636162
1668712105.4950848,2.755,2.755,-0.00146093,-0.009,37.89319165
1668712165.513289,2.756,2.756,-0.00197031,-0.007,40.74174338
1668712225.434178,2.756,2.756,-0.00197031,-0.007,40.74174338
1668712286.2292323,2.754,2.754,-0.00238149,-0.008,38.69424162
1668712346.5977173,2.754,2.754,-0.00238149,-0.008,38.69424162
1668712406.1504574,2.757,2.757,-0.00243718,-0.009,43.29747521
1668712467.7267585,2.757,2.755,-0.00259672,-0.011,40.30950933
1668712527.9271138,2.757,2.757,-0.00257621,-0.012,43.5149758
1668712587.6999798,2.754,2.757,-0.00253079,-0.005,43.5149758
1668712648.5170045,2.752,2.752,-0.00284823,-0.014,37.34280255
1668712708.5626943,2.752,2.751,-0.002928,-0.015,36.29817121
1668712768.5791156,2.75,2.75,-0.00363022,-0.007,37.03639908
1668712829.469538,2.75,2.751,-0.00355045,-0.006,38.75630793
1668712889.4184608,2.75,2.751,-0.00355045,-0.006,38.75630793
1668712949.4222162,2.755,2.755,-0.00328281,0.002,45.20406798
1668713010.3023238,2.755,2.755,-0.00328281,0.002,45.20406798
1668713070.3161528,2.755,2.755,-0.00328281,0.002,45.20406798
1668713130.2393048,2.756,2.756,-0.00295595,0.0,46.71443255
1668713191.3440964,2.759,2.759,-0.00230367,0.005,50.88030326
1668713251.578334,2.759,2.759,-0.00230367,0.005,50.88030326
1668713311.2567935,2.759,2.759,-0.00230367,0.005,50.88030326
1668713372.2172832,2.755,2.755,-0.00221046,0.0,45.51534055
1668713432.1822555,2.755,2.758,-0.00197115,0.003,49.42388603
1668713492.173335,2.753,2.753,-0.00208702,-0.004,42.8234522
1668713553.102456,2.751,2.751,-0.00234151,-0.005,40.32517183
1668713613.0134509,2.75,2.75,-0.00254149,-0.001,39.09700414
1668713673.2267964,2.75,2.751,-0.00246172,0.0,40.32517183
1668713734.1981046,2.753,2.753,-0.00232971,0.002,44.24277494
1668713794.2248054,2.753,2.754,-0.00224994,0.003,46.07828687
1668713854.1894166,2.753,2.754,-0.00224994,0.003,46.07828687
1668713914.967672,2.753,2.754,-0.00224994,0.003,46.07828687
1668713974.9156935,2.753,2.754,-0.00224994,0.003,46.07828687
1668714035.1851957,2.753,2.754,-0.00224994,0.003,46.07828687
1668714095.8331392,2.75,2.75,-0.00240764,-0.008,40.25939245
1668714155.915648,2.75,2.751,-0.00232787,-0.007,41.64869792
1668714215.7964096,2.75,2.751,-0.00232787,-0.007,41.64869792
1668714276.787511,2.748,2.748,-0.00258228,-0.01,37.27928316
1668714336.7836726,2.748,2.748,-0.00258228,-0.01,37.27928316
1668714396.7766786,2.748,2.748,-0.00258228,-0.01,37.27928316
1668714457.7258785,2.748,2.748,-0.00269851,-0.005,37.27928316
1668714517.7399688,2.748,2.748,-0.00269851,-0.005,37.27928316
1668714577.8533175,2.752,2.752,-0.00243973,-0.001,46.21724375
1668714638.635938,2.752,2.752,-0.00243973,-0.001,46.21724375
1668714698.5000796,2.747,2.747,-0.00260804,-0.004,38.77830561
1668714758.7322924,2.747,2.747,-0.00260804,-0.004,38.77830561
1668714819.3787248,2.747,2.747,-0.00260804,-0.004,38.77830561
1668714879.351632,2.747,2.747,-0.00260804,-0.004,38.77830561
1668714939.3700676,2.743,2.743,-0.00302928,-0.008,34.05579828
1668715000.2953107,2.743,2.741,-0.00318882,-0.01,32.10112546
1668715060.339434,2.742,2.742,-0.00352774,-0.01,34.13667351
1668715120.252411,2.742,2.742,-0.00375306,-0.012,34.13667351
1668715181.108413,2.741,2.741,-0.00408979,-0.01,34.21468589
1668715241.118002,2.741,2.741,-0.00418199,-0.01,34.21468589
1668715301.1121707,2.747,2.747,-0.0033584,-0.003,45.37729299
1668715361.893927,2.747,2.747,-0.0033584,-0.003,45.37729299
1668715421.8894343,2.744,2.744,-0.00319746,-0.004,41.31233723
1668715481.9860408,2.75,2.75,-0.0021794,-0.002,50.66352904
1668715543.0184853,2.747,2.747,-0.00221852,0.0,46.80353313
1668715603.0480628,2.75,2.75,-0.00185866,0.009,51.15859015
1668715662.9513955,2.75,2.75,-0.00149304,0.008,51.15859015
1668715723.8532891,2.75,2.75,-0.00149304,0.008,51.15859015
1668715783.8452902,2.747,2.747,-0.00111598,0.006,46.74124541
1668715843.9480157,2.75,2.75,-0.00068402,0.003,50.98296511
1668715904.8224971,2.75,2.75,-0.00068402,0.003,50.98296511
1668715964.66089,2.75,2.75,-0.00068402,0.003,50.98296511
1668716024.7241588,2.746,2.746,-0.00084438,-0.001,44.70896647
1668716085.6962795,2.746,2.746,-0.00083722,0.002,44.49835118
1668716145.724023,2.749,2.749,-0.00058456,-0.002,49.55807571
1668716205.6595228,2.749,2.748,-0.00066433,-0.003,47.64028984
1668716266.51636,2.749,2.748,-0.00066433,-0.003,47.64028984
1668716326.6314034,2.749,2.749,-0.00056654,0.002,49.69979511
1668716386.5564835,2.747,2.747,-0.00064301,0.001,45.81813289
1668716447.5285213,2.747,2.747,-0.0006956,-0.003,45.81813289
1668716507.5210748,2.747,2.747,-0.0006956,-0.003,45.81813289
1668716567.4384449,2.744,2.744,-0.00096819,-0.006,40.3374774
1668716628.3487954,2.744,2.745,-0.00088841,-0.005,42.01262741
1668716688.2895856,2.746,2.746,-0.00094958,-0.005,44.4949715
1668716748.2697682,2.748,2.748,-0.00064237,-0.002,48.81753152
1668716809.3876815,2.748,2.748,-0.00064237,-0.002,48.81753152
1668716869.3075716,2.751,2.751,-0.00034254,0.001,54.57758622
1668716929.3262813,2.751,2.751,-0.00034254,0.001,54.57758622
1668716990.1394968,2.751,2.751,-0.00034254,0.001,54.57758622
1668717050.1272492,2.755,2.755,0.00021536,0.007,60.89652507
1668717110.1372154,2.755,2.755,0.00021536,0.007,60.89652507
1668717170.8359303,2.753,2.753,0.00049047,0.005,56.65277482
1668717231.040258,2.752,2.752,0.00055905,0.004,54.74523491
1668717290.7979271,2.748,2.748,0.00028824,-0.001,47.4637709
1668717351.9631414,2.753,2.753,0.00059573,0.006,55.79924288
1668717411.9265847,2.753,2.753,0.00070576,0.006,55.91044563
1668717472.0423594,2.754,2.755,0.00100596,0.01,59.01935018
1668717532.654361,2.754,2.754,0.00114993,0.005,56.86043038
1668717592.8365233,2.755,2.755,0.00139099,0.007,59.01935018
1668717652.747655,2.755,2.755,0.0015015,0.004,59.01935018
1668717713.5795193,2.755,2.753,0.00134195,0.002,54.24225934
1668717773.4802432,2.753,2.753,0.00128824,-0.002,54.24225934
1668717833.4991798,2.754,2.754,0.00131125,0.002,56.29367081
1668717894.607803,2.754,2.754,0.00131125,0.002,56.29367081
1668717954.6288233,2.755,2.758,0.00163343,0.007,63.3681126
1668718014.578045,2.759,2.76,0.00202677,0.011,66.30487994
1668718075.35595,2.759,2.76,0.00202677,0.011,66.30487994
1668718135.478587,2.759,2.76,0.00202677,0.011,66.30487994
1668718195.4281764,2.762,2.762,0.00247139,0.01,68.98279949
1668718256.2448025,2.76,2.761,0.00271181,0.008,66.15188076
1668718316.2974527,2.759,2.759,0.00270972,0.004,60.77959543
1668718376.2613337,2.759,2.761,0.00271357,0.006,62.31153581
1668718437.0978403,2.761,2.761,0.00281066,0.006,62.31153581
1668718497.0081153,2.761,2.759,0.00265111,0.004,57.96523407
1668718557.0396874,2.757,2.762,0.00281128,0.009,62.22188154
1668718617.904123,2.762,2.762,0.00290474,0.009,62.22188154
1668718677.954613,2.764,2.764,0.00316599,0.01,64.8738789
1668718738.011502,2.765,2.765,0.00335187,0.007,66.19886992
1668718798.704497,2.763,2.761,0.00314021,0.001,56.94574003
1668718858.7721665,2.761,2.762,0.00301837,0.0,58.50721616
1668718918.7422457,2.762,2.765,0.00312783,0.004,62.85910257
1668718979.5179944,2.767,2.768,0.00347885,0.011,66.54761547
1668719039.6892357,2.768,2.768,0.00365172,0.007,66.54761547
1668719099.5434337,2.769,2.769,0.00382532,0.01,67.81347791
1668719160.4049664,2.769,2.769,0.00382532,0.01,67.81347791
1668719220.4915152,2.769,2.769,0.00391773,0.007,67.81347791
1668719280.3611546,2.769,2.769,0.00391773,0.007,67.81347791
1668719341.1925638,2.769,2.769,0.00394549,0.006,67.81347791
1668719401.1874523,2.769,2.769,0.00394549,0.006,67.81347791
1668719461.208211,2.768,2.768,0.00384251,0.004,64.75310681
1668719521.9626732,2.764,2.768,0.00384121,0.003,63.12972995
1668719582.0362575,2.764,2.768,0.00384121,0.003,63.12972995
1668719642.0086937,2.768,2.768,0.00367142,0.007,63.12972995
1668719702.9912198,2.77,2.77,0.0036561,0.008,66.56497267
1668719763.0545137,2.77,2.77,0.00360243,0.004,66.56497267
1668719822.9778962,2.77,2.77,0.00351933,0.002,66.56497267
1668719883.7143905,2.77,2.774,0.00373321,0.006,72.87740098
1668719943.7452333,2.777,2.776,0.00426413,0.007,71.10435119
1668720003.726704,2.774,2.776,0.00438151,0.007,71.10435119
1668720064.5982008,2.779,2.779,0.00466286,0.01,74.587091
1668720124.5223844,2.775,2.775,0.00451106,0.005,63.58302503
1668720184.5143852,2.777,2.777,0.00443867,0.009,65.30817114
1668720246.3437283,2.778,2.778,0.00453524,0.01,66.46055066
1668720306.2755945,2.78,2.777,0.00454012,0.007,62.01155367
1668720366.3745446,2.774,2.774,0.0041279,0.004,56.12690708
1668720427.53908,2.778,2.778,0.00407697,0.008,61.38818677
1668720487.3992734,2.774,2.774,0.00348675,-0.004,55.59970327
1668720547.1840525,2.774,2.774,0.00317209,-0.002,55.59970327
1668720608.1171432,2.769,2.769,0.00212102,-0.007,47.23843585
1668720668.1300237,2.774,2.773,0.00227539,-0.006,52.86943888
1668720728.081192,2.772,2.768,0.00165904,-0.006,45.83999038
1668720788.9016454,2.768,2.768,0.00115725,-0.01,45.83999038
1668720848.9280798,2.763,2.763,-1.749e-05,-0.017,40.67970647
1668720908.8639462,2.764,2.764,-0.0004829,-0.013,42.27385576
1668720970.0342376,2.757,2.757,-0.0016468,-0.017,34.70765692
1668721029.8220713,2.766,2.766,-0.0013872,-0.009,46.97701923
1668721089.8421843,2.762,2.762,-0.00167459,-0.012,42.39010876
1668721150.6109312,2.761,2.761,-0.002177,-0.013,41.76452748
1668721210.6614425,2.761,2.766,-0.00177814,-0.008,48.49752402
1668721270.6184416,2.767,2.767,-0.00130227,-0.001,49.74888095
1668721331.4160037,2.767,2.763,-0.00162135,-0.005,45.03530137
1668721391.4917302,2.767,2.763,-0.00162135,-0.005,45.03530137
1668721451.5011787,2.767,2.763,-0.00162135,-0.005,45.03530137
1668721512.388976,2.767,2.763,-0.00162135,-0.005,45.03530137
1668721572.527873,2.763,2.763,-0.00168147,0.001,45.03530137
1668721632.493288,2.76,2.76,-0.00182555,-0.003,42.18966658
1668721693.2630138,2.762,2.762,-0.00188308,0.002,44.93150456
1668721753.2588496,2.762,2.762,-0.00188308,0.002,44.93150456
1668721813.2018118,2.763,2.763,-0.00182692,0.003,46.30283575
1668721874.0552404,2.763,2.763,-0.0017621,-0.003,46.30283575
1668721934.186492,2.77,2.77,-0.00113284,0.007,55.33295992
1668721993.947132,2.764,2.764,-0.00110554,0.004,47.89771824
1668722055.5413349,2.764,2.764,-0.00107156,-0.002,47.89771824
1668722115.5904226,2.76,2.76,-0.00135181,-0.007,43.38979142
1668722175.505072,2.76,2.76,-0.00135181,-0.007,43.38979142
1668722236.362214,2.76,2.76,-0.00135181,-0.007,43.38979142
1668722296.3710625,2.761,2.761,-0.0014762,-0.002,44.78877968
1668722356.477736,2.761,2.761,-0.0014762,-0.002,44.78877968
1668722417.3167577,2.76,2.76,-0.00163661,-0.005,43.62768882
1668722476.9848049,2.76,2.76,-0.00163661,-0.005,43.62768882
1668722537.0569272,2.76,2.76,-0.00174364,0.0,43.62768882
1668722597.981312,2.76,2.764,-0.00142455,0.004,49.29048708
1668722657.9919806,2.76,2.764,-0.00142455,0.004,49.29048708
1668722717.905642,2.76,2.764,-0.00142455,0.004,49.29048708
1668722779.1128633,2.759,2.759,-0.00164103,-0.003,43.41909941
1668722838.8583806,2.759,2.759,-0.00164103,-0.003,43.41909941
1668722898.8489375,2.759,2.759,-0.00164103,-0.003,43.41909941
1668722959.9346538,2.759,2.759,-0.00164103,-0.003,43.41909941
1668723019.860641,2.759,2.759,-0.00179193,-0.004,43.41909941
1668723079.5861657,2.759,2.758,-0.00187171,-0.005,42.33299562
1668723140.555374,2.759,2.758,-0.00187171,-0.005,42.33299562
1668723200.5690043,2.759,2.758,-0.00187171,-0.005,42.33299562
1668723260.5732331,2.757,2.757,-0.00227421,-0.013,41.22251823
1668723321.7207768,2.757,2.757,-0.00227421,-0.013,41.22251823
1668723381.7999947,2.761,2.761,-0.00205717,-0.003,47.59924253
1668723441.5093772,2.761,2.761,-0.00205717,-0.003,47.59924253
1668723502.424973,2.763,2.763,-0.00177767,0.003,50.91466155
1668723562.3575296,2.763,2.763,-0.00177767,0.003,50.91466155
1668723622.5850196,2.77,2.77,-0.00016953,0.01,58.45951861
1668723683.250081,2.77,2.77,-0.00016953,0.01,58.45951861
1668723743.1560917,2.766,2.766,0.00025901,0.007,53.05500173
1668723803.2255912,2.766,2.766,0.0004032,0.008,53.05500173
1668723864.4254055,2.766,2.767,0.00048297,0.009,54.28049942
1668723924.4508178,2.763,2.763,0.00039798,0.006,48.51065233
1668723984.432498,2.763,2.763,0.00039798,0.006,48.51065233
1668724045.305853,2.763,2.763,0.00014218,0.006,48.51065233
1668724105.3012128,2.764,2.764,0.00013101,0.001,50.19380395
1668724165.2791514,2.767,2.767,0.0002985,-0.003,55.05367898
1668724226.0299594,2.767,2.767,0.0002985,-0.003,55.05367898
1668724286.0953245,2.763,2.763,0.00016972,-0.007,48.4264951
1668724346.0662315,2.764,2.764,-4.289e-05,-0.002,50.37457954
1668724407.085452,2.766,2.766,0.00026507,-0.001,53.33607271
1668724466.8122694,2.766,2.766,0.00026507,-0.001,53.33607271
1668724526.9915726,2.766,2.766,0.00037832,0.0,53.33607271
1668724587.9169495,2.768,2.768,0.00062229,0.005,56.57291308
1668724647.86436,2.768,2.769,0.00070206,0.006,58.02858535
1668724707.9392128,2.771,2.773,0.00126679,0.01,63.32431513
1668724768.64753,2.771,2.773,0.00126679,0.01,63.32431513
1668724828.6870544,2.773,2.773,0.0016948,0.01,63.32431513
1668724888.7162154,2.773,2.772,0.00161503,0.009,61.24385489
1668724949.5288885,2.776,2.776,0.00218855,0.013,66.04880283
1668725009.5452254,2.773,2.773,0.00218886,0.006,62.56823871
1668725069.5298605,2.773,2.773,0.00218886,0.006,62.56823871
1668725130.7292662,2.773,2.772,0.00227189,0.01,60.18308113
1668725190.5451589,2.77,2.77,0.00215151,0.008,55.61659423
1668725250.7718377,2.768,2.768,0.00163367,0.002,51.41528427
1668725311.462476,2.768,2.768,0.00142745,0.002,51.41528427
1668725371.4532666,2.768,2.767,0.00134768,0.001,49.25757594
1668725431.481744,2.763,2.763,0.00034259,-0.01,41.71620997
1668725492.320794,2.763,2.763,0.00034259,-0.01,41.71620997
1668725552.2865057,2.763,2.763,0.00034259,-0.01,41.71620997
1668725612.340681,2.763,2.763,0.00034259,-0.01,41.71620997
1668725673.5847447,2.771,2.771,0.00062698,-0.001,56.98997328
1668725733.4665697,2.774,2.774,0.00108196,0.001,61.10615981
1668725793.4838731,2.774,2.775,0.00116173,0.002,62.30855403
1668725854.186895,2.774,2.774,0.00148769,0.001,60.30096417
1668725914.3127608,2.774,2.774,0.00148769,0.001,60.30096417
1668725974.439771,2.774,2.774,0.00148769,0.001,60.30096417
1668726035.0397482,2.771,2.771,0.00140757,0.001,54.446351
1668726095.0661898,2.771,2.771,0.00140757,0.001,54.446351
1668726155.7446318,2.777,2.777,0.00187059,0.009,62.2052026
1668726215.8188658,2.777,2.77,0.00131218,0.002,52.64510844
1668726275.7399433,2.769,2.769,0.00114272,0.001,50.83400832
1668726335.7836597,2.769,2.769,0.00114272,0.001,50.83400832
1668726396.783002,2.77,2.77,0.00101271,0.007,52.59045475
1668726456.759199,2.77,2.77,0.00088944,0.007,52.53580344
1668726516.6809328,2.77,2.772,0.00104898,0.009,55.91833467
1668726577.824206,2.77,2.77,0.0009684,-0.001,51.93266779
1668726637.5231166,2.767,2.767,0.00059333,-0.008,46.68534425
1668726697.5729144,2.764,2.764,-6.888e-05,-0.01,42.3064064
1668726758.1574874,2.764,2.763,-0.00014865,-0.011,40.92832272
1668726817.3661938,2.766,2.766,-0.00030147,-0.004,46.55301307
1668726877.530873,2.764,2.764,-0.00057731,-0.007,43.57420698
1668726937.4827852,2.764,2.764,-0.00057731,-0.007,43.57420698
1668726997.5164227,2.764,2.764,-0.00057731,-0.007,43.57420698
1668727057.5027208,2.764,2.764,-0.00057731,-0.007,43.57420698
1668727117.4787302,2.764,2.764,-0.00057731,-0.007,43.57420698
1668727177.7708054,2.761,2.764,-0.00078684,-0.006,43.57420698
1668727237.4616454,2.761,2.764,-0.00078684,-0.006,43.57420698
1668727297.4230568,2.761,2.764,-0.00078684,-0.006,43.57420698
1668727357.5231106,2.761,2.764,-0.00078684,-0.006,43.57420698
1668727417.618973,2.761,2.764,-0.00078684,-0.006,43.57420698
1668727477.5199587,2.761,2.764,-0.00078684,-0.006,43.57420698
1668727537.4319558,2.761,2.764,-0.00078684,-0.006,43.57420698
1668727597.4334834,2.761,2.764,-0.00078684,-0.006,43.57420698
1668727657.411476,2.761,2.764,-0.00078684,-0.006,43.57420698
1668727717.478034,2.764,2.764,-0.00094204,-0.005,43.57420698
1668727777.39477,2.764,2.764,-0.00094204,-0.005,43.57420698
1668727837.6439826,2.764,2.764,-0.00094204,-0.005,43.57420698
1668727897.572844,2.764,2.764,-0.00094204,-0.005,43.57420698
1668727957.5488005,2.764,2.764,-0.00094204,-0.005,43.57420698
1668728017.571656,2.766,2.766,-0.00089335,-0.004,47.74996277
1668728077.512091,2.76,2.76,-0.00163161,-0.009,37.46993411
1668728137.4973824,2.76,2.763,-0.00139229,-0.006,43.2696886
1668728197.514279,2.755,2.755,-0.00232516,-0.014,33.61496466
1668728257.5213025,2.757,2.757,-0.00255765,-0.007,36.72967174
1668728317.5638816,2.755,2.755,-0.00311748,-0.008,34.67673187
1668728377.541161,2.755,2.758,-0.00287816,-0.005,40.43627516
1668728437.5286868,2.755,2.758,-0.00287816,-0.005,40.43627516
1668728497.5510175,2.755,2.758,-0.00287816,-0.005,40.43627516
1668728557.5119462,2.763,2.763,-0.00251011,-0.003,48.57453905
1668728617.4381497,2.765,2.765,-0.00188346,0.001,51.6616625
1668728677.543984,2.767,2.767,-0.00133482,0.003,54.29313171
1668728737.538501,2.767,2.769,-0.00117528,0.005,56.65288593
1668728797.4862907,2.767,2.769,-0.00117528,0.005,56.65288593
1668728857.4408758,2.766,2.766,-0.00084636,0.005,52.29179818
1668728917.439391,2.763,2.763,-0.00081832,-0.001,48.28864261
1668728977.5385897,2.763,2.763,-0.00081832,-0.001,48.28864261
1668729037.4813268,2.763,2.763,-0.00081832,-0.001,48.28864261
1668729097.5225265,2.766,2.766,-0.00054772,0.007,52.22717565
1668729157.4791105,2.766,2.767,-0.00046795,0.008,53.40999935
1668729217.7521589,2.764,2.764,-0.00042742,0.008,49.45408223
1668729277.574027,2.763,2.763,-0.0009017,0.009,49.09136507
1668729337.4716403,2.763,2.763,-0.0009017,0.009,49.09136507
1668729397.5547702,2.763,2.763,-0.00082552,0.005,49.09136507
1668729457.5822458,2.763,2.763,-0.00082552,0.005,49.09136507
1668729517.577126,2.763,2.763,-0.00082552,0.005,49.09136507
1668729577.5280752,2.763,2.763,-0.00082552,0.005,49.09136507
1668729637.570435,2.763,2.763,-0.00082552,0.005,49.09136507
1668729697.5793116,2.763,2.763,-0.00069367,0.002,49.09136507
1668729757.4879854,2.771,2.771,0.00012476,0.006,57.95795019
1668729817.5839186,2.771,2.767,-0.00019432,0.002,53.86753969
1668729877.616195,2.771,2.767,-0.00019432,0.002,53.86753969
1668729937.571349,2.768,2.768,0.00015389,-0.001,55.04510418
1668729997.5693386,2.768,2.768,0.00015389,-0.001,55.04510418
1668730057.585705,2.768,2.768,0.00042495,0.002,55.04510418
1668730117.6775424,2.768,2.768,0.00042495,0.002,55.04510418
1668730177.6260014,2.774,2.774,0.0011111,0.011,61.82572551
1668730237.580893,2.775,2.775,0.0017158,0.008,62.83195186
1668730297.5807376,2.809,2.809,0.00716111,0.052,77.82798379
1668730357.5478084,2.832,2.832,0.01222304,0.069,85.3967177
1668730417.5011742,2.814,2.814,0.01213013,0.051,70.62359918
1668730477.5719368,2.814,2.814,0.01335204,0.051,68.34770424
1668730537.6218648,2.807,2.807,0.01285519,0.042,63.66760951
1668730597.7708435,2.809,2.809,0.01310123,0.042,64.07600432
1668730657.578644,2.8,2.8,0.01193129,0.032,58.18496533
1668730717.578644,2.806,2.806,0.01185461,0.038,61.47079385
1668730777.6471746,2.808,2.808,0.01169307,0.034,62.36406266
1668730837.5855942,2.813,2.813,0.0118928,0.001,64.59065077
1668730897.5777223,2.813,2.815,0.01205234,0.003,65.43272696
1668730957.6438167,2.81,2.81,0.01167261,-0.021,61.49540609
1668731017.534752,2.81,2.81,0.01167261,-0.021,61.49540609
1668731077.6049151,2.812,2.812,0.01140163,-0.002,62.46826335
1668731137.6544237,2.816,2.816,0.01135384,0.009,63.57830746
1668731197.6914542,2.814,2.814,0.01104379,0.004,61.70048195
1668731257.5823066,2.818,2.818,0.01111547,0.014,65.30071823
1668731317.6021028,2.811,2.811,0.00980543,0.008,58.83118731
1668731377.5730872,2.812,2.812,0.00887661,0.005,58.46603688
1668731437.538765,2.807,2.807,0.00796138,-0.003,54.37481584
1668731497.6435528,2.822,2.822,0.00902767,0.007,64.04335871
1668731557.6462529,2.824,2.824,0.0089859,0.014,65.24364921
1668731617.6166384,2.818,2.818,0.00856053,0.006,59.94465332
1668731677.631427,2.818,2.818,0.0083154,0.0,59.80864524
1668731737.6191466,2.819,2.819,0.00804494,0.001,60.77387169
1668731797.5489783,2.819,2.82,0.00812471,0.002,61.44397564
1668731857.785458,2.814,2.812,0.00718205,-0.006,53.56100165
1668731917.5293214,2.806,2.809,0.00612234,-0.002,50.92262081
1668731977.532752,2.806,2.806,0.00498299,0.0,48.35733457
1668732037.6287289,2.806,2.818,0.00594025,0.012,57.66073071
1668732097.6579466,2.82,2.82,0.00596729,0.002,58.02842481
1668732157.5905845,2.826,2.826,0.00625141,0.008,61.86837017
1668732217.7290134,2.823,2.823,0.00616346,0.0,58.96362117
1668732277.6000545,2.832,2.832,0.0071118,0.012,65.40772423
1668732337.6899624,2.832,2.832,0.00721399,0.013,65.53531928
1668732397.545532,2.831,2.831,0.00719639,0.011,64.97886488
1668732457.664117,2.831,2.825,0.00671775,0.005,58.67431256
1668732517.6630132,2.829,2.829,0.00635717,0.02,61.78010613
1668732577.6328516,2.825,2.825,0.0058266,0.007,57.85516993
1668732637.694317,2.82,2.82,0.00482428,-0.003,52.47970957
1668732697.7452712,2.82,2.82,0.00423401,0.0,52.47970957
1668732757.6703043,2.82,2.817,0.0039947,-0.003,49.33814259
1668732817.604283,2.817,2.817,0.00329921,-0.009,49.33814259
1668732877.734566,2.817,2.817,0.00271672,-0.012,49.33814259
1668732937.7316997,2.822,2.822,0.00281302,-0.007,54.7367328
1668732997.629748,2.822,2.825,0.00305234,-0.004,57.57097398
1668733057.684341,2.825,2.826,0.00317278,-0.004,58.5037202
1668733117.7255442,2.825,2.825,0.0030984,0.0,57.15069272
1668733177.6688986,2.832,2.832,0.00407284,0.005,62.86390892
1668733237.9798098,2.84,2.84,0.00529761,0.019,69.19821854
1668733298.0141132,2.84,2.837,0.00505829,0.016,66.42467197
1668733357.5598924,2.841,2.841,0.0061676,0.024,69.23480068
1668733417.6529374,2.848,2.848,0.00756321,0.031,71.53555798
1668733477.6684923,2.838,2.838,0.0067791,0.018,59.69237561
1668733537.6506522,2.839,2.839,0.00678955,0.014,60.58576914
1668733597.827778,2.839,2.83,0.0060716,0.005,51.719235
1668733657.6638591,2.835,2.832,0.00542015,0.006,53.35296207
1668733717.6813028,2.83,2.83,0.0042465,-0.003,51.22615633
1668733777.5801537,2.83,2.832,0.00440605,-0.001,53.16318043
1668733837.6661386,2.83,2.832,0.00440605,-0.001,53.16318043
1668733897.6549563,2.83,2.832,0.00440605,-0.001,53.16318043
1668733958.6706684,2.83,2.83,0.00378755,-0.008,51.08298469
1668734017.6786523,2.83,2.83,0.00378755,-0.008,51.08298469
1668734077.7605786,2.83,2.83,0.00378755,-0.008,51.08298469
1668734138.0023584,2.824,2.824,0.00208419,-0.017,45.21992389
1668734198.1661336,2.826,2.826,0.00154891,-0.024,47.49151595
1668734258.1650336,2.826,2.825,0.00146914,-0.025,46.37976783
1668734317.7977855,2.826,2.826,0.00105029,-0.015,47.57512855
1668734377.839348,2.826,2.826,0.00071017,-0.015,47.57512855
1668734437.925137,2.829,2.829,0.00067491,-0.001,51.34872246
1668734497.7911298,2.826,2.826,0.00021551,-0.006,47.57512855
1668734557.723494,2.826,2.825,0.00013574,-0.007,46.28635295
1668734617.7829576,2.826,2.825,0.00013574,-0.007,46.28635295
1668734677.7537465,2.827,2.827,5.881e-05,-0.006,49.24756106
1668734737.740705,2.827,2.827,5.881e-05,-0.006,49.24756106
1668734797.7778285,2.828,2.828,-3.168e-05,-0.002,50.87796744
1668734857.7209153,2.83,2.83,0.00016757,0.004,53.78754544
1668734917.7773972,2.825,2.825,-0.00032344,0.001,46.38498208
1668734977.8706813,2.825,2.824,-0.00040322,0.0,44.99429088
1668735037.7101333,2.825,2.824,-0.00040322,0.0,44.99429088
1668735097.820028,2.824,2.824,-0.00080153,-0.002,45.42525346
1668735157.8380764,2.819,2.819,-0.00159787,-0.007,38.41156543
1668735217.7613025,2.819,2.815,-0.00191696,-0.011,34.056702
1668735277.714705,2.818,2.818,-0.00221721,-0.008,39.58863753
1668735337.7222788,2.818,2.818,-0.00221721,-0.008,39.58863753
1668735397.662755,2.814,2.814,-0.00274627,-0.011,35.33259988
1668735457.839676,2.814,2.817,-0.00250696,-0.008,38.43131316
1668735517.6939492,2.817,2.817,-0.0027054,-0.01,38.43131316
1668735577.7489889,2.813,2.813,-0.00339549,-0.013,34.13295055
1668735637.729498,2.813,2.813,-0.00370906,-0.015,35.17587808
1668735697.8586082,2.817,2.817,-0.00371564,-0.009,43.73431256
1668735757.8590806,2.817,2.817,-0.00371564,-0.009,43.73431256
1668735817.8255007,2.817,2.817,-0.00371564,-0.009,43.73431256
1668735877.9143517,2.812,2.812,-0.00404355,-0.011,39.00705577
1668735937.8244786,2.812,2.812,-0.00404355,-0.011,39.00705577
1668735997.7427163,2.812,2.812,-0.00404355,-0.011,39.00705577
1668736057.8003364,2.812,2.812,-0.00404355,-0.011,39.00705577
1668736117.7463973,2.812,2.812,-0.00404355,-0.011,39.00705577
1668736177.7586966,2.812,2.812,-0.00404355,-0.011,39.00705577
1668736237.7688289,2.812,2.812,-0.00404355,-0.011,39.00705577
1668736297.9200366,2.812,2.812,-0.00404355,-0.011,39.00705577
1668736358.1451738,2.812,2.812,-0.00404355,-0.011,39.00705577
1668736417.746661,2.812,2.812,-0.00404355,-0.011,39.00705577
1668736478.1464646,2.813,2.813,-0.00387713,-0.002,40.62018908
1668736537.7850635,2.81,2.81,-0.00399508,-0.008,37.19730091
1668736597.785767,2.814,2.814,-0.00341492,-0.003,42.72270425
1668736658.0537431,2.814,2.814,-0.00317237,0.001,42.62373848
1668736717.8983033,2.817,2.817,-0.00252301,0.005,47.60279644
1668736777.9094815,2.822,2.822,-0.00165187,0.012,55.25941137
1668736838.1667454,2.822,2.822,-0.00083007,0.005,53.52400932
1668736897.94472,2.822,2.822,-0.00083007,0.005,53.52400932
1668736957.834363,2.824,2.824,-5.71e-05,0.012,56.10093701
1668737018.0456383,2.824,2.824,0.00028213,0.011,56.10093701
1668737084.453751,2.824,2.824,0.00054469,0.011,56.10093701
1668737138.4683182,2.819,2.819,3.738e-05,0.004,48.3311351
1668737198.4639246,2.819,2.819,-4.802e-05,0.004,48.3311351
1668737259.3164418,2.817,2.817,-0.0003971,-0.001,45.41335362
1668737319.085991,2.821,2.821,-0.00034516,0.001,52.09007543
1668737379.0824332,2.817,2.817,-0.00074099,-0.01,46.17931704
1668737439.9074583,2.817,2.817,-0.00074099,-0.01,46.17931704
1668737499.9882686,2.818,2.818,-0.00068276,-0.004,48.03803156
1668737559.9209974,2.818,2.818,-0.00068276,-0.004,48.03803156
1668737620.7114398,2.817,2.817,-0.00073115,-0.007,46.18807015
1668737680.682755,2.817,2.817,-0.0008839,-0.007,46.9691386
1668737742.3522153,2.817,2.817,-0.0008839,-0.007,46.9691386
1668737802.252009,2.815,2.815,-0.00102805,-0.004,43.61079199
1668737863.1889818,2.811,2.811,-0.00169473,-0.008,38.15459805
1668737924.4163136,2.811,2.813,-0.00153518,-0.006,42.05800606
1668737983.498754,2.811,2.813,-0.00153518,-0.006,42.05800606
1668738042.4870908,2.81,2.81,-0.00190433,-0.007,38.16668621
1668738102.5965328,2.81,2.81,-0.00190433,-0.007,38.16668621
1668738163.6016085,2.811,2.811,-0.00209207,-0.004,40.15435594
1668738223.3883622,2.811,2.81,-0.00217185,-0.005,38.16668621
1668738283.793388,2.811,2.81,-0.00217185,-0.005,38.16668621
1668738344.3950057,2.816,2.816,-0.00187805,-0.001,49.09199439
1668738404.2992415,2.813,2.813,-0.0018042,-0.004,45.00277961
1668738464.351971,2.813,2.821,-0.00116602,0.004,55.97345006
1668738525.4977822,2.813,2.821,-0.00116602,0.004,55.97345006
1668738585.3249154,2.816,2.816,-0.00105624,-0.002,48.77086603
1668738645.4979692,2.816,2.817,-0.00097646,-0.001,50.05917473
1668738706.3309858,2.817,2.817,-0.00081682,-0.001,50.05917473
1668738766.149054,2.817,2.817,-0.00081682,-0.001,50.05917473
1668738826.0434537,2.817,2.817,-0.00068244,0.002,50.05917473
1668738886.9826667,2.818,2.81,-0.00112778,-0.007,40.66721903
1668738947.0482693,2.819,2.819,-0.00031501,0.006,52.48903664
1668739007.036733,2.819,2.818,-0.00039478,0.005,51.33250008
1668739067.6505404,2.819,2.818,-0.00039478,0.005,51.33250008
1668739127.9635384,2.822,2.822,0.0004491,0.012,55.55134946
1668739187.8040411,2.823,2.823,0.00081381,0.006,56.64113799
1668739248.7882316,2.832,2.832,0.00223936,0.011,64.58862838
1668739308.5673273,2.84,2.84,0.00390094,0.023,69.88396442
1668739368.6479917,2.837,2.837,0.00448239,0.02,66.39585801
1668739429.5463033,2.834,2.834,0.00452528,0.017,62.49687589
1668739489.8404255,2.834,2.842,0.00516345,0.025,67.90877793
1668739549.3040185,2.84,2.84,0.00566616,0.03,65.36909419
1668739610.671993,2.831,2.831,0.00503114,0.01,55.61031366
1668739670.4700134,2.833,2.83,0.0046465,0.012,54.60293679
1668739730.4838753,2.833,2.833,0.0045931,0.011,57.30679621
1668739791.471142,2.831,2.831,0.00421529,0.009,55.31459093
1668739851.525378,2.831,2.827,0.0038962,0.005,51.11334241
1668739911.5118132,2.831,2.827,0.0038962,0.005,51.11334241
1668739972.1620154,2.831,2.831,0.00368739,0.001,54.80965749
1668740032.447833,2.831,2.831,0.00348176,-0.007,54.80965749
1668740092.1780798,2.831,2.832,0.00356153,-0.006,55.71122245
1668740152.9624507,2.831,2.831,0.00334257,-0.008,54.53944063
1668740213.234528,2.828,2.828,0.00289361,-0.006,51.06912916
1668740273.1253338,2.828,2.828,0.00289361,-0.006,51.06912916
1668740333.9767177,2.828,2.828,0.00289361,-0.006,51.06912916
1668740394.1175184,2.827,2.827,0.00242911,-0.015,49.92869192
1668740453.956119,2.828,2.828,0.00211728,-0.008,51.10457951
1668740514.8395224,2.831,2.831,0.00227293,0.0,54.32267405
1668740574.826489,2.831,2.834,0.00251224,0.003,57.34593557
1668740635.0221152,2.837,2.837,0.00284487,0.006,60.18397015
1668740695.8774807,2.833,2.833,0.00275397,0.001,54.93548862
1668740755.8626542,2.83,2.83,0.00222728,0.003,51.56298697
1668740815.7628386,2.835,2.835,0.00249879,0.004,56.56937231
1668740876.6999867,2.828,2.828,0.00163009,-0.004,49.06113845
1668740936.5278654,2.824,2.824,0.00098682,-0.007,44.7431478
1668740996.4403331,2.824,2.823,0.00090705,-0.008,43.77985481
1668741057.488906,2.824,2.823,0.00090705,-0.008,43.77985481
1668741117.3752954,2.823,2.823,0.00033022,-0.005,43.77985481
1668741177.4964285,2.823,2.823,-0.00012547,-0.004,43.77985481
1668741238.0939498,2.823,2.827,0.00019362,0.0,48.88501594
1668741298.0380435,2.823,2.823,-0.00023471,-0.008,44.53031859
1668741358.233143,2.823,2.823,-0.00023471,-0.008,44.53031859
1668741419.1593823,2.823,2.823,-0.00056761,-0.011,44.53031859
1668741478.934791,2.823,2.823,-0.00082196,-0.014,44.53031859
1668741539.0520425,2.823,2.823,-0.00082196,-0.014,44.53031859
1668741600.015017,2.822,2.822,-0.00109165,-0.008,43.32523492
1668741659.7988296,2.822,2.822,-0.0012905,-0.01,43.32523492
1668741719.7642465,2.825,2.825,-0.00106909,-0.004,47.98920951
1668741780.5451603,2.825,2.827,-0.00090955,-0.002,50.82212887
1668741840.7302976,2.824,2.824,-0.00102662,-0.004,46.63333655
1668741900.8788652,2.824,2.824,-0.00102662,-0.004,46.63333655
1668741961.8466804,2.829,2.829,-0.00064529,0.006,53.71949805
1668742021.7496395,2.83,2.83,-0.0001978,0.007,54.91675175
1668742081.8798146,2.831,2.831,0.00017232,0.004,56.22996246
1668742142.5598357,2.831,2.831,0.00017232,0.004,56.22996246
1668742202.7682896,2.828,2.827,0.00014124,0.004,49.96100842
1668742262.8702924,2.831,2.83,0.0003546,0.007,54.09468253
1668742323.2943676,2.831,2.83,0.0003546,0.007,54.09468253
1668742383.4912512,2.831,2.83,0.0003546,0.007,54.09468253
1668742443.4078186,2.831,2.831,0.0005975,0.008,55.41677725
1668742504.7161272,2.831,2.831,0.0005975,0.008,55.41677725
1668742564.4428802,2.831,2.831,0.0005975,0.008,55.41677725
1668742624.3315656,2.831,2.831,0.0005975,0.008,55.41677725
1668742685.4763885,2.826,2.826,0.00038213,0.004,47.97659332
1668742745.588255,2.826,2.826,0.00038213,0.004,47.97659332
1668742805.686492,2.826,2.826,0.00038213,0.004,47.97659332
1668742866.3201718,2.825,2.825,0.00012927,0.001,46.62823276
1668742926.2504916,2.825,2.825,0.00012927,0.001,46.62823276
1668742986.467608,2.825,2.825,0.00012927,0.001,46.62823276
1668743047.969242,2.823,2.823,-0.00022986,-0.003,43.96679611
1668743107.7550118,2.823,2.821,-0.00066815,-0.003,41.42073037
1668743167.831108,2.819,2.819,-0.00116347,-0.011,38.98923108
1668743228.6752331,2.819,2.818,-0.00124325,-0.012,37.87748021
1668743288.6122544,2.817,2.817,-0.00175942,-0.013,36.74900234
1668743348.6716392,2.817,2.817,-0.0020206,-0.014,37.33267854
1668743409.608102,2.82,2.82,-0.0020263,-0.007,42.35310952
1668743469.632759,2.82,2.82,-0.0020263,-0.007,42.35310952
1668743529.531772,2.82,2.82,-0.0020263,-0.007,42.35310952
1668743590.3024848,2.82,2.82,-0.0020263,-0.007,42.35310952
1668743650.5133405,2.82,2.82,-0.0020263,-0.007,42.35310952
1668743710.349569,2.815,2.815,-0.00266458,-0.016,36.07114873
1668743771.2640457,2.815,2.815,-0.00266458,-0.016,36.07114873
1668743831.1061091,2.811,2.811,-0.00382363,-0.014,34.92765585
1668743891.3790965,2.811,2.811,-0.0038717,-0.012,36.81907094
1668743951.9157274,2.811,2.811,-0.0038717,-0.012,36.81907094
1668744012.3028307,2.81,2.81,-0.00413251,-0.011,35.86402138
1668744072.4818122,2.808,2.808,-0.00444929,-0.01,33.96636808
1668744132.66106,2.808,2.812,-0.0041302,-0.006,39.25761327
1668744192.920599,2.813,2.809,-0.00432065,-0.01,36.1663335
1668744253.0194583,2.813,2.809,-0.00432065,-0.01,36.1663335
1668744314.092005,2.813,2.809,-0.00432065,-0.01,36.1663335
1668744373.687676,2.806,2.806,-0.00481107,-0.014,33.27246088
1668744433.9683332,2.806,2.806,-0.00481107,-0.014,33.27246088
1668744494.9341562,2.806,2.806,-0.00481107,-0.014,33.27246088
1668744554.9123,2.806,2.806,-0.00481107,-0.014,33.27246088
1668744614.8312538,2.804,2.804,-0.00526239,-0.011,31.37965607
1668744675.259403,2.804,2.798,-0.00574102,-0.017,26.50774238
1668744735.5136204,2.792,2.792,-0.00665904,-0.016,22.71054145
1668744795.6261604,2.79,2.79,-0.00794438,-0.021,21.55926748
1668744857.6042,2.79,2.79,-0.00829432,-0.02,21.55926748
1668744917.7466788,2.793,2.793,-0.0079267,-0.019,29.69876851
1668744977.7242682,2.794,2.794,-0.00771948,-0.015,30.47124901
1668745038.307052,2.794,2.796,-0.00755993,-0.013,34.15979287
1668745097.9991157,2.798,2.798,-0.00693293,-0.008,38.94123015
1668745158.3364396,2.798,2.8,-0.00677339,-0.006,42.10712635
1668745219.1612766,2.797,2.797,-0.00645128,-0.007,38.36693958
1668745279.151627,2.792,2.794,-0.00630221,-0.004,35.27732594
1668745339.2567794,2.796,2.796,-0.00555185,0.005,39.31603654
1668745399.7047286,2.796,2.797,-0.00547207,0.006,40.44231611
1668745459.7612932,2.794,2.798,-0.00501482,0.008,42.22470845
1668745519.6059482,2.796,2.796,-0.00475896,0.001,39.66778274
1668745580.6693752,2.798,2.798,-0.00401552,0.003,44.15618685
1668745640.5512955,2.798,2.794,-0.00433461,-0.001,37.60847603
1668745700.7263768,2.798,2.794,-0.00433461,-0.001,37.60847603
1668745761.6551125,2.794,2.794,-0.00423454,0.0,37.60847603
1668745821.361445,2.794,2.791,-0.00447386,-0.003,34.1916704
1668745881.371631,2.791,2.791,-0.00453197,-0.008,34.1916704
1668745942.263527,2.795,2.795,-0.00414518,-0.002,42.17094482
1668746002.28142,2.795,2.795,-0.00414518,-0.002,42.17094482
1668746062.134617,2.794,2.794,-0.00393717,0.0,40.81436423
1668746123.1013422,2.797,2.797,-0.00342843,0.0,46.03430349
1668746183.0412364,2.797,2.797,-0.00342843,0.0,46.03430349
1668746243.1181557,2.797,2.797,-0.00305327,0.0,46.03430349
1668746304.035244,2.797,2.799,-0.00289372,0.002,49.65630559
1668746364.1209989,2.797,2.799,-0.00289372,0.002,49.65630559
1668746423.989494,2.797,2.797,-0.00260136,-0.001,46.30910325
1668746485.1102407,2.799,2.799,-0.00205993,0.0,49.65630559
1668746544.7551126,2.799,2.8,-0.00198016,0.001,51.5422694
1668746604.888965,2.799,2.8,-0.00198016,0.001,51.5422694
1668746666.2974513,2.802,2.802,-0.00111711,0.008,55.4163057
1668746726.2195332,2.803,2.803,-0.00058789,0.012,57.12996491
1668746786.261557,2.803,2.803,-0.00058789,0.012,57.12996491
1668746847.056991,2.803,2.803,-0.00058789,0.012,57.12996491
1668746906.8895805,2.803,2.803,-0.00058789,0.012,57.12996491
1668746967.002975,2.811,2.811,0.00093921,0.016,68.71571993
1668747027.9705648,2.811,2.807,0.00062013,0.012,63.6173806
1668747088.0410593,2.811,2.811,0.00134747,0.016,69.04934697
1668747148.562111,2.811,2.811,0.00134747,0.016,69.04934697
1668747208.6958804,2.804,2.804,0.00144838,0.005,53.62809131
1668747268.5965452,2.804,2.804,0.00138899,0.005,53.62809131
1668747328.8114023,2.804,2.804,0.00138899,0.005,53.62809131
1668747389.8226414,2.804,2.804,0.00138899,0.005,53.62809131
1668747450.9009922,2.804,2.804,0.00138899,0.005,53.62809131
1668747509.786108,2.803,2.803,0.00124686,0.003,51.61550374
1668747570.902047,2.803,2.803,0.00101014,0.0,51.61550374
1668747630.3927803,2.802,2.802,0.00077018,-0.001,49.46267534
1668747690.286272,2.802,2.802,0.0006359,-0.005,49.46267534
1668747751.1504357,2.798,2.798,-0.00010359,-0.009,42.25183995
1668747811.0496378,2.802,2.802,-5.02e-05,-0.009,50.78660855
1668747871.0621216,2.802,2.806,0.00026889,-0.005,57.12345752
1668747932.207113,2.805,2.805,0.00047788,-0.001,55.20951587
1668747992.5297956,2.805,2.804,0.00039811,-0.002,53.41967091
1668748052.898034,2.805,2.804,0.00039811,-0.002,53.41967091
1668748113.0116532,2.806,2.808,0.0008139,0.004,59.12757372
1668748172.9293723,2.803,2.803,0.00073153,-0.001,50.75518922
1668748232.968267,2.803,2.803,0.00073153,-0.001,50.75518922
1668748293.7867785,2.803,2.803,0.00073153,-0.001,50.75518922
1668748353.723884,2.804,2.804,0.00073843,0.001,52.21261697
1668748413.9999807,2.809,2.809,0.00113428,0.006,58.7812639
1668748474.8490398,2.807,2.807,0.00127194,0.005,55.49529456
1668748534.7136254,2.807,2.807,0.00127194,0.005,55.49529456
1668748594.7278268,2.809,2.809,0.00152485,0.007,58.02241928
1668748655.6785955,2.812,2.812,0.00206812,0.015,61.39491853
1668748715.5919275,2.812,2.811,0.00198835,0.014,60.27796795
1668748775.588934,2.814,2.814,0.00258685,0.008,63.9108915
1668748836.4084606,2.814,2.814,0.00273428,0.01,64.07936601
1668748896.3500583,2.815,2.815,0.00290022,0.007,65.46820486
1668748956.421991,2.815,2.811,0.00258113,0.003,59.3335138
1668749017.2546988,2.815,2.811,0.00258113,0.003,59.3335138
1668749077.2696204,2.81,2.81,0.0024287,0.006,56.93738852
1668749137.353345,2.81,2.809,0.00234893,0.005,54.72728139
1668749198.3215508,2.81,2.809,0.00234893,0.005,54.72728139
1668749258.3695564,2.81,2.809,0.00234893,0.005,54.72728139
1668749318.225953,2.81,2.809,0.00234893,0.005,54.72728139
1668749379.158049,2.81,2.809,0.00234893,0.005,54.72728139
1668749439.3395512,2.808,2.808,0.00184485,0.001,52.53134874
1668749499.1212192,2.807,2.807,0.00156015,-0.004,50.19547647
1668749559.9677846,2.801,2.801,0.0007791,-0.01,39.09609735
1668749619.9689162,2.801,2.801,0.00015919,-0.01,40.01317797
1668749679.9070847,2.801,2.801,-0.0003274,-0.011,40.18470577
1668749741.0178452,2.799,2.799,-0.00080194,-0.013,36.99490672
1668749802.3212385,2.799,2.798,-0.00088172,-0.014,35.58265884
1668749860.84556,2.799,2.798,-0.00088172,-0.014,35.58265884
1668749921.9142742,2.799,2.798,-0.00088172,-0.014,35.58265884
1668749982.0142574,2.799,2.798,-0.00088172,-0.014,35.58265884
1668750041.862352,2.8,2.8,-0.00115597,-0.011,41.94496198
1668750102.556985,2.8,2.8,-0.00115597,-0.011,41.94496198
1668750162.5921247,2.8,2.8,-0.00115597,-0.011,41.94496198
1668750222.5584536,2.8,2.8,-0.00115597,-0.011,41.94496198
1668750283.5533245,2.8,2.8,-0.00115597,-0.011,41.94496198
1668750343.6416874,2.8,2.8,-0.00146497,-0.008,41.94496198
1668750403.8101954,2.799,2.799,-0.0016893,-0.009,40.39521469
1668750464.473983,2.799,2.797,-0.00184884,-0.011,37.41757973
1668750524.4268534,2.8,2.8,-0.00182671,-0.006,44.07660968
1668750584.4958465,2.8,2.8,-0.00182671,-0.006,44.07660968
1668750645.2688148,2.8,2.8,-0.00182671,-0.006,44.07660968
1668750705.2985015,2.801,2.801,-0.00170878,0.001,46.13409161
1668750765.4152763,2.799,2.799,-0.00175645,-0.001,42.74674045
1668750826.1570437,2.799,2.797,-0.00191599,-0.003,39.82279049
1668750886.2476294,2.799,2.797,-0.00191599,-0.003,39.82279049
1668750946.025396,2.799,2.797,-0.00191599,-0.003,39.82279049
1668751007.110789,2.798,2.798,-0.00197674,-0.003,41.96048383
1668751067.1492922,2.798,2.798,-0.00197674,-0.003,41.96048383
1668751127.3538432,2.798,2.798,-0.00197674,-0.003,41.96048383
1668751188.0286486,2.798,2.798,-0.00197674,-0.003,41.96048383
1668751247.9152994,2.797,2.797,-0.00208158,-0.001,40.41439609
1668751307.8815494,2.797,2.797,-0.00208158,-0.001,40.41439609
1668751368.744754,2.797,2.797,-0.00208158,-0.001,40.41439609
1668751428.7633512,2.798,2.798,-0.00206022,-0.005,42.68854937
1668751488.9224613,2.798,2.801,-0.0018209,-0.002,48.57646489
1668751549.828599,2.803,2.803,-0.00143638,0.003,52.10885617
1668751609.79345,2.801,2.801,-0.00127828,0.001,48.5195668
1668751669.740407,2.801,2.8,-0.00135806,0.0,46.90417297
1668751730.6978498,2.8,2.8,-0.00120642,0.003,46.90417297
1668751790.5880342,2.793,2.793,-0.0021236,-0.007,36.92400749
1668751850.7714477,2.793,2.793,-0.0021236,-0.007,36.92400749
1668751911.4592576,2.795,2.795,-0.00222095,-0.006,41.07835163
1668751971.3710356,2.792,2.792,-0.002696,-0.005,35.66664684
1668752031.8523276,2.788,2.788,-0.00329224,-0.01,30.95175808
1668752092.5229778,2.783,2.783,-0.00430367,-0.014,26.4237437
1668752152.3730009,2.788,2.788,-0.00421252,-0.013,36.83450766
1668752212.591156,2.788,2.788,-0.00421252,-0.013,36.83450766
1668752273.2689133,2.79,2.79,-0.00405855,-0.013,40.56382684
1668752333.3356266,2.79,2.792,-0.00389901,-0.011,43.87733436
1668752393.1624343,2.786,2.786,-0.00408758,-0.014,37.18064729
1668752454.0858462,2.786,2.784,-0.00424712,-0.016,35.3806797
1668752514.0925376,2.786,2.784,-0.00424712,-0.016,35.3806797
1668752573.9612885,2.786,2.784,-0.00424712,-0.016,35.3806797
1668752634.7662196,2.786,2.784,-0.00424712,-0.016,35.3806797
1668752694.8390603,2.791,2.791,-0.00391306,-0.009,45.3524286
1668752754.826762,2.791,2.791,-0.00391306,-0.009,45.3524286
1668752816.0289185,2.791,2.791,-0.00391306,-0.009,45.3524286
1668752875.794048,2.791,2.791,-0.00391306,-0.009,45.3524286
1668752935.8367314,2.791,2.791,-0.00391306,-0.009,45.3524286
1668752996.6232655,2.791,2.791,-0.00391306,-0.009,45.3524286
1668753056.5719266,2.791,2.791,-0.00391306,-0.009,45.3524286
1668753116.673252,2.787,2.787,-0.00392582,-0.006,41.419133
1668753177.594075,2.791,2.791,-0.00332564,-0.002,45.3524286
1668753237.3598778,2.791,2.795,-0.00300655,0.002,50.42261454
1668753297.3968146,2.791,2.795,-0.00300655,0.002,50.42261454
1668753358.6004372,2.791,2.795,-0.00300655,0.002,50.42261454
1668753418.450474,2.791,2.795,-0.00300655,0.002,50.42261454
1668753478.6824532,2.791,2.795,-0.00300655,0.002,50.42261454
1668753539.2930644,2.791,2.795,-0.00300655,0.002,50.42261454
1668753599.5353112,2.791,2.795,-0.00300655,0.002,50.42261454
1668753659.3278315,2.791,2.795,-0.00300655,0.002,50.42261454
1668753720.1323006,2.791,2.795,-0.00300655,0.002,50.42261454
1668753780.289207,2.791,2.795,-0.00300655,0.002,50.42261454
1668753840.1521404,2.791,2.795,-0.00300655,0.002,50.42261454
1668753901.195621,2.791,2.795,-0.00300655,0.002,50.42261454
1668753961.183786,2.791,2.795,-0.00300655,0.002,50.42261454
1668754021.1940236,2.791,2.795,-0.00300655,0.002,50.42261454
1668754082.0478983,2.797,2.797,-0.00234251,0.005,52.78156747
1668754142.0491512,2.797,2.798,-0.00226274,0.006,53.87881871
1668754202.0216722,2.796,2.796,-0.00181373,0.006,51.31068852
1668754262.8560574,2.796,2.796,-0.00144128,0.013,51.31068852
1668754322.9350195,2.798,2.802,-0.00071601,0.017,57.95754546
1668754382.989581,2.802,2.801,-0.00015689,0.013,56.57620365
1668754444.2658703,2.802,2.804,8.243e-05,0.016,59.91494652
1668754503.758242,2.798,2.798,0.00022841,0.006,52.08105637
1668754563.818451,2.798,2.798,0.00022841,0.006,52.08105637
1668754624.721413,2.798,2.798,0.00022841,0.006,52.08105637
1668754684.8386335,2.798,2.798,0.00022841,0.006,52.08105637
1668754744.753274,2.798,2.798,0.00022841,0.006,52.08105637
1668754805.6242535,2.798,2.798,0.00022841,0.006,52.08105637
1668754865.5742242,2.798,2.798,0.00034018,0.014,52.08105637
1668754925.618431,2.798,2.798,0.00034018,0.014,52.08105637
1668754986.4254544,2.798,2.798,0.00029985,0.007,52.04987359
1668755046.384843,2.798,2.798,0.00038675,0.003,52.04987359
1668755106.3368292,2.798,2.798,0.00038675,0.003,52.04987359
1668755167.5965598,2.798,2.798,0.00038675,0.003,52.04987359
1668755227.299629,2.804,2.804,0.00092907,0.006,58.79253422
1668755287.32922,2.804,2.804,0.00134337,0.008,58.79253422
1668755349.0728998,2.804,2.804,0.00165266,0.009,58.79253422
1668755408.1524656,2.798,2.798,0.00139751,-0.004,50.00943922
1668755468.1084924,2.798,2.798,0.00139751,-0.004,50.00943922
1668755529.1720414,2.796,2.796,0.00102214,-0.008,47.46405323
1668755589.017812,2.794,2.794,0.00049526,-0.004,45.08125077
1668755648.9468098,2.79,2.79,-0.00017977,-0.008,40.53585691
1668755709.9684803,2.791,2.79,-0.00058341,-0.005,40.37926812
1668755770.039353,2.791,2.791,-0.00093823,-0.007,42.0663453
1668755829.9327943,2.791,2.791,-0.00093823,-0.007,42.0663453
1668755890.9707134,2.791,2.791,-0.00093823,-0.007,42.0663453
1668755950.669691,2.791,2.791,-0.00093823,-0.007,42.0663453
1668756010.6168275,2.791,2.793,-0.00104598,-0.005,45.39439317
1668756071.4256532,2.793,2.793,-0.00128573,-0.011,46.12963176
1668756131.445509,2.793,2.793,-0.00128573,-0.011,46.12963176
1668756191.5692115,2.793,2.793,-0.00128573,-0.011,46.12963176
1668756252.7822263,2.793,2.793,-0.00128573,-0.011,46.12963176
1668756312.85532,2.793,2.793,-0.00128573,-0.011,46.12963176
1668756372.6754107,2.79,2.79,-0.00151642,-0.014,42.11332901
1668756433.6561267,2.79,2.79,-0.00151642,-0.014,42.11332901
1668756493.5964186,2.79,2.79,-0.00151642,-0.014,42.11332901
1668756553.6883256,2.788,2.788,-0.00183943,-0.01,39.63575297
1668756614.5567243,2.788,2.787,-0.0019192,-0.011,38.50316016
1668756674.4698784,2.79,2.787,-0.00221289,-0.008,38.50316016
1668756734.507454,2.783,2.783,-0.00267528,-0.011,34.75249353
1668756795.4454482,2.783,2.783,-0.00267528,-0.011,34.75249353
1668756855.4524868,2.782,2.782,-0.00314933,-0.01,33.74589058
1668756915.4817889,2.78,2.78,-0.00370598,-0.01,31.83100434
1668756976.588992,2.781,2.781,-0.00427946,-0.012,35.21616486
1668757036.362666,2.778,2.778,-0.00454892,-0.013,32.0020086
1668757096.271747,2.778,2.778,-0.00454892,-0.013,32.0020086
1668757157.148656,2.778,2.778,-0.00454892,-0.013,32.0020086
1668757217.178526,2.778,2.778,-0.00454892,-0.013,32.0020086
1668757277.5025032,2.782,2.782,-0.00438911,-0.011,39.8808311
1668757338.0855184,2.782,2.782,-0.00438911,-0.011,39.8808311
1668757398.0207708,2.779,2.779,-0.0044532,-0.011,36.46794015
1668757458.062891,2.778,2.778,-0.00453244,-0.009,35.38103372
1668757519.1016395,2.778,2.777,-0.00461221,-0.01,34.35704144
1668757579.0514388,2.775,2.778,-0.00460446,-0.01,36.34116864
1668757639.116582,2.775,2.778,-0.00460446,-0.01,36.34116864
1668757700.1842396,2.775,2.778,-0.00460446,-0.01,36.34116864
1668757759.933803,2.779,2.779,-0.00446614,-0.004,38.34801046
1668757819.8757458,2.78,2.78,-0.0042271,-0.001,40.37236578
1668757880.6960964,2.779,2.779,-0.00407142,0.0,38.9935167
1668757940.639214,2.779,2.778,-0.00415119,-0.001,37.7057416
1668758000.7585642,2.779,2.778,-0.00415119,-0.001,37.7057416
1668758062.4623618,2.779,2.778,-0.00415119,-0.001,37.7057416
1668758122.2802737,2.779,2.779,-0.00396464,0.0,39.84519402
1668758182.3547738,2.779,2.779,-0.00396464,0.0,39.84519402
1668758243.3979058,2.779,2.779,-0.00358039,0.001,39.84519402
1668758303.2322848,2.779,2.779,-0.00358039,0.001,39.84519402
1668758363.2456448,2.781,2.781,-0.00291673,0.002,44.59814126
1668758424.144089,2.781,2.781,-0.00291673,0.002,44.59814126
1668758484.1813066,2.78,2.78,-0.0026874,0.002,43.66268858
1668758544.1491256,2.78,2.78,-0.00247327,0.001,43.66268858
1668758605.0733886,2.778,2.778,-0.00256004,-0.002,39.92267916
1668758665.0529969,2.769,2.769,-0.00368452,-0.009,28.14123139
1668758725.2651403,2.769,2.769,-0.00368452,-0.009,28.14123139
1668758786.3153265,2.77,2.77,-0.00394376,-0.009,30.75228126
1668758846.2004018,2.767,2.767,-0.00464984,-0.012,26.02746834
1668758906.162662,2.772,2.772,-0.00396038,-0.009,39.65697065
1668758967.140328,2.772,2.772,-0.00396038,-0.009,39.65697065
1668759027.021981,2.775,2.775,-0.00357325,-0.004,45.27695757
1668759087.1016345,2.778,2.778,-0.0029899,-0.001,50.26525954
1668759147.813923,2.776,2.776,-0.00265834,-0.004,47.17771769
1668759207.8836522,2.78,2.78,-0.00204918,0.002,53.34956659
1668759267.8790169,2.78,2.776,-0.00236827,-0.002,47.17771769
1668759329.02041,2.776,2.776,-0.00211402,0.006,47.17771769
1668759389.160051,2.773,2.773,-0.00213005,0.004,42.30891555
1668759448.9986198,2.774,2.774,-0.00188206,0.007,44.63079346
1668759509.874191,2.774,2.775,-0.00180228,0.008,46.28856978
1668759569.7574058,2.772,2.772,-0.00189845,-0.002,41.32891685
1668759629.9405117,2.772,2.771,-0.00197822,-0.003,39.90373647
1668759690.6158268,2.772,2.771,-0.00197822,-0.003,39.90373647
1668759750.8949003,2.777,2.777,-0.00161488,0.005,50.85431649
1668759810.6942658,2.78,2.78,-0.00088773,0.005,54.95803
1668759872.2455375,2.777,2.777,-0.00091949,-0.001,50.42371989
1668759932.1423504,2.777,2.777,-0.0006848,0.001,50.29185496
1668759992.1233313,2.78,2.78,-0.0003779,0.004,54.53753766
1668760053.1044955,2.78,2.78,-0.0003779,0.004,54.53753766
1668760112.9990923,2.78,2.777,-0.00030997,0.001,50.02694105
1668760172.8889272,2.78,2.777,-0.00030997,0.001,50.02694105
1668760233.8186886,2.78,2.777,-0.00030997,0.001,50.02694105
1668760293.790141,2.78,2.777,-0.00030997,0.001,50.02694105
1668760353.8279698,2.78,2.777,-0.00030997,0.001,50.02694105
1668760414.708248,2.78,2.777,-0.00030997,0.001,50.02694105
1668760474.7789235,2.78,2.777,-0.00030997,0.001,50.02694105
1668760534.686999,2.78,2.777,-0.00030997,0.001,50.02694105
1668760595.749104,2.78,2.777,-0.00030997,0.001,50.02694105
1668760655.6689212,2.78,2.777,-0.00030997,0.001,50.02694105
1668760715.7173457,2.777,2.777,-0.0002532,0.004,50.02694105
1668760776.4751356,2.78,2.78,3.347e-05,0.005,54.40080257
1668760836.7046888,2.78,2.78,3.347e-05,0.005,54.40080257
1668760896.5281162,2.782,2.782,0.00041723,0.007,57.09675755
1668760957.5879447,2.782,2.78,0.00025769,0.005,54.40080257
1668761017.3643796,2.776,2.776,0.00011133,0.005,47.91572386
1668761077.2859747,2.776,2.776,0.00011133,0.005,47.91572386
1668761138.5108316,2.777,2.777,-7.72e-05,0.0,49.78873178
1668761198.3093972,2.777,2.776,-0.00015697,-0.001,48.16170335
1668761258.2941904,2.777,2.776,-0.00015697,-0.001,48.16170335
1668761319.1401536,2.781,2.781,0.00026924,0.005,56.16338404
1668761379.2438738,2.779,2.779,0.00029712,-0.001,52.85620351
1668761439.4031951,2.775,2.775,-0.00018737,-0.002,46.50528906
1668761500.0672593,2.774,2.774,-0.00045619,-0.003,45.0480169
1668761559.9690163,2.774,2.774,-0.00072228,-0.006,45.88449643
1668761620.1563344,2.77,2.77,-0.00111662,-0.01,40.3450008
1668761681.1802928,2.769,2.769,-0.00155421,-0.007,39.16299354
1668761741.1388972,2.769,2.769,-0.00181684,-0.006,39.16299354
1668761801.0963025,2.774,2.774,-0.00147986,-0.002,48.34392503
1668761861.9561074,2.774,2.774,-0.00147986,-0.002,48.34392503
1668761921.9325688,2.777,2.777,-0.00108466,-0.001,53.05611706
1668761982.0630202,2.777,2.776,-0.00116443,-0.002,51.58390601
1668762043.0068443,2.777,2.776,-0.00116443,-0.002,51.58390601
1668762102.9327002,2.781,2.781,-0.00050517,0.001,58.57862486
1668762162.904983,2.781,2.781,-0.00050517,0.001,58.57862486
1668762223.9910228,2.781,2.781,-0.00050517,0.001,58.57862486
1668762283.798103,2.778,2.778,-0.00022222,0.003,53.57717144
1668762343.8013537,2.779,2.779,8.177e-05,0.005,54.95768658
1668762405.0549953,2.779,2.779,8.177e-05,0.005,54.95768658
1668762464.9454896,2.779,2.779,8.177e-05,0.005,54.95768658
1668762524.755009,2.779,2.779,8.177e-05,0.005,54.95768658
1668762585.6246336,2.779,2.779,8.177e-05,0.005,54.95768658
1668762645.6655278,2.788,2.784,0.00071787,0.012,61.17466641
1668762705.826578,2.788,2.784,0.00071787,0.012,61.17466641
1668762766.5283127,2.788,2.784,0.00071787,0.012,61.17466641
1668762826.5526905,2.788,2.784,0.00071787,0.012,61.17466641
1668762886.4177637,2.788,2.784,0.00071787,0.012,61.17466641
1668762947.6162918,2.788,2.784,0.00071787,0.012,61.17466641
1668763007.4936476,2.786,2.786,0.00136761,0.012,63.35355628
1668763067.5255556,2.79,2.79,0.00218016,0.021,67.30548955
1668763128.2966242,2.788,2.788,0.00263238,0.019,63.61172164
1668763188.296534,2.786,2.786,0.00267397,0.015,60.30229356
1668763248.38279,2.786,2.786,0.00267397,0.015,60.30229356
1668763309.7299466,2.786,2.787,0.00288085,0.013,61.46484526
1668763369.2465656,2.785,2.785,0.00285056,0.009,57.81794259
1668763429.180101,2.785,2.785,0.00285056,0.009,57.81794259
1668763490.0857792,2.784,2.784,0.00271457,0.003,56.02792777
1668763550.05754,2.784,2.784,0.00257709,0.006,56.02792777
1668763610.2134607,2.784,2.785,0.00265686,0.007,57.4466976
1668763670.999843,2.784,2.785,0.00265686,0.007,57.4466976
1668763730.9419312,2.784,2.784,0.0025016,0.005,55.5176164
1668763791.0250947,2.784,2.784,0.00235145,0.0,55.5176164
1668763852.0551186,2.784,2.784,0.00235145,0.0,55.5176164
1668763911.8373566,2.784,2.784,0.00220701,-0.002,55.5176164
1668763971.831216,2.784,2.784,0.00213029,-0.006,54.9661344
1668764032.6330853,2.785,2.785,0.00206317,-0.001,56.77249445
1668764092.6283357,2.783,2.783,0.00188912,-0.003,51.96508226
1668764152.803461,2.788,2.788,0.00225236,0.001,61.85191313
1668764213.7824638,2.788,2.789,0.00233213,0.002,63.35625618
1668764273.6160436,2.788,2.789,0.00233213,0.002,63.35625618
1668764333.6651275,2.788,2.789,0.00233213,0.002,63.35625618
1668764394.4882343,2.788,2.789,0.00233213,0.002,63.35625618
1668764454.5044992,2.788,2.789,0.00233213,0.002,63.35625618
1668764514.4831858,2.783,2.783,0.00198652,-0.002,50.49086805
1668764575.2660408,2.787,2.787,0.00201218,0.003,56.79038448
1668764635.2786992,2.784,2.786,0.00192959,0.001,54.90936616
1668764695.2765312,2.784,2.786,0.00192959,0.001,54.90936616
1668764756.379565,2.784,2.784,0.00147123,0.0,51.25298033
1668764816.2475626,2.784,2.784,0.00147123,0.0,51.25298033
1668764876.337798,2.784,2.784,0.00147123,0.0,51.25298033
1668764937.1614864,2.784,2.784,0.00147123,0.0,51.25298033
1668764997.1888795,2.783,2.782,0.00112874,-0.003,47.57858032
1668765057.0757613,2.784,2.784,0.00077712,-0.002,51.60258811
1668765117.97341,2.784,2.784,0.00077712,-0.002,51.60258811
1668765177.9712496,2.783,2.783,0.00063331,-0.003,49.55432254
1668765237.93881,2.783,2.784,0.00071308,-0.002,51.60258811
1668765298.9407673,2.781,2.781,0.00041547,-0.008,45.52340285
1668765358.889366,2.781,2.781,0.00041547,-0.008,45.52340285
1668765418.9807673,2.781,2.781,0.00041547,-0.008,45.52340285
1668765479.7147446,2.781,2.781,0.00041547,-0.008,45.52340285
1668765539.758788,2.781,2.781,0.00041547,-0.008,45.52340285
1668765599.6595423,2.781,2.781,0.00041547,-0.008,45.52340285
1668765660.5089414,2.782,2.782,0.00025734,-0.001,47.7337411
1668765720.5178556,2.781,2.781,5.074e-05,-0.006,45.73532808
1668765780.4879274,2.781,2.781,5.074e-05,-0.006,45.73532808
1668765841.6444533,2.784,2.784,0.00012761,-0.002,52.20061789
1668765901.354351,2.784,2.784,0.00018639,0.0,52.20061789
1668765961.4322884,2.784,2.784,0.00023031,0.0,52.20061789
1668766022.4052408,2.789,2.79,0.00074073,0.008,63.16366489
1668766082.5228608,2.792,2.792,0.00129174,0.01,65.96579343
1668766142.2938623,2.792,2.792,0.00129174,0.01,65.96579343
1668766203.2177105,2.798,2.798,0.00218735,0.014,72.68004433
1668766263.1852577,2.797,2.798,0.00286411,0.014,72.68004433
1668766323.2342353,2.795,2.795,0.00312238,0.014,65.21906441
1668766383.9326537,2.797,2.797,0.00344869,0.015,67.60650165
1668766444.0773685,2.794,2.794,0.00342573,0.013,60.85832222
1668766504.1452754,2.794,2.794,0.00342573,0.013,60.85832222
1668766565.3788407,2.796,2.796,0.00352825,0.012,63.47573978
1668766624.932099,2.795,2.798,0.00366631,0.014,66.01085913
1668766684.9356692,2.795,2.798,0.00366631,0.014,66.01085913
1668766745.9546857,2.795,2.798,0.00366631,0.014,66.01085913
1668766805.6998863,2.799,2.799,0.00387497,0.015,67.19465366
1668766865.809279,2.799,2.799,0.00399429,0.009,67.19465366
1668766926.5736475,2.796,2.794,0.00358181,0.002,56.03853043
1668766986.5043435,2.792,2.792,0.00312077,-0.006,52.2476591
1668767046.6731403,2.792,2.792,0.00312077,-0.006,52.2476591
1668767107.7225575,2.792,2.792,0.00312077,-0.006,52.2476591
1668767167.616075,2.792,2.792,0.00312077,-0.006,52.2476591
1668767227.5110185,2.79,2.79,0.00256445,-0.008,48.69981673
1668767288.4131727,2.79,2.79,0.00256445,-0.008,48.69981673
1668767348.492945,2.791,2.791,0.00217914,-0.004,50.50938518
1668767408.2874205,2.791,2.792,0.00225891,-0.003,52.19564151
1668767469.1109884,2.798,2.808,0.00327014,0.011,69.87925773
1668767529.096332,2.81,2.809,0.00410491,0.015,70.6109917
1668767589.2969728,2.809,2.809,0.00471216,0.014,70.6109917
1668767650.591118,2.808,2.801,0.00449605,0.003,57.62298134
1668767710.5936537,2.8,2.8,0.00413413,0.001,56.32788005
1668767770.5969825,2.8,2.8,0.00413413,0.001,56.32788005
1668767831.3936236,2.8,2.805,0.00426482,0.007,61.36342013
1668767891.4074447,2.802,2.802,0.0040793,0.008,57.10861801
1668767951.559388,2.8,2.8,0.00370313,0.01,53.74008218
1668768012.231624,2.8,2.798,0.00354359,0.008,51.26201722
1668768072.2096238,2.795,2.795,0.00282123,0.003,47.70828952
1668768132.0795004,2.793,2.795,0.00222312,-0.013,47.70828952
1668768192.8505397,2.791,2.786,0.00101123,-0.023,38.4371992
1668768252.9175332,2.791,2.791,-0.00024282,-0.009,45.20053841
1668768433.9120834,2.787,2.785,-0.00178751,-0.02,37.84154943
1668768493.8881245,2.787,2.787,-0.00202313,-0.016,41.25301914
1668768554.7572224,2.788,2.788,-0.0021665,-0.016,43.05606481
1668768614.654881,2.793,2.793,-0.00173118,-0.005,50.57130453
1668768674.6304371,2.793,2.789,-0.00205027,-0.009,44.64183283
1668768735.567925,2.793,2.789,-0.00205027,-0.009,44.64183283
1668768795.5072484,2.793,2.789,-0.00205027,-0.009,44.64183283
1668768855.6634865,2.793,2.789,-0.00205027,-0.009,44.64183283
1668768916.7447882,2.793,2.789,-0.00205027,-0.009,44.64183283
1668768976.5773284,2.787,2.787,-0.00221761,-0.008,41.93320347
1668769036.7012415,2.787,2.791,-0.00189852,-0.004,48.64453796
1668769097.4267876,2.794,2.794,-0.00143436,0.008,53.02937357
1668769157.4330745,2.792,2.791,-0.00141686,0.004,48.61440438
1668769217.339947,2.786,2.786,-0.00158674,0.001,41.20139538
1668769278.2038414,2.786,2.79,-0.00126765,0.005,47.02049346
1668769338.1374176,2.786,2.79,-0.00126765,0.005,47.02049346
1668769398.1482892,2.786,2.79,-0.00126765,0.005,47.02049346
1668769459.7475202,2.786,2.79,-0.00126765,0.005,47.02049346
1668769519.638305,2.786,2.79,-0.00126765,0.005,47.02049346
1668769579.710564,2.786,2.79,-0.00126765,0.005,47.02049346
1668769640.741818,2.786,2.79,-0.00126765,0.005,47.02049346
1668769700.7836423,2.797,2.797,4.962e-05,0.011,56.5800521
1668769760.54734,2.797,2.799,0.00020916,0.013,59.84060686
1668769821.374339,2.796,2.793,0.00020337,0.004,50.44814765
1668769881.373804,2.794,2.794,0.0002763,0.005,51.80586982
1668769941.6632645,2.794,2.794,0.0002763,0.005,51.80586982
1668770004.8622866,2.794,2.794,0.0002763,0.005,51.80586982
1668770065.005947,2.79,2.79,1.119e-05,0.003,46.33670697
1668770125.5786986,2.79,2.79,1.119e-05,0.003,46.33670697
1668770185.9275017,2.789,2.789,-0.000437,-0.003,44.96050418
1668770245.994866,2.789,2.789,-0.000437,-0.003,44.96050418
1668770305.9591131,2.786,2.786,-0.00085965,-0.005,41.02407864
1668770366.863257,2.786,2.789,-0.00062034,-0.002,44.96050418
1668770426.8262024,2.786,2.789,-0.00062034,-0.002,44.96050418
1668770487.182206,2.786,2.789,-0.00062034,-0.002,44.96050418
1668770547.7445629,2.788,2.788,-0.00083668,-0.002,43.46340564
1668770607.842215,2.791,2.791,-0.00075733,0.001,48.95477064
1668770667.663234,2.792,2.792,-0.00054516,-0.008,50.5556053
1668770728.9035027,2.792,2.792,-0.00054516,-0.008,50.5556053
1668770788.8450153,2.792,2.792,-0.00054516,-0.008,50.5556053
1668770848.9227154,2.786,2.786,-0.00091386,-0.013,41.49927173
1668770909.886228,2.786,2.786,-0.00091386,-0.013,41.49927173
1668770969.773885,2.784,2.784,-0.0016796,-0.01,38.99188808
1668771029.8369422,2.785,2.785,-0.00183748,-0.005,41.05703826
1668771090.6724036,2.789,2.789,-0.00137478,-0.001,48.08624746
1668771150.6400948,2.789,2.789,-0.00137478,-0.001,48.08624746
1668771210.6293948,2.784,2.784,-0.00164545,-0.005,40.99831038
1668771272.9020886,2.784,2.784,-0.00164545,-0.005,40.99831038
1668771332.7053895,2.789,2.789,-0.00143991,0.0,49.0811223
1668771392.3595245,2.782,2.782,-0.00182087,-0.006,40.67912807
1668771453.596624,2.785,2.785,-0.00185927,-0.007,45.02281291
1668771513.257007,2.785,2.785,-0.00185927,-0.007,45.02281291
1668771573.207811,2.782,2.782,-0.00210749,-0.01,41.73198967
1668771634.0376332,2.779,2.779,-0.00270203,-0.007,38.88946709
1668771693.9137187,2.779,2.779,-0.00270203,-0.007,38.88946709
1668771753.963365,2.779,2.779,-0.00270203,-0.007,38.88946709
1668771814.8297105,2.781,2.781,-0.00279,-0.003,41.94677574
1668771874.8584003,2.78,2.78,-0.00290691,-0.004,40.84642299
1668771935.0365334,2.779,2.779,-0.00310673,-0.01,39.80232376
1668771996.4940946,2.779,2.779,-0.00316539,-0.01,39.80232376
1668772056.2015643,2.779,2.779,-0.00316539,-0.01,39.80232376
1668772116.2136495,2.779,2.779,-0.00316539,-0.01,39.80232376
1668772177.3257513,2.779,2.779,-0.00316539,-0.01,39.80232376
1668772237.2917016,2.779,2.779,-0.00316539,-0.01,39.80232376
1668772296.9676032,2.779,2.779,-0.00316539,-0.01,39.80232376
1668772357.8266177,2.783,2.783,-0.00264297,-0.006,46.73521647
1668772418.0190425,2.783,2.783,-0.00264297,-0.006,46.73521647
1668772477.700871,2.785,2.785,-0.00199315,0.0,50.24607725
1668772539.1772752,2.785,2.785,-0.00199315,0.0,50.24607725
1668772598.9565144,2.786,2.786,-0.00158499,0.007,51.95140865
1668772659.1092143,2.786,2.786,-0.00124715,0.007,51.95140865
1668772720.00787,2.785,2.785,-0.00092484,0.004,49.73170934
1668772779.777653,2.785,2.785,-0.00092484,0.004,49.73170934
1668772839.7630572,2.788,2.788,-0.00054746,0.009,54.61690757
1668772900.461831,2.783,2.783,-0.00076759,0.004,46.29240769
1668772960.5332267,2.787,2.787,-0.0006104,0.008,52.94133347
1668773020.6150975,2.785,2.785,-0.0007612,0.003,50.36256167
1668773081.594939,2.787,2.787,-0.00046114,0.004,53.55996421
1668773141.6193106,2.787,2.788,-0.00038136,0.005,55.00901452
1668773201.6443276,2.787,2.788,-0.00038136,0.005,55.00901452
1668773262.4780324,2.787,2.788,-0.00038136,0.005,55.00901452
1668773322.4026191,2.789,2.789,0.00029941,0.004,56.47168813
1668773382.359012,2.789,2.789,0.00029941,0.004,56.47168813
1668773443.4353898,2.789,2.789,0.0005303,0.003,56.47168813
1668773503.345766,2.788,2.788,0.00062539,0.0,54.26814796
1668773563.3014326,2.788,2.787,0.00054562,-0.001,52.2301151
1668773624.0754137,2.787,2.787,0.0005514,0.002,52.2301151
1668773684.1135695,2.789,2.789,0.00070918,0.003,56.0578905
1668773744.0905683,2.789,2.79,0.0009045,0.009,57.87542424
1668773805.182048,2.789,2.79,0.0009045,0.009,57.87542424
1668773865.3146658,2.789,2.79,0.0009045,0.009,57.87542424
1668773925.0847726,2.791,2.791,0.00112699,0.008,59.67179173
1668773985.982201,2.791,2.791,0.00112699,0.008,59.67179173
1668774046.0155442,2.793,2.793,0.001448,0.008,63.06429819
1668774105.9231625,2.792,2.792,0.00154164,0.004,61.44252411
1668774167.0452907,2.788,2.793,0.00173971,0.004,63.31084339
1668774227.078838,2.794,2.794,0.00195484,0.005,65.13043416
1668774286.918008,2.793,2.793,0.0022677,0.004,57.98193392
1668774347.812214,2.791,2.791,0.00195426,0.004,54.04260305
1668774407.9263723,2.791,2.795,0.00227335,0.008,59.90923431
1668774467.8652525,2.791,2.795,0.00227335,0.008,59.90923431
1668774528.820721,2.795,2.795,0.00243087,0.006,59.90923431
1668774588.6615922,2.795,2.795,0.00243087,0.006,59.90923431
1668774648.6461215,2.791,2.791,0.0021264,0.001,51.6709976
1668774709.5400982,2.791,2.791,0.0021264,0.001,51.6709976
1668774769.5356958,2.797,2.797,0.00234225,0.006,60.45525775
1668774829.5296066,2.797,2.796,0.00226248,0.005,59.21989516
1668774890.460131,2.797,2.796,0.00226248,0.005,59.21989516
1668774950.5081098,2.797,2.796,0.00226248,0.005,59.21989516
1668775010.531927,2.795,2.795,0.00226354,0.003,57.29242533
1668775071.531194,2.795,2.796,0.00234331,0.004,59.21989516
1668775131.3044293,2.795,2.796,0.00234331,0.004,59.21989516
1668775191.30986,2.795,2.796,0.00234331,0.004,59.21989516
1668775252.1528676,2.795,2.796,0.00234331,0.004,59.21989516
1668775312.168487,2.795,2.796,0.00234331,0.004,59.21989516
1668775372.4735675,2.794,2.794,0.00222039,0.002,55.21868709
1668775433.006029,2.792,2.793,0.00201901,0.0,53.2802813
1668775492.9822822,2.792,2.793,0.00201901,0.0,53.2802813
1668775553.1180198,2.792,2.793,0.00201901,0.0,53.2802813
1668775614.058246,2.794,2.794,0.001918,-0.004,54.98215757
1668775673.8789766,2.794,2.795,0.00199777,-0.003,56.56440197
1668775734.0032346,2.794,2.795,0.00199777,-0.003,56.56440197
1668775794.7834082,2.79,2.79,0.0015595,-0.001,47.5629536
1668775854.7635589,2.79,2.796,0.00167699,0.001,56.50734925
1668775914.7801542,2.79,2.796,0.00167699,0.001,56.50734925
1668775975.6297655,2.795,2.791,0.00135107,-0.004,49.00560921
1668776035.5827506,2.792,2.792,0.00116009,-0.003,50.42319798
1668776095.6077888,2.791,2.791,0.00091747,0.0,48.95754167
1668776156.800465,2.791,2.791,0.00091747,0.0,48.95754167
1668776216.7551932,2.789,2.789,0.0003921,-0.007,45.86522044
1668776276.777459,2.788,2.791,0.00023109,-0.003,49.45994934
1668776337.6106954,2.797,2.797,0.00064343,0.004,57.66671625
1668776397.4863343,2.797,2.797,0.00095917,0.002,57.66671625
1668776457.475072,2.792,2.792,0.00091992,0.002,49.68363544
1668776518.2560306,2.792,2.791,0.00084015,0.001,48.4926703
1668776578.2362244,2.792,2.791,0.00084015,0.001,48.4926703
1668776638.3724408,2.797,2.797,0.00109097,0.001,55.40063751
1668776699.3235562,2.797,2.797,0.00127504,0.006,55.40063751
1668776759.4261909,2.799,2.799,0.00156427,0.007,57.59902954
1668776819.3446264,2.799,2.799,0.00156427,0.007,57.59902954
1668776880.6950705,2.799,2.799,0.00177305,0.008,57.59902954
1668776940.495701,2.796,2.796,0.0016771,0.005,53.04996385
1668777000.551989,2.793,2.793,0.0013435,0.005,48.89156922
1668777060.9684474,2.793,2.792,0.00126373,0.004,47.64662052
1668777120.911281,2.792,2.792,0.00092546,0.001,47.64662052
1668777181.384878,2.792,2.792,0.00092546,0.001,47.64662052
1668777242.0802536,2.792,2.792,0.00092546,0.001,47.64662052
1668777301.7144637,2.792,2.792,0.00092546,0.001,47.64662052
1668777361.987466,2.792,2.792,0.00092546,0.001,47.64662052
1668777422.9162924,2.794,2.794,0.00080943,-0.003,50.56633036
1668777482.913531,2.794,2.795,0.00078907,-0.004,52.00752554
1668777542.709201,2.794,2.795,0.00078907,-0.004,52.00752554
1668777603.6162865,2.794,2.795,0.00078907,-0.004,52.00752554
1668777663.5623996,2.798,2.797,0.00092368,0.006,54.84308584
1668777723.5505612,2.799,2.799,0.00111656,0.002,57.63497313
1668777784.4207306,2.801,2.802,0.00180314,0.005,60.41851835
1668777844.5805657,2.802,2.798,0.001813,-0.001,53.83026394
1668777904.3920543,2.8,2.797,0.0016578,-0.002,52.32117227
1668777965.4890482,2.8,2.797,0.0016578,-0.002,52.32117227
1668778025.6240957,2.799,2.799,0.00167686,0.003,55.03615595
1668778085.6130788,2.799,2.8,0.00175663,0.004,56.28090784
1668778146.3897655,2.799,2.8,0.00175663,0.004,56.28090784
1668778206.274473,2.798,2.798,0.0016545,0.006,53.11394753
1668778266.4806764,2.795,2.795,0.00131631,0.003,48.6882509
1668778327.2970216,2.797,2.795,0.00103635,0.001,48.6882509
1668778387.147513,2.794,2.795,0.0007436,0.0,48.87329001
1668778447.2094564,2.796,2.796,0.00083281,0.0,50.13526219
1668778508.2564638,2.796,2.796,0.00083281,0.0,50.13526219
1668778568.262716,2.796,2.796,0.00083281,0.0,50.13526219
1668778628.1640642,2.8,2.801,0.00110457,-0.002,56.71817361
1668778689.1553009,2.8,2.801,0.00110457,-0.002,56.71817361
1668778749.600736,2.799,2.799,0.00114536,-0.004,53.6662717
1668778809.260612,2.799,2.798,0.00106559,-0.005,52.26025694
1668778869.9452422,2.796,2.794,0.00070382,-0.004,46.96039157
1668778930.0432627,2.796,2.794,0.00070382,-0.004,46.96039157
1668778990.01312,2.796,2.794,0.00070382,-0.004,46.96039157
1668779051.3226757,2.796,2.794,0.00070382,-0.004,46.96039157
1668779111.3814151,2.796,2.794,0.00070382,-0.004,46.96039157
1668779171.5754051,2.796,2.794,0.00070382,-0.004,46.96039157
1668779232.2439015,2.793,2.788,-6.628e-05,-0.009,40.35018842
1668779291.4971142,2.782,2.782,-0.0011475,-0.018,35.03870504
1668779351.7912097,2.782,2.783,-0.00106773,-0.017,35.82466634
1668779411.2832608,2.785,2.785,-0.00168064,-0.013,38.78230276
1668779471.5257406,2.785,2.785,-0.00168064,-0.013,38.78230276
1668779531.6945243,2.785,2.785,-0.00168064,-0.013,38.78230276
1668779591.293968,2.79,2.79,-0.00174282,-0.005,45.53972659
1668779651.6623695,2.787,2.787,-0.00201099,-0.007,42.50786484
1668779711.3796644,2.789,2.789,-0.00210023,-0.009,45.41373575
1668779771.6112874,2.789,2.789,-0.00210023,-0.009,45.41373575
1668779831.3438773,2.788,2.788,-0.00216348,-0.008,44.36978278
1668779891.3638968,2.788,2.789,-0.00208371,-0.007,45.41373575
1668779951.374414,2.788,2.785,-0.0024028,-0.011,41.5073212
1668780011.4181037,2.785,2.785,-0.00268538,-0.013,41.81207986
1668780071.276612,2.785,2.788,-0.00244607,-0.01,45.48877976
1668780131.3046167,2.785,2.782,-0.00282895,-0.012,39.54916687
1668780191.3585298,2.785,2.782,-0.00282895,-0.012,39.54916687
1668780252.0939162,2.785,2.782,-0.00282895,-0.012,39.54916687
1668780311.316244,2.785,2.782,-0.00282895,-0.012,39.54916687
1668780371.3782775,2.786,2.786,-0.0027776,-0.002,44.73040509
1668780431.3992712,2.786,2.786,-0.0027776,-0.002,44.73040509
1668780491.5573423,2.785,2.785,-0.00278549,0.002,43.7214984
1668780551.3592844,2.785,2.786,-0.00270572,0.003,44.73040509
1668780611.391855,2.786,2.786,-0.00261857,0.001,44.73040509
1668780671.426444,2.786,2.786,-0.00252044,-0.004,44.73040509
1668780731.9892302,2.786,2.786,-0.00252044,-0.004,44.73040509
1668780791.3619118,2.786,2.786,-0.00252044,-0.004,44.73040509
1668780851.557452,2.783,2.786,-0.00241484,0.0,44.73040509
1668780911.5076952,2.786,2.786,-0.00230459,-0.003,44.73040509
1668780971.3858638,2.786,2.786,-0.00219194,0.001,44.73040509
1668781031.3973427,2.786,2.788,-0.0020324,0.003,48.1937185
1668781091.304279,2.786,2.788,-0.0020324,0.003,48.1937185
1668781151.3905478,2.788,2.785,-0.0020353,-0.001,43.76379311
1668781211.920104,2.788,2.787,-0.00185483,-0.001,47.2452496
1668781271.398692,2.788,2.787,-0.00185483,-0.001,47.2452496
1668781331.411647,2.788,2.787,-0.00185483,-0.001,47.2452496
1668781391.4529386,2.788,2.788,-0.00161253,0.006,48.94709498
1668781451.4481306,2.788,2.788,-0.00140432,0.002,48.94709498
1668781511.403692,2.788,2.788,-0.00140432,0.002,48.94709498
1668781571.4819882,2.788,2.788,-0.00140432,0.002,48.94709498
1668781631.399324,2.788,2.788,-0.00140432,0.002,48.94709498
1668781691.5994418,2.788,2.788,-0.00140432,0.002,48.94709498
1668781751.3435075,2.788,2.785,-0.0014645,-0.001,44.00765844
1668781811.4036334,2.788,2.785,-0.0014645,-0.001,44.00765844
1668781871.3276274,2.785,2.785,-0.00149497,-0.001,44.00765844
1668781931.3294845,2.784,2.779,-0.00198043,-0.007,35.66052147
1668781991.4555838,2.762,2.762,-0.00516666,-0.024,22.72512856
1668782051.4113247,2.767,2.767,-0.00549891,-0.021,30.20449282
1668782111.3410425,2.767,2.767,-0.00594565,-0.018,30.33008289
1668782171.4260333,2.767,2.774,-0.00538724,-0.011,40.77405877
1668782231.4449365,2.774,2.774,-0.00517586,-0.013,40.77405877
1668782291.41301,2.769,2.769,-0.00553489,-0.019,36.44247672
1668782351.3845105,2.767,2.763,-0.00604424,-0.025,31.87108336
1668782411.527968,2.767,2.763,-0.00604424,-0.025,31.87108336
1668782471.631902,2.767,2.763,-0.00604424,-0.025,31.87108336
1668782531.4913597,2.763,2.763,-0.00604424,-0.025,31.87108336
1668782591.4954658,2.76,2.76,-0.00698456,-0.025,29.85454776
1668782651.597929,2.769,2.769,-0.00604641,-0.005,41.92826282
1668782711.5744617,2.769,2.766,-0.00628573,-0.008,38.66117072
1668782771.3726723,2.763,2.763,-0.00634339,0.0,36.24117101
1668782831.3664553,2.767,2.767,-0.00584238,0.001,41.77624335
1668782891.4747417,2.767,2.764,-0.00608169,-0.002,37.64234957
1668782951.4525144,2.762,2.762,-0.00606559,-0.009,36.64597863
1668783011.4847848,2.764,2.764,-0.0056147,-0.005,39.65194313
1668783071.4403815,2.764,2.764,-0.00532245,0.001,39.65194313
1668783131.7282026,2.764,2.764,-0.00532245,0.001,39.65194313
1668783191.9768994,2.766,2.766,-0.00487328,0.006,43.02811318
1668783251.4543629,2.766,2.766,-0.00446584,-0.001,43.02811318
1668783311.5065825,2.768,2.77,-0.00377663,0.004,49.57195132
1668783371.3995402,2.771,2.771,-0.00231272,0.007,50.49882283
1668783431.535406,2.771,2.77,-0.00239249,0.006,49.2258606
1668783491.4173152,2.771,2.77,-0.00239249,0.006,49.2258606
1668783551.4309795,2.772,2.772,-0.00189052,0.009,51.84060914
1668783611.4481254,2.772,2.768,-0.0022096,0.005,46.69084476
1668783671.9458995,2.764,2.764,-0.00238975,0.0,41.94852084
1668783731.480077,2.764,2.763,-0.00246952,-0.001,40.85247179
1668783791.4306247,2.758,2.758,-0.00329632,-0.006,36.13209675
1668783851.4360452,2.751,2.751,-0.00489904,-0.015,32.26072623
1668783911.4989514,2.755,2.755,-0.00473771,-0.011,37.79006603
1668783971.5042758,2.755,2.756,-0.00465794,-0.01,39.12782012
1668784031.5050862,2.756,2.754,-0.00488709,-0.016,36.91636853
1668784091.576508,2.754,2.753,-0.00502821,-0.022,36.01954631
1668784152.270959,2.754,2.754,-0.0050017,-0.016,37.6507321
1668784211.513872,2.754,2.759,-0.00452506,-0.009,45.17690747
1668784271.4560416,2.758,2.758,-0.00417984,-0.007,44.03211388
1668784331.4574242,2.756,2.756,-0.00408286,-0.002,41.83058185
1668784391.492167,2.756,2.757,-0.00381809,-0.001,43.41052016
1668784452.1778696,2.758,2.759,-0.00340758,0.01,46.53807329
1668784511.7470396,2.759,2.759,-0.00304713,0.004,46.53807329
1668784571.5180357,2.76,2.76,-0.00237066,0.006,48.32168928
1668784632.296636,2.76,2.76,-0.00237066,0.006,48.32168928
1668784691.57995,2.763,2.763,-0.00182278,0.01,53.34991879
1668784751.7092123,2.763,2.763,-0.00182278,0.01,53.34991879
1668784811.4827795,2.762,2.762,-0.00145254,0.008,51.54941534
1668784871.4753811,2.763,2.763,-0.00106614,0.004,53.24859593
1668784931.4675517,2.765,2.765,-0.00059171,0.008,56.53200364
1668784991.5441675,2.765,2.765,-0.00059171,0.008,56.53200364
1668785051.5211792,2.765,2.765,-0.00059171,0.008,56.53200364
1668785112.3085718,2.759,2.756,-0.00093121,0.0,42.17700661
1668785171.57783,2.759,2.756,-0.00093121,0.0,42.17700661
1668785231.596882,2.759,2.759,-0.0007027,0.0,47.22175826
1668785291.5969748,2.759,2.758,-0.00078247,-0.001,46.09905536
1668785351.5638704,2.759,2.758,-0.00078247,-0.001,46.09905536
1668785411.568766,2.756,2.756,-0.00105398,-0.003,43.85341212
1668785471.4754689,2.756,2.762,-0.00057534,0.003,51.10652445
1668785531.6379952,2.756,2.762,-0.00057534,0.003,51.10652445
1668785592.2750168,2.764,2.764,-0.00024697,0.005,53.43584018
1668785651.5536604,2.765,2.765,9.29e-05,0.005,54.60045847
1668785711.4342756,2.765,2.762,-0.00014642,0.002,50.82809035
1668785771.5474355,2.765,2.766,0.00025311,0.003,55.50500189
1668785831.5526743,2.766,2.766,0.00056325,0.004,55.50500189
1668785891.5044746,2.766,2.766,0.00056325,0.004,55.50500189
1668785951.5908763,2.767,2.768,0.00095937,0.005,57.83082437
1668786011.606168,2.763,2.764,0.00093969,-0.001,51.97879791
1668786072.398548,2.765,2.765,0.00099334,0.009,53.25239185
1668786131.5008657,2.765,2.765,0.00099334,0.009,53.25239185
1668786191.6622024,2.764,2.766,0.00110382,0.003,54.55050254
1668786251.520172,2.764,2.766,0.00110382,0.003,54.55050254
1668786311.61661,2.768,2.766,0.0011778,0.008,54.55050254
1668786371.4953427,2.768,2.767,0.00125757,0.009,55.87018405
1668786431.8038354,2.762,2.762,0.00096484,0.0,48.31602792
1668786491.7117674,2.767,2.767,0.00112336,0.003,54.88518595
1668786552.220612,2.765,2.765,0.00082885,0.003,52.66368685
1668786611.9836102,2.765,2.765,0.00082885,0.003,52.66368685
1668786671.553136,2.765,2.765,0.00082885,0.003,52.66368685
1668786731.5839777,2.765,2.765,0.00082885,0.003,52.66368685
1668786791.593246,2.765,2.765,0.00082885,0.003,52.66368685
1668786851.571539,2.767,2.767,0.0009982,0.001,55.42161396
1668786911.5301936,2.771,2.773,0.00159814,0.007,62.48344392
1668786971.5030146,2.765,2.761,0.00109271,-0.007,46.58775439
1668787031.673141,2.765,2.761,0.00109271,-0.007,46.58775439
1668787091.6280067,2.762,2.762,0.00076403,-0.002,47.77997044
1668787152.174862,2.762,2.762,0.00076403,-0.002,47.77997044
1668787211.5997446,2.764,2.764,0.00065735,-0.001,50.17534328
1668787271.5774405,2.761,2.759,0.00016742,-0.007,44.65992235
1668787331.5939384,2.764,2.766,0.00064803,-0.001,52.69208793
1668787391.5686283,2.766,2.766,0.00070468,0.004,52.69208793
1668787451.5114193,2.761,2.763,0.00050173,0.0,48.43588159
1668787511.648999,2.763,2.763,0.000337,-0.002,48.43588159
1668787571.8284194,2.763,2.764,0.00041677,-0.001,49.88891143
1668787631.6971333,2.766,2.766,0.00056837,-0.007,52.75629357
1668787691.6125236,2.766,2.766,0.00056837,-0.007,52.75629357
1668787751.6567144,2.766,2.766,0.0006384,0.004,52.75629357
1668787811.627334,2.766,2.766,0.00065217,0.002,52.75629357
1668787871.7801533,2.766,2.766,0.00065217,0.002,52.75629357
1668787931.635088,2.766,2.766,0.00065217,0.002,52.75629357
1668787991.5423005,2.77,2.77,0.00097461,0.006,59.47423713
1668788052.1870544,2.77,2.77,0.00097461,0.006,59.47423713
1668788111.5747874,2.77,2.77,0.00097461,0.006,59.47423713
1668788171.9963746,2.77,2.77,0.00097461,0.006,59.47423713
1668788231.6635785,2.771,2.771,0.0012959,0.005,60.96851762
1668788291.703222,2.771,2.774,0.00153522,0.008,64.8560398
1668788351.7182815,2.772,2.772,0.0017974,0.006,60.52784805
1668788412.03272,2.773,2.773,0.0020621,0.01,61.89705562
1668788471.7039733,2.776,2.776,0.00248531,0.012,65.73687977
1668788531.9573052,2.776,2.776,0.00248531,0.012,65.73687977
1668788591.6290293,2.773,2.773,0.00254924,0.007,59.30111261
1668788651.7373643,2.772,2.772,0.00249051,0.006,57.28777493
1668788711.6745512,2.768,2.772,0.00229293,0.006,56.61591099
1668788771.6573162,2.767,2.767,0.00183814,0.001,48.28472625
1668788831.8719287,2.767,2.767,0.00183814,0.001,48.28472625
1668788891.6303902,2.767,2.767,0.00146087,0.001,48.28472625
1668788951.5766342,2.768,2.768,0.00097071,-0.006,50.11828035
1668789011.728759,2.768,2.764,0.00065162,-0.01,43.4890139
1668789071.737692,2.755,2.755,-0.00108493,-0.018,32.65295628
1668789131.672202,2.755,2.753,-0.00124448,-0.02,30.87286861
1668789191.6165547,2.757,2.757,-0.00177334,-0.019,38.13671335
1668789251.7368677,2.754,2.754,-0.0024068,-0.019,35.15319466
1668789311.7575886,2.754,2.761,-0.0018484,-0.012,44.42564835
1668789371.8408675,2.758,2.758,-0.00212545,-0.012,41.05469392
1668789431.6129508,2.758,2.76,-0.00196591,-0.01,43.24212764
1668789491.634844,2.754,2.754,-0.00254559,-0.013,36.47955113
1668789552.756856,2.754,2.754,-0.00254559,-0.013,36.47955113
1668789612.3559363,2.758,2.758,-0.00241231,-0.009,41.35966096
1668789672.4547307,2.758,2.757,-0.00249208,-0.01,39.57401376
1668789733.2293987,2.758,2.757,-0.00249208,-0.01,39.57401376
1668789793.1711335,2.758,2.757,-0.00249208,-0.01,39.57401376
1668789853.305083,2.758,2.757,-0.00249208,-0.01,39.57401376
1668789914.3978152,2.758,2.758,-0.00252948,-0.009,41.49265707
1668789974.418773,2.758,2.758,-0.00252996,-0.006,41.49265707
1668790034.348307,2.758,2.758,-0.0025015,-0.001,41.49265707
1668790095.054392,2.758,2.758,-0.00232751,0.005,42.37564443
1668790155.0109956,2.758,2.759,-0.00224774,0.006,43.88511951
1668790215.416714,2.758,2.759,-0.00224774,0.006,43.88511951
1668790276.0227976,2.757,2.757,-0.00230786,0.0,40.75804885
1668790335.9168415,2.757,2.752,-0.00270672,-0.005,34.59526326
1668790395.916783,2.755,2.755,-0.00305083,-0.005,41.82909685
1668790457.2290208,2.752,2.752,-0.00347976,-0.008,38.02423772
1668790517.1372232,2.752,2.754,-0.00332022,-0.006,41.51374766
1668790577.2223082,2.759,2.759,-0.00248616,0.002,49.30788377
1668790638.1519654,2.759,2.759,-0.00248616,0.002,49.30788377
1668790698.1430638,2.755,2.755,-0.00244784,-0.003,43.95023281
1668790758.1544142,2.755,2.754,-0.00252761,-0.004,42.78792987
1668790818.9789429,2.751,2.751,-0.00277061,-0.007,39.41987371
1668790879.198848,2.751,2.751,-0.00277061,-0.007,39.41987371
1668790939.0025043,2.751,2.75,-0.00285038,-0.008,38.41200544
1668790999.769751,2.755,2.755,-0.00267191,-0.005,45.86485778
1668791060.4426668,2.754,2.754,-0.00258141,-0.005,44.69980196
1668791119.741882,2.752,2.752,-0.00264064,0.002,42.38105619
1668791181.6600144,2.75,2.75,-0.00312444,-0.003,41.83063915
1668791240.768283,2.75,2.746,-0.00344353,-0.007,36.6106232
1668791300.728999,2.747,2.747,-0.00364106,-0.004,38.21607672
1668791361.5202756,2.736,2.736,-0.00512455,-0.017,28.92185614
1668791421.4793348,2.731,2.731,-0.00649683,-0.028,27.0678705
1668791481.408064,2.733,2.733,-0.00690181,-0.026,30.05834966
1668791542.254748,2.738,2.738,-0.0067425,-0.016,37.15073169
1668791602.292733,2.738,2.738,-0.0067425,-0.016,37.15073169
1668791662.247579,2.738,2.738,-0.0067425,-0.016,37.15073169
1668791723.7232864,2.737,2.737,-0.00631407,-0.018,37.6944827
1668791783.2680624,2.732,2.732,-0.0067866,-0.022,34.08666681
1668791843.256445,2.732,2.736,-0.00646751,-0.018,38.08657302
1668791904.0565393,2.737,2.737,-0.00581784,-0.009,40.40867109
1668791963.9392564,2.737,2.741,-0.00549876,-0.005,44.18928236
1668792023.9710145,2.741,2.741,-0.00509914,0.002,44.27890098
1668792084.727499,2.741,2.741,-0.00509914,0.002,44.27890098
1668792144.741505,2.74,2.741,-0.00466544,0.011,44.27890098
1668792204.8090994,2.74,2.74,-0.00435225,0.008,43.15378586
1668792266.365832,2.74,2.742,-0.00389773,0.008,46.10347064
1668792326.205607,2.739,2.739,-0.00356765,-0.002,42.53792269
1668792386.1999445,2.739,2.739,-0.00356765,-0.002,42.53792269
1668792447.0373845,2.739,2.739,-0.00356765,-0.002,42.53792269
1668792507.018073,2.743,2.743,-0.00307558,0.009,48.67585996
1668792567.231989,2.743,2.738,-0.00347445,0.004,41.30304804
1668792627.897472,2.743,2.738,-0.00347445,0.004,41.30304804
1668792687.823301,2.743,2.738,-0.00347445,0.004,41.30304804
1668792747.7320628,2.741,2.741,-0.00256484,0.001,46.68384019
1668792808.6225772,2.741,2.741,-0.00256484,0.001,46.68384019
1668792868.627006,2.741,2.741,-0.00256484,0.001,46.68384019
1668792928.702608,2.745,2.745,-0.00202959,0.005,51.84384433
1668792989.8044124,2.743,2.743,-0.00193143,0.002,49.4938199
1668793049.720768,2.743,2.745,-0.00177188,0.004,52.11123285
1668793109.4517756,2.744,2.744,-0.00144206,0.003,50.69654452
1668793170.3168097,2.738,2.738,-0.00220016,-0.002,44.64393932
1668793230.307515,2.738,2.738,-0.00220016,-0.002,44.64393932
1668793290.8438244,2.74,2.74,-0.00190367,0.001,47.142665
1668793351.0341115,2.74,2.74,-0.00190367,0.001,47.142665
1668793411.0574322,2.739,2.739,-0.00184946,0.0,45.94016435
1668793471.0433898,2.74,2.74,-0.00177593,-0.005,48.07627929
1668793532.156731,2.741,2.741,-0.00152333,0.0,49.43177492
1668793592.0660868,2.738,2.738,-0.00148579,-0.004,45.70889905
1668793652.149582,2.738,2.737,-0.00156556,-0.005,44.60744
1668793712.8536966,2.739,2.739,-0.00151101,0.004,47.64030339
1668793772.837162,2.739,2.742,-0.00127169,0.007,51.33617256
1668793833.478654,2.738,2.742,-0.00098029,0.004,51.33617256
1668793893.6799283,2.747,2.747,0.00016207,0.007,57.17866059
1668793953.6773615,2.746,2.746,0.00047534,0.01,55.62950123
1668794013.7053654,2.746,2.741,7.648e-05,0.005,48.99263692
1668794074.762865,2.746,2.741,7.648e-05,0.005,48.99263692
1668794134.7424595,2.736,2.736,-0.00075158,-0.004,43.41463557
1668794194.9682715,2.736,2.736,-0.00075158,-0.004,43.41463557
1668794255.67564,2.736,2.736,-0.00075158,-0.004,43.41463557
1668794315.6073897,2.74,2.74,-0.00070698,-0.002,48.82092831
1668794376.295843,2.74,2.74,-0.00070698,-0.002,48.82092831
1668794436.3367434,2.744,2.744,-0.00034488,0.008,53.59555785
1668794496.417085,2.744,2.744,-0.00034488,0.008,53.59555785
1668794556.4354334,2.744,2.744,-5.726e-05,0.006,53.59555785
1668794617.3863354,2.744,2.745,2.251e-05,0.007,54.73255136
1668794677.07411,2.744,2.745,2.251e-05,0.007,54.73255136
1668794737.1831515,2.744,2.744,0.00039052,0.002,53.32547443
1668794798.0962522,2.744,2.744,0.00039052,0.002,53.32547443
1668794858.9142425,2.744,2.744,0.00039052,0.002,53.32547443
1668794918.1277063,2.741,2.741,0.00027226,-0.006,48.94731435
1668794978.9022496,2.741,2.738,3.294e-05,-0.009,45.2335244
1668795038.9004574,2.741,2.741,8.272e-05,0.0,49.25470999
1668795098.878877,2.741,2.744,0.00032203,0.003,53.01089524
1668795159.7265556,2.743,2.743,0.00022281,0.007,51.64594946
1668795219.669907,2.743,2.743,0.00022281,0.007,51.64594946
1668795279.5744874,2.743,2.743,0.00029058,0.003,51.64594946
1668795340.5554316,2.743,2.743,0.00029058,0.003,51.64594946
1668795400.6747513,2.736,2.736,-0.00021804,-0.008,43.10570281
1668795460.5720563,2.735,2.735,-0.00069381,-0.01,42.03629051
1668795521.3899522,2.735,2.735,-0.00069381,-0.01,42.03629051
1668795581.3683977,2.735,2.735,-0.00069381,-0.01,42.03629051
1668795641.3836806,2.735,2.735,-0.00069381,-0.01,42.03629051
1668795702.1884189,2.735,2.735,-0.00105867,-0.009,42.03629051
1668795762.4170732,2.729,2.729,-0.00211904,-0.015,36.16460724
1668795822.2042682,2.726,2.726,-0.00303726,-0.012,33.66463951
1668795883.1543272,2.728,2.728,-0.00325182,-0.015,36.80119476
1668795943.3455646,2.728,2.73,-0.00309228,-0.013,39.8633806
1668796003.160523,2.734,2.734,-0.00290606,-0.01,45.54622004
1668796063.925093,2.734,2.737,-0.00266674,-0.007,49.15015754
1668796123.9378648,2.742,2.742,-0.00190409,0.002,54.54928268
1668796183.871766,2.742,2.734,-0.00254227,-0.006,45.88007988
1668796244.7050128,2.742,2.742,-0.0017776,-0.001,54.561832
1668796304.7761552,2.738,2.738,-0.00147733,-0.005,50.2236001
1668796364.7220502,2.737,2.737,-0.00130501,0.001,49.1710139
1668796425.60231,2.737,2.738,-0.00122524,0.002,50.2236001
1668796485.488479,2.738,2.738,-0.00101377,0.003,50.2236001
1668796545.5872078,2.738,2.735,-0.00125309,0.0,46.9748252
1668796606.5773134,2.737,2.737,-0.00110108,0.007,49.32809871
1668796666.5647254,2.737,2.737,-0.00110108,0.007,49.32809871
1668796726.5896726,2.737,2.737,-0.00110108,0.007,49.32809871
1668796787.3074465,2.737,2.737,-0.00110108,0.007,49.32809871
1668796847.4999018,2.742,2.742,-0.00057058,0.016,54.73643563
1668796907.330364,2.742,2.742,-0.00057058,0.016,54.73643563
1668796968.4881415,2.742,2.742,-0.00057058,0.016,54.73643563
1668797028.181212,2.742,2.742,-0.00057058,0.016,54.73643563
1668797088.3027167,2.742,2.742,-0.00057058,0.016,54.73643563
1668797149.2812333,2.74,2.74,-0.00030799,0.012,52.33043594
1668797209.270523,2.742,2.742,-7.9e-07,0.012,54.37502572
1668797269.357497,2.738,2.738,-0.00020146,0.001,49.95901274
1668797330.1861837,2.738,2.738,-0.00041524,0.004,50.27732197
1668797390.1349702,2.739,2.739,-0.00012505,-0.003,51.20276264
1668797450.1324308,2.739,2.737,-0.0002846,-0.005,49.04475786
1668797511.4019153,2.739,2.737,-0.0002846,-0.005,49.04475786
1668797570.8756669,2.739,2.737,-0.0002846,-0.005,49.04475786
1668797630.9793792,2.739,2.737,-0.0002846,-0.005,49.04475786
1668797693.1685796,2.737,2.734,-0.00054332,-0.004,45.9185145
1668797753.288541,2.737,2.734,-0.00054332,-0.004,45.9185145
1668797813.2240171,2.737,2.734,-0.00054332,-0.004,45.9185145
1668797874.0818875,2.737,2.734,-0.00054332,-0.004,45.9185145
1668797933.9186554,2.737,2.734,-0.00054332,-0.004,45.9185145
1668797994.2351692,2.737,2.734,-0.00054332,-0.004,45.9185145
1668798055.7394724,2.738,2.738,-0.00042073,0.0,50.45341089
1668798114.8347237,2.738,2.738,-0.00042073,0.0,50.45341089
1668798174.7729702,2.746,2.746,0.00070888,0.009,58.21731585
1668798235.5521028,2.751,2.746,0.00150227,0.004,56.44979221
1668798295.6141906,2.751,2.746,0.00150227,0.004,56.44979221
1668798355.5733624,2.747,2.746,0.00179426,0.007,56.44979221
1668798416.4639974,2.746,2.743,0.00176327,0.004,53.08740269
1668798476.5174832,2.743,2.743,0.00171889,0.009,53.08740269
1668798537.2559144,2.742,2.742,0.00158476,0.002,51.89248428
1668798597.295935,2.741,2.741,0.00138184,0.004,50.66438292
1668798657.3179028,2.741,2.741,0.00138184,0.004,50.66438292
1668798717.5498512,2.74,2.74,0.00112733,0.006,49.40520489
1668798778.229318,2.739,2.738,0.00075555,0.0,46.89490986
1668798838.1634946,2.743,2.743,0.00085451,0.0,53.28533811
1668798898.329432,2.737,2.737,1.254e-05,-0.014,45.97131389
1668798959.325955,2.737,2.737,1.254e-05,-0.014,45.97131389
1668799019.281803,2.737,2.737,1.254e-05,-0.014,45.97131389
1668799079.316789,2.739,2.739,-5.022e-05,-0.007,48.95892073
1668799140.0690217,2.739,2.744,0.00034864,-0.002,55.15796028
1668799200.0524902,2.739,2.744,0.00034864,-0.002,55.15796028
1668799260.1042757,2.74,2.74,0.0002889,-0.006,49.93317541
1668799320.936458,2.74,2.739,0.00020913,-0.007,48.77806163
1668799380.84606,2.74,2.739,0.00020913,-0.007,48.77806163
1668799441.0315533,2.741,2.741,0.00025699,-0.002,51.20908546
1668799502.0192556,2.741,2.741,0.00025699,-0.002,51.20908546
1668799562.0149565,2.745,2.745,0.00061064,0.002,55.73407357
1668799622.0467408,2.746,2.746,0.00096054,0.004,56.81242906
1668799682.9076896,2.746,2.746,0.00096054,0.004,56.81242906
1668799742.9391909,2.75,2.75,0.00154281,0.009,60.91406899
1668799802.8452165,2.75,2.746,0.00166234,0.006,55.26196952
1668799863.6788716,2.75,2.746,0.00166234,0.006,55.26196952
1668799923.9264898,2.75,2.746,0.00173704,0.008,55.26196952
1668799983.7649307,2.746,2.745,0.001696,0.009,53.81420318
1668800044.5344388,2.745,2.745,0.00164452,0.008,53.81420318
1668800103.6763043,2.745,2.745,0.00164452,0.008,53.81420318
1668800163.6398137,2.746,2.746,0.00166522,0.002,55.17612105
1668800223.6373658,2.747,2.747,0.00174223,0.008,56.55574128
1668800283.7491963,2.747,2.747,0.00174223,0.008,56.55574128
1668800343.6577654,2.743,2.743,0.00146363,0.002,49.93509114
1668800403.7481594,2.746,2.746,0.00146798,0.001,54.25990071
1668800463.657358,2.746,2.746,0.00146798,0.001,54.25990071
1668800523.8068378,2.746,2.746,0.00146798,0.001,54.25990071
1668800583.830474,2.746,2.746,0.00146798,0.001,54.25990071
1668800643.6492386,2.746,2.746,0.00146798,0.001,54.25990071
1668800703.56655,2.746,2.746,0.00146798,0.001,54.25990071
1668800763.6666265,2.746,2.746,0.00146798,0.001,54.25990071
1668800823.6727731,2.746,2.746,0.00145466,0.0,54.25990071
1668800883.6128688,2.746,2.746,0.00145466,0.0,54.25990071
1668800943.7676537,2.746,2.746,0.00145466,0.0,54.25990071
1668801003.6483462,2.746,2.742,0.00110856,-0.008,47.86596219
1668801063.55224,2.746,2.742,0.00110856,-0.008,47.86596219
1668801123.721382,2.743,2.743,0.00090454,-0.003,49.46910118
1668801183.6579368,2.743,2.742,0.00082477,-0.004,47.86596219
1668801243.917317,2.743,2.742,0.00082477,-0.004,47.86596219
1668801303.709561,2.743,2.742,0.00082477,-0.004,47.86596219
1668801363.683402,2.747,2.747,0.00099189,0.001,55.47265147
1668801423.7855084,2.747,2.745,0.00083234,-0.001,52.71285267
1668801483.7172792,2.745,2.745,0.00082879,0.0,52.71285267
1668801543.6581893,2.746,2.755,0.00161428,0.01,65.21494392
1668801603.7393196,2.746,2.755,0.00161428,0.01,65.21494392
1668801663.7917309,2.758,2.758,0.00245062,0.012,67.95236422
1668801724.206983,2.753,2.753,0.00267908,0.006,59.54215572
1668801783.6444924,2.759,2.759,0.00330617,0.016,65.12086607
1668801843.6835668,2.756,2.755,0.00344072,0.009,59.25478666
1668801903.855432,2.756,2.755,0.00344072,0.009,59.25478666
1668801964.0049622,2.756,2.755,0.00344072,0.009,59.25478666
1668802023.8136218,2.756,2.755,0.00344072,0.009,59.25478666
1668802083.7863033,2.755,2.752,0.00326761,0.006,55.2359915
1668802143.915867,2.753,2.752,0.00309474,0.01,55.2359915
1668802203.713337,2.754,2.753,0.00300381,0.011,56.3796842
1668802263.7767954,2.754,2.754,0.0029781,0.009,57.54774599
1668802323.8948274,2.754,2.754,0.00292403,0.009,57.54774599
1668802383.7587166,2.754,2.754,0.00284834,-0.001,57.54774599
1668802443.845282,2.754,2.76,0.00323521,0.002,64.64286084
1668802503.7868075,2.757,2.755,0.003041,0.002,56.63882094
1668802563.837118,2.757,2.755,0.003041,0.002,56.63882094
1668802624.6301086,2.752,2.752,0.00267736,-0.007,52.02234105
1668802683.8320346,2.752,2.751,0.00259759,-0.008,50.64632522
1668802743.8962667,2.752,2.752,0.00230036,-0.003,52.01323452
1668802803.7848291,2.752,2.749,0.00206105,-0.006,47.91650915
1668802863.8173249,2.751,2.749,0.00161719,-0.003,47.91650915
1668802923.8566668,2.749,2.749,0.00125101,-0.003,47.91650915
1668802983.833862,2.749,2.749,0.00094986,-0.004,47.91650915
1668803043.850392,2.749,2.749,0.00070309,-0.005,47.91650915
1668803104.3110158,2.749,2.749,0.00050174,-0.005,47.91650915
1668803163.8979714,2.749,2.749,0.00039986,-0.005,47.93388132
1668803223.8226936,2.749,2.749,0.00039986,-0.005,47.93388132
1668803283.807259,2.75,2.75,0.00033275,-0.009,50.02669035
1668803343.6628706,2.75,2.75,0.00027639,-0.005,50.02669035
1668803403.8199184,2.75,2.75,0.00027639,-0.005,50.02669035
1668803463.7581103,2.75,2.75,0.00027639,-0.005,50.02669035
1668803524.1270328,2.755,2.754,0.00054816,0.003,57.88060044
1668803583.8314807,2.755,2.754,0.00054816,0.003,57.88060044
1668803643.818062,2.75,2.748,0.00027621,-0.001,46.1612979
1668803703.7424057,2.746,2.746,-9.954e-05,-0.003,43.03349897
1668803763.7720573,2.746,2.745,-0.00017932,-0.004,41.62334103
1668803823.7120397,2.746,2.745,-0.00017932,-0.004,41.62334103
1668803883.695873,2.743,2.739,-0.0010128,-0.01,34.35014068
1668803943.8030305,2.743,2.739,-0.0010128,-0.01,34.35014068
1668804004.1430843,2.745,2.745,-0.00117564,-0.004,44.74754388
1668804063.8372252,2.745,2.746,-0.00121005,-0.003,46.27476815
1668804123.8509405,2.745,2.745,-0.001303,-0.005,44.93712223
1668804183.8475747,2.745,2.745,-0.00136097,-0.004,44.93712223
1668804243.8855026,2.745,2.745,-0.00136097,-0.004,44.93712223
1668804303.77835,2.745,2.745,-0.00136097,-0.004,44.93712223
1668804363.9146936,2.745,2.745,-0.00136097,-0.004,44.93712223
1668804423.8117816,2.745,2.745,-0.00136097,-0.004,44.93712223
1668804483.9964864,2.745,2.745,-0.00136097,-0.004,44.93712223
1668804544.192196,2.745,2.745,-0.00136097,-0.004,44.93712223
1668804603.8795855,2.745,2.745,-0.00136097,-0.004,44.93712223
1668804663.8766158,2.745,2.745,-0.00136097,-0.004,44.93712223
1668804723.7575247,2.745,2.745,-0.00136097,-0.004,44.93712223
1668804784.0464468,2.745,2.745,-0.00136097,-0.004,44.93712223
1668804843.880119,2.745,2.745,-0.00136097,-0.004,44.93712223
1668804903.829074,2.746,2.747,-0.00123133,-0.003,48.3970782
1668804963.880063,2.747,2.747,-0.00111573,-0.003,48.3970782
1668805023.8769958,2.747,2.747,-0.00111573,-0.003,48.3970782
1668805083.895836,2.747,2.747,-0.00111573,-0.003,48.3970782
1668805143.9886684,2.747,2.747,-0.00111573,-0.003,48.3970782
1668805203.8068497,2.748,2.748,-0.00093268,-0.006,50.21126551
1668805263.873577,2.748,2.747,-0.00101245,-0.007,48.3970782
1668805323.8515117,2.748,2.747,-0.00101245,-0.007,48.3970782
1668805383.8285031,2.748,2.747,-0.00101245,-0.007,48.3970782
1668805443.8516967,2.751,2.751,-0.0006009,0.003,55.39792782
1668805503.8661094,2.751,2.751,-0.0006009,0.003,55.39792782
1668805563.89816,2.751,2.751,-0.0006009,0.003,55.39792782
1668805623.9243257,2.755,2.755,4.747e-05,0.01,61.08373688
1668805683.964743,2.751,2.751,0.00023582,0.012,53.71015774
1668805743.9984078,2.754,2.754,0.00062002,0.009,57.8224161
1668805803.888888,2.754,2.754,0.00062002,0.009,57.8224161
1668805863.9167454,2.75,2.75,0.00059488,0.004,51.2809623
1668805924.4082987,2.75,2.75,0.00059488,0.004,51.2809623
1668805983.836476,2.75,2.75,0.00059488,0.004,51.2809623
1668806043.9363463,2.75,2.75,0.00059488,0.004,51.2809623
1668806103.886066,2.75,2.75,0.00059488,0.004,51.2809623
1668806163.9515617,2.75,2.75,0.00059488,0.004,51.2809623
1668806223.8748152,2.755,2.755,0.00096727,0.01,57.71982953
1668806283.7908454,2.755,2.755,0.001248,0.01,57.71982953
1668806343.8901358,2.755,2.755,0.001248,0.01,57.71982953
1668806404.085188,2.757,2.757,0.00161326,0.01,60.16232682
1668806463.8617628,2.756,2.759,0.00179424,0.012,61.55984111
1668806524.0511436,2.756,2.76,0.00187401,0.013,62.54177111
1668806583.8618226,2.756,2.76,0.00187401,0.013,62.54177111
1668806643.904569,2.756,2.76,0.00187401,0.013,62.54177111
1668806703.982044,2.756,2.76,0.00187401,0.013,62.54177111
1668806763.9731584,2.756,2.76,0.00187401,0.013,62.54177111
1668806823.892675,2.756,2.76,0.00187401,0.013,62.54177111
1668806883.9218369,2.756,2.76,0.00187401,0.013,62.54177111
1668806943.9545836,2.756,2.76,0.00187401,0.013,62.54177111
1668807003.8752515,2.754,2.754,0.00182831,0.007,53.68134379
1668807063.8743856,2.754,2.754,0.00182831,0.007,53.68134379
1668807124.019545,2.757,2.757,0.00201098,0.006,56.9643208
1668807183.951712,2.754,2.756,0.00186664,0.001,56.08643368
1668807243.8594253,2.754,2.756,0.00186664,0.001,56.08643368
1668807303.9262812,2.755,2.755,0.00184001,0.004,54.56093494
1668807364.063856,2.755,2.755,0.00184001,0.004,54.56093494
1668807424.0760214,2.755,2.755,0.00184001,0.004,54.56093494
1668807483.970677,2.759,2.759,0.00211727,0.005,59.32645918
1668807543.948534,2.759,2.762,0.00235658,0.008,62.29245679
1668807603.9305024,2.755,2.755,0.00217604,0.005,52.6456651
1668807663.951602,2.759,2.759,0.00232888,0.004,56.7658872
1668807723.9122727,2.759,2.759,0.00232888,0.004,56.7658872
1668807783.878023,2.756,2.756,0.00218278,0.001,53.03855167
1668807844.0360842,2.756,2.756,0.00218278,0.001,53.03855167
1668807904.615832,2.754,2.755,0.00196366,0.002,51.81717885
1668807964.376831,2.754,2.755,0.00196366,0.002,51.81717885
1668808023.942859,2.754,2.755,0.00196366,0.002,51.81717885
1668808083.9818983,2.754,2.755,0.00196366,0.002,51.81717885
1668808144.006617,2.754,2.755,0.00196366,0.002,51.81717885
1668808203.8768911,2.754,2.755,0.00196366,0.002,51.81717885
1668808263.9992816,2.757,2.757,0.00192915,-0.003,54.09405899
1668808323.989781,2.757,2.757,0.00192915,-0.003,54.09405899
1668808384.877375,2.757,2.757,0.00192915,-0.003,54.09405899
1668808443.8664763,2.757,2.757,0.00192915,-0.003,54.09405899
1668808503.9364402,2.757,2.757,0.00192915,-0.003,54.09405899
1668808563.9777806,2.761,2.759,0.00203967,0.005,56.31708351
1668808623.9818623,2.761,2.757,0.00188013,0.003,54.09405899
1668808683.954423,2.761,2.757,0.00188013,0.003,54.09405899
1668808743.9803655,2.761,2.757,0.00188013,0.003,54.09405899
1668808804.0033467,2.761,2.757,0.00188013,0.003,54.09405899
1668808864.7333772,2.756,2.756,0.00174052,0.002,52.65129151
1668808924.0209055,2.756,2.757,0.00182029,0.003,54.09405899
1668808983.9918256,2.756,2.757,0.00182029,0.003,54.09405899
1668809044.040172,2.756,2.757,0.00182029,0.003,54.09405899
1668809104.327917,2.758,2.756,0.0016729,0.0,52.54349062
1668809163.9648297,2.758,2.756,0.0016729,0.0,52.54349062
1668809224.021001,2.758,2.756,0.0016729,0.0,52.54349062
1668809284.636649,2.754,2.754,0.00137881,-0.001,49.48816582
1668809344.997907,2.758,2.757,0.001372,-0.005,53.8254427
1668809404.7684398,2.758,2.757,0.001372,-0.005,53.8254427
1668809465.5595694,2.758,2.757,0.001372,-0.005,53.8254427
1668809525.520833,2.758,2.757,0.001372,-0.005,53.8254427
1668809585.651426,2.758,2.757,0.001372,-0.005,53.8254427
1668809647.303061,2.758,2.757,0.001372,-0.005,53.8254427
1668809707.228582,2.758,2.758,0.00143081,0.003,55.20616298
1668809767.386863,2.758,2.758,0.00143081,0.003,55.20616298
1668809828.1732814,2.758,2.758,0.00143081,0.003,55.20616298
1668809888.094595,2.758,2.758,0.00143081,0.003,55.20616298
1668809948.157388,2.757,2.757,0.0013808,-0.002,53.48385679
1668810008.918085,2.757,2.757,0.0013808,-0.002,53.48385679
1668810069.032986,2.757,2.757,0.0013808,-0.002,53.48385679
1668810129.1032348,2.757,2.757,0.0013808,-0.002,53.48385679
1668810189.865226,2.758,2.758,0.00140566,0.002,54.99588438
1668810249.8361309,2.758,2.758,0.00140566,0.002,54.99588438
1668810309.841176,2.758,2.758,0.00140566,0.002,54.99588438
1668810371.009148,2.758,2.758,0.00140566,0.002,54.99588438
1668810431.0087397,2.758,2.758,0.00140566,0.002,54.99588438
1668810491.088753,2.758,2.758,0.00140566,0.002,54.99588438
1668810551.6094666,2.758,2.758,0.00140566,0.002,54.99588438
1668810611.0543466,2.758,2.758,0.00140566,0.002,54.99588438
1668810671.0661426,2.758,2.758,0.00140566,0.002,54.99588438
1668810731.0098794,2.759,2.759,0.00148889,0.004,56.5180087
1668810791.195263,2.759,2.759,0.00153713,0.002,56.5180087
1668810850.9938097,2.755,2.755,0.00117673,-0.002,48.97151139
1668810910.9116976,2.755,2.753,0.00101718,-0.004,45.85451691
1668810970.9420917,2.755,2.753,0.00101718,-0.004,45.85451691
1668811030.9941392,2.757,2.757,0.00097981,0.0,52.38243092
1668811091.2451732,2.757,2.757,0.00097981,0.0,52.38243092
1668811151.0141108,2.757,2.757,0.00097981,0.0,52.38243092
1668811210.938766,2.757,2.757,0.00097981,0.0,52.38243092
1668811271.265335,2.751,2.751,0.00046074,-0.005,43.84366702
1668811331.0599227,2.752,2.752,-0.00013313,-0.005,45.43997738
1668811391.0412886,2.752,2.752,-0.00013313,-0.005,45.43997738
1668811451.27053,2.752,2.752,-0.00013313,-0.005,45.43997738
1668811511.0475054,2.752,2.752,-0.00013313,-0.005,45.43997738
1668811571.0326765,2.752,2.752,-0.00033665,-0.006,45.43997738
1668811631.1342697,2.753,2.753,-0.0004125,-0.004,47.3106404
1668811691.1242433,2.759,2.759,1.141e-05,0.001,56.86653409
1668811751.0958817,2.76,2.76,0.00042317,0.001,58.22636251
1668811811.078699,2.76,2.76,0.00042317,0.001,58.22636251
1668811871.0766995,2.76,2.76,0.00042317,0.001,58.22636251
1668811931.0261652,2.757,2.757,0.00050164,-0.001,52.84401759
1668811990.9969454,2.759,2.759,0.00059377,0.006,55.35797414
1668812050.9774375,2.759,2.759,0.00059377,0.006,55.35797414
1668812111.3537805,2.759,2.759,0.00059377,0.006,55.35797414
1668812171.34645,2.759,2.759,0.00059377,0.006,55.35797414
1668812231.0846968,2.759,2.759,0.00059377,0.006,55.35797414
1668812291.1004434,2.759,2.759,0.00059377,0.006,55.35797414
1668812351.187047,2.759,2.759,0.00059377,0.006,55.35797414
1668812411.1429496,2.759,2.759,0.00078418,0.002,55.35797414
1668812471.1577797,2.759,2.759,0.00078418,0.002,55.35797414
1668812531.1373272,2.759,2.759,0.00092442,0.008,55.35797414
1668812591.1245704,2.757,2.757,0.00086422,0.005,51.76540877
1668812651.1532445,2.757,2.756,0.00078445,0.004,50.13849045
1668812711.2807262,2.755,2.755,0.00036238,0.003,48.71063277
1668812771.0759332,2.755,2.755,0.00036238,0.003,48.71063277
1668812830.9525912,2.755,2.755,0.00036238,0.003,48.71063277
1668812891.399804,2.755,2.755,0.00036238,0.003,48.71063277
1668812951.2964952,2.755,2.755,0.00036238,0.003,48.71063277
1668813011.1535025,2.755,2.755,0.00036238,0.003,48.71063277
1668813071.1800015,2.755,2.755,0.00036238,0.003,48.71063277
1668813131.1078267,2.755,2.755,0.00024549,0.002,48.71063277
1668813191.1084824,2.755,2.755,0.00024549,0.002,48.71063277
1668813251.13904,2.753,2.753,-8.43e-06,-0.006,45.2460538
1668813311.1631248,2.751,2.751,-0.00036682,-0.009,42.0269206
1668813371.2601352,2.754,2.754,-0.00040411,-0.001,48.00295199
1668813431.1430185,2.754,2.754,-0.00040411,-0.001,48.00295199
1668813491.0865903,2.754,2.754,-0.00042872,-0.005,48.00295199
1668813551.133973,2.75,2.75,-0.00076221,-0.009,41.40318825
1668813611.139556,2.75,2.754,-0.00044312,-0.005,48.00295199
1668813671.1229928,2.75,2.754,-0.00044312,-0.005,48.00295199
1668813731.1638265,2.755,2.755,-0.00036958,-0.004,50.14263113
1668813791.1606114,2.755,2.755,-0.00036958,-0.004,50.14263113
1668813851.159184,2.753,2.753,-0.00046729,-0.003,46.06027258
1668813911.1037872,2.753,2.753,-0.00046729,-0.003,46.06027258
1668813971.2411523,2.753,2.753,-0.00046729,-0.003,46.06027258
1668814031.344807,2.753,2.753,-0.00053852,-0.001,46.06027258
1668814091.2090638,2.753,2.753,-0.00058819,-0.002,46.06027258
1668814151.1535892,2.753,2.752,-0.00066797,-0.003,43.98375459
1668814211.2920127,2.755,2.755,-0.00046408,0.002,51.26420971
1668814271.1045437,2.755,2.757,-0.00030454,0.004,55.3284004
1668814331.1620004,2.755,2.755,-0.00022738,0.004,50.76898436
1668814391.165025,2.757,2.757,-4.8e-06,0.003,54.78188363
1668814451.336376,2.757,2.757,-4.8e-06,0.003,54.78188363
1668814511.2064383,2.757,2.757,-4.8e-06,0.003,54.78188363
1668814571.176754,2.759,2.763,0.00064828,0.009,64.20763186
1668814631.1547472,2.767,2.767,0.00147165,0.013,68.86691357
1668814691.1113296,2.77,2.77,0.00227769,0.015,71.89253965
1668814751.1154258,2.772,2.772,0.0031053,0.019,73.68585474
1668814811.2642102,2.772,2.774,0.00326484,0.021,75.26405976
1668814871.1390336,2.771,2.771,0.00376173,0.018,68.61627105
1668814931.1442487,2.771,2.769,0.00360218,0.016,64.80054683
1668814991.1467638,2.768,2.768,0.00374566,0.016,62.91659512
1668815051.309478,2.767,2.767,0.00373561,0.013,61.00651325
1668815111.0209036,2.767,2.764,0.00349629,0.01,55.91403848
1668815171.1688118,2.767,2.764,0.00349629,0.01,55.91403848
1668815231.212572,2.774,2.774,0.0040588,0.017,66.07862215
1668815291.2727816,2.774,2.774,0.00445326,0.019,66.07862215
1668815351.190814,2.774,2.774,0.00445326,0.019,66.07862215
1668815411.1274626,2.774,2.774,0.00445326,0.019,66.07862215
1668815471.2354386,2.774,2.774,0.00445326,0.019,66.07862215
1668815531.1333542,2.776,2.776,0.0048711,0.019,67.80063335
1668815591.2129557,2.775,2.775,0.00500159,0.012,66.96205129
1668815651.2193174,2.775,2.777,0.00516114,0.014,68.71683502
1668815711.175456,2.777,2.777,0.00539206,0.011,68.71683502
1668815771.4054687,2.777,2.777,0.00539206,0.011,68.71683502
1668815831.2215917,2.777,2.777,0.00539206,0.011,68.71683502
1668815891.199435,2.777,2.777,0.00539206,0.011,68.71683502
1668815951.1691985,2.777,2.777,0.00539206,0.011,68.71683502
1668816011.3039496,2.775,2.775,0.00535199,0.005,64.72950505
1668816071.1536028,2.775,2.775,0.00507483,0.001,62.75798386
1668816131.1244469,2.775,2.775,0.0046794,0.006,61.8876281
1668816191.2725286,2.768,2.77,0.00392195,0.002,56.30967198
1668816251.3647609,2.768,2.77,0.00392195,0.002,56.30967198
1668816311.1363518,2.768,2.77,0.00392195,0.002,56.30967198
1668816671.262317,2.77,2.77,0.0035963,0.006,56.30967198
1668817091.167457,2.774,2.774,0.00361927,0.0,61.88364112
1668817271.141264,2.774,2.774,0.00361927,0.0,61.88364112
1668817511.2620318,2.769,2.769,0.00319717,-0.005,52.81341344
1668817571.206322,2.769,2.769,0.00283002,-0.006,52.81341344
1668817631.2362678,2.769,2.769,0.00283002,-0.006,52.81341344
1668817751.4049406,2.769,2.769,0.00251012,-0.008,52.81341344
1668817811.32145,2.769,2.769,0.00223088,-0.008,52.81341344
1668817871.2784948,2.768,2.77,0.00392195,0.002,56.30967198
1668817931.2601194,2.77,2.77,0.0035963,0.006,56.30967198
1668817991.170489,2.77,2.77,0.0035963,0.006,56.30967198
1668818051.2439146,2.767,2.767,0.00147324,-0.003,49.23057385
1668818111.3016407,2.774,2.774,0.00361927,0.0,61.88364112
1668818171.3617134,2.767,2.767,0.00147324,-0.003,49.23057385
1668818231.2734094,2.763,2.763,0.00087985,-0.007,43.2111314
1668818291.2674356,2.761,2.761,0.00024538,-0.009,40.54193501
1668818351.37373,2.766,2.766,0.00020594,-0.004,48.85540775
1668818411.57349,2.766,2.769,0.00044526,-0.001,53.10137268
1668818471.2858636,2.766,2.769,0.00044526,-0.001,53.10137268
1668818531.246161,2.766,2.766,0.00029497,-0.008,48.74346741
1668818591.197695,2.766,2.766,0.00017386,-0.003,48.74346741
1668818651.2109394,2.766,2.766,0.00017386,-0.003,48.74346741
1668818711.2636597,2.766,2.766,0.00017386,-0.003,48.74346741
1668818771.4097338,2.766,2.766,7.699e-05,-0.003,48.74346741
1668818831.2076378,2.766,2.765,-2.78e-06,-0.004,47.24456953
1668818891.2676868,2.763,2.763,-0.00030069,-0.006,44.30982476
1668818951.2234693,2.763,2.763,-0.00030069,-0.006,44.30982476
1668819011.3185558,2.763,2.763,-0.00030069,-0.006,44.30982476
1668819071.2370715,2.763,2.763,-0.00053066,-0.003,44.30982476
1668819131.278241,2.763,2.763,-0.0007048,-0.006,44.30982476
1668819191.2667325,2.763,2.763,-0.0007048,-0.006,44.30982476
1668819251.2069626,2.763,2.763,-0.0007048,-0.006,44.30982476
1668819311.2234406,2.763,2.763,-0.0007048,-0.006,44.30982476
1668819371.2185118,2.766,2.766,-0.00059388,-0.001,50.11522023
1668819431.3401268,2.763,2.763,-0.00073952,0.0,45.05697438
1668819491.360082,2.763,2.763,-0.00079519,-0.006,45.46134531
1668819551.3421335,2.763,2.763,-0.00079519,-0.006,45.46134531
1668819611.3045146,2.763,2.763,-0.00079519,-0.006,45.46134531
1668819671.2720184,2.763,2.762,-0.00095172,-0.004,43.85943393
1668819731.1934402,2.763,2.762,-0.00095172,-0.004,43.85943393
1668819791.2602105,2.763,2.762,-0.00095172,-0.004,43.85943393
1668819851.2512045,2.763,2.762,-0.00095172,-0.004,43.85943393
1668819911.327589,2.763,2.762,-0.00095172,-0.004,43.85943393
1668819971.201007,2.763,2.763,-0.00098373,-0.003,45.91193017
1668820031.2969086,2.763,2.763,-0.00098373,-0.003,45.91193017
1668820091.3207135,2.763,2.763,-0.00098373,-0.003,45.91193017
1668820151.2487247,2.764,2.764,-0.00091733,0.001,48.11202632
1668820211.8461688,2.766,2.766,-0.00080763,0.003,52.38715369
1668820271.521524,2.766,2.767,-0.00072785,0.004,54.09809921
1668820331.7871566,2.765,2.765,-0.0009136,0.002,50.98168712
1668820391.5812953,2.765,2.765,-0.00092099,-0.001,51.44474846
1668820451.6033666,2.765,2.762,-0.00116031,-0.004,44.04440816
1668820512.5052342,2.765,2.762,-0.00116031,-0.004,44.04440816
1668820572.4833598,2.765,2.762,-0.00116031,-0.004,44.04440816
1668820632.5982697,2.765,2.762,-0.00116031,-0.004,44.04440816
1668820693.565025,2.762,2.762,-0.00115288,-0.001,44.04440816
1668820753.223079,2.762,2.762,-0.00115288,-0.001,44.04440816
1668820813.2007637,2.762,2.762,-0.00115288,-0.001,44.04440816
1668820873.9855824,2.768,2.768,-0.00065529,0.003,58.65922703
1668820933.8989882,2.768,2.763,-0.00105415,-0.002,47.15787246
1668820993.9184818,2.768,2.763,-0.00105415,-0.002,47.15787246
1668821055.6132689,2.768,2.763,-0.00105415,-0.002,47.15787246
1668821114.5530353,2.768,2.763,-0.00105415,-0.002,47.15787246
1668821173.8311958,2.768,2.763,-0.00105415,-0.002,47.15787246
1668821233.9114642,2.761,2.761,-0.00112432,-0.002,42.11112141
1668870523.9366424,2.763,2.763,0.00020763,0.003,56.29413966
1668870583.8386357,2.763,2.763,0.00045133,0.002,56.29413966
1668870643.9324305,2.762,2.762,0.00061894,0.003,53.76855841
1668870708.7231736,2.762,2.762,0.0006807,0.001,53.76855841
1668870763.8433197,2.761,2.761,0.00064156,0.0,51.66679417
1668870823.7490635,2.761,2.761,0.00060359,0.002,51.66679417
1668870884.0616302,2.761,2.761,0.00060359,0.002,51.66679417
1668870943.9853292,2.761,2.761,0.00060359,0.002,51.66679417
1668871003.8164735,2.761,2.761,0.00060359,0.002,51.66679417
1668871063.890044,2.758,2.758,0.00010771,0.002,45.48124114
1668871123.7891464,2.758,2.758,0.00010771,0.002,45.48124114
1668871183.910118,2.758,2.758,-6.583e-05,0.001,45.48124114
1668871243.9444244,2.758,2.758,-0.00030469,-0.005,45.48124114
1668871303.8691423,2.758,2.757,-0.00038446,-0.006,43.16432937
1668871363.931841,2.758,2.757,-0.00038446,-0.006,43.16432937
1668871423.8688862,2.758,2.757,-0.00038446,-0.006,43.16432937
1668871483.9984665,2.758,2.757,-0.00038446,-0.006,43.16432937
1668871543.9637485,2.758,2.757,-0.00038446,-0.006,43.16432937
1668871603.9234676,2.758,2.757,-0.00038446,-0.006,43.16432937
1668871663.875733,2.76,2.76,-0.00028447,-0.004,51.19651857
1668871723.959618,2.76,2.76,-0.00020288,-0.002,51.19651857
1668871784.025622,2.759,2.759,-0.00021642,-0.003,48.544358
1668871843.9588432,2.759,2.759,-0.00021642,-0.003,48.544358
1668871903.9594247,2.759,2.759,-0.00021642,-0.003,48.544358
1668871964.282093,2.759,2.759,-0.00021642,-0.003,48.544358
1668872024.0265894,2.759,2.759,-0.00021642,-0.003,48.544358
1668872083.873591,2.757,2.757,-0.00038411,-0.004,43.6716169
1668872144.1478677,2.757,2.757,-0.00038411,-0.004,43.6716169
1668872203.820083,2.757,2.757,-0.00038411,-0.004,43.6716169
1668872263.8957665,2.757,2.757,-0.00038411,-0.004,43.6716169
1668872324.0863209,2.757,2.757,-0.00038411,-0.004,43.6716169
1668872383.852827,2.758,2.758,-0.00043134,-0.003,46.56000578
1668872443.842759,2.758,2.758,-0.00043134,-0.003,46.56000578
1668872504.0359375,2.758,2.758,-0.00043134,-0.003,46.56000578
1668872563.9934494,2.758,2.758,-0.00043134,-0.003,46.56000578
1668872623.9296343,2.758,2.758,-0.00043134,-0.003,46.56000578
1668872683.9040596,2.758,2.758,-0.00043134,-0.003,46.56000578
1668872743.9818256,2.758,2.758,-0.00043134,-0.003,46.56000578
1668872804.2615323,2.758,2.758,-0.00043134,-0.003,46.56000578
1668872863.8637393,2.758,2.758,-0.00043134,-0.003,46.56000578
1668872923.9473648,2.758,2.758,-0.00043134,-0.003,46.56000578
1668872984.230697,2.758,2.758,-0.00046342,0.0,46.56000578
1668873044.1267967,2.758,2.758,-0.00046342,0.0,46.56000578
1668873103.905985,2.758,2.758,-0.00046342,0.0,46.56000578
1668873164.1848752,2.758,2.758,-0.00046342,0.0,46.56000578
1668873224.0896833,2.758,2.758,-0.00046342,0.0,46.56000578
1668873284.0185547,2.758,2.758,-0.00048328,0.0,46.56000578
1668873344.0602598,2.76,2.76,-0.00033379,0.002,52.62786361
1668873404.06045,2.758,2.758,-0.00037241,0.0,46.89372238
1668873463.9613657,2.758,2.759,-0.00029263,0.001,49.59560081
1668873524.0221455,2.758,2.759,-0.00029263,0.001,49.59560081
1668873583.943359,2.756,2.756,-0.00065034,-0.004,41.81234114
1668873644.0783577,2.756,2.756,-0.00076355,-0.004,41.81234114
1668873703.9278846,2.756,2.759,-0.00052424,-0.001,50.77214746
1668873764.257374,2.756,2.757,-0.00057901,-0.002,45.71799501
1668873824.1078537,2.756,2.757,-0.00057901,-0.002,45.71799501
1668873884.0102215,2.758,2.758,-0.00053556,0.001,48.47957079
1668873943.8966815,2.758,2.758,-0.00053556,0.001,48.47957079
1668874003.959626,2.758,2.758,-0.00053556,0.001,48.47957079
1668874063.9035797,2.759,2.759,-0.00041563,0.001,51.15565665
1668874124.110011,2.759,2.759,-0.00031694,0.001,51.15565665
1668874183.9457552,2.759,2.759,-0.00031694,0.001,51.15565665
1668874244.0124936,2.759,2.759,-0.00031694,0.001,51.15565665
1668874304.048174,2.759,2.759,-0.00031694,0.001,51.15565665
1668874363.926123,2.759,2.759,-0.00031694,0.001,51.15565665
1668874424.0660243,2.759,2.759,-0.00023601,0.001,51.15565665
1668874484.000872,2.759,2.759,-0.00023601,0.001,51.15565665
1668874544.3437517,2.759,2.759,-0.00023601,0.001,51.15565665
1668874604.588977,2.759,2.759,-0.00023601,0.001,51.15565665
1668874664.1076453,2.758,2.758,-0.00024968,-0.002,48.03913735
1668874723.9955144,2.758,2.758,-0.00024968,-0.002,48.03913735
1668874784.1073909,2.758,2.758,-0.00024968,-0.002,48.03913735
1668874844.10596,2.757,2.757,-0.00033732,-0.002,45.08140875
1668874904.1514006,2.757,2.757,-0.00033732,-0.002,45.08140875
1669655806.1213026,2.626,2.63,0.0007108,-0.025,47.67332057
1669655866.196835,2.631,2.631,0.00047327,-0.021,48.25445721
1669655926.272683,2.632,2.632,0.00029813,-0.009,48.82764475
1669655986.34545,2.639,2.639,0.00114615,0.005,52.91699836
1669656046.402719,2.635,2.643,0.001555,0.003,55.21221163
1669656106.2515695,2.632,2.632,0.0010426,0.002,48.17979952
1669656166.3942325,2.634,2.634,0.00078882,0.006,49.44073231
1669656226.4845853,2.634,2.634,0.00058099,-0.001,49.44073231
1669656286.262045,2.634,2.634,0.00047313,0.007,49.40648973
1669656346.4246702,2.63,2.63,1.65e-06,0.006,46.64633073
1669656406.3933337,2.63,2.63,-0.00055253,-0.002,47.0630633
1669656466.536152,2.63,2.63,-0.0009777,-0.002,47.23155884
1669656526.5182168,2.63,2.627,-0.00121702,-0.005,44.77045995
1669656586.4881432,2.628,2.625,-0.00192841,-0.013,43.21220216
1669656646.5269265,2.628,2.627,-0.00176886,-0.011,44.77045995
1669656706.3790064,2.619,2.619,-0.00304365,-0.013,38.65102741
1669656766.508988,2.619,2.626,-0.00248525,-0.006,45.2279135
1669656826.3391404,2.621,2.621,-0.00303383,-0.014,41.24870581
1669656886.372833,2.621,2.624,-0.00279452,-0.011,43.61902242
1669656946.4794478,2.622,2.622,-0.00315385,-0.005,41.89076761
1669657006.3721502,2.624,2.624,-0.00300535,-0.003,44.35636651
1669657066.4533615,2.624,2.624,-0.00300535,-0.003,44.35636651
1669657126.4403007,2.629,2.628,-0.00259817,0.001,49.17337598
1669657186.4903376,2.629,2.629,-0.00216978,0.002,50.33101197
1669657246.427288,2.631,2.631,-0.00164987,0.004,52.65365208
1669657306.5386984,2.631,2.631,-0.00164987,0.004,52.65365208
1669657366.5576365,2.631,2.631,-0.00164987,0.004,52.65365208
1669657426.4067883,2.631,2.631,-0.00164987,0.004,52.65365208
1669657486.493828,2.631,2.631,-0.00087591,0.005,52.65365208
1669657546.4979887,2.626,2.626,-0.00105388,0.002,46.02886419
1669657606.5046866,2.626,2.626,-0.00093403,0.002,45.7592892
1669657666.5342462,2.626,2.621,-0.00133289,-0.003,40.25784573
1669657726.485531,2.626,2.621,-0.00133289,-0.003,40.25784573
1669657786.3913598,2.626,2.621,-0.00133289,-0.003,40.25784573
1669657846.4328914,2.626,2.621,-0.00133289,-0.003,40.25784573
1669657906.2824306,2.626,2.621,-0.00133289,-0.003,40.25784573
1669657966.4334,2.626,2.621,-0.00133289,-0.003,40.25784573
1669658026.542927,2.611,2.611,-0.00317768,-0.012,31.77627182
1669658086.5163682,2.611,2.614,-0.00293836,-0.009,34.02295837
1669658146.4723444,2.611,2.614,-0.00293836,-0.009,34.02295837
1669658206.4990008,2.611,2.614,-0.00293836,-0.009,34.02295837
1669658266.4027886,2.616,2.616,-0.00332192,-0.008,37.21024944
1669658326.5458689,2.62,2.62,-0.00289594,-0.008,43.19551469
1669658386.4017687,2.62,2.62,-0.00289594,-0.008,43.19551469
1669658446.5798774,2.62,2.62,-0.00289594,-0.008,43.19551469
1669658506.5792277,2.619,2.619,-0.00298397,-0.01,42.20768319
1669658566.649305,2.624,2.623,-0.00251506,-0.008,47.01136008
1669658626.523024,2.625,2.625,-0.0020238,-0.006,49.39111875
1669658686.5951838,2.611,2.611,-0.00347356,-0.019,36.6947754
1669658746.489159,2.61,2.61,-0.00408619,-0.019,35.99826681
1669658806.4542313,2.61,2.61,-0.00408619,-0.019,35.99826681
1669658866.4682083,2.607,2.597,-0.00549415,-0.024,27.98857579
1669658926.47755,2.595,2.595,-0.00687895,-0.02,27.88594186
1669658986.4337094,2.601,2.601,-0.00684984,-0.013,34.64253792
1669659046.565534,2.601,2.604,-0.00661053,-0.01,37.78147368
1669659106.5624676,2.601,2.604,-0.00661053,-0.01,37.78147368
1669659166.466992,2.603,2.603,-0.00677966,-0.019,37.14114064
1669659226.504101,2.603,2.603,-0.00683491,-0.017,37.14114064
1669659286.523377,2.606,2.606,-0.00656099,-0.016,40.64140811
1669659346.4638543,2.605,2.605,-0.00641297,-0.02,39.51878497
1669659406.7413,2.605,2.601,-0.00673206,-0.024,36.54174697
1669659466.431539,2.606,2.606,-0.00632801,-0.009,42.38446699
1669659526.5397997,2.606,2.604,-0.00648756,-0.011,40.18142372
1669659586.6057577,2.614,2.606,-0.00606252,-0.004,42.54722958
1669659646.5712776,2.611,2.611,-0.00526156,0.001,48.07608407
1669659706.5882516,2.611,2.611,-0.00457407,0.017,48.07608407
1669659766.571266,2.607,2.607,-0.0043024,0.006,44.13540844
1669659826.5645604,2.607,2.607,-0.0043024,0.006,44.13540844
1669659886.4223626,2.607,2.607,-0.0043024,0.006,44.13540844
1669659947.2598822,2.611,2.611,-0.00372144,0.007,48.6667332
1669660006.407585,2.611,2.611,-0.00372144,0.007,48.6667332
1669660066.480397,2.606,2.604,-0.00378226,0.001,42.21368952
1669660126.4615982,2.606,2.604,-0.00378226,0.001,42.21368952
1669660186.7275238,2.606,2.604,-0.00378226,0.001,42.21368952
1669660246.4609237,2.606,2.604,-0.00378226,0.001,42.21368952
1669660306.4355323,2.606,2.604,-0.00378226,0.001,42.21368952
1669660366.6459284,2.606,2.604,-0.00378226,0.001,42.21368952
1669660426.471308,2.61,2.61,-0.00330818,0.007,48.51526038
1669660486.4978828,2.61,2.61,-0.00330818,0.007,48.51526038
1669660546.372382,2.604,2.604,-0.00337768,-0.001,43.41651315
1669660606.4657898,2.604,2.604,-0.00337768,-0.001,43.41651315
1669660666.6058547,2.604,2.604,-0.00337768,-0.001,43.41651315
1669660726.4727838,2.602,2.602,-0.00355318,0.001,41.83810067
1669660786.5586138,2.608,2.608,-0.00317156,0.004,47.95146164
1669660846.48971,2.608,2.607,-0.00325133,0.003,47.0234055
1669660906.6138742,2.61,2.61,-0.00273847,0.004,49.90897517
1669660966.5542912,2.611,2.611,-0.00222568,0.0,50.86961615
1669661026.505573,2.608,2.608,-0.00222264,-0.003,48.03069729
1669661086.590123,2.607,2.607,-0.00196402,0.0,47.091906
1669661146.5237205,2.607,2.607,-0.00196402,0.0,47.091906
1669661206.5050712,2.607,2.607,-0.00186402,-0.004,47.091906
1669661266.4547973,2.603,2.603,-0.00263783,-0.001,44.83071484
1669661326.6409595,2.611,2.611,-0.00201336,0.001,52.06839494
1669661386.6284266,2.611,2.607,-0.00233245,-0.003,48.70359738
1669661446.5331972,2.61,2.61,-0.00182729,0.006,51.45603906
1669661506.5100126,2.609,2.609,-0.00114799,0.002,50.41035831
1669661566.6389184,2.609,2.607,-0.00130753,0.0,48.44151797
1669661626.4301243,2.602,2.602,-0.00161067,-0.008,43.83246882
1669661686.6004243,2.602,2.6,-0.00177021,-0.01,42.22542537
1669661746.489473,2.608,2.609,-0.00139459,0.001,50.9418785
1669661806.5498123,2.608,2.609,-0.00139459,0.001,50.9418785
1669661866.578034,2.603,2.603,-0.00156304,-0.007,45.96327611
1669661926.4380949,2.606,2.606,-0.00149948,-0.001,48.76400177
1669661986.6232386,2.606,2.606,-0.00149948,-0.001,48.76400177
1669662046.6912513,2.606,2.606,-0.00149948,-0.001,48.76400177
1669662106.686671,2.606,2.606,-0.00149948,-0.001,48.76400177
1669662166.721938,2.606,2.606,-0.00125311,0.003,48.76400177
1669662226.685593,2.606,2.606,-0.00114717,-0.001,48.76400177
1669662286.5245914,2.606,2.606,-0.0010511,-0.004,48.76400177
1669662346.5387366,2.606,2.606,-0.0010511,-0.004,48.76400177
1669662406.5723512,2.606,2.606,-0.0010511,-0.004,48.76400177
1669662466.3989463,2.606,2.606,-0.0010511,-0.004,48.76400177
1669662526.5550494,2.609,2.609,-0.00072454,-0.001,52.12311747
1669662586.638661,2.609,2.609,-0.00072454,-0.001,52.12311747
1669662646.5855324,2.606,2.606,-0.00069974,-0.001,48.68567351
1669662706.6113613,2.606,2.608,-0.0005402,0.001,50.92460958
1669662766.5705423,2.604,2.604,-0.0007087,0.004,46.33510949
1669662826.5976095,2.604,2.604,-0.0007087,0.004,46.33510949
1669662886.6072204,2.609,2.609,-0.00021345,0.007,52.14132369
1669662946.5427408,2.609,2.61,-0.00013368,0.008,53.23119141
1669663006.6579738,2.603,2.603,-0.00045544,-0.003,45.43187571
1669663066.5223932,2.603,2.603,-0.00045544,-0.003,45.43187571
1669663126.6492543,2.603,2.603,-0.00045544,-0.003,45.43187571
1669663186.509582,2.603,2.603,-0.00045544,-0.003,45.43187571
1669663246.4889202,2.603,2.603,-0.00045544,-0.003,45.43187571
1669663306.5258465,2.603,2.603,-0.00070233,-0.003,45.43187571
1669663366.6597362,2.607,2.607,-0.00056868,0.001,50.26150982
1669663426.5564234,2.607,2.607,-0.00045749,0.001,50.26150982
1669663486.5391943,2.607,2.607,-0.00045749,0.001,50.26150982
1669663546.6542404,2.61,2.61,0.00013544,0.001,53.81691252
1669663606.5391903,2.611,2.611,0.00041837,0.003,55.05881872
1669663667.03434,2.611,2.611,0.00041837,0.003,55.05881872
1669663726.6110525,2.611,2.611,0.00041837,0.003,55.05881872
1669663786.597986,2.611,2.611,0.00041837,0.003,55.05881872
1669663846.5597973,2.611,2.611,0.00041837,0.003,55.05881872
1669663906.698453,2.611,2.611,0.00041837,0.003,55.05881872
1669663966.6798818,2.611,2.611,0.00063527,0.007,55.05881872
1669664026.6298416,2.611,2.611,0.00063527,0.007,55.05881872
1669664086.5895677,2.611,2.611,0.00063527,0.007,55.05881872
1669664146.9050815,2.611,2.611,0.00063527,0.007,55.05881872
1669664206.586112,2.611,2.611,0.00079796,0.002,55.05881872
1669664266.600373,2.608,2.608,0.00067702,-0.002,50.01898707
1669664326.621323,2.608,2.608,0.00067702,-0.002,50.01898707
1669664386.728258,2.608,2.608,0.00067702,-0.002,50.01898707
1669664446.4998016,2.608,2.608,0.00067702,-0.002,50.01898707
1669664506.4146163,2.615,2.615,0.00113296,0.012,59.36542857
1669664566.546766,2.614,2.614,0.00139749,0.011,57.70529308
1669664626.6106608,2.614,2.614,0.00139749,0.011,57.70529308
1669664686.5084538,2.626,2.626,0.00310901,0.019,69.19479566
1669664746.540382,2.626,2.631,0.00350787,0.024,72.44886542
1669664806.4557188,2.63,2.63,0.00445416,0.02,70.83718569
1669664866.761875,2.619,2.619,0.00371298,0.009,56.75484762
1669664926.5293453,2.622,2.622,0.00407656,0.011,59.822538
1669664986.6454463,2.622,2.622,0.00407656,0.011,59.822538
1669665046.6334598,2.622,2.622,0.00405871,0.011,59.46372208
1669665106.5536127,2.622,2.622,0.0040211,0.014,59.46372208
1669665166.506935,2.621,2.622,0.0039458,0.007,59.46372208
1669665226.6239464,2.621,2.622,0.0039458,0.007,59.46372208
1669665286.649188,2.621,2.622,0.0039458,0.007,59.46372208
1669665346.533151,2.621,2.622,0.0039458,0.007,59.46372208
1669665406.6023943,2.621,2.622,0.0039458,0.007,59.46372208
1669665466.6164672,2.622,2.622,0.00384184,0.008,59.46372208
1669665526.592293,2.622,2.622,0.00384184,0.008,59.46372208
1669665586.522392,2.622,2.622,0.00384184,0.008,59.46372208
1669665646.660261,2.622,2.622,0.00384184,0.008,59.46372208
1669665706.5631237,2.619,2.619,0.00347729,-0.002,54.3450184
1669665766.501746,2.619,2.623,0.00379638,0.002,60.69767127
1669665826.5845947,2.619,2.623,0.00379638,0.002,60.69767127
1669665886.7927902,2.619,2.623,0.00379638,0.002,60.69767127
1669665946.597915,2.619,2.623,0.00379638,0.002,60.69767127
1669666006.6049583,2.623,2.623,0.0037175,-0.008,60.69767127
1669666066.5415893,2.622,2.622,0.00353357,0.001,58.62787809
1669666126.667389,2.622,2.619,0.00329425,-0.002,53.18685592
1669666186.5861754,2.624,2.624,0.00332396,0.002,59.87129405
1669666246.5983212,2.624,2.624,0.00332396,0.002,59.87129405
1669666306.6736553,2.624,2.624,0.00332396,0.002,59.87129405
1669666366.6782277,2.627,2.627,0.00354867,0.005,63.26098811
1669666426.5163894,2.627,2.627,0.00354867,0.005,63.26098811
1669666486.6343038,2.627,2.627,0.00354867,0.005,63.26098811
1669666546.9854057,2.627,2.627,0.00368429,0.006,63.26098811
1669666606.6935844,2.627,2.627,0.00374856,0.005,63.26098811
1669666666.7261858,2.627,2.624,0.00350924,0.002,57.61653522
1669666726.6765666,2.627,2.624,0.00350924,0.002,57.61653522
1669666786.6397865,2.627,2.624,0.00350924,0.002,57.61653522
1669666846.587703,2.63,2.63,0.00381074,0.008,64.44866984
1669666906.5305524,2.63,2.625,0.00341188,0.003,58.93192263
1669666966.7547193,2.624,2.625,0.00329671,0.003,58.93192263
1669667026.8399236,2.624,2.625,0.00329671,0.003,58.93192263
1669667086.898317,2.624,2.625,0.00329671,0.003,58.93192263
1669667146.7904563,2.624,2.625,0.00329671,0.003,58.93192263
1669667206.5759523,2.624,2.625,0.00329671,0.003,58.93192263
1669667266.8620124,2.624,2.624,0.00308914,0.002,56.88444067
1669667326.723921,2.628,2.628,0.0032104,0.005,62.49721599
1669667386.9676833,2.627,2.627,0.00325063,0.004,59.63107224
1669667446.8223925,2.627,2.627,0.00325063,0.004,59.63107224
1669667507.2484715,2.624,2.624,0.00294329,0.005,54.07768552
1669667566.6844594,2.624,2.623,0.00258919,-0.001,52.32830068
1669667626.7397351,2.628,2.628,0.00268111,0.001,59.40033557
1669667686.7286243,2.628,2.63,0.00284065,0.003,61.67454805
1669667746.640123,2.628,2.63,0.00284065,0.003,61.67454805
1669667806.6557865,2.628,2.63,0.00284065,0.003,61.67454805
1669667866.723108,2.628,2.63,0.00284065,0.003,61.67454805
1669667926.8216188,2.625,2.625,0.00260644,-0.002,53.59224329
1669667986.8613243,2.625,2.625,0.00239323,0.001,53.59224329
1669668046.6862018,2.625,2.622,0.00215392,-0.002,49.40848383
1669668106.6034417,2.622,2.622,0.0014576,-0.003,49.40848383
1669668166.760244,2.622,2.623,0.00153737,-0.002,50.89058432
1669668226.7446904,2.622,2.623,0.00153737,-0.002,50.89058432
1669668286.6936004,2.624,2.623,0.00133381,-0.001,50.89058432
1669668346.6422088,2.627,2.627,0.00147821,-0.002,56.76619215
1669668406.6756403,2.627,2.627,0.00147821,-0.002,56.76619215
1669668466.73584,2.627,2.627,0.00147821,-0.002,56.76619215
1669668526.7032082,2.622,2.622,0.00117564,-0.005,48.89177317
1669668586.6143482,2.622,2.616,0.00069701,-0.011,41.91465749
1669668646.6163304,2.622,2.616,0.00069701,-0.011,41.91465749
1669668706.676057,2.622,2.616,0.00069701,-0.011,41.91465749
1669668766.6797743,2.622,2.616,0.00069701,-0.011,41.91465749
1669668826.7264194,2.622,2.622,0.00055564,-0.002,49.65223504
1669668886.6963482,2.622,2.622,0.00055564,-0.002,49.65223504
1669668946.668373,2.622,2.622,0.00055564,-0.002,49.65223504
1669669006.6644578,2.622,2.622,0.00055564,-0.002,49.65223504
1669669066.6633651,2.622,2.622,0.00055564,-0.002,49.65223504
1669669126.7183278,2.622,2.622,0.00055564,-0.002,49.65223504
1669669186.9127305,2.63,2.63,0.00147272,0.0,57.73629376
1669669246.789772,2.631,2.627,0.00183482,0.002,52.95843404
1669669306.6444027,2.624,2.624,0.00136103,0.002,50.24741601
1669669366.6079268,2.624,2.624,0.00136103,0.002,50.24741601
1669669426.7573311,2.624,2.624,0.00136103,0.002,50.24741601
1669669486.7999225,2.624,2.624,0.00136103,0.002,50.24741601
1669669546.8249948,2.624,2.624,0.00136103,0.002,50.24741601
1669669606.7557318,2.624,2.624,0.00136103,0.002,50.24741601
1669669666.7058706,2.624,2.624,0.00099248,0.001,50.24741601
1669669726.6663432,2.624,2.623,0.00091271,0.0,49.19887543
1669669786.7307389,2.622,2.626,0.00094646,0.003,52.40747966
1669669846.774045,2.621,2.619,0.00015736,-0.008,44.92732003
1669669906.6361878,2.616,2.616,-0.000452,0.0,41.93325823
1669669966.7011435,2.616,2.62,-0.00013291,0.004,46.20759098
1669670026.8037758,2.616,2.62,-0.00013291,0.004,46.20759098
1669670086.6742852,2.616,2.62,-0.00013291,0.004,46.20759098
1669670146.8078487,2.623,2.614,-0.00083745,-0.008,40.17314449
1669670206.786716,2.615,2.615,-0.00183257,-0.02,42.53133319
1669670266.9206264,2.615,2.615,-0.00173339,-0.009,43.59462326
1669670326.7075243,2.62,2.62,-0.00130321,-0.004,48.49146501
1669670386.69194,2.62,2.62,-0.00130321,-0.004,48.49146501
1669670446.8687072,2.622,2.622,-0.00094826,-0.001,51.03864091
1669670506.7175226,2.622,2.622,-0.00094826,-0.001,51.03864091
1669670566.7716887,2.622,2.622,-0.00073919,0.0,51.03864091
1669670626.781447,2.627,2.629,-8.55e-06,0.01,59.2237494
1669670686.805241,2.627,2.629,-8.55e-06,0.01,59.2237494
1669670746.738288,2.627,2.627,0.00040443,0.007,56.326408
1669670806.7621431,2.628,2.628,0.00080316,0.014,57.44735486
1669670866.7867205,2.628,2.63,0.0009627,0.016,59.52505273
1669670926.8821983,2.63,2.63,0.00138913,0.018,59.52505273
1669670986.8163128,2.63,2.63,0.00138913,0.018,59.52505273
1669671046.7513134,2.63,2.63,0.00170739,0.01,59.52505273
1669671106.9067175,2.629,2.629,0.00148796,0.01,56.54435916
1669671166.8211477,2.627,2.627,0.00151455,0.007,53.86895066
1669671226.7771602,2.631,2.631,0.00171402,0.011,57.62087253
1669671286.662084,2.631,2.627,0.00139494,0.007,53.68846643
1669671346.6869252,2.632,2.632,0.00180918,0.01,58.83093926
1669671406.818772,2.632,2.632,0.00186676,0.01,59.11034985
1669671466.8999343,2.631,2.625,0.00133583,-0.004,50.53202321
1669671526.7277732,2.631,2.625,0.00133583,-0.004,50.53202321
1669671586.732124,2.624,2.624,0.00107485,-0.003,49.15270099
1669671646.836944,2.624,2.624,0.00107485,-0.003,49.15270099
1669671706.9264653,2.624,2.624,0.00107485,-0.003,49.15270099
1669671766.7639844,2.624,2.624,0.00107485,-0.003,49.15270099
1669671826.8270073,2.62,2.62,0.00053905,-0.01,43.981262
1669671886.8588953,2.618,2.618,-0.0001696,-0.012,41.78322029
1669671946.734723,2.62,2.62,-0.00043834,-0.004,44.97267203
1669672006.7561042,2.62,2.62,-0.00043834,-0.004,44.97267203
1669672066.7794206,2.62,2.62,-0.00043834,-0.004,44.97267203
1669672126.8231862,2.62,2.62,-0.00043834,-0.004,44.97267203
1669672186.7622986,2.621,2.621,-0.00056412,-0.008,46.54946474
1669672246.6840663,2.621,2.621,-0.00056412,-0.008,46.54946474
1669672306.7328272,2.621,2.621,-0.00056412,-0.008,46.54946474
1669672366.8173535,2.621,2.621,-0.00056412,-0.008,46.54946474
1669672426.7532265,2.621,2.621,-0.00056412,-0.008,46.54946474
1669672486.717702,2.621,2.621,-0.00056412,-0.008,46.54946474
1669672546.637072,2.621,2.624,-0.00041693,-0.001,51.07846353
1669672606.844001,2.621,2.624,-0.00041693,-0.001,51.07846353
1669672666.62704,2.62,2.62,-0.00061594,-0.007,45.53798387
1669672726.7631612,2.616,2.616,-0.00108393,-0.012,40.77491081
1669672786.8294833,2.616,2.612,-0.00140302,-0.016,36.91388102
1669672846.6448512,2.613,2.613,-0.00192391,-0.015,38.4822043
1669672906.6402593,2.613,2.613,-0.00192391,-0.015,38.4822043
1669672966.8394432,2.613,2.613,-0.00192391,-0.015,38.4822043
1669673026.8378873,2.613,2.613,-0.00192391,-0.015,38.4822043
1669673086.8225615,2.613,2.613,-0.00192391,-0.015,38.4822043
1669673146.7385128,2.618,2.618,-0.00191124,-0.007,45.74488802
1669673206.932273,2.618,2.618,-0.00191124,-0.007,45.74488802
1669673266.868856,2.618,2.618,-0.00191124,-0.007,45.74488802
1669673326.7866,2.618,2.618,-0.00191124,-0.007,45.74488802
1669673386.7581136,2.618,2.618,-0.00187952,-0.006,45.74488802
1669673446.829142,2.618,2.618,-0.00187952,-0.006,45.74488802
1669673506.917478,2.618,2.615,-0.00207258,-0.003,42.27215518
1669673566.8161614,2.61,2.61,-0.00259907,-0.008,37.20295261
1669673626.8480551,2.612,2.612,-0.00269922,-0.008,39.07738936
1669673686.9533806,2.612,2.612,-0.00269922,-0.008,39.07738936
1669673746.8257887,2.612,2.612,-0.00269922,-0.008,39.07738936
1669673806.9340093,2.612,2.612,-0.00287192,-0.009,39.07738936
1669673867.1486018,2.612,2.612,-0.00287192,-0.009,39.07738936
1669673926.7851224,2.615,2.615,-0.00273519,-0.009,44.33204165
1669673986.778382,2.615,2.612,-0.0029745,-0.012,39.07738936
1669674046.915249,2.616,2.616,-0.00270189,-0.004,46.34913734
1669674106.767877,2.616,2.616,-0.00245751,0.004,46.34913734
1669674166.7274802,2.616,2.616,-0.00245751,0.004,46.34913734
1669674226.7749193,2.616,2.617,-0.00215827,0.004,48.14375028
1669674286.9369874,2.616,2.617,-0.00215827,0.004,48.14375028
1669674346.752237,2.616,2.617,-0.00215827,0.004,48.14375028
1669674406.7767365,2.616,2.617,-0.00215827,0.004,48.14375028
1669674466.862259,2.616,2.617,-0.00215827,0.004,48.14375028
1669674526.8292098,2.616,2.617,-0.00215827,0.004,48.14375028
1669674586.9544797,2.615,2.615,-0.00205876,-0.003,44.90829549
1669674646.7557428,2.615,2.615,-0.00205876,-0.003,44.90829549
1669674706.8475912,2.619,2.619,-0.00163826,0.001,51.87434771
1669674766.8482966,2.619,2.624,-0.0012394,0.006,58.44271848
1669674826.7351742,2.619,2.624,-0.0012394,0.006,58.44271848
1669674886.7773347,2.619,2.624,-0.0012394,0.006,58.44271848
1669674946.7241747,2.619,2.624,-0.0012394,0.006,58.44271848
1669675006.8039,2.619,2.624,-0.0012394,0.006,58.44271848
1669675067.1547928,2.619,2.624,-0.0012394,0.006,58.44271848
1669675126.9530995,2.619,2.624,-0.0012394,0.006,58.44271848
1669675186.8320432,2.622,2.622,-0.00074286,0.007,55.19749172
1669675246.824817,2.622,2.621,-0.00082264,0.006,53.70637886
1669675306.790358,2.622,2.621,-0.00082264,0.006,53.70637886
1669675366.8062,2.62,2.62,-0.00056651,0.008,52.18811428
1669675426.8456168,2.62,2.62,-0.00056651,0.008,52.18811428
1669675486.8143623,2.62,2.62,-0.00056651,0.008,52.18811428
1669675546.9159026,2.62,2.62,-0.00056651,0.008,52.18811428
1669675606.770212,2.62,2.62,-0.00056651,0.008,52.18811428
1669675666.7688415,2.62,2.62,-0.00056651,0.008,52.18811428
1669675727.0020533,2.619,2.619,-0.00043916,0.007,50.64622444
1669675786.8046155,2.619,2.62,-0.00035939,0.008,52.18811428
1669675846.909787,2.619,2.619,-0.00027278,0.007,50.53138275
1669675906.8848894,2.62,2.62,1.13e-06,0.008,51.93055367
1669675967.0758357,2.62,2.625,0.00039999,0.013,59.27503277
1669676026.815035,2.62,2.625,0.00039999,0.013,59.27503277
1669676086.8680978,2.62,2.625,0.00039999,0.013,59.27503277
1669676147.227007,2.62,2.625,0.00039999,0.013,59.27503277
1669676206.915341,2.62,2.625,0.00039999,0.013,59.27503277
1669676266.826379,2.62,2.625,0.00039999,0.013,59.27503277
1669676326.8833227,2.62,2.625,0.00039999,0.013,59.27503277
1669676386.8741384,2.625,2.625,0.00079753,0.009,59.27503277
1669676446.781135,2.625,2.625,0.00079753,0.009,59.27503277
1669676506.7452738,2.625,2.625,0.00079753,0.009,59.27503277
1669676566.8256984,2.622,2.622,0.00086059,0.006,53.66012284
1669676626.9666967,2.618,2.618,0.0005811,0.001,47.23530089
1669676686.8642075,2.618,2.618,0.0005811,0.001,47.23530089
1669676747.0191538,2.618,2.618,0.0005811,0.001,47.23530089
1669676806.8959053,2.618,2.618,0.0005811,0.001,47.23530089
1669676867.0068746,2.622,2.622,0.00067459,0.007,53.26181234
1669676926.8964353,2.622,2.622,0.00074015,-0.002,53.26181234
1669676987.109008,2.622,2.622,0.00074015,-0.002,53.26181234
1669677046.8419487,2.622,2.622,0.00074015,-0.002,53.26181234
1669677106.9337995,2.622,2.622,0.00074015,-0.002,53.26181234
1669677166.8722105,2.618,2.618,0.000464,-0.003,47.03186865
1669677227.054247,2.617,2.617,0.00016258,-0.003,45.59598428
1669677286.9127707,2.617,2.619,0.00032212,-0.001,48.6489873
1669677346.9720032,2.617,2.619,0.00032212,-0.001,48.6489873
1669677406.9476404,2.619,2.619,0.00020729,-0.001,48.6489873
1669677466.9809804,2.619,2.622,0.00044661,0.002,53.25928069
1669677526.995325,2.619,2.622,0.00044661,0.002,53.25928069
1669677586.959988,2.619,2.622,0.00044661,0.002,53.25928069
1669677646.9653947,2.619,2.622,0.00044661,0.002,53.25928069
1669677706.9363773,2.619,2.622,0.00044661,0.002,53.25928069
1669677766.9515443,2.619,2.622,0.00044661,0.002,53.25928069
1669677826.8870342,2.619,2.622,0.00044661,0.002,53.25928069
1669677886.8112009,2.627,2.627,0.00093791,0.006,59.74596038
1669677946.896008,2.627,2.627,0.00093791,0.006,59.74596038
1669678006.9934886,2.627,2.627,0.00093791,0.006,59.74596038
1669678066.7609718,2.632,2.632,0.00171101,0.007,64.9799044
1669678126.8257997,2.629,2.629,0.00205789,0.004,59.94374562
1669678186.9703383,2.629,2.629,0.00205789,0.004,59.94374562
1669678246.7716167,2.629,2.629,0.00205789,0.004,59.94374562
1669678306.9546764,2.629,2.629,0.00205789,0.004,59.94374562
1669678366.7708952,2.623,2.623,0.00182759,0.001,51.36874805
1669678426.9604309,2.623,2.623,0.00182759,0.001,51.36874805
1669678486.8716302,2.622,2.622,0.00154655,0.004,50.08283251
1669678547.0019712,2.622,2.622,0.00154655,0.004,50.08283251
1669678606.9587405,2.622,2.622,0.00154655,0.004,50.08283251
1669678666.9982443,2.622,2.622,0.00154655,0.004,50.08283251
1669678726.9140778,2.619,2.619,0.00106942,-0.003,46.33541199
1669678787.017774,2.619,2.621,0.00122897,-0.001,48.76811008
1669678847.0041854,2.619,2.621,0.00122897,-0.001,48.76811008
1669678906.937508,2.619,2.621,0.00122897,-0.001,48.76811008
1669678967.038898,2.619,2.619,0.0008066,-0.003,46.15829562
1669679026.8720324,2.619,2.617,0.00064705,-0.005,43.81361961
1669679086.9243293,2.615,2.615,-0.00040244,-0.004,41.45845488
1669679146.9014587,2.615,2.614,-0.00048221,-0.005,40.33423754
1669679206.9072406,2.615,2.614,-0.00048221,-0.005,40.33423754
1669679266.8003807,2.614,2.614,-0.00093599,-0.008,40.33423754
1669679327.0740082,2.614,2.614,-0.00093599,-0.008,40.33423754
1669679387.0122268,2.614,2.614,-0.00093599,-0.008,40.33423754
1669679446.9389918,2.614,2.614,-0.00093599,-0.008,40.33423754
1669679506.9120712,2.614,2.614,-0.00093599,-0.008,40.33423754
1669679566.9710202,2.615,2.615,-0.00120108,-0.012,42.15345233
1669679626.8904824,2.615,2.615,-0.00120108,-0.012,42.15345233
1669679686.9984486,2.615,2.615,-0.00120108,-0.012,42.15345233
1669679747.0207298,2.615,2.615,-0.00120108,-0.012,42.15345233
1669679806.9259176,2.613,2.613,-0.00155463,-0.019,39.55578535
1669679866.8149483,2.613,2.612,-0.0016344,-0.02,38.37342227
1669679926.9431877,2.611,2.611,-0.00203504,-0.018,37.176692
1669679987.083331,2.611,2.611,-0.00203504,-0.018,37.176692
1669680047.051027,2.611,2.611,-0.00203504,-0.018,37.176692
1669680106.908362,2.614,2.614,-0.00210291,-0.008,42.92713564
1669680166.95144,2.614,2.614,-0.00210291,-0.008,42.92713564
1669680226.9321475,2.614,2.614,-0.00210291,-0.008,42.92713564
1669680287.0572336,2.614,2.614,-0.00210291,-0.008,42.92713564
1669680346.927384,2.614,2.614,-0.00210291,-0.008,42.92713564
1669680406.933423,2.614,2.614,-0.00210291,-0.008,42.92713564
1669680466.9856806,2.614,2.614,-0.00209186,-0.007,42.92713564
1669680526.9538462,2.614,2.614,-0.00209186,-0.007,42.92713564
1669680587.09618,2.614,2.614,-0.00205936,-0.003,42.92713564
1669680646.9834812,2.614,2.614,-0.00205936,-0.003,42.92713564
1669680706.8623142,2.61,2.61,-0.00226827,-0.004,36.47835064
1669680767.0773828,2.602,2.602,-0.00351375,-0.012,27.98832726
1669680826.911359,2.602,2.605,-0.00327443,-0.009,33.16556518
1669680886.7872643,2.6,2.6,-0.00449945,-0.012,28.54014614
1669680946.9814682,2.603,2.603,-0.00461053,-0.008,34.86165855
1669681006.8509717,2.609,2.609,-0.00410479,-0.005,45.18202955
1669681066.8822985,2.599,2.599,-0.00482995,-0.015,31.49607482
1669681126.9875832,2.59,2.59,-0.006426,-0.024,27.37420004
1669681186.8804488,2.586,2.586,-0.0074196,-0.028,22.87166862
1669681247.0228913,2.593,2.593,-0.0073676,-0.021,34.68468039
1669681306.932253,2.597,2.597,-0.00692381,-0.006,40.3105648
1669681367.0057464,2.597,2.598,-0.00684404,-0.005,41.5687964
1669681426.9967968,2.597,2.598,-0.00684404,-0.005,41.5687964
1669681487.0599935,2.597,2.598,-0.00684404,-0.005,41.5687964
1669681546.9653296,2.597,2.598,-0.00684404,-0.005,41.5687964
1669681607.0345693,2.597,2.598,-0.00684404,-0.005,41.5687964
1669681667.031263,2.599,2.599,-0.00627608,-0.006,42.8658081
1669681727.0209408,2.599,2.599,-0.00627608,-0.006,42.8658081
1669681787.037571,2.599,2.599,-0.00627608,-0.006,42.8658081
1669681846.9687946,2.599,2.599,-0.00627608,-0.006,42.8658081
1669681907.0869043,2.599,2.599,-0.00575957,-0.001,42.8658081
1669681967.0417347,2.603,2.603,-0.00472382,0.003,47.85212998
1669682040.2801137,2.603,2.603,-0.00472382,0.003,47.85212998
1669682086.9614842,2.603,2.603,-0.00472382,0.003,47.85212998
1669682147.106144,2.603,2.603,-0.00472382,0.003,47.85212998
1669682207.1099014,2.6,2.6,-0.00434781,-0.004,44.47584527
1669682266.9226563,2.604,2.604,-0.00374617,0.0,49.67996267
1669682327.8246229,2.605,2.605,-0.00308983,0.017,50.84567074
1669682387.1258385,2.605,2.605,-0.00308983,0.017,50.84567074
1669682447.1303864,2.605,2.605,-0.0025404,0.018,50.84567074
1669682506.9123452,2.607,2.607,-0.00147619,0.014,53.4435473
1669682567.1021674,2.61,2.61,-0.00080871,0.012,57.23026961
1669682627.028315,2.61,2.61,-0.00080871,0.012,57.23026961
1669682687.054121,2.61,2.61,-0.00080871,0.012,57.23026961
1669682747.0116892,2.61,2.61,-0.00027654,0.011,57.23026961
1669682807.1021953,2.61,2.61,-0.00027654,0.011,57.23026961
1669682867.002912,2.61,2.61,-0.00027654,0.011,57.23026961
1669682927.0892365,2.607,2.607,0.00023173,0.004,51.95257006
1669682987.3499503,2.607,2.607,0.00023173,0.004,51.95257006
1669683047.026503,2.607,2.607,0.00029818,0.008,51.95257006
1669683107.0211606,2.607,2.607,0.00029818,0.008,51.95257006
1669683166.9695525,2.607,2.607,0.00029818,0.008,51.95257006
1669683227.031381,2.607,2.607,0.00029818,0.008,51.95257006
1669683287.4856374,2.607,2.607,0.00029818,0.008,51.95257006
1669683347.0168843,2.607,2.607,0.00029818,0.008,51.95257006
1669683407.085102,2.61,2.61,0.00058616,0.006,56.59483236
1669683467.1274705,2.61,2.61,0.00058616,0.006,56.59483236
1669683527.0007205,2.61,2.61,0.00058616,0.006,56.59483236
1669683587.1326578,2.61,2.61,0.0008051,0.005,56.59483236
1669683647.0983176,2.61,2.61,0.0008051,0.005,56.59483236
1669683707.0268342,2.61,2.61,0.0008051,0.005,56.59483236
1669683767.1413612,2.61,2.61,0.0008051,0.005,56.59483236
1669683827.349462,2.612,2.612,0.00112701,0.007,59.61193877
1669683887.38398,2.61,2.61,0.00133001,0.004,54.59450044
1669683947.1333735,2.61,2.612,0.00148955,0.006,58.1657256
1669684007.1298466,2.61,2.612,0.00148955,0.006,58.1657256
1669684067.0739543,2.61,2.612,0.00148955,0.006,58.1657256
1669684127.0477016,2.61,2.612,0.00148955,0.006,58.1657256
1669684187.2321672,2.61,2.612,0.00148955,0.006,58.1657256
1669684247.304557,2.615,2.615,0.00187094,0.008,62.16380766
1669684307.107067,2.615,2.615,0.00214842,0.005,62.16380766
1669684367.2109823,2.615,2.615,0.00214842,0.005,62.16380766
1669684430.789251,2.614,2.614,0.00226157,0.004,59.9489336
1669684487.10697,2.614,2.61,0.00194248,0.0,52.470862
1669684547.0017018,2.611,2.611,0.00183877,0.001,54.01521649
1669684607.1495783,2.611,2.615,0.00215786,0.005,59.30446326
1669684667.2852778,2.611,2.615,0.00215786,0.005,59.30446326
1669684727.177049,2.612,2.612,0.00206269,0.005,54.26328865
1669684787.0001943,2.612,2.61,0.00190315,0.003,51.35310872
1669684849.691332,2.612,2.61,0.00190315,0.003,51.35310872
1669684906.9207995,2.614,2.614,0.00200099,0.007,56.39053983
1669684967.1135385,2.614,2.614,0.00200099,0.007,56.39053983
1669685027.4135172,2.614,2.614,0.00200099,0.007,56.39053983
1669685087.3736682,2.614,2.614,0.00200099,0.007,56.39053983
1669685147.3420615,2.61,2.61,0.00173575,0.0,50.73298083
1669685207.1341994,2.61,2.61,0.00173575,0.0,50.73298083
1669685267.0733545,2.611,2.611,0.00158794,0.001,52.02875269
1669685327.3723822,2.611,2.611,0.00158794,0.001,52.02875269
1669685387.2900546,2.615,2.615,0.00177312,0.001,56.91063216
1669685447.1629553,2.615,2.615,0.001898,0.003,56.91063216
1669685507.177096,2.615,2.616,0.00197777,0.004,58.05974274
1669685567.1369226,2.618,2.615,0.0020358,0.0,56.43884904
1669685627.3523023,2.615,2.615,0.00205806,0.0,56.43884904
1669685687.264678,2.615,2.615,0.00205806,0.0,56.43884904
1669685747.7675807,2.616,2.616,0.00213183,0.006,57.8050338
1669685807.1483202,2.612,2.612,0.00184623,-0.003,50.92506656
1669685867.0149078,2.615,2.615,0.00171758,0.005,54.88676907
1669685927.160624,2.624,2.624,0.00324082,0.01,61.20831355
1669685987.161543,2.624,2.624,0.00324082,0.01,61.20831355
1669686047.2559211,2.624,2.624,0.00324082,0.01,61.20831355
1669686107.250077,2.624,2.624,0.00324082,0.01,61.20831355
1669686167.29069,2.624,2.624,0.00324082,0.01,61.20831355
1669686227.4680035,2.635,2.635,0.00446232,0.025,68.47214974
1669686287.079309,2.633,2.633,0.00578117,0.018,65.46000475
1669686347.3382084,2.633,2.624,0.00506322,0.009,56.15287774
1669686407.2610378,2.629,2.628,0.0051622,0.012,58.94664623
1669686467.284515,2.642,2.642,0.00717719,0.027,66.37316664
1669686527.3583484,2.642,2.641,0.00709742,0.026,65.42577679
1669686587.2109685,2.642,2.641,0.00709742,0.026,65.42577679
1669686647.1469693,2.642,2.641,0.00709742,0.026,65.42577679
1669686707.171854,2.63,2.63,0.00668731,0.02,55.62551198
1669686767.267318,2.63,2.627,0.00644799,0.017,53.37197236
1669686827.0807104,2.63,2.627,0.00644799,0.017,53.37197236
1669686887.1764112,2.631,2.631,0.00579103,0.007,55.93530721
1669686947.1596704,2.631,2.631,0.00579103,0.007,55.93530721
1669687007.2727306,2.631,2.631,0.00579103,0.007,55.93530721
1669687067.30593,2.631,2.631,0.00579103,0.007,55.93530721
1669687127.1544464,2.631,2.631,0.00579103,0.007,55.93530721
1669687187.3251183,2.631,2.631,0.00579103,0.007,55.93530721
1669687247.2953365,2.631,2.631,0.00579103,0.007,55.93530721
1669687306.9938304,2.631,2.631,0.00579103,0.007,55.93530721
1669687367.186708,2.631,2.631,0.00579103,0.007,55.93530721
1669687427.0555422,2.631,2.631,0.00579103,0.007,55.93530721
1669687487.1032083,2.631,2.631,0.00579103,0.007,55.93530721
1669687547.3168733,2.631,2.631,0.0054683,-0.005,55.93530721
1669687607.449499,2.631,2.631,0.00515312,-0.002,55.93530721
1669687667.2544224,2.631,2.631,0.00515312,-0.002,55.93530721
1669687727.074185,2.631,2.631,0.00484747,0.007,55.93530721
1669687787.321988,2.631,2.631,0.00455275,0.003,55.93530721
1669687847.1722417,2.632,2.632,0.00471928,-0.011,55.33803146
1669687907.2964349,2.631,2.631,0.00403325,-0.01,54.0707963
1669687967.3181758,2.631,2.634,0.00427257,-0.007,56.19809213
1669688027.178013,2.631,2.634,0.00427257,-0.007,56.19809213
1669688087.1888285,2.631,2.634,0.00427257,-0.007,56.19809213
1669688147.106626,2.631,2.634,0.00427257,-0.007,56.19809213
1669688207.2637937,2.637,2.637,0.0044257,0.001,58.27911643
1669688267.2314892,2.637,2.637,0.0044257,0.001,58.27911643
1669688327.356822,2.637,2.637,0.0044257,0.001,58.27911643
1669688387.3201106,2.64,2.64,0.00473456,0.013,60.30984378
1669688447.2437482,2.642,2.642,0.00539008,0.011,60.36142304
1669741784.5552323,2.678,2.678,0.00134485,0.0,51.15505609
1669741844.1602204,2.677,2.677,0.00109374,-0.001,49.05006824
1669741904.1771972,2.677,2.678,0.00117352,0.0,51.15505609
1669741964.1669395,2.677,2.678,0.00117352,0.0,51.15505609
1669742024.144201,2.677,2.678,0.00117352,0.0,51.15505609
1669742084.2292335,2.677,2.678,0.00117352,0.0,51.15505609
1669743684.456436,2.675,2.68,-0.00143481,0.01,59.35190393
1669743744.6593492,2.672,2.672,-0.00129624,0.001,48.78183602
1669743804.426835,2.674,2.674,-0.0014445,0.007,51.29671506
1669743865.1515243,2.674,2.674,-0.0014445,0.007,51.29671506
1669743924.378746,2.669,2.669,-0.00150556,-0.001,46.88413485
1669743984.4968452,2.669,2.669,-0.00150556,-0.001,46.88413485
1669744044.5000713,2.669,2.669,-0.00150556,-0.001,46.88413485
1669744104.4757245,2.674,2.674,-0.00113737,0.004,51.3874861
1669744164.5824337,2.674,2.674,-0.00113737,0.004,51.3874861
1669744224.5420198,2.674,2.674,-0.00113737,0.004,51.3874861
1669744284.6370556,2.674,2.674,-0.00113737,0.004,51.3874861
1669744344.3964255,2.677,2.677,-0.00059664,0.013,53.91231741
1669744405.0600932,2.678,2.678,0.0001744,0.009,54.93262442
1669744464.4912157,2.678,2.674,-0.00014469,0.005,50.93257445
1669744524.749289,2.678,2.674,-0.00014469,0.005,50.93257445
1669744584.565171,2.678,2.674,-0.00014469,0.005,50.93257445
1669744644.4043555,2.678,2.674,-0.00014469,0.005,50.93257445
1669744704.6030753,2.678,2.674,-0.00014469,0.005,50.93257445
1669744764.5572596,2.678,2.674,-0.00014469,0.005,50.93257445
1669744824.4931784,2.678,2.674,-0.00014469,0.005,50.93257445
1669744884.525767,2.678,2.674,-0.00014469,0.005,50.93257445
1669744945.3549747,2.668,2.668,-0.00052258,-0.002,45.57202466
1669745004.517062,2.668,2.67,-0.00036303,0.0,47.22894131
1669745064.9513605,2.671,2.671,-0.00051334,-0.009,48.2422286
1669745124.5286396,2.671,2.671,-0.00051334,-0.009,48.2422286
1669745184.517848,2.671,2.671,-0.00051334,-0.009,48.2422286
1669745244.5380604,2.671,2.671,-0.00051334,-0.009,48.2422286
1669745304.5379944,2.671,2.671,-0.00051334,-0.009,48.2422286
1669745364.4992416,2.671,2.671,-0.00051334,-0.009,48.2422286
1669745424.487783,2.676,2.676,-0.00015811,0.011,53.42786761
1669745485.0698595,2.674,2.674,-0.00022231,0.0,51.56129053
1669745544.4486198,2.674,2.667,-0.00078071,-0.007,44.34083602
1669745605.0837936,2.674,2.667,-0.00078071,-0.007,44.34083602
1669745664.565591,2.669,2.669,-0.00100547,-0.005,46.65924579
1669745724.5065973,2.67,2.67,-0.00098703,-0.004,47.9172633
1669745784.5437603,2.67,2.669,-0.0010668,-0.005,46.65924579
1669745844.5251014,2.673,2.673,-0.00078361,-0.005,51.6862402
1669745904.4791777,2.673,2.667,-0.00126224,-0.011,44.35186407
1669745967.8593166,2.673,2.667,-0.00126224,-0.011,44.35186407
1669746024.8170593,2.673,2.667,-0.00126224,-0.011,44.35186407
1669746084.5721798,2.669,2.669,-0.00124143,-0.005,47.16559914
1669746145.0553043,2.669,2.669,-0.00124143,-0.005,47.16559914
1669746204.5962868,2.669,2.669,-0.00124143,-0.005,47.16559914
1669746264.489174,2.669,2.669,-0.00124143,-0.005,47.16559914
1669746324.635706,2.669,2.669,-0.00124143,-0.005,47.16559914
1669746384.6059003,2.669,2.669,-0.00121098,-0.001,47.16559914
1669746447.9748793,2.669,2.669,-0.00121098,-0.001,47.16559914
1669746508.20864,2.668,2.668,-0.0012531,-0.003,45.8220713
1669746565.113134,2.668,2.668,-0.0012531,-0.003,45.8220713
1669746624.6854143,2.669,2.669,-0.00119204,-0.002,47.43459466
1669746684.8431745,2.669,2.67,-0.00111227,-0.001,48.95390381
1669746744.4935806,2.668,2.668,-0.00133357,-0.005,46.18323455
1669746804.6355023,2.668,2.667,-0.00141335,-0.006,44.45824728
1669746864.6188736,2.668,2.667,-0.00141335,-0.006,44.45824728
1669746924.64308,2.668,2.667,-0.00141335,-0.006,44.45824728
1669746984.598978,2.668,2.667,-0.00141335,-0.006,44.45824728
1669747044.5443273,2.668,2.667,-0.00141335,-0.006,44.45824728
1669747105.308566,2.667,2.667,-0.00145444,-0.002,44.45824728
1669747164.600545,2.667,2.665,-0.00161399,-0.004,41.38161824
1669747225.1947432,2.665,2.665,-0.0017275,-0.004,41.38161824
1669747284.5878537,2.665,2.665,-0.0017275,-0.004,41.38161824
1669747344.660766,2.665,2.665,-0.0017275,-0.004,41.38161824
1669747404.682528,2.665,2.665,-0.0017275,-0.004,41.38161824
1669747464.611501,2.665,2.665,-0.0017275,-0.004,41.38161824
1669747524.6862216,2.665,2.665,-0.0017275,-0.004,41.38161824
1669747584.6996007,2.665,2.665,-0.00179675,-0.004,41.38161824
1669747645.1235335,2.67,2.67,-0.00143167,0.003,51.79731024
1669747704.6595562,2.67,2.672,-0.00127213,0.005,54.99595387
1669747765.189518,2.68,2.68,-0.00020842,0.011,65.00056641
1669747824.57576,2.68,2.68,-0.00020842,0.011,65.00056641
1669747884.60654,2.675,2.675,0.00022848,0.006,56.5405121
1669747944.5315082,2.675,2.672,-1.083e-05,0.003,52.44497256
1669748004.573499,2.672,2.672,0.00014409,0.004,52.44497256
1669748064.587096,2.672,2.672,0.00026383,0.005,52.44497256
1669748124.669459,2.672,2.67,0.00010429,0.003,49.6635483
1669748185.6000292,2.67,2.67,0.00035368,0.003,49.31693588
1669748244.5832477,2.67,2.671,0.00043345,0.004,50.51514513
1669748305.409261,2.676,2.676,0.00095158,0.011,56.39526726
1669748364.7127051,2.676,2.677,0.00103135,0.012,57.45171813
1669748424.5947938,2.676,2.676,0.00124754,0.011,55.990829
1669748484.644235,2.68,2.68,0.00207374,0.0,60.33553607
1669748639.8993344,2.686,2.686,0.00367154,0.014,64.9892129
1669748664.5561695,2.686,2.691,0.0040704,0.019,68.93143696
1669748725.0975933,2.686,2.686,0.00427919,0.016,61.47666423
1669748784.5567236,2.686,2.686,0.00427919,0.016,61.47666423
1669748845.0517612,2.686,2.686,0.00427919,0.016,61.47666423
1669748904.7328153,2.686,2.686,0.00427919,0.016,61.47666423
1669748964.54986,2.685,2.685,0.00431423,0.01,60.07726413
1669749024.6322694,2.685,2.685,0.00431423,0.01,60.07726413
1669749084.601189,2.685,2.685,0.00431423,0.01,60.07726413
1669749205.4693012,2.685,2.685,0.00428819,0.011,59.49933071
1669749265.032338,2.685,2.686,0.00436796,0.012,61.03251763
1669749324.5928483,2.685,2.686,0.00436796,0.012,61.03251763
1669749444.6483977,2.687,2.687,0.00436532,0.011,62.08467922
1669749504.7154813,2.687,2.687,0.00436532,0.011,62.08467922
1669749564.624326,2.687,2.687,0.00436532,0.011,62.08467922
1669749624.6332977,2.687,2.687,0.00429266,0.007,62.08467922
1669749684.5694392,2.687,2.687,0.00429266,0.007,62.08467922
1669749744.594438,2.687,2.687,0.00429266,0.007,62.08467922
1669749805.1039886,2.687,2.687,0.00429266,0.007,62.08467922
1669749864.632291,2.687,2.687,0.00429266,0.007,62.08467922
1669749925.1431627,2.687,2.687,0.00429266,0.007,62.08467922
1669749984.635521,2.687,2.687,0.00429266,0.007,62.08467922
1669750044.6397555,2.687,2.687,0.00429266,0.007,62.08467922
1669750104.6484437,2.687,2.687,0.00418682,0.0,62.08467922
1669750164.680971,2.687,2.687,0.00418682,0.0,62.08467922
1669750224.761353,2.687,2.687,0.00418682,0.0,62.08467922
1669750284.700371,2.686,2.686,0.00397641,0.0,59.90892248
1669750344.892203,2.686,2.686,0.00397641,0.0,59.90892248
1669750404.6449032,2.681,2.685,0.00368647,-0.006,57.7301433
1669750465.238508,2.681,2.685,0.00368647,-0.006,57.7301433
1669750524.7244625,2.681,2.685,0.00368647,-0.006,57.7301433
1669750584.546834,2.685,2.685,0.0034173,-0.001,57.7301433
1669750644.6254497,2.682,2.682,0.00292815,-0.003,51.24573894
1669750704.608349,2.682,2.682,0.00292815,-0.003,51.24573894
1669750764.707677,2.685,2.685,0.00275086,-0.001,56.50680169
1669750824.6216428,2.689,2.689,0.00289969,0.003,62.3418366
1669750884.8477087,2.689,2.689,0.00298326,0.002,62.3418366
1669750944.5817878,2.689,2.689,0.00298326,0.002,62.3418366
1669751005.3822987,2.689,2.689,0.00298326,0.002,62.3418366
1669751064.7489507,2.689,2.687,0.00285519,0.0,57.84192269
1669751124.6412604,2.689,2.687,0.00285519,0.0,57.84192269
1669751184.5997598,2.687,2.687,0.00272231,0.0,57.84192269
1669751244.6198688,2.687,2.687,0.00272231,0.0,57.84192269
1669751304.5832262,2.687,2.687,0.00272231,0.0,57.84192269
1669751364.566641,2.687,2.687,0.00272231,0.0,57.84192269
1669751424.748367,2.687,2.687,0.00272231,0.0,57.84192269
1669751484.646788,2.687,2.687,0.00258718,0.0,57.84192269
1669751545.180042,2.687,2.687,0.00258718,0.0,57.84192269
1669751604.6280065,2.687,2.687,0.00258718,0.0,57.84192269
1669751664.7736173,2.687,2.687,0.00258718,0.0,57.84192269
1669751724.644025,2.687,2.687,0.00258718,0.0,57.84192269
1669751784.6151705,2.687,2.687,0.00258718,0.0,57.84192269
1669751844.590965,2.687,2.687,0.00258718,0.0,57.84192269
1669751904.5437756,2.686,2.686,0.00237206,0.0,55.34707882
1669751964.5807104,2.686,2.684,0.00221251,-0.002,50.95176509
1669752024.5564845,2.686,2.684,0.00221251,-0.002,50.95176509
1669752085.1308634,2.682,2.682,0.00133971,-0.003,46.93755309
1669752144.6106346,2.682,2.682,0.00133971,-0.003,46.93755309
1669752204.840861,2.682,2.682,0.00133971,-0.003,46.93755309
1669752264.6439495,2.688,2.688,0.00149399,0.006,58.35346413
1669752324.7983613,2.688,2.683,0.00109513,0.001,49.25583656
1669752385.0867574,2.689,2.689,0.00136966,0.004,60.42731634
1669752444.7416809,2.689,2.689,0.00136966,0.004,60.42731634
1669752504.7011871,2.689,2.689,0.00136966,0.004,60.42731634
1669752564.6601362,2.696,2.696,0.00275867,0.007,67.74193676
1669752625.2634888,2.696,2.696,0.00275867,0.007,67.74193676
1669752684.545553,2.696,2.696,0.00275867,0.007,67.74193676
1669752744.9131591,2.69,2.69,0.00268058,0.003,56.33994646
1669752804.6395397,2.69,2.694,0.00299967,0.007,63.46089767
1669752864.8250256,2.7,2.7,0.00384131,0.013,69.9178263
1669752924.8025832,2.7,2.698,0.00368176,0.011,67.986075
1669752984.8369946,2.7,2.698,0.00368176,0.011,67.986075
1669753044.6412227,2.7,2.698,0.00368176,0.011,67.986075
1669753104.6673496,2.7,2.698,0.00368176,0.011,67.986075
1669753165.363251,2.7,2.698,0.00368176,0.011,67.986075
1669753224.9499784,2.7,2.698,0.00368176,0.011,67.986075
1669753285.165465,2.69,2.69,0.00328989,0.006,53.25466458
1669753344.634621,2.69,2.69,0.00328989,0.006,53.25466458
1669753404.762215,2.69,2.69,0.00294538,0.008,53.25466458
1669753464.6431358,2.69,2.69,0.00294538,0.008,53.25466458
1669753524.7743576,2.69,2.69,0.00294538,0.008,53.25466458
1669753584.6886942,2.689,2.689,0.00256212,0.007,51.63274632
1669753644.6282978,2.689,2.689,0.00256212,0.007,51.63274632
1669753705.187461,2.689,2.689,0.00223265,0.006,51.63274632
1669753764.669314,2.689,2.689,0.00223265,0.006,51.63274632
1669753825.0717366,2.689,2.689,0.00223265,0.006,51.63274632
1669753884.707138,2.688,2.688,0.0018693,-0.001,49.87121399
1669753946.4241989,2.688,2.689,0.00194907,0.0,51.63274632
1669754004.6191702,2.688,2.689,0.00194907,0.0,51.63274632
1669754064.714626,2.693,2.693,0.00202378,-0.004,58.02017388
1669754124.6938748,2.693,2.697,0.00234286,0.0,62.91734601
1669754184.695296,2.693,2.697,0.00234286,0.0,62.91734601
1669754245.289295,2.693,2.697,0.00234286,0.0,62.91734601
1669754304.6808577,2.695,2.695,0.00246515,-0.001,59.19880673
1669754365.029811,2.695,2.695,0.00246515,-0.001,59.19880673
1669754424.7460966,2.691,2.691,0.00221377,-0.003,52.51396037
1669754484.6451151,2.695,2.695,0.00255705,-0.001,59.19880673
1669754544.913094,2.695,2.695,0.00255705,-0.001,59.19880673
1669754604.8780298,2.694,2.689,0.00206822,-0.009,48.46597667
1669754664.8587162,2.694,2.689,0.00206822,-0.009,48.46597667
1669754724.6275966,2.691,2.691,0.00182122,0.001,51.61499725
1669754785.0255206,2.691,2.691,0.00182122,0.001,51.61499725
1669754844.8941324,2.691,2.691,0.00182122,0.001,51.61499725
1669754905.3114722,2.696,2.696,0.0020058,0.006,58.45052001
1669754964.6358209,2.696,2.696,0.0020058,0.006,58.45052001
1669755026.4576523,2.696,2.696,0.0020058,0.006,58.45052001
1669755084.6611838,2.696,2.696,0.0020058,0.006,58.45052001
1669755144.7261448,2.697,2.697,0.00220733,0.008,59.67746056
1669755204.6608372,2.697,2.697,0.00234007,0.008,59.67746056
1669755264.7818038,2.697,2.695,0.00218052,0.006,56.10881279
1669755325.3889058,2.697,2.695,0.00218052,0.006,56.10881279
1669755384.8472989,2.697,2.695,0.00218052,0.006,56.10881279
1669755445.143023,2.696,2.7,0.00253353,0.011,62.19526528
1669755504.67319,2.696,2.7,0.00253353,0.011,62.19526528
1669755565.327875,2.696,2.7,0.00253353,0.011,62.19526528
1669755624.7607622,2.705,2.705,0.00346565,0.01,67.30347527
1669755684.655418,2.705,2.705,0.00346565,0.01,67.30347527
1669755744.7198963,2.705,2.705,0.00346565,0.01,67.30347527
1669755804.700859,2.705,2.705,0.00346565,0.01,67.30347527
1669755865.3504212,2.705,2.705,0.00346565,0.01,67.30347527
1669755924.646241,2.705,2.705,0.00346565,0.01,67.30347527
1669755985.261546,2.705,2.705,0.00346565,0.01,67.30347527
1669756044.8052702,2.705,2.705,0.00346565,0.01,67.30347527
1669756104.804075,2.705,2.705,0.00346565,0.01,67.30347527
1669756164.6986532,2.705,2.705,0.00346565,0.01,67.30347527
1669756224.79062,2.705,2.705,0.00346565,0.01,67.30347527
1669756284.6995418,2.705,2.705,0.00346565,0.01,67.30347527
1669756344.7689154,2.705,2.705,0.00346565,0.01,67.30347527
1669756406.309266,2.698,2.698,0.00327897,0.003,55.63592443
1669756465.201202,2.701,2.701,0.00315553,0.012,59.15533648
1669756584.7327042,2.701,2.702,0.0032353,0.013,60.20758358
1669756644.723026,2.701,2.702,0.0032353,0.013,60.20758358
1669756704.6443934,2.701,2.702,0.0032353,0.013,60.20758358
1669756764.8018863,2.701,2.702,0.0032353,0.013,60.20758358
1669756824.7860842,2.701,2.702,0.0032353,0.013,60.20758358
1669756884.7680583,2.701,2.702,0.0032353,0.013,60.20758358
1669756945.0390625,2.7,2.7,0.00314853,0.009,57.04242776
1669757004.778648,2.695,2.695,0.00234497,-0.002,49.77995471
1669757065.4277525,2.694,2.694,0.00193937,-0.001,48.2973977
1669757124.837733,2.694,2.694,0.00193937,-0.001,48.2973977
1669757184.770911,2.694,2.694,0.00153699,-0.006,48.2973977
1669757244.646988,2.697,2.697,0.00116909,-0.008,53.17439367
1669757304.820536,2.698,2.698,0.00120802,0.0,54.70803768
1669757364.8173766,2.698,2.698,0.00120802,0.0,54.70803768
1669757424.7602043,2.698,2.698,0.00120802,0.0,54.70803768
1669757485.009035,2.694,2.694,0.00090566,-0.004,47.94380792
1669757547.9759884,2.694,2.694,0.00090566,-0.004,47.94380792
1669757605.3374567,2.694,2.694,0.00090566,-0.004,47.94380792
1669757664.8286326,2.694,2.694,0.00090566,-0.004,47.94380792
1669757724.7866435,2.694,2.694,0.00090566,-0.004,47.94380792
1669757784.8421056,2.694,2.694,0.00065845,-0.008,47.94380792
1669757844.8834116,2.694,2.693,0.00057868,-0.009,46.39925459
1669757904.8187497,2.694,2.693,0.00057868,-0.009,46.39925459
1669757964.6549551,2.694,2.693,0.00057868,-0.009,46.39925459
1669758025.2252808,2.694,2.693,0.00057868,-0.009,46.39925459
1669758088.063556,2.69,2.69,-0.00037925,-0.007,42.62721951
1669758145.2742236,2.69,2.69,-0.00037925,-0.007,42.62721951
1669758204.7596564,2.69,2.69,-0.00037925,-0.007,42.62721951
1669758264.6499646,2.69,2.69,-0.00037925,-0.007,42.62721951
1669758324.7409437,2.69,2.69,-0.00037925,-0.007,42.62721951
1669758384.7839217,2.691,2.691,-0.0005898,-0.005,44.52507224
1669758444.6533115,2.694,2.694,-0.00050872,0.0,49.8813369
1669758504.716672,2.694,2.694,-0.00050872,0.0,49.8813369
1669758564.946005,2.694,2.694,-0.00050872,0.0,49.8813369
1669758624.87633,2.694,2.694,-0.00050872,0.0,49.8813369
1669758685.26517,2.694,2.694,-0.00050872,0.0,49.8813369
1669758744.776692,2.694,2.694,-0.00050872,0.0,49.8813369
1669758804.7244291,2.693,2.693,-0.00051917,-0.001,48.21036506
1669758864.6557038,2.693,2.693,-0.00051917,-0.001,48.21036506
1669758924.7823813,2.688,2.688,-0.0009203,-0.006,40.84312678
1669758984.7366412,2.688,2.685,-0.00115962,-0.009,37.41279808
1669759044.756388,2.688,2.688,-0.00140886,-0.009,42.604166
1669759105.1281643,2.692,2.692,-0.00120741,-0.006,48.61495021
1669759164.8513086,2.692,2.695,-0.00096809,-0.003,52.42001185
1669759225.1909397,2.692,2.695,-0.00096809,-0.003,52.42001185
1669759284.6816986,2.691,2.691,-0.00099331,-0.003,47.38197338
1669759344.8085804,2.691,2.691,-0.00100175,-0.002,47.38197338
1669759404.843614,2.696,2.696,-0.00059809,0.007,53.81668186
1669759464.8628666,2.696,2.696,-0.00059809,0.007,53.81668186
1669759524.8002896,2.696,2.696,-0.00059809,0.007,53.81668186
1669759584.9135478,2.691,2.691,-0.00067387,0.001,47.55392729
1669759644.906256,2.691,2.691,-0.00067387,0.001,47.55392729
1669759704.7973793,2.691,2.691,-0.00067387,0.001,47.55392729
1669759765.347268,2.691,2.691,-0.00067387,0.001,47.55392729
1669759824.937651,2.691,2.691,-0.00067387,0.001,47.55392729
1669759885.1451926,2.7,2.7,-7.62e-06,0.009,57.20723251
1669759944.976509,2.7,2.7,-7.62e-06,0.009,57.20723251
1669760004.918783,2.701,2.701,0.00059424,0.007,58.12940959
1669760064.718776,2.701,2.701,0.00059424,0.007,58.12940959
1669760124.7838786,2.701,2.701,0.00059424,0.007,58.12940959
1669760184.7391086,2.699,2.699,0.00112834,0.014,55.55100793
1669760244.7321048,2.699,2.698,0.00104857,0.013,54.25517062
1669760305.5010877,2.699,2.698,0.00104857,0.013,54.25517062
1669760364.756514,2.699,2.698,0.00104857,0.013,54.25517062
1669760425.3232384,2.699,2.698,0.00104857,0.013,54.25517062
1669760484.9036765,2.699,2.698,0.00104857,0.013,54.25517062
1669760544.86386,2.699,2.698,0.00104857,0.013,54.25517062
1669760604.7315714,2.69,2.694,0.00083436,0.005,49.30112457
1669760664.8051994,2.69,2.694,0.00083436,0.005,49.30112457
1669760724.8573806,2.69,2.694,0.00083436,0.005,49.30112457
1669760784.812935,2.69,2.694,0.00083436,0.005,49.30112457
1669760845.303409,2.699,2.699,0.0012174,0.008,54.85075535
1669760904.9084146,2.699,2.699,0.0012174,0.008,54.85075535
1669760965.3586705,2.699,2.699,0.0012174,0.008,54.85075535
1669761024.8304532,2.699,2.699,0.0012174,0.008,54.85075535
1669761084.7206025,2.701,2.701,0.00148962,0.01,57.0326496
1669761144.7578502,2.701,2.701,0.00148962,0.01,57.0326496
1669761204.9710326,2.7,2.7,0.00160615,0.004,55.58619488
1669761264.9942706,2.7,2.7,0.00160615,0.004,55.58619488
1669761324.806101,2.7,2.7,0.00160615,0.004,55.58619488
1669761385.613052,2.7,2.7,0.00160615,0.004,55.58619488
1669761444.7649653,2.7,2.7,0.00167915,0.009,55.58619488
1669761505.30481,2.7,2.7,0.0017172,0.0,55.58619488
1669761564.7224796,2.7,2.696,0.00139811,-0.004,49.73465993
1669761624.7128208,2.7,2.696,0.00139811,-0.004,49.73465993
1669761685.119547,2.7,2.696,0.00139811,-0.004,49.73465993
1669761744.8674338,2.696,2.696,0.001162,-0.005,49.73465993
1669761804.9580462,2.696,2.696,0.001162,-0.005,49.73465993
1669761864.8239076,2.696,2.696,0.001162,-0.005,49.73465993
1669761925.6864555,2.701,2.701,0.00136262,0.002,56.38997437
1669761984.8589556,2.701,2.701,0.00136262,0.002,56.38997437
1669762045.343474,2.701,2.701,0.00136262,0.002,56.38997437
1669762104.8990278,2.696,2.696,0.00110542,-0.002,49.35282663
1669762164.906644,2.696,2.696,0.00110542,-0.002,49.35282663
1669762224.7667134,2.696,2.696,0.00110542,-0.002,49.35282663
1669762284.8933463,2.696,2.696,0.00110542,-0.002,49.35282663
1669762345.1042726,2.696,2.696,0.00110542,-0.002,49.35282663
1669762404.8522184,2.696,2.696,0.00110542,-0.002,49.35282663
1669762465.6484072,2.696,2.696,0.00089131,0.002,49.35282663
1669762524.765742,2.696,2.696,0.00089131,0.002,49.35282663
1669762585.4757166,2.696,2.696,0.00089131,0.002,49.35282663
1669762644.892009,2.696,2.696,0.0007134,-0.003,49.35282663
1669762704.9122624,2.701,2.701,0.00096475,0.002,56.18245215
1669762764.9043734,2.701,2.701,0.00096475,0.002,56.18245215
1669762824.9100137,2.702,2.702,0.00123045,0.001,57.41916959
1669762884.963982,2.702,2.704,0.00138999,0.003,59.6943624
1669762944.8985395,2.703,2.703,0.00162755,0.003,58.02491298
1669763005.35929,2.7,2.7,0.00155581,0.0,53.21659715
1669763064.9224424,2.699,2.699,0.00121732,0.003,51.79275182
1669763125.2034414,2.699,2.699,0.00112575,0.003,51.79275182
1669763184.8059106,2.699,2.697,0.00096621,0.001,49.04217821
1669763244.8603876,2.699,2.697,0.00096621,0.001,49.04217821
1669763304.794872,2.699,2.697,0.00096621,0.001,49.04217821
1669763364.873399,2.699,2.697,0.00096621,0.001,49.04217821
1669763424.788798,2.701,2.701,0.0011525,0.005,54.27269468
1669763484.9253454,2.701,2.701,0.0011525,0.005,54.27269468
1669763545.2904313,2.701,2.701,0.0011525,0.005,54.27269468
1669763605.0254931,2.701,2.701,0.0011525,0.005,54.27269468
1669763665.4725754,2.697,2.697,0.000879,0.001,48.49921319
1669763725.1126072,2.697,2.694,0.00063968,-0.002,44.91564787
1669763785.0163767,2.697,2.694,0.00063968,-0.002,44.91564787
1669763844.8989627,2.697,2.694,0.00063968,-0.002,44.91564787
1669763904.9422276,2.697,2.694,0.00063968,-0.002,44.91564787
1669763965.2020411,2.697,2.694,0.00063968,-0.002,44.91564787
1669764024.8540115,2.694,2.694,0.00023061,-0.002,44.91564787
1669764085.266827,2.694,2.693,0.00015084,-0.003,43.7550748
1669764144.8797057,2.694,2.693,0.00015084,-0.003,43.7550748
1669764205.417841,2.694,2.693,0.00015084,-0.003,43.7550748
1669764264.943015,2.694,2.693,0.00015084,-0.003,43.7550748
1669764324.9595304,2.691,2.69,-0.00047319,-0.011,40.3838445
1669764384.885441,2.69,2.69,-0.00095671,-0.014,40.3838445
1669764444.9179056,2.69,2.688,-0.00111625,-0.016,38.26705138
1669764504.889615,2.69,2.688,-0.00111625,-0.016,38.26705138
1669764564.901901,2.69,2.688,-0.00111625,-0.016,38.26705138
1669764625.2885325,2.69,2.688,-0.00111625,-0.016,38.26705138
1669764684.8552835,2.69,2.688,-0.00111625,-0.016,38.26705138
1669764745.5550292,2.69,2.688,-0.00111625,-0.016,38.26705138
1669764804.9961607,2.69,2.688,-0.00111625,-0.016,38.26705138
1669764864.8869746,2.69,2.688,-0.00111625,-0.016,38.26705138
1669764924.9607728,2.69,2.688,-0.00111625,-0.016,38.26705138
1669764985.0264916,2.69,2.688,-0.00111625,-0.016,38.26705138
1669765044.9336438,2.69,2.688,-0.00111625,-0.016,38.26705138
1669765104.8195336,2.692,2.692,-0.00128827,-0.011,44.52954325
1669765165.2808874,2.692,2.694,-0.00112873,-0.009,47.20731707
1669765225.043731,2.692,2.694,-0.00112873,-0.009,47.20731707
1669765285.6625068,2.692,2.694,-0.00112873,-0.009,47.20731707
1669765344.8402977,2.692,2.694,-0.00112873,-0.009,47.20731707
1669765405.359229,2.692,2.694,-0.00112873,-0.009,47.20731707
1669765464.8672326,2.694,2.694,-0.00112564,-0.003,47.20731707
1669765524.891339,2.692,2.692,-0.00126993,-0.007,44.70448008
1669765584.8475797,2.692,2.692,-0.00126993,-0.007,44.70448008
1669765644.9050827,2.688,2.688,-0.00174924,-0.013,39.80891379
1669765705.111798,2.688,2.687,-0.00182901,-0.014,38.7480925
1669765765.0514238,2.685,2.685,-0.0023285,-0.016,36.6448492
1669765825.6174252,2.687,2.687,-0.00265694,-0.007,41.27074807
1669765884.9090672,2.687,2.687,-0.00265694,-0.007,41.27074807
1669765945.0897856,2.687,2.687,-0.00265694,-0.007,41.27074807
1669766004.7781346,2.684,2.684,-0.00329317,-0.006,38.86247851
1669766064.9275355,2.684,2.683,-0.00337295,-0.007,37.26476266
1669766125.0652838,2.687,2.687,-0.00324644,-0.001,43.61250369
1669766185.0373218,2.687,2.687,-0.00324644,-0.001,43.61250369
1669766244.7804782,2.687,2.687,-0.00324644,-0.001,43.61250369
1669766304.9917743,2.687,2.687,-0.00324644,-0.001,43.61250369
1669766365.4356508,2.687,2.687,-0.00324644,-0.001,43.61250369
1669766424.9080691,2.687,2.687,-0.00324644,-0.001,43.61250369
1669766485.3619354,2.69,2.69,-0.00260576,-0.004,47.97338769
1669766544.9596477,2.69,2.69,-0.00236733,-0.002,48.08149091
1669766604.910255,2.69,2.69,-0.00209104,-0.002,48.08149091
1669766664.9782853,2.69,2.686,-0.00241013,-0.006,42.72732862
1669766724.907728,2.69,2.69,-0.00209711,0.003,48.86011749
1669766785.131211,2.686,2.686,-0.00191537,-0.001,43.46258248
1669766844.9266057,2.686,2.687,-0.00183559,0.0,44.69699202
1669766905.443611,2.686,2.687,-0.00183559,0.0,44.69699202
1669766964.8636346,2.686,2.687,-0.00183559,0.0,44.69699202
1669767025.5491922,2.686,2.687,-0.00183559,0.0,44.69699202
1669767085.0186875,2.686,2.687,-0.00183559,0.0,44.69699202
1669767144.9731736,2.686,2.687,-0.00183559,0.0,44.69699202
1669767205.119664,2.686,2.687,-0.00183559,0.0,44.69699202
1669767265.0275283,2.686,2.687,-0.00183559,0.0,44.69699202
1669767324.853533,2.687,2.687,-0.00182065,0.004,44.69699202
1669767384.8850613,2.687,2.687,-0.00182065,0.004,44.69699202
1669767445.4548,2.687,2.687,-0.00182065,0.004,44.69699202
1669767504.9496434,2.688,2.691,-0.0014691,0.008,51.13525528
1669767565.652099,2.688,2.691,-0.0014691,0.008,51.13525528
1669767624.9138126,2.688,2.691,-0.0014691,0.008,51.13525528
1669767684.9416518,2.69,2.69,-0.0012567,0.003,49.58121652
1669767744.931295,2.69,2.688,-0.00141624,0.001,46.74027262
1669767804.849028,2.694,2.694,-0.00088006,0.005,55.05960219
1669767865.1079638,2.694,2.694,-0.00088006,0.005,55.05960219
1669767924.9363525,2.694,2.694,-0.00088006,0.005,55.05960219
1669767985.5833762,2.695,2.695,-0.00037017,0.006,56.28520917
1669768044.9647112,2.697,2.694,-4.624e-05,0.004,54.67929653
1669768105.6289835,2.684,2.684,-0.00100867,-0.006,41.82726497
1669768164.9205143,2.688,2.688,-0.00076001,-0.002,47.17570633
1669768225.089964,2.687,2.687,-0.00088631,0.0,45.95077986
1669768284.9186895,2.687,2.688,-0.00080654,0.001,47.17570633
1669768345.0609932,2.692,2.692,-0.00051471,0.005,52.61679989
1669768404.977981,2.692,2.697,-0.00011585,0.01,58.0216965
1669768465.0111787,2.695,2.695,0.00026706,0.004,55.30421909
1669768525.515252,2.696,2.696,0.00070539,0.008,56.63037618
1669768584.8885334,2.696,2.696,0.00070539,0.008,56.63037618
1669768645.8274283,2.696,2.696,0.00070539,0.008,56.63037618
1669768704.993225,2.7,2.7,0.00174636,0.005,60.97191155
1669768764.9460845,2.7,2.7,0.00174636,0.005,60.97191155
1669768825.091656,2.72,2.72,0.00514183,0.036,75.30638475
1669768885.0394166,2.766,2.766,0.01236662,0.078,87.13114917
1669768945.0898983,2.757,2.757,0.0141139,0.069,83.24336876
1669769005.1021402,2.785,2.785,0.01984266,0.097,87.55280587
1669769065.151466,2.812,2.812,0.0259869,0.115,90.19405731
1669769125.0531883,2.796,2.796,0.02674283,0.1,80.88835809
1669769185.5249827,2.773,2.773,0.02477898,0.077,67.87251066
1669769245.2545178,2.781,2.781,0.02564953,0.081,69.08101334
1669769305.0160246,2.79,2.79,0.02668656,0.09,71.62233886
1669769365.004883,2.793,2.793,0.02699492,0.073,72.28062176
1669769425.056996,2.797,2.797,0.02743092,0.037,72.75070968
1669769485.0408883,2.797,2.802,0.02782978,0.042,74.22818282
1669769545.797194,2.787,2.787,0.0256203,0.002,65.49513521
1669769605.3182526,2.786,2.786,0.02424831,-0.023,64.91359441
1669769664.9971232,2.788,2.788,0.02336456,-0.008,64.87605577
1669769725.5013857,2.791,2.791,0.02251749,0.018,66.68883294
1669769785.1458983,2.805,2.805,0.0233272,0.022,70.81037442
1669769845.04934,2.804,2.804,0.02249554,0.014,69.1575632
1669769905.0925758,2.806,2.806,0.02193646,0.014,69.82154922
1669769965.0251036,2.804,2.804,0.02109071,0.006,69.20273661
1669770025.1365778,2.804,2.804,0.02031274,0.002,69.20273661
1669770085.0436614,2.815,2.815,0.02102672,0.025,72.76496826
1669770145.2131355,2.827,2.827,0.02229375,0.04,76.04152372
1669770205.147612,2.818,2.818,0.0212574,0.027,69.571923
1669770265.7701695,2.829,2.829,0.02219476,0.038,73.63426576
1669770325.166499,2.829,2.823,0.02171613,0.032,69.17966304
1669770385.224278,2.812,2.812,0.01896773,0.012,61.6603535
1669770445.1091664,2.806,2.806,0.01668841,0.004,57.9079601
1669770504.9928148,2.81,2.81,0.01571539,0.006,59.58172645
1669770565.0907102,2.81,2.816,0.01619402,0.012,62.02128406
1669770625.1736283,2.818,2.818,0.01502232,0.003,62.19493293
1669770684.964695,2.81,2.81,0.01318972,-0.016,57.12569108
1669770745.1022716,2.802,2.802,0.01109499,-0.019,52.43547972
1669770805.663473,2.815,2.815,0.01153918,-0.015,58.54369898
1669770864.9927444,2.816,2.816,0.01126842,-0.007,58.2714284
1669770925.6110482,2.818,2.818,0.01077492,0.003,59.19769911
1669770985.0010448,2.813,2.813,0.00949708,0.008,56.25218465
1669771044.9880557,2.813,2.812,0.00941731,0.007,55.74064341
1669771105.1185985,2.812,2.814,0.00878087,0.004,56.82792462
1669771165.065218,2.81,2.811,0.00794286,-0.009,54.65885612
1669771225.2009065,2.81,2.811,0.00794286,-0.009,54.65885612
1669771284.9867182,2.806,2.806,0.00612959,-0.005,50.90328977
1669771345.9957583,2.811,2.811,0.00593123,0.006,54.65885612
1669771405.2280192,2.814,2.814,0.00563503,-0.002,56.87296904
1669771466.0265656,2.803,2.803,0.00409172,-0.017,47.80016158
1669771525.1772754,2.808,2.808,0.0036098,-0.008,51.96850289
1669771585.081022,2.808,2.808,0.0036098,-0.008,51.96850289
1669771645.0522902,2.8,2.8,0.00169578,-0.012,45.68282996
1669771705.088398,2.797,2.797,0.00058082,-0.017,43.5553334
1669771765.1283667,2.796,2.796,-0.00031479,-0.015,43.13678217
1669771825.1412618,2.796,2.8,4.29e-06,-0.011,46.78180193
1669771885.7082992,2.801,2.801,-0.00037182,-0.01,47.70044081
1669771945.136017,2.808,2.808,0.0002735,-0.003,53.73614442
1669772005.5697372,2.8,2.8,-0.00011219,-0.008,46.73090429
1669772065.234383,2.798,2.798,-0.00100377,-0.005,46.18470815
1669772125.2214923,2.796,2.796,-0.00141292,-0.012,44.77646131
1669772184.9864795,2.798,2.798,-0.00143464,-0.002,46.18470815
1669772245.2976637,2.805,2.805,-0.00057078,0.008,51.88811221
1669772305.1764386,2.805,2.805,-0.00057078,0.008,51.88811221
1669772365.1562304,2.805,2.805,-0.00057078,0.008,51.88811221
1669772425.5411825,2.8,2.8,-0.00083546,0.0,47.70026735
1669772485.1806228,2.8,2.803,-0.00059614,0.003,50.2925374
1669772545.8576424,2.8,2.8,-0.00072864,-0.002,47.74403762
1669772605.094451,2.8,2.801,-0.00064887,-0.001,48.56434637
1669772665.3156228,2.802,2.802,-0.00060301,-0.003,49.49877218
1669772725.330325,2.801,2.801,-0.00063999,-0.007,48.54894404
1669772785.1192312,2.801,2.798,-0.0008793,-0.01,45.90626845
1669772845.2162778,2.801,2.801,-0.0009958,0.003,49.11840604
1669772905.137268,2.801,2.802,-0.00091603,0.004,50.10599072
1669772965.3902493,2.805,2.805,-0.00035056,0.0,53.19174458
1669773025.1509566,2.805,2.806,-0.00027078,0.001,54.15980729
1669773085.5914414,2.812,2.812,0.00111035,0.012,59.62451802
1669773145.157174,2.81,2.81,0.00144624,0.007,57.02952542
1669773205.1082685,2.812,2.812,0.00166769,0.011,58.13907593
1669773265.173772,2.81,2.81,0.00185014,0.008,55.75890108
1669773325.150987,2.81,2.81,0.001972,0.012,55.75890108
1669773385.060006,2.815,2.815,0.00269023,0.017,60.21186883
1669773445.188445,2.815,2.811,0.00237114,0.013,55.6984428
1669773505.357777,2.815,2.815,0.00272592,0.013,59.28932338
1669773565.140921,2.815,2.817,0.00288547,0.015,60.87497088
1669773625.7883327,2.812,2.808,0.0025376,0.005,51.20906858
1669773685.1114953,2.812,2.812,0.00255522,0.006,54.65521073
1669773745.3391263,2.817,2.817,0.00320578,0.005,58.59225547
1669773805.1307485,2.823,2.823,0.00422662,0.016,62.76965448
1669773865.5986748,2.823,2.821,0.00406708,0.014,60.57590162
1669773925.129354,2.823,2.821,0.00406708,0.014,60.57590162
1669773985.1453822,2.825,2.825,0.00503532,0.015,63.33581042
1669774045.2222912,2.826,2.826,0.00549092,0.012,63.42703132
1669774105.0999446,2.828,2.828,0.00612779,0.017,63.50930015
1669774165.675949,2.831,2.831,0.00666852,0.014,67.23150297
1669774225.1021671,2.822,2.822,0.00555641,0.014,56.52786881
1669774285.8870995,2.821,2.821,0.00504291,0.009,55.47113008
1669774345.1839223,2.819,2.819,0.00436291,0.002,53.32407578
1669774405.4411874,2.819,2.819,0.00436291,0.002,53.32407578
1669774465.1633956,2.82,2.82,0.00370543,-0.001,54.07833541
1669774525.098322,2.82,2.819,0.00362566,-0.002,52.88266638
1669774585.0378692,2.822,2.824,0.00363902,-0.001,57.89537187
1669774645.1547213,2.824,2.824,0.00360802,-0.003,57.89537187
1669774705.4713862,2.836,2.836,0.00511578,0.005,67.06707853
1669774765.2783368,2.836,2.836,0.00542901,0.005,66.57606892
1669774825.8875046,2.84,2.84,0.0063039,0.018,69.08757062
1669774885.4041188,2.845,2.845,0.00743684,0.024,71.87842841
1669774945.1714723,2.851,2.851,0.00902176,0.032,71.4461609
1669775005.1627235,2.859,2.859,0.010605,0.04,78.0271243
1669775065.3089588,2.857,2.857,0.01069641,0.036,72.48867842
1669775125.218023,2.858,2.858,0.01134817,0.039,71.3982603
1669775185.1899128,2.857,2.857,0.01140062,0.033,70.27691545
1669775246.1430318,2.867,2.867,0.01260314,0.033,74.66147408
1669775305.1693509,2.867,2.856,0.01172565,0.022,64.95975762
1669775365.7796276,2.855,2.852,0.0110901,0.019,61.16336389
1669775425.2495627,2.852,2.852,0.00979577,0.007,60.86870014
1669775485.2536075,2.852,2.851,0.009716,0.006,60.21589987
1669775545.1961095,2.85,2.85,0.00839907,-0.008,59.07298386
1669775605.1536798,2.852,2.852,0.00792914,0.0,60.68039496
1669775665.1565096,2.852,2.851,0.00784937,-0.001,59.89278834
1669775725.345134,2.852,2.851,0.00784937,-0.001,59.89278834
1669775785.675804,2.855,2.855,0.00740366,-0.002,63.0786199
1669775845.1553,2.845,2.845,0.00589874,-0.019,51.7549925
1669775905.844304,2.849,2.849,0.0055938,-0.007,55.81839354
1669775965.225752,2.849,2.852,0.00583312,-0.004,58.45063633
1669776025.3514614,2.856,2.856,0.00529821,0.005,60.54184368
1669776085.1338549,2.856,2.857,0.00537798,0.006,61.24479604
1669776145.1878805,2.856,2.857,0.00537798,0.006,61.24479604
1669776205.2285008,2.846,2.846,0.00457187,-0.005,50.57203261
1669776265.2822917,2.848,2.848,0.00417092,-0.003,52.22680576
1669776325.7747614,2.848,2.848,0.00368426,-0.002,52.22680576
1669776385.1520648,2.848,2.853,0.00408312,0.003,56.36640613
1669776445.8035972,2.849,2.849,0.00364871,-0.002,52.45078386
1669776505.2692444,2.849,2.849,0.00364871,-0.002,52.45078386
1669776565.115174,2.846,2.846,0.00312213,-0.002,49.19392352
1669776625.2475014,2.846,2.848,0.00328168,0.0,50.72766378
1669776685.2415192,2.848,2.842,0.00233982,-0.006,46.08559575
1669776745.3092933,2.842,2.834,0.00093706,-0.018,40.73330488
1669776805.2468853,2.84,2.84,0.00030599,-0.008,45.81597272
1669776865.651715,2.84,2.843,0.0005453,-0.005,48.04383387
1669776925.3407648,2.84,2.843,0.0005453,-0.005,48.04383387
1669776985.991752,2.843,2.844,0.00031193,-0.013,48.79954203
1669777045.457629,2.843,2.844,0.00031193,-0.013,48.79954203
1669777105.276744,2.843,2.844,0.00031193,-0.013,48.79954203
1669777165.2779226,2.843,2.844,0.00031193,-0.013,48.79954203
1669777225.3471456,2.837,2.837,-0.00101148,-0.011,43.97750715
1669777285.2205946,2.837,2.838,-0.00093171,-0.01,44.8164091
1669777345.2407026,2.837,2.838,-0.00093171,-0.01,44.8164091
1669777405.4786258,2.837,2.837,-0.00204416,-0.012,45.20122879
1669777465.365521,2.837,2.837,-0.00204416,-0.012,45.20122879
1669777525.999968,2.837,2.837,-0.00204416,-0.012,45.20122879
1669777585.3920212,2.832,2.832,-0.00261842,-0.024,41.89146745
1669777645.3412244,2.831,2.831,-0.00311827,-0.017,41.241052
1669777705.2649715,2.829,2.829,-0.00375709,-0.013,39.99898716
1669777765.3302543,2.829,2.829,-0.00375709,-0.013,39.99898716
1669777825.3121288,2.83,2.83,-0.00401,-0.004,41.02888289
1669777885.1770823,2.83,2.833,-0.00377068,-0.001,43.91682526
1669777945.2884316,2.834,2.834,-0.00365858,-0.009,44.8857203
1669778005.2302215,2.83,2.83,-0.00384816,-0.014,41.77670406
1669778066.1950157,2.83,2.832,-0.00379328,-0.005,43.87015748
1669778125.1894786,2.828,2.828,-0.00402615,-0.01,40.71692382
1669778185.717937,2.828,2.828,-0.00416272,-0.004,40.71692382
1669778245.2739763,2.828,2.829,-0.00408295,-0.003,41.84235378
1669778305.4605863,2.829,2.829,-0.00408091,-0.008,41.84235378
1669778365.3738377,2.829,2.83,-0.00400114,-0.007,43.00752552
1669778425.4740174,2.828,2.828,-0.00404389,-0.001,41.22844834
1669778485.2607496,2.826,2.826,-0.00396701,-0.003,40.37099193
1669778545.2292426,2.826,2.832,-0.00348838,0.003,46.12122354
1669778605.877541,2.824,2.824,-0.00383907,-0.009,38.7749629
1669778665.191146,2.829,2.832,-0.0034319,-0.002,47.73942754
1669778785.522622,2.832,2.832,-0.00307379,0.002,47.73942754
1669778845.4187596,2.832,2.832,-0.00275818,0.0,47.73942754
1669778905.2358377,2.828,2.828,-0.00279857,0.0,43.73999745
1669778965.2633872,2.828,2.828,-0.00279857,0.0,43.73999745
1669779025.3246603,2.82,2.82,-0.00377395,-0.01,36.94533725
1669779085.2480958,2.82,2.82,-0.00377395,-0.01,36.94533725
1669779145.6740322,2.824,2.824,-0.00380125,-0.004,42.06560109
1669779207.774227,2.824,2.824,-0.00396542,-0.008,43.56983782
1669779265.848391,2.819,2.819,-0.0042149,-0.005,39.34817616
1669779325.179967,2.819,2.818,-0.00429467,-0.006,38.60015053
1669779385.291251,2.819,2.818,-0.00429467,-0.006,38.60015053
1669779445.282701,2.824,2.824,-0.00402506,-0.008,45.3172
1669779505.4132843,2.824,2.824,-0.00402506,-0.008,45.3172
1669779565.3258033,2.826,2.826,-0.00360841,-0.006,47.38351487
1669779625.4728873,2.819,2.819,-0.00439821,-0.009,43.84541685
1669779685.9862895,2.819,2.819,-0.00439821,-0.009,43.84541685
1669779745.4129283,2.82,2.821,-0.00415781,-0.001,45.58020956
1669779805.8979628,2.82,2.821,-0.00415781,-0.001,45.58020956
1669779865.6720798,2.82,2.821,-0.00415781,-0.001,45.58020956
1669779925.4366472,2.815,2.815,-0.00440072,-0.005,41.44376229
1669779985.4711275,2.811,2.811,-0.00498315,-0.013,38.9938717
1669780045.3561935,2.816,2.816,-0.00455087,-0.004,42.93360746
1669780105.4140613,2.816,2.816,-0.00455087,-0.004,42.93360746
1669780165.4529126,2.81,2.813,-0.00471214,-0.011,40.79133395
1669780225.8865106,2.808,2.81,-0.0050241,-0.008,38.71116566
1669780285.318728,2.808,2.81,-0.0050241,-0.008,38.71116566
1669780345.8014195,2.81,2.81,-0.00521127,-0.014,38.71116566
1669780405.4749854,2.81,2.813,-0.00497195,-0.011,41.90180619
1669780465.341127,2.81,2.812,-0.00495421,-0.014,41.13311562
1669780525.3805037,2.81,2.812,-0.00495421,-0.014,41.13311562
1669780585.3273878,2.808,2.809,-0.00512316,-0.002,38.8316195
1669780645.4192915,2.802,2.802,-0.00575555,-0.017,34.0449561
1669780705.444803,2.802,2.802,-0.00618542,-0.019,34.0449561
1669780765.9157882,2.802,2.802,-0.00618542,-0.019,34.0449561
1669780825.4283683,2.8,2.8,-0.00686957,-0.016,32.70892969
1669780885.8007286,2.805,2.805,-0.0065948,-0.011,39.58323911
1669780945.3326638,2.807,2.807,-0.00614482,-0.006,42.12989679
1669781005.5088675,2.801,2.801,-0.0060777,-0.009,37.87204052
1669781065.3388472,2.81,2.81,-0.00511654,-0.003,46.66080825
1669781125.3039498,2.81,2.809,-0.00519632,-0.004,45.60144993
1669781185.453786,2.81,2.809,-0.00519632,-0.004,45.60144993
1669781245.389866,2.81,2.809,-0.00519632,-0.004,45.60144993
1669781305.9136033,2.81,2.809,-0.00469655,-0.003,45.60144993
1669781365.4025748,2.807,2.807,-0.00441102,-0.002,43.59321415
1669781426.1810737,2.807,2.807,-0.00441102,-0.002,43.59321415
1669781485.3898673,2.809,2.81,-0.00389773,0.008,47.33946826
1669781545.449993,2.809,2.81,-0.00389773,0.008,47.33946826
1669781605.532505,2.81,2.81,-0.00345116,0.008,47.33946826
1669781665.3234408,2.81,2.81,-0.00345116,0.008,47.33946826
1669781725.4400594,2.81,2.81,-0.00345116,0.008,47.33946826
1669781785.4668376,2.81,2.81,-0.00345116,0.008,47.33946826
1669781845.8744416,2.813,2.815,-0.00266309,0.015,53.33068978
1669781905.5031064,2.815,2.815,-0.00201531,0.015,53.33068978
1669781966.0249708,2.815,2.815,-0.00201531,0.015,53.33068978
1669782025.2119224,2.811,2.811,-0.00180391,0.006,48.23872584
1669782085.4017975,2.812,2.812,-0.00131206,0.007,49.53594966
1669782145.489998,2.812,2.812,-0.00112012,0.003,49.53594966
1669782205.2823973,2.812,2.812,-0.00112012,0.003,49.53594966
1669782265.3498964,2.809,2.809,-0.0011963,0.0,45.28362472
1669782325.566908,2.807,2.815,-0.00076371,0.008,53.82167662
1669782385.8364592,2.808,2.808,-0.0009745,-0.002,44.99941705
1669782445.380642,2.808,2.807,-0.00105427,-0.003,43.96979228
1669782505.8719466,2.808,2.807,-0.00105427,-0.003,43.96979228
1669782565.4360745,2.808,2.807,-0.00105427,-0.003,43.96979228
1669782625.513342,2.807,2.807,-0.00126989,-0.003,43.96979228
1669782685.3245723,2.811,2.814,-0.00086596,-0.001,52.74721326
1669782745.4630935,2.807,2.807,-0.00109802,-0.008,45.13302183
1669782805.42988,2.807,2.807,-0.00109802,-0.008,45.13302183
1669782865.4556403,2.811,2.811,-0.00094325,-0.001,49.76696536
1669782925.7440825,2.811,2.812,-0.00086348,0.0,50.84332273
1669782985.532214,2.81,2.809,-0.00090155,-0.003,47.55149437
1669783046.0217743,2.81,2.81,-0.00047662,0.001,48.62930382
1669783105.3612666,2.81,2.807,-0.00071594,-0.002,45.90366794
1669783165.3711002,2.81,2.807,-0.00071594,-0.002,45.90366794
1669783225.613753,2.808,2.808,-0.00084226,-0.007,46.9706317
1669783285.4842355,2.81,2.804,-0.00125071,-0.003,43.29240699
1669783345.289914,2.81,2.804,-0.00125071,-0.003,43.29240699
1669783405.3388717,2.807,2.807,-0.00131716,0.0,46.66577551
1669783465.64983,2.804,2.804,-0.00159353,-0.01,43.85621491
1669783525.6970632,2.804,2.807,-0.00135421,-0.007,46.66577551
1669783586.0144196,2.807,2.807,-0.00136781,0.0,46.66577551
1669783645.287512,2.805,2.8,-0.00192127,-0.009,39.77100284
1669783705.8188744,2.805,2.8,-0.00192127,-0.009,39.77100284
1669783765.3752434,2.805,2.8,-0.00192127,-0.009,39.77100284
1669783825.4232094,2.799,2.799,-0.00277037,-0.01,38.88708182
1669783885.556249,2.799,2.799,-0.00277037,-0.01,38.88708182
1669783945.4239912,2.806,2.806,-0.00246055,-0.009,48.22835896
1669784005.3933146,2.806,2.803,-0.00269987,-0.012,44.59914193
1669784065.5693688,2.803,2.803,-0.00261387,-0.004,44.59914193
1669784126.108086,2.803,2.803,-0.00241189,-0.001,44.59914193
1669784185.6611612,2.803,2.809,-0.00193326,0.005,52.85465183
1669784246.2095478,2.803,2.809,-0.00193326,0.005,52.85465183
1669784305.4084718,2.809,2.809,-0.00145411,0.002,52.85465183
1669784365.509561,2.809,2.811,-0.00129457,0.004,55.2485096
1669784425.437605,2.809,2.811,-0.00129457,0.004,55.2485096
1669784485.3844557,2.814,2.814,-0.0005401,0.007,58.64090501
1669784545.422969,2.811,2.811,0.00010036,0.011,54.21499039
1669784605.536876,2.811,2.811,0.00010036,0.011,54.21499039
1669784666.0173151,2.811,2.811,0.00010036,0.011,54.21499039
1669784725.6318047,2.811,2.811,0.00032056,0.012,54.21499039
1669784786.0834906,2.811,2.811,0.00032056,0.012,54.21499039
1669784845.5143747,2.811,2.811,0.00032056,0.012,54.21499039
1669784905.7379344,2.811,2.811,0.00048943,0.012,54.21499039
1669784965.4050803,2.811,2.811,0.00061616,0.008,54.21499039
1669785025.5377295,2.811,2.811,0.00061616,0.008,54.21499039
1669785085.5058625,2.815,2.815,0.00102751,0.012,60.0399222
1669785145.5878932,2.815,2.813,0.00086797,0.01,57.32530921
1669785205.9322708,2.813,2.813,0.00105536,0.01,57.32530921
1669785265.4901688,2.813,2.813,0.00105536,0.01,57.32530921
1669785326.4753191,2.816,2.816,0.00142947,0.007,61.83556396
1669785385.4965434,2.814,2.814,0.0017931,0.003,55.47992847
1669785445.4536543,2.814,2.814,0.0017931,0.003,55.47992847
1669785505.4967809,2.813,2.813,0.0017278,-0.001,53.87159659
1669785565.57903,2.811,2.811,0.00123823,0.0,50.77153197
1669785625.5907822,2.811,2.809,0.00107869,-0.002,47.78905085
1669785685.371878,2.81,2.81,0.00088061,-0.001,49.41382945
1669785746.1039832,2.81,2.811,0.00096039,0.0,50.94053543
1669785805.6041744,2.812,2.812,0.00109193,0.001,51.77375161
1669785865.9655988,2.812,2.812,0.00109193,0.001,51.77375161
1669785925.424708,2.816,2.816,0.00133284,0.003,57.02089907
1669785985.5271478,2.814,2.818,0.00172753,0.005,59.31911386
1669786045.5944593,2.818,2.818,0.00211018,0.004,59.31911386
1669786105.5732782,2.815,2.815,0.00203032,0.002,53.41763716
1669786165.5576382,2.819,2.819,0.00238597,0.009,60.01750184
1669786225.439711,2.819,2.82,0.00246574,0.01,61.32390827
1669786286.3669436,2.82,2.82,0.00259129,0.011,61.32390827
1669786345.4486144,2.817,2.817,0.00244442,0.002,54.63500831
1669786406.4876974,2.822,2.822,0.0028312,0.01,64.44877619
1669786465.4786248,2.822,2.824,0.00299075,0.012,67.10643956
1669786525.6069047,2.822,2.824,0.00299075,0.012,67.10643956
1669786585.4658303,2.822,2.824,0.00299075,0.012,67.10643956
1669786645.5558152,2.82,2.823,0.00311742,0.006,64.50971879
1669786705.3701742,2.821,2.821,0.0030216,0.003,59.54683174
1669786765.3611872,2.821,2.821,0.00303527,0.003,59.19651408
1669786825.924976,2.821,2.821,0.0028864,0.002,59.19651408
1669786885.6203935,2.821,2.821,0.00273686,0.003,59.19651408
1669786946.1367722,2.816,2.816,0.00218966,-0.004,47.08700524
1669787005.5372443,2.821,2.821,0.00213484,0.001,56.63936576
1669787065.5725176,2.818,2.818,0.00182825,-0.002,50.72258259
1669787125.586816,2.814,2.814,0.00124812,-0.006,44.10660105
1669787185.4452353,2.812,2.812,0.00061983,-0.012,41.21210842
1669787245.4254444,2.812,2.812,0.00061983,-0.012,41.21210842
1669787305.4758224,2.812,2.812,0.00061983,-0.012,41.21210842
1669787366.0304892,2.812,2.812,0.00061983,-0.012,41.21210842
1669787425.712587,2.813,2.813,0.00020029,-0.01,43.21856564
1669787486.568993,2.813,2.813,0.00020029,-0.01,43.21856564
1669787545.5183513,2.813,2.813,0.00020029,-0.01,43.21856564
1669787605.40814,2.813,2.813,0.00020029,-0.01,43.21856564
1669787665.43029,2.813,2.813,0.00020029,-0.01,43.21856564
1669787725.457662,2.815,2.815,2.886e-05,-0.008,47.10683424
1669787785.5669148,2.818,2.821,0.00037284,0.0,56.68882602
1669787845.6013138,2.815,2.815,0.00015947,-0.006,47.43467031
1669787905.8600218,2.815,2.815,0.00015947,-0.006,47.43467031
1669787965.4098065,2.815,2.815,-9.52e-06,-0.006,47.43467031
1669788026.0777884,2.815,2.819,0.00030956,-0.002,52.94910108
1669788085.5263815,2.813,2.816,0.00018432,0.0,48.81307376
1669788145.5503044,2.811,2.811,-0.00031477,-0.01,42.8108511
1669788205.464172,2.809,2.809,-0.00086175,-0.009,40.65728129
1669788265.6324956,2.809,2.809,-0.00134759,-0.003,42.03330393
1669788325.557391,2.809,2.807,-0.00150713,-0.005,40.12250152
1669788385.5046797,2.809,2.809,-0.00193449,-0.006,42.91706041
1669788445.569782,2.809,2.809,-0.00193449,-0.006,42.91706041
1669788505.4615638,2.807,2.8,-0.00276868,-0.021,34.51105392
1669788566.320017,2.799,2.799,-0.00347047,-0.016,33.72074108
1669788625.572341,2.799,2.799,-0.00347047,-0.016,33.72074108
1669788686.1530948,2.8,2.8,-0.00390098,-0.019,35.31596841
1669788745.5317495,2.8,2.8,-0.00419382,-0.016,35.31596841
1669788805.5106547,2.8,2.801,-0.00411405,-0.015,36.95019901
1669788865.5394156,2.807,2.807,-0.00375547,-0.004,45.79856324
1669788925.5433438,2.807,2.807,-0.00375547,-0.004,45.79856324
1669788985.465856,2.807,2.807,-0.00375547,-0.004,45.79856324
1669789045.539383,2.802,2.802,-0.00383059,-0.007,40.6756478
1669789106.0394256,2.807,2.807,-0.00344693,-0.006,47.05366806
1669789165.6826289,2.806,2.806,-0.00337161,-0.001,46.07250206
1669789226.3173585,2.806,2.806,-0.00337161,-0.001,46.07250206
1669789285.5654418,2.806,2.806,-0.00337161,-0.001,46.07250206
1669789345.6099503,2.807,2.807,-0.0030069,-0.002,47.40830926
1669789405.6907115,2.807,2.807,-0.0030069,-0.002,47.40830926
1669789465.5793169,2.807,2.807,-0.00268689,-0.002,47.40830926
1669789525.5305457,2.805,2.805,-0.0025651,0.005,44.83243198
1669789585.7301002,2.805,2.805,-0.0025651,0.005,44.83243198
1669789646.2743552,2.805,2.805,-0.00244045,0.006,44.83243198
1669789705.7083802,2.805,2.805,-0.00231497,0.005,44.83243198
1669789766.0372849,2.807,2.807,-0.00178491,0.0,48.33828398
1669789825.5937753,2.807,2.807,-0.00178491,0.0,48.33828398
1669789885.5661018,2.807,2.807,-0.00178491,0.0,48.33828398
1669789945.4836917,2.807,2.807,-0.00178491,0.0,48.33828398
1669790005.6274185,2.807,2.807,-0.00178491,0.0,48.33828398
1669790065.7343233,2.807,2.802,-0.00197083,0.0,40.81746489
1669790125.5526383,2.807,2.802,-0.00197083,0.0,40.81746489
1669790186.4815233,2.807,2.802,-0.00197083,0.0,40.81746489
1669790245.7508638,2.805,2.805,-0.00185471,0.001,46.22376602
1669790306.4240932,2.805,2.805,-0.0017426,-0.001,46.22376602
1669790365.520038,2.81,2.81,-0.00123605,0.003,54.29418752
1669790425.5283537,2.807,2.807,-0.00106441,0.0,49.49464362
1669790485.4448216,2.805,2.805,-0.00107734,0.0,46.54088699
1669790545.705204,2.805,2.807,-0.0009178,0.002,49.49464362
1669790605.6240528,2.803,2.803,-0.00100434,-0.002,43.14346358
1669790665.6772242,2.803,2.803,-0.00100434,-0.002,43.14346358
1669790726.179782,2.803,2.803,-0.00115889,-0.004,43.14346358
1669790785.5332544,2.803,2.803,-0.00115889,-0.004,43.14346358
1669790846.4797592,2.807,2.807,-0.00077141,0.005,50.50881454
1669790905.7075071,2.807,2.807,-0.00077141,0.005,50.50881454
1669790965.677126,2.807,2.807,-0.00077141,0.005,50.50881454
1669791025.533625,2.805,2.805,-0.00072343,0.0,46.85381137
1669791085.6247342,2.805,2.806,-0.00064366,0.001,48.68039232
1669791145.6890092,2.806,2.808,-0.00042929,-0.002,52.65574754
1669791205.688927,2.806,2.808,-0.00042929,-0.002,52.65574754
1669791266.048951,2.806,2.808,-0.00042929,-0.002,52.65574754
1669791325.5624022,2.806,2.808,-0.00042929,-0.002,52.65574754
1669791386.4535668,2.806,2.808,-0.00042929,-0.002,52.65574754
1669791445.6957653,2.806,2.808,-0.00042929,-0.002,52.65574754
1669791505.6077242,2.806,2.808,-0.00042929,-0.002,52.65574754
1669791565.6587312,2.808,2.812,6.265e-05,0.005,59.42533543
1669791625.5880587,2.803,2.803,-0.00071337,-0.004,45.30120377
1669791685.5654666,2.803,2.81,-0.00015496,0.003,53.76030191
1669791745.670096,2.803,2.81,-0.00015496,0.003,53.76030191
1669791806.1096308,2.811,2.811,0.00020467,0.008,54.83487547
1669791865.7788024,2.811,2.811,0.00048409,0.008,54.83487547
1669791926.2756388,2.811,2.811,0.00048409,0.008,54.83487547
1669791985.7502985,2.811,2.811,0.00048409,0.008,54.83487547
1669792045.6215897,2.811,2.811,0.00048409,0.008,54.83487547
1669792105.7413335,2.809,2.809,0.00053796,0.002,52.03024043
1669792165.7934103,2.809,2.809,0.00053796,0.002,52.03024043
1669792225.6812105,2.809,2.811,0.0006975,0.004,54.83487547
1669792285.6047642,2.809,2.811,0.0006975,0.004,54.83487547
1669792346.2383745,2.809,2.811,0.0006975,0.004,54.83487547
1669792405.6005352,2.816,2.816,0.00174016,0.01,59.93815285
1669792466.2499175,2.812,2.812,0.00184156,0.006,53.55739784
1669792525.5643094,2.816,2.816,0.00234046,0.008,59.22352674
1669792585.4584095,2.816,2.821,0.00273932,0.013,64.30683798
1669792645.9344797,2.816,2.821,0.00273932,0.013,64.30683798
1669792705.6044514,2.815,2.815,0.00268285,0.003,55.38427814
1669792765.8175886,2.815,2.813,0.00252331,0.001,52.93599231
1669792825.6330605,2.816,2.816,0.00256463,0.016,56.07278105
1669792885.684778,2.813,2.813,0.00239005,0.003,52.14552213
1669792945.634904,2.813,2.813,0.00216353,0.002,52.14552213
1669793006.057778,2.812,2.812,0.00163933,0.001,50.88256637
1669793065.6374664,2.809,2.809,0.00119149,-0.008,46.92804269
1669793125.9262009,2.809,2.808,0.00111172,-0.009,45.74301445
1669793185.475963,2.809,2.808,0.00111172,-0.009,45.74301445
1669793245.5047953,2.808,2.808,0.00068568,-0.01,45.74301445
1669793305.7639155,2.808,2.813,0.00108454,-0.005,52.23741104
1669793365.6745105,2.819,2.819,0.00186072,-0.002,58.63583912
1669793425.9210014,2.815,2.815,0.00153356,0.002,53.49113211
1669793485.692255,2.815,2.812,0.00129424,-0.001,49.9512423
1669793546.179977,2.811,2.811,0.00101488,-0.002,48.63494661
1669793605.6291084,2.811,2.812,0.00109465,-0.001,49.71876372
1669793666.0583851,2.814,2.814,0.00106126,0.001,52.02162497
1669793725.5970187,2.817,2.82,0.00137845,0.008,58.33369638
1669793785.7218132,2.817,2.816,0.00105937,0.004,54.42981379
1669793845.6234188,2.821,2.821,0.00156967,0.009,59.53368939
1669793905.6202602,2.821,2.816,0.00117081,0.004,54.42981379
1669793965.7841177,2.821,2.816,0.00117081,0.004,54.42981379
1669794025.7090318,2.821,2.816,0.00117081,0.004,54.42981379
1669794086.32083,2.821,2.816,0.00117081,0.004,54.42981379
1669794145.708608,2.821,2.816,0.00117081,0.004,54.42981379
1669794206.1059704,2.821,2.816,0.00117081,0.004,54.42981379
1669794265.8122475,2.82,2.82,0.001854,0.007,58.89626345
1669794325.6772528,2.82,2.82,0.001854,0.007,58.89626345
1669794385.6256318,2.82,2.82,0.00206018,0.001,58.89626345
1669794445.7335894,2.819,2.819,0.00218006,0.004,56.65987806
1669794505.7618604,2.819,2.819,0.00218006,0.004,56.65987806
1669794565.7387345,2.819,2.819,0.00218006,0.004,56.65987806
1669794626.3020842,2.819,2.819,0.00218006,0.004,56.65987806
1669794685.6238935,2.819,2.819,0.00218006,0.004,56.65987806
1669794746.0601628,2.819,2.819,0.00218664,0.007,56.65987806
1669794805.8298547,2.819,2.82,0.00226641,0.008,57.93230213
1669794865.7047665,2.82,2.82,0.00230824,0.005,57.93230213
1669794925.6561406,2.829,2.829,0.00331929,0.017,68.05605759
1669794985.579101,2.824,2.824,0.00298764,0.008,61.49760357
1669795045.6670475,2.824,2.824,0.00319192,0.008,59.9844128
1669795105.6959434,2.82,2.82,0.00268674,0.0,53.56654768
1669795166.3862824,2.819,2.819,0.00236805,-0.001,51.98434682
1669795225.7122624,2.812,2.812,0.00110184,-0.009,43.07762737
1669795286.3522186,2.814,2.814,0.00112542,-0.005,46.38631792
1669795345.687788,2.816,2.816,0.00109947,-0.004,48.29437167
1669795405.726978,2.816,2.816,0.00081661,-0.004,48.29437167
1669795465.7486856,2.816,2.812,0.00049752,-0.008,43.77018462
1669795525.826358,2.816,2.812,0.00049752,-0.008,43.77018462
1669795585.5276985,2.818,2.818,0.00049888,-0.007,51.16091699
1669795645.785566,2.818,2.82,0.00065842,-0.005,53.21087284
1669795706.0973475,2.818,2.821,0.00073819,-0.004,54.17264413
1669795765.6766,2.818,2.821,0.00073819,-0.004,54.17264413
1669795826.3128629,2.818,2.821,0.00073819,-0.004,54.17264413
1669795885.752638,2.818,2.821,0.00073819,-0.004,54.17264413
1669795945.754127,2.821,2.821,0.00091834,-0.002,54.17264413
1669796005.627132,2.821,2.819,0.00088947,-0.007,51.70729707
1669796065.6950529,2.821,2.819,0.00088947,-0.007,51.70729707
1669796125.6731832,2.82,2.82,0.00093649,-0.001,52.86239871
1669796185.7844305,2.82,2.821,0.00101626,0.0,53.96353395
1669796246.4966128,2.82,2.821,0.00101626,0.0,53.96353395
1669796305.8030276,2.821,2.821,0.00128337,0.009,53.41333235
1669796366.57103,2.821,2.821,0.00128426,0.002,53.41333235
1669796425.6204824,2.821,2.819,0.00112472,0.0,50.73303421
1669796485.7778563,2.818,2.818,0.00090783,0.0,49.39828405
1669796545.7426531,2.818,2.822,0.00122692,0.004,54.42718981
1669796605.9667394,2.826,2.826,0.0016121,0.01,58.8569413
1669796665.6669154,2.826,2.826,0.0016121,0.01,58.8569413
1669796725.8405788,2.824,2.824,0.00173596,0.012,55.92962181
1669796786.2289083,2.822,2.822,0.00171527,0.001,52.99000293
1669796845.8278477,2.822,2.822,0.00171527,0.001,52.99000293
1669796906.4107878,2.822,2.822,0.00171527,0.001,52.99000293
1669796965.9071217,2.822,2.822,0.00171527,0.001,52.99000293
1669797025.826487,2.822,2.822,0.00171527,0.001,52.99000293
1669797085.794046,2.822,2.822,0.00161701,0.001,52.99000293
1669797146.005661,2.822,2.822,0.00161701,0.001,52.99000293
1669797205.7251966,2.822,2.822,0.00161701,0.001,52.99000293
1669797265.9625487,2.821,2.821,0.00144182,0.002,51.47523234
1669797326.348595,2.82,2.82,0.00120837,-0.001,49.93789959
1669797385.780823,2.815,2.815,0.00061283,-0.008,43.01972004
1669797446.5501778,2.815,2.815,0.00061283,-0.008,43.01972004
1669797505.7922554,2.815,2.815,0.00061283,-0.008,43.01972004
1669797565.8576748,2.815,2.815,0.00061283,-0.008,43.01972004
1669797625.7688966,2.818,2.818,0.00037857,-0.003,47.70125983
1669797685.974508,2.819,2.819,4.101e-05,-0.003,49.70490574
1669797745.7493503,2.819,2.819,4.101e-05,-0.003,49.70490574
1669797805.7472754,2.819,2.819,4.101e-05,-0.003,49.70490574
1669797866.157899,2.822,2.822,0.00016513,-0.003,53.2112641
1669797925.706957,2.82,2.82,2.17e-06,-0.002,51.08359827
1669797986.4040546,2.82,2.816,-0.00031692,-0.006,46.18483201
1669798045.7559462,2.82,2.816,-0.00031692,-0.006,46.18483201
1669798105.8726308,2.824,2.824,0.0001347,0.002,55.47909016
1669798165.8412056,2.824,2.824,0.00064922,0.004,55.63211637
1669798225.7799926,2.824,2.824,0.00064922,0.004,55.63211637
1669798285.8277664,2.824,2.824,0.00064922,0.004,55.63211637
1669798345.7871585,2.824,2.824,0.00064922,0.004,55.63211637
1669798406.0351262,2.824,2.824,0.00064922,0.004,55.63211637
1669798465.7699106,2.824,2.824,0.00064922,0.004,55.63211637
1669798526.4050586,2.816,2.816,0.0002415,0.001,45.78905032
1669798585.7779984,2.816,2.816,0.0002415,0.001,45.78905032
1669798645.863618,2.816,2.816,0.0002415,0.001,45.78905032
1669798705.7875807,2.816,2.816,0.0002415,0.001,45.78905032
1669798765.8893516,2.816,2.816,0.0002415,0.001,45.78905032
1669798825.9340007,2.816,2.816,0.0002415,0.001,45.78905032
1669798885.7273438,2.816,2.816,0.0002415,0.001,45.78905032
1669798945.9073832,2.816,2.816,0.0002415,0.001,45.78905032
1669799005.9179509,2.822,2.822,0.00039795,0.011,52.56745088
1669799066.4454422,2.823,2.823,0.00059575,0.001,53.60859576
1669799125.8605025,2.823,2.823,0.00059575,0.001,53.60859576
1669799186.2218218,2.819,2.819,0.00042485,0.0,48.97757572
1669799245.8432703,2.819,2.819,0.00042485,0.0,48.97757572
1669799305.8637762,2.815,2.815,-3.297e-05,-0.003,44.80896076
1669799365.82551,2.814,2.814,-0.00047107,-0.005,43.80516691
1669799425.9333253,2.814,2.815,-0.00039129,-0.004,44.80896076
1669799485.8465908,2.814,2.815,-0.00039129,-0.004,44.80896076
1669799545.920827,2.814,2.815,-0.00039129,-0.004,44.80896076
1669799606.3245633,2.814,2.815,-0.00039129,-0.004,44.80896076
1669799666.0083292,2.814,2.815,-0.00039129,-0.004,44.80896076
1669799726.5227766,2.814,2.815,-0.00039129,-0.004,44.80896076
1669799785.893556,2.816,2.816,-0.0005878,0.0,46.13814499
1669799845.868291,2.816,2.815,-0.00066757,-0.001,44.80896076
1669799905.8747852,2.816,2.815,-0.00066757,-0.001,44.80896076
1669799965.958114,2.816,2.816,-0.00079665,-0.007,46.23774302
1669800025.9043126,2.82,2.82,-0.0006312,-0.003,51.71815083
1669800085.8598282,2.815,2.815,-0.00089233,-0.009,45.45039943
1669800146.503199,2.815,2.815,-0.00089233,-0.009,45.45039943
1669800206.041994,2.815,2.815,-0.00089233,-0.009,45.45039943
1669800266.5050788,2.815,2.815,-0.00089233,-0.009,45.45039943
1669800325.7962596,2.815,2.815,-0.00102425,-0.001,45.45039943
1669800385.7977426,2.815,2.814,-0.00110403,-0.002,44.26340646
1669800445.6938648,2.808,2.808,-0.00173593,-0.014,37.87240069
1669800505.753138,2.805,2.805,-0.00245055,-0.018,35.14037105
1669800565.7748313,2.805,2.8,-0.00284941,-0.023,31.36890131
1669800625.790973,2.802,2.802,-0.00383784,-0.013,36.06512898
1669800686.5084262,2.802,2.799,-0.00407715,-0.016,33.9358162
1669800745.9775066,2.802,2.805,-0.00416841,-0.01,41.38906015
1669800806.6202772,2.802,2.805,-0.00416841,-0.01,41.38906015
1669800865.956726,2.802,2.802,-0.00409479,-0.013,40.38067167
1669800925.8530474,2.802,2.803,-0.00401501,-0.012,41.08294986
1669800985.7404122,2.802,2.803,-0.00401501,-0.012,41.08294986
1669801045.863213,2.802,2.803,-0.00401501,-0.012,41.08294986
1669801105.874271,2.802,2.803,-0.00401501,-0.012,41.08294986
1669801165.975703,2.802,2.803,-0.00401501,-0.012,41.08294986
1669801226.4153123,2.802,2.803,-0.00401501,-0.012,41.08294986
1669801285.8931663,2.802,2.803,-0.00401501,-0.012,41.08294986
1669801346.5049734,2.802,2.803,-0.00401501,-0.012,41.08294986
1669801405.9285064,2.803,2.803,-0.00414278,-0.016,41.08294986
1669801465.798138,2.803,2.803,-0.00414278,-0.016,41.08294986
1669801525.851555,2.803,2.803,-0.00414278,-0.016,41.08294986
1669801586.1198666,2.803,2.803,-0.00414278,-0.016,41.08294986
1669801645.978229,2.804,2.804,-0.00411589,-0.011,42.24780916
1669801705.981099,2.804,2.803,-0.00419567,-0.012,41.08294986
1669801766.387983,2.804,2.803,-0.00419567,-0.012,41.08294986
1669801826.0176475,2.804,2.803,-0.00419567,-0.012,41.08294986
1669801886.6529026,2.803,2.803,-0.00418929,-0.011,41.08294986
1669801945.8871562,2.803,2.805,-0.00402975,-0.009,43.53591828
1669802005.9039085,2.805,2.805,-0.00385383,-0.003,43.53591828
1669802065.8616798,2.805,2.805,-0.00367208,0.005,43.53591828
1669802125.9456413,2.805,2.806,-0.00359231,0.006,44.86699173
1669802186.1640768,2.809,2.809,-0.00310716,0.004,48.76883586
1669802245.9740615,2.809,2.809,-0.00310716,0.004,48.76883586
1669802306.12752,2.807,2.807,-0.0028512,0.008,46.41069511
1669802365.941676,2.807,2.807,-0.00261816,0.002,46.41069511
1669802426.4287543,2.807,2.807,-0.00261816,0.002,46.41069511
1669802485.848506,2.807,2.807,-0.00261816,0.002,46.41069511
1669802545.802672,2.807,2.807,-0.00261816,0.002,46.41069511
1669802605.844565,2.809,2.809,-0.0022462,-0.001,49.25632627
1669802666.0790863,2.806,2.806,-0.0021685,0.003,45.36500251
1669802726.0120847,2.806,2.806,-0.0021685,0.003,45.36500251
1669802785.9727385,2.805,2.805,-0.00216268,0.002,44.11395228
1669802846.313505,2.805,2.805,-0.00213348,0.002,44.11395228
1669802906.0446029,2.805,2.805,-0.00213348,0.002,44.11395228
1669802966.4540677,2.805,2.805,-0.00213348,0.002,44.11395228
1669803025.8571725,2.807,2.807,-0.00192674,0.002,47.4738695
1669803085.8231122,2.809,2.809,-0.00158327,0.004,50.66790282
1669803145.8484094,2.815,2.815,-0.00022315,0.006,58.77441941
1669803205.856774,2.815,2.815,-0.00022315,0.006,58.77441941
1669803265.856407,2.815,2.812,-0.00046246,0.003,54.22968429
1669803325.9228885,2.815,2.812,-0.00046246,0.003,54.22968429
1669803386.1506767,2.815,2.812,-0.00046246,0.003,54.22968429
1669803445.9590387,2.815,2.812,-0.00046246,0.003,54.22968429
1669803506.5567207,2.815,2.812,-0.00046246,0.003,54.22968429
1669803565.9278655,2.815,2.812,-0.00046246,0.003,54.22968429
1669803626.2037,2.815,2.812,-0.00046246,0.003,54.22968429
1669803685.9889312,2.815,2.812,-0.00046246,0.003,54.22968429
1669803745.8931084,2.815,2.812,-0.00046246,0.003,54.22968429
1669803806.0136766,2.815,2.812,-0.00046246,0.003,54.22968429
1669803866.0612032,2.815,2.812,-0.00046246,0.003,54.22968429
1669803925.954631,2.815,2.812,-0.00046246,0.003,54.22968429
1669803985.9128942,2.815,2.812,-0.00046246,0.003,54.22968429
1669804046.7487068,2.815,2.812,-0.00046246,0.003,54.22968429
1669804105.9374185,2.817,2.819,0.00039361,0.012,62.35312013
1669804166.3223767,2.817,2.819,0.00039361,0.012,62.35312013
1669804226.0539129,2.817,2.819,0.00039361,0.012,62.35312013
1669804285.8961384,2.817,2.819,0.00039361,0.012,62.35312013
1669804346.0731874,2.817,2.819,0.00039361,0.012,62.35312013
1669804406.0091867,2.817,2.819,0.00039361,0.012,62.35312013
1669804465.8728125,2.817,2.819,0.00039361,0.012,62.35312013
1669804525.9841502,2.817,2.819,0.00039361,0.012,62.35312013
1669804586.5967932,2.814,2.814,0.00066098,0.007,54.86295048
1669804646.039809,2.814,2.814,0.00066098,0.007,54.86295048
1669804706.581034,2.814,2.814,0.0010113,0.008,54.86295048
1669804766.0157032,2.814,2.805,0.00029335,-0.001,43.86334551
1669804826.0215094,2.814,2.805,0.00029335,-0.001,43.86334551
1669804885.878337,2.814,2.805,0.00029335,-0.001,43.86334551
1669804945.9906924,2.814,2.805,0.00029335,-0.001,43.86334551
1669805006.230363,2.814,2.805,0.00029335,-0.001,43.86334551
1669805066.173283,2.814,2.805,0.00029335,-0.001,43.86334551
1669805126.715542,2.814,2.805,0.00029335,-0.001,43.86334551
1669805186.0344534,2.81,2.81,0.00024263,0.005,49.87587119
1669805246.471454,2.81,2.813,0.00048194,0.008,52.90250236
1669805305.9880369,2.81,2.813,0.00048194,0.008,52.90250236
1669805365.878785,2.813,2.813,0.00072856,0.006,52.90250236
1669805425.956579,2.813,2.813,0.00072856,0.006,52.90250236
1669805485.948589,2.813,2.813,0.00072856,0.006,52.90250236
1669805546.046649,2.813,2.813,0.00080201,0.003,52.90250236
1669805605.9962237,2.813,2.813,0.00080201,0.003,52.90250236
1669805666.5553775,2.813,2.813,0.00080201,0.003,52.90250236
1669805725.9853337,2.813,2.813,0.00080201,0.003,52.90250236
1669805786.5049727,2.813,2.813,0.00080201,0.003,52.90250236
1669805846.007507,2.813,2.813,0.00080201,0.003,52.90250236
1669805905.9242835,2.808,2.808,0.00017184,-0.004,46.59522973
1669805966.032786,2.808,2.808,0.00017184,-0.004,46.59522973
1669806025.9676895,2.804,2.804,-0.00054103,-0.01,41.6353449
1669806085.926273,2.809,2.809,-0.00052129,-0.005,48.95039371
1669806145.857138,2.809,2.808,-0.00060106,-0.006,47.63784691
1669806206.379623,2.807,2.807,-0.0007826,0.002,46.25602465
1669806265.935128,2.807,2.807,-0.0007826,0.002,46.25602465
1669806326.6185503,2.807,2.807,-0.0007826,0.002,46.25602465
1669806386.043844,2.807,2.807,-0.0007826,0.002,46.25602465
1669806445.917385,2.807,2.807,-0.0007826,0.002,46.25602465
1669806506.1004417,2.807,2.807,-0.0007826,0.002,46.25602465
1669806566.0627131,2.807,2.807,-0.0007826,0.002,46.25602465
1669806626.0768042,2.807,2.807,-0.0007826,0.002,46.25602465
1669806685.9585156,2.807,2.807,-0.0007826,0.002,46.25602465
1669806746.633569,2.807,2.807,-0.0007826,0.002,46.25602465
1669806805.9667954,2.807,2.807,-0.0007826,0.002,46.25602465
1669806866.496678,2.807,2.807,-0.0007826,0.002,46.25602465
1669806926.0272732,2.807,2.807,-0.0007826,0.002,46.25602465
1669806985.944844,2.807,2.807,-0.0007826,0.002,46.25602465
1669807046.114009,2.807,2.807,-0.0007826,0.002,46.25602465
1669807106.091871,2.813,2.813,-0.00037479,0.0,54.59412888
1669807165.958914,2.813,2.815,0.00010854,0.002,56.98951382
1669807226.0111797,2.817,2.817,0.00064552,0.004,59.30170731
1669807286.3478088,2.817,2.817,0.00064552,0.004,59.30170731
1669807346.2869449,2.817,2.817,0.00064552,0.004,59.30170731
1669807406.6470015,2.817,2.817,0.00064552,0.004,59.30170731
1669807465.9814863,2.817,2.817,0.00064552,0.004,59.30170731
1669807526.068381,2.817,2.817,0.00105888,0.004,59.30170731
1669807586.0674863,2.818,2.818,0.00145044,0.01,60.53207108
1669807646.1334522,2.818,2.818,0.00145044,0.01,60.53207108
1669807706.0170696,2.818,2.818,0.00145044,0.01,60.53207108
1669807766.0024498,2.817,2.817,0.00166092,0.009,58.62347689
1669807826.3580604,2.817,2.817,0.00166092,0.009,58.62347689
1669807886.0513916,2.817,2.817,0.00166092,0.009,58.62347689
1669807946.5964358,2.817,2.817,0.00166092,0.009,58.62347689
1669808006.259494,2.814,2.814,0.00156758,0.006,53.2037631
1669808066.461461,2.814,2.814,0.00156758,0.006,53.2037631
1669808126.103912,2.814,2.814,0.00156758,0.006,53.2037631
1669808186.1356647,2.818,2.818,0.00179567,0.014,58.68786861
1669808246.0952663,2.818,2.819,0.00187544,0.015,59.86377145
1669808306.0740137,2.813,2.813,0.00161664,0.006,50.56401954
1669808366.103283,2.813,2.813,0.00161664,0.006,50.56401954
1669808426.0161135,2.813,2.813,0.00161664,0.006,50.56401954
1669808486.7043931,2.813,2.813,0.00139546,0.006,50.56401954
1669808545.9834774,2.813,2.813,0.00139546,0.006,50.56401954
1669808606.3947625,2.813,2.813,0.00139546,0.006,50.56401954
1669808666.0719788,2.813,2.813,0.00139546,0.006,50.56401954
1669808726.022582,2.809,2.809,0.00088717,-0.004,45.14194299
1669808786.1878214,2.809,2.808,0.0008074,-0.005,43.96337382
1669808846.178986,2.812,2.812,0.00065656,-0.003,49.62843902
1669808906.169428,2.812,2.812,0.00059249,-0.005,49.55461094
1669808966.0174546,2.808,2.808,0.00021554,-0.009,44.50791057
1669809026.6318274,2.808,2.807,0.00013577,-0.01,43.4217746
1669809086.070531,2.807,2.807,-0.00028611,-0.011,43.4217746
1669809146.607839,2.807,2.807,-0.00028611,-0.011,43.4217746
1669809206.1348815,2.807,2.807,-0.00028611,-0.011,43.4217746
1669809266.151361,2.815,2.815,2.48e-05,-0.002,53.86700444
1669809325.999877,2.815,2.815,2.48e-05,-0.002,53.86700444
1669809386.036001,2.815,2.815,2.48e-05,-0.002,53.86700444
1669809446.3125832,2.815,2.815,2.48e-05,-0.002,53.86700444
1669809506.1399271,2.815,2.815,2.48e-05,-0.002,53.86700444
1669809566.976359,2.815,2.815,2.48e-05,-0.002,53.86700444
1669809625.9633832,2.812,2.812,2.879e-05,-0.002,50.12952974
1669809686.6983063,2.81,2.81,-0.00012796,-0.009,47.75088134
1669809746.0292833,2.814,2.812,0.0001566,-0.001,49.94375738
1669809806.0272198,2.814,2.812,0.0001566,-0.001,49.94375738
1669809866.0307226,2.814,2.812,0.0001566,-0.001,49.94375738
1669809926.06348,2.812,2.812,0.00012776,-0.001,49.94375738
1669809985.9662626,2.812,2.813,0.00020753,0.0,51.22068888
1669810046.0818818,2.812,2.813,0.00020753,0.0,51.22068888
1669810106.5012412,2.812,2.813,0.00020753,0.0,51.22068888
1669810166.0779202,2.809,2.809,-7.402e-05,0.001,46.14938173
1669810226.63669,2.809,2.814,0.00032484,0.006,52.52493515
1669810286.0303504,2.809,2.814,0.00032484,0.006,52.52493515
1669810346.1073518,2.809,2.814,0.00032484,0.006,52.52493515
1669810406.1309855,2.814,2.814,0.00041305,0.001,52.52493515
1669810466.117514,2.814,2.814,0.00041305,0.001,52.52493515
1669810526.1559749,2.814,2.814,0.00047745,0.001,52.52493515
1669810586.2620163,2.814,2.814,0.00047745,0.001,52.52493515
1669810646.5892713,2.814,2.814,0.00047745,0.001,52.52493515
1669810706.117222,2.809,2.809,0.00012361,0.002,45.0095289
1669810766.816541,2.809,2.809,0.00012361,0.002,45.0095289
1669810826.265531,2.809,2.809,9.133e-05,0.002,44.61667526
1669810886.040971,2.809,2.809,9.133e-05,0.002,44.61667526
1669810946.143959,2.808,2.803,-0.00066362,-0.012,37.26153402
1669811006.3358517,2.808,2.803,-0.00066362,-0.012,37.26153402
1669811066.257808,2.808,2.803,-0.00066362,-0.012,37.26153402
1669811126.1810813,2.806,2.806,-0.00100824,-0.006,42.37655824
1669811186.8331556,2.806,2.805,-0.00108801,-0.007,40.76681112
1669811246.2328022,2.805,2.805,-0.00133489,-0.007,42.52391327
1669811306.6444552,2.805,2.805,-0.00133489,-0.007,42.52391327
1669811366.1706011,2.81,2.81,-0.00117596,-0.003,49.26758564
1669811426.0431912,2.81,2.81,-0.00117596,-0.003,49.26758564
1669811486.2290647,2.81,2.81,-0.00117596,-0.003,49.26758564
1669811546.0618937,2.81,2.81,-0.00103803,-0.004,49.26758564
1669811606.2153027,2.81,2.81,-0.00103803,-0.004,49.26758564
1669811666.1983128,2.81,2.81,-0.00103803,-0.004,49.26758564
1669811726.951229,2.81,2.81,-0.00103803,-0.004,49.26758564
1669811786.2076504,2.81,2.806,-0.00123723,-0.008,44.43084101
1669811846.711649,2.802,2.802,-0.00169829,-0.012,40.18255179
1669811906.0540004,2.802,2.802,-0.00169829,-0.012,40.18255179
1669811966.0814717,2.794,2.794,-0.00310771,-0.015,33.04913667
1669812026.1977837,2.794,2.795,-0.00302794,-0.014,33.82028657
1669812086.0897691,2.801,2.801,-0.00315315,-0.004,41.84332805
1669812146.1810107,2.802,2.802,-0.00304966,-0.008,43.40273908
1669812206.0715673,2.802,2.802,-0.00274905,-0.003,44.08206606
1669812266.344981,2.802,2.802,-0.00274905,-0.003,44.08206606
1669812326.1418164,2.802,2.802,-0.0026697,-0.008,44.08206606
1669812386.9423568,2.803,2.803,-0.00243574,-0.007,45.53338641
1669812446.2687223,2.803,2.801,-0.00259529,-0.009,43.12274168
1669812506.1688836,2.8,2.8,-0.00266211,-0.002,41.92749683
1669812566.141674,2.8,2.8,-0.00266211,-0.002,41.92749683
1669812626.1563692,2.8,2.8,-0.0026415,0.001,41.92749683
1669812686.07132,2.8,2.795,-0.00304036,-0.004,36.12174335
1669812746.2988086,2.796,2.796,-0.00322229,-0.001,37.97171101
1669812806.417066,2.796,2.796,-0.00322229,-0.001,37.97171101
1669812866.2194912,2.798,2.799,-0.0030888,0.0,43.27886772
1669812926.7775102,2.798,2.799,-0.0030888,0.0,43.27886772
1669812986.1278622,2.795,2.795,-0.00337133,-0.01,38.54356827
1669813046.205281,2.797,2.797,-0.00294629,-0.005,42.8765615
1669813106.3047838,2.796,2.796,-0.00321834,-0.007,43.15775812
1669813166.1454198,2.779,2.779,-0.00554797,-0.022,28.83256322
1669813226.1607616,2.782,2.782,-0.00588497,-0.018,32.94125815
1669813286.307867,2.782,2.778,-0.00620406,-0.022,29.71955531
1669813346.3867908,2.783,2.783,-0.00606557,-0.017,34.26944122
1669813406.101208,2.788,2.788,-0.00580158,-0.007,41.04104709
1669813466.7871206,2.79,2.79,-0.0053075,-0.006,43.46055099
1669813526.2094822,2.787,2.79,-0.00492242,-0.009,43.46055099
1669813586.359776,2.79,2.79,-0.00456462,-0.005,43.46055099
1669813646.512438,2.79,2.79,-0.00456462,-0.005,43.46055099
1669813706.1738443,2.79,2.79,-0.00392366,-0.003,43.46055099
1669813766.091399,2.79,2.786,-0.00424275,-0.007,38.99616754
1669813826.180415,2.786,2.786,-0.0042026,0.007,38.99616754
1669813886.1934795,2.787,2.787,-0.00404349,0.006,40.76052603
1669813946.2852454,2.787,2.788,-0.00396371,0.007,42.42569539
1669814007.0256112,2.793,2.793,-0.00333252,0.01,49.99438476
1669814066.140063,2.793,2.793,-0.00333252,0.01,49.99438476
1669814126.8017037,2.801,2.801,-0.00128159,0.012,59.30177763
1669814186.21124,2.8,2.8,-0.00040984,0.01,56.50027794
1669814246.1867173,2.8,2.8,-0.00040984,0.01,56.50027794
1669814306.161296,2.8,2.8,9.033e-05,0.01,56.50027794
1669814366.300877,2.8,2.794,-0.0003883,0.004,49.29441331
1669814426.4189773,2.8,2.794,-0.0003883,0.004,49.29441331
1669814486.2681456,2.807,2.807,0.00142999,0.017,60.9760924
1669814546.868681,2.807,2.808,0.00150976,0.018,61.70269474
1669814606.2987993,2.809,2.809,0.00229274,0.023,62.45552446
1669814666.8530438,2.814,2.814,0.00393765,0.026,66.10263944
1669814726.120115,2.814,2.817,0.00417696,0.029,68.07407462
1669814786.34104,2.812,2.812,0.00451085,0.019,61.63964332
1669814846.0872154,2.812,2.812,0.00472104,0.012,61.63964332
1669814906.2586284,2.815,2.815,0.00513282,0.011,63.95405204
1669814966.117874,2.816,2.816,0.00547581,0.016,64.68166729
1669815026.265787,2.814,2.814,0.00546009,0.02,61.78863485
1669815086.8437798,2.797,2.797,0.00329034,-0.009,44.49121135
1669815146.1697032,2.796,2.796,0.00222312,-0.012,43.67553968
1669815206.817644,2.796,2.795,0.00214334,-0.013,42.88923751
1669815266.288372,2.788,2.788,-7.524e-05,-0.024,37.42004834
1669815326.298216,2.79,2.79,-0.00080666,-0.027,38.83496038
1669815386.5776937,2.79,2.79,-0.00149551,-0.022,38.83496038
1669815446.2533212,2.79,2.79,-0.00149551,-0.022,38.83496038
1669815506.156593,2.793,2.793,-0.00177885,-0.02,42.88118158
1669815566.2937365,2.792,2.792,-0.00212194,-0.024,41.59326409
1669815626.9089642,2.792,2.792,-0.00212194,-0.024,41.59326409
1669815686.2722497,2.796,2.796,-0.00198497,-0.02,47.12415976
1669815746.705939,2.797,2.797,-0.0017755,0.0,48.84687108
1669815806.3489718,2.797,2.797,-0.0017755,0.0,48.84687108
1669815866.3635488,2.797,2.797,-0.0017755,0.0,48.84687108
1669815926.3815796,2.797,2.799,-0.00140841,0.004,51.38358762
1669815986.3027146,2.797,2.797,-0.0012643,0.002,48.77855395
1669816046.2622025,2.797,2.795,-0.00142384,0.0,46.424914
1669816106.3647964,2.797,2.795,-0.00142384,0.0,46.424914
1669816167.047704,2.797,2.795,-0.00142384,0.0,46.424914
1669816226.3486214,2.795,2.795,-0.00141971,0.005,46.424914
1669816286.9004436,2.791,2.791,-0.00171938,0.001,41.75200036
1669816346.507398,2.791,2.791,-0.00193457,0.001,41.75200036
1669816406.2465887,2.791,2.792,-0.0018548,0.002,43.28884454
1669816466.186062,2.791,2.791,-0.00195794,-0.001,42.39914893
1669816526.2001803,2.792,2.791,-0.00207893,-0.001,42.39914893
1669816586.2787583,2.792,2.791,-0.00207893,-0.001,42.39914893
1669816646.3428032,2.792,2.791,-0.00207893,-0.001,42.39914893
1669816706.7934256,2.792,2.791,-0.00207893,-0.001,42.39914893
1669816766.1455803,2.788,2.788,-0.00238935,-0.008,38.85316468
1669816826.812011,2.788,2.792,-0.00207027,-0.004,44.09975172
1669816886.2974658,2.788,2.796,-0.00175118,0.0,50.00405622
1669816946.2467458,2.788,2.796,-0.00175118,0.0,50.00405622
1669817006.372511,2.788,2.796,-0.00175118,0.0,50.00405622
1669817066.272407,2.795,2.795,-0.00155421,0.001,48.62142182
1669817126.3631544,2.795,2.795,-0.00155421,0.001,48.62142182
1669817186.672392,2.793,2.793,-0.00154172,-0.004,45.88853887
1669817246.6001515,2.793,2.792,-0.00162149,-0.005,44.63415434
1669817306.2499158,2.797,2.797,-0.00108004,0.002,51.92768237
1669817366.958044,2.797,2.797,-0.00108004,0.002,51.92768237
1669817426.328184,2.797,2.797,-0.00108004,0.002,51.92768237
1669817486.3272269,2.796,2.796,-0.00088398,0.001,50.43266729
1669817546.4477384,2.792,2.792,-0.00110097,0.001,44.95670506
1669817606.257505,2.792,2.79,-0.00126051,-0.001,42.60180825
1669817666.299631,2.792,2.79,-0.00126051,-0.001,42.60180825
1669817726.249167,2.793,2.793,-0.00123934,0.0,47.07971955
1669817786.853592,2.796,2.796,-0.00078454,0.005,50.90950699
1669817846.3242304,2.796,2.799,-0.00054522,0.008,54.45879873
1669817906.9273546,2.793,2.793,-0.00066131,0.002,47.12088762
1669817966.3510597,2.793,2.793,-0.00066131,0.002,47.12088762
1669818026.441177,2.793,2.793,-0.00066131,0.002,47.12088762
1669818086.254482,2.793,2.793,-0.00066131,0.002,47.12088762
1669818146.3144572,2.793,2.793,-0.00074473,-0.003,47.12088762
1669822968.5189931,2.8,2.8,9.759e-05,0.008,56.77479422
1669823028.3787084,2.8,2.802,0.00025713,0.01,59.09712054
1669823088.3971825,2.802,2.802,0.00072042,0.008,59.09712054
1669823148.792063,2.797,2.797,0.00067633,0.003,51.13206383
1669823208.5196133,2.799,2.799,0.0009168,0.009,54.04575935
1669823268.9739451,2.799,2.799,0.0009168,0.009,54.04575935
1669823328.5129435,2.797,2.796,0.00073044,0.009,49.17133363
1669823388.42962,2.797,2.796,0.00073044,0.009,49.17133363
1669823448.5522368,2.799,2.799,0.00081542,0.008,53.67118065
1669823508.5943427,2.799,2.799,0.00081542,0.008,53.67118065
1669823568.494519,2.799,2.799,0.00081542,0.008,53.67118065
1669823628.5159383,2.798,2.798,0.00079294,0.004,52.01805239
1669823688.5438912,2.798,2.801,0.00103225,0.007,56.43985439
1669823748.6335702,2.798,2.798,0.00095106,0.0,51.4709705
1669823809.0863523,2.798,2.798,0.00095106,0.0,51.4709705
1669823868.70437,2.798,2.798,0.00095106,0.0,51.4709705
1669823928.9078913,2.8,2.8,0.00103615,0.003,54.35599892
1669823988.5101426,2.805,2.805,0.00148987,0.007,60.65363796
1669824048.6534026,2.805,2.805,0.00148987,0.007,60.65363796
1669824108.4939604,2.805,2.805,0.00148987,0.007,60.65363796
1669824168.5632432,2.804,2.804,0.00193138,0.002,58.90319647
1669824228.5429957,2.804,2.805,0.00201115,0.003,60.14196818
1669824288.597115,2.8,2.8,0.00179507,0.001,51.74360577
1669824349.022231,2.8,2.8,0.00179507,0.001,51.74360577
1669824408.5390935,2.8,2.8,0.00137678,0.004,51.74997004
1669824469.2370615,2.8,2.8,0.00137678,0.004,51.74997004
1669824528.5429506,2.8,2.8,0.00137678,0.004,51.74997004
1669824588.5793667,2.802,2.802,0.00140407,0.003,54.72296044
1669824648.7677605,2.802,2.802,0.00140407,0.003,54.72296044
1669824708.6182854,2.808,2.813,0.00233669,0.015,67.43783242
1669824768.5937648,2.808,2.808,0.00232881,0.008,61.80135199
1669824828.5814984,2.808,2.813,0.00294495,0.008,67.10159482
1669824889.115465,2.808,2.815,0.0031045,0.01,68.83150516
1669824948.692325,2.811,2.811,0.00335776,0.007,61.82896792
1669825009.2288308,2.816,2.816,0.00391679,0.011,66.42682317
1669825068.5946157,2.819,2.819,0.00473422,0.019,68.68969493
1669825128.5903158,2.819,2.814,0.00433536,0.014,61.27666037
1669825188.5194576,2.819,2.814,0.00433536,0.014,61.27666037
1669825248.5821192,2.814,2.814,0.00457046,0.014,60.1206677
1669825308.489982,2.814,2.81,0.00425137,0.01,55.09020194
1669825368.549704,2.811,2.811,0.00402056,0.009,56.07960964
1669825428.9825108,2.811,2.811,0.00402056,0.009,56.07960964
1669825488.5841477,2.815,2.815,0.00383061,0.006,59.79697161
1669825549.4280837,2.82,2.82,0.00452342,0.012,63.86745939
1669825608.554168,2.82,2.818,0.00436388,0.01,61.71976844
1669825668.6445184,2.82,2.818,0.00436388,0.01,61.71976844
1669825728.583097,2.82,2.818,0.00436388,0.01,61.71976844
1669825788.5813773,2.814,2.814,0.00416286,-0.001,56.49324411
1669825848.6596346,2.815,2.815,0.0040377,0.004,57.46303888
1669825908.6458316,2.817,2.817,0.00393,-0.002,59.15587945
1669825968.9966824,2.817,2.816,0.00385022,-0.003,58.24126913
1669826028.6334138,2.813,2.813,0.00326572,-0.003,54.31202946
1669826089.2914965,2.813,2.813,0.00326572,-0.003,54.31202946
1669826148.5428226,2.813,2.813,0.00326572,-0.003,54.31202946
1669826208.6056075,2.813,2.813,0.00300958,0.003,54.31202946
1669826268.4915924,2.813,2.813,0.00300958,0.003,54.31202946
1669826328.587368,2.813,2.813,0.00277461,0.002,54.31202946
1669826388.546044,2.814,2.814,0.00245389,0.004,55.10142343
1669826448.7501178,2.813,2.813,0.00222079,-0.006,53.9456099
1669826508.9058592,2.813,2.805,0.00158261,-0.014,44.15315438
1669826568.6781209,2.809,2.808,0.00118377,-0.01,47.96754993
1669826629.2473657,2.8,2.8,-0.00029192,-0.013,39.85039956
1669826688.64649,2.8,2.794,-0.00077055,-0.019,35.21545174
1669826748.6400585,2.794,2.794,-0.00178753,-0.022,35.21545174
1669826808.5283444,2.794,2.796,-0.00162799,-0.02,37.81191844
1669826868.4636574,2.797,2.797,-0.00220145,-0.016,39.12563139
1669826928.659825,2.797,2.797,-0.00220145,-0.016,39.12563139
1669826988.6365917,2.804,2.804,-0.00206725,-0.009,47.48808797
1669827049.0305965,2.804,2.804,-0.00206725,-0.009,47.48808797
1669827108.62564,2.804,2.804,-0.00206725,-0.009,47.48808797
1669827169.137135,2.804,2.804,-0.00206725,-0.009,47.48808797
1669827228.645973,2.804,2.804,-0.00206725,-0.009,47.48808797
1669827288.669856,2.802,2.802,-0.00209809,-0.011,45.56224377
1669827348.7172108,2.799,2.799,-0.00221448,-0.011,42.6361151
1669827408.5732408,2.799,2.799,-0.00221448,-0.011,42.6361151
1669827468.6416202,2.799,2.799,-0.00252763,-0.006,42.6361151
1669827528.840909,2.799,2.799,-0.00252763,-0.006,42.6361151
1669827589.19691,2.799,2.799,-0.00252763,-0.006,42.6361151
1669827648.727015,2.805,2.805,-0.00211593,-0.003,50.25388949
1669827709.1876724,2.802,2.807,-0.00160971,0.003,52.51742465
1669827768.5359952,2.804,2.804,-0.00143408,0.01,48.92155215
1669827829.1109478,2.804,2.81,-0.00095544,0.016,55.76856059
1669827888.829568,2.802,2.802,-0.00107013,0.006,46.60460262
1669827948.7256515,2.802,2.801,-0.0011499,0.005,45.66660362
1669828008.6779587,2.801,2.8,-0.00136892,0.003,44.69778111
1669828068.8160684,2.799,2.799,-0.00166628,-0.005,43.769212
1669828128.9962678,2.796,2.796,-0.00199549,-0.008,41.12323736
1669828188.8225868,2.798,2.798,-0.00213364,-0.001,43.73319297
1669828249.484171,2.798,2.798,-0.00213364,-0.001,43.73319297
1669828308.6517584,2.8,2.8,-0.00205801,0.001,46.29692729
1669828368.5339217,2.794,2.794,-0.00245394,-0.005,40.35623179
1669828428.7138786,2.794,2.798,-0.00213485,-0.001,44.13145003
1669828488.6974754,2.794,2.798,-0.00213485,-0.001,44.13145003
1669828548.852693,2.799,2.799,-0.00209095,-0.006,45.50397722
1669828608.651734,2.797,2.796,-0.00227204,-0.011,42.15788213
1669828669.1566937,2.794,2.794,-0.00254758,-0.016,40.04381954
1669828728.777531,2.795,2.795,-0.00265465,-0.006,41.6201834
1669828789.1788263,2.791,2.791,-0.00290419,-0.008,38.34741325
1669828848.7159803,2.792,2.792,-0.00305024,-0.008,39.25666108
1669828908.932279,2.788,2.788,-0.00357309,-0.008,35.42919378
1669828968.564643,2.79,2.79,-0.00378155,-0.008,39.31883938
1669829028.6576777,2.784,2.784,-0.00456428,-0.016,31.94379774
1669829088.893792,2.779,2.768,-0.00639823,-0.03,22.19591178
1669829148.616927,2.779,2.768,-0.00639823,-0.03,22.19591178
1669829208.6755092,2.77,2.77,-0.00777022,-0.026,28.58233248
1669829268.6732278,2.77,2.77,-0.00825885,-0.024,28.58233248
1669829329.1502275,2.77,2.773,-0.00801953,-0.021,32.61585597
1669829388.7670543,2.772,2.772,-0.00850005,-0.02,34.78517828
1669829449.150181,2.772,2.775,-0.00808482,-0.016,38.35612393
1669829508.6164474,2.771,2.773,-0.00788941,-0.014,36.87126951
1669829572.1646538,2.769,2.769,-0.00821185,-0.017,34.22166929
1669829628.5565257,2.772,2.772,-0.00781998,-0.008,38.00450589
1669829688.6558363,2.77,2.77,-0.00776908,0.002,35.47013807
1669829748.7227924,2.773,2.773,-0.00727634,-0.001,39.75457926
1669829808.7695265,2.773,2.773,-0.00727634,-0.001,39.75457926
1669829869.241415,2.773,2.773,-0.00636237,0.0,39.75457926
1669829928.6579676,2.778,2.778,-0.005296,0.01,46.70015274
1669829989.202262,2.778,2.778,-0.005296,0.01,46.70015274
1669830048.7585764,2.778,2.778,-0.005296,0.01,46.70015274
1669830108.764184,2.778,2.778,-0.00465016,0.005,46.70015274
1669830168.654351,2.781,2.781,-0.00342887,0.012,51.20882559
1669830228.7115924,2.781,2.781,-0.00342887,0.012,51.20882559
1669830288.7230663,2.781,2.781,-0.00342887,0.012,51.20882559
1669830348.5427756,2.781,2.781,-0.00342887,0.012,51.20882559
1669830409.444326,2.781,2.781,-0.00342887,0.012,51.20882559
1669830468.7630875,2.781,2.781,-0.00280839,0.011,51.20882559
1669830529.1703403,2.777,2.776,-0.00268912,0.006,44.3772431
1669830588.8498557,2.778,2.778,-0.00240549,0.008,47.40002434
1669830648.6233723,2.778,2.778,-0.00215586,0.005,47.40002434
1669830708.7009091,2.778,2.776,-0.0023154,0.003,44.77932937
1669830768.6798563,2.776,2.776,-0.00221843,0.003,44.77932937
1669830828.635345,2.776,2.776,-0.00221843,0.003,44.77932937
1669830888.808116,2.776,2.776,-0.00221843,0.003,44.77932937
1669830949.187014,2.776,2.776,-0.00221843,0.003,44.77932937
1669831008.780156,2.776,2.776,-0.00221843,0.003,44.77932937
1669831069.150519,2.782,2.782,-0.00163854,0.005,53.6881577
1669831128.7699325,2.782,2.782,-0.00163854,0.005,53.6881577
1669831188.7565296,2.782,2.782,-0.00163854,0.005,53.6881577
1669831248.7590215,2.781,2.781,-0.00124532,0.003,52.17726488
1669831308.7598855,2.781,2.781,-0.00124532,0.003,52.17726488
1669831368.732947,2.776,2.776,-0.0013219,-0.002,45.31109698
1669831428.752511,2.777,2.777,-0.00116388,0.0,46.43929842
1669831489.2333343,2.777,2.777,-0.00116388,0.0,46.43929842
1669831548.738288,2.777,2.777,-0.00116388,0.0,46.43929842
1669831609.2830975,2.773,2.773,-0.00147091,-0.008,41.27447905
1669831668.7437856,2.773,2.773,-0.00178911,-0.003,41.67691925
1669831728.7960317,2.773,2.773,-0.00178911,-0.003,41.67691925
1669831788.7576473,2.773,2.776,-0.00173513,0.0,47.24877859
1669831848.8003185,2.776,2.776,-0.00158211,0.0,47.24877859
1669831908.818103,2.775,2.775,-0.00152396,-0.007,45.56591881
