Time,Price,Price Change,MACD,MACD Change,Cash Allocation,Coin Allocation,Cash Balance,Coin Balance,Total Balance
1668394855.1226685,2.619,0.0,0.00461372,0.0,1.0,0.0,1000.0,0.0,1000.0
1668394914.939134,2.624,0.0049999999999998,0.00657385,0.00196013,0.0,1.0,0.0,381.0975609756097,1000.0
1668394974.968519,2.623,-0.0009999999999998,0.00789238,0.0013185299999999,0.0,1.0,0.0,381.0975609756097,999.6189024390244
1668395036.172439,2.615,-0.008,0.00819729,0.00030491,0.0,1.0,0.0,381.0975609756097,996.5701219512196
1668395095.759892,2.613,-0.0020000000000002,0.00806004,-0.00013725,1.0,0.0,995.8079268292682,0.0,995.8079268292682
1668395155.9079792,2.61,-0.0030000000000001,0.00756157,-0.0004984699999999,1.0,0.0,995.8079268292682,0.0,995.8079268292682
1668395216.3611364,2.61,0.0,0.00739554,-0.00016603,1.0,0.0,995.8079268292682,0.0,995.8079268292682
1668395275.8017464,2.614,0.004,0.00749845,0.00010291,0.0,1.0,0.0,380.9517700188479,995.8079268292682
1668395335.8217518,2.614,0.0,0.00736862,-0.00012983,1.0,0.0,995.8079268292684,0.0,995.8079268292684
1668395397.1078317,2.618,0.004,0.00756361,0.0001949899999999,0.0,1.0,0.0,380.36971995006434,995.8079268292684
1668395455.8185644,2.613,-0.0049999999999998,0.00704565,-0.00051796,1.0,0.0,993.906078229518,0.0,993.906078229518
1668395515.8678408,2.616,0.0030000000000001,0.00692386,-0.0001217899999999,1.0,0.0,993.906078229518,0.0,993.906078229518
1668395576.1951752,2.622,0.0059999999999997,0.00722816,0.0003042999999999,0.0,1.0,0.0,379.0641030623639,993.906078229518
1668395635.9087188,2.617,-0.0049999999999998,0.00643104,-0.00079712,1.0,0.0,992.0107577142064,0.0,992.0107577142064
1668395696.1681652,2.621,0.004,0.00649162,6.058000000000018e-05,0.0,1.0,0.0,378.4856000435736,992.0107577142064
1668395755.947316,2.617,-0.004,0.00602466,-0.0004669599999999,1.0,0.0,990.496815314032,0.0,990.496815314032
1668395815.8456016,2.62,0.0030000000000001,0.00614105,0.00011639,0.0,1.0,0.0,378.0522195855084,990.496815314032
1668395875.7907283,2.62,0.0,0.00609976,-4.129000000000025e-05,1.0,0.0,990.496815314032,0.0,990.496815314032
1668395935.887644,2.622,0.0019999999999997,0.00609585,-3.910000000000198e-06,1.0,0.0,990.496815314032,0.0,990.496815314032
1668395995.915045,2.612,-0.0099999999999997,0.00510332,-0.00099253,1.0,0.0,990.496815314032,0.0,990.496815314032
1668396055.965065,2.612,0.0,0.00427027,-0.00083305,1.0,0.0,990.496815314032,0.0,990.496815314032
1668396115.8389423,2.612,0.0,0.00357166,-0.0006986099999999,1.0,0.0,990.496815314032,0.0,990.496815314032
1668396176.0442114,2.61,-0.0020000000000002,0.00301157,-0.00056009,1.0,0.0,990.496815314032,0.0,990.496815314032
1668396235.7723606,2.609,-0.0009999999999998,0.00239707,-0.0006145,1.0,0.0,990.496815314032,0.0,990.496815314032
1668396296.877508,2.609,0.0,0.00239707,0.0,1.0,0.0,990.496815314032,0.0,990.496815314032
1668396355.79328,2.623,0.0140000000000002,0.00306761,0.00067054,0.0,1.0,0.0,377.6198304666534,990.496815314032
1668396416.0768602,2.615,-0.008,0.00279665,-0.00027096,1.0,0.0,987.4758566702988,0.0,987.4758566702988
1668396476.0815265,2.621,0.0059999999999997,0.00321771,0.00042106,0.0,1.0,0.0,376.7553821710411,987.4758566702988
1668396535.9559462,2.619,-0.0019999999999997,0.00310412,-0.0001135899999999,1.0,0.0,986.7223459059568,0.0,986.7223459059568
1668396595.8590367,2.619,0.0,0.00322884,0.00012472,0.0,1.0,0.0,376.7553821710411,986.7223459059568
1668396655.9458773,2.623,0.004,0.00360793,0.0003790899999999,0.0,1.0,0.0,376.7553821710411,988.229367434641
1668396716.070189,2.621,-0.0020000000000002,0.00364178,3.3849999999999766e-05,0.0,1.0,0.0,376.7553821710411,987.4758566702988
1668396775.8637185,2.625,0.004,0.00413066,0.00048888,0.0,1.0,0.0,376.7553821710411,988.9828781989828
1668396835.9595368,2.629,0.004,0.00459821,0.0004675499999999,0.0,1.0,0.0,376.7553821710411,990.4898997276672
1668396895.9031582,2.625,-0.004,0.00416189,-0.00043632,1.0,0.0,988.9828781989828,0.0,988.9828781989828
1668396955.8521624,2.628,0.0030000000000001,0.00444944,0.00028755,0.0,1.0,0.0,376.3252961183344,988.9828781989828
1668397016.181331,2.619,-0.0089999999999998,0.00335175,-0.0010976899999999,1.0,0.0,985.595950533918,0.0,985.595950533918
1668397076.1796768,2.624,0.0049999999999998,0.00359967,0.00024792,0.0,1.0,0.0,375.60821285591385,985.595950533918
1668397136.1725929,2.624,0.0,0.00359967,0.0,0.0,1.0,0.0,375.60821285591385,985.595950533918
1668397195.7561817,2.621,-0.0030000000000001,0.00332607,-0.0002736,1.0,0.0,984.4691258953502,0.0,984.4691258953502
1668397255.8199587,2.621,0.0,0.00332607,0.0,1.0,0.0,984.4691258953502,0.0,984.4691258953502
1668397316.00756,2.626,0.0049999999999998,0.00330159,-2.44799999999999e-05,1.0,0.0,984.4691258953502,0.0,984.4691258953502
1668397375.9610949,2.617,-0.0089999999999998,0.00216926,-0.00113233,1.0,0.0,984.4691258953502,0.0,984.4691258953502
1668397435.8994732,2.617,0.0,0.00216926,0.0,1.0,0.0,984.4691258953502,0.0,984.4691258953502
1668397495.896164,2.617,0.0,0.00216926,0.0,1.0,0.0,984.4691258953502,0.0,984.4691258953502
1668397555.9912782,2.621,0.004,0.00207646,-9.280000000000007e-05,1.0,0.0,984.4691258953502,0.0,984.4691258953502
1668397615.9654384,2.618,-0.0030000000000001,0.00183715,-0.0002393099999999,1.0,0.0,984.4691258953502,0.0,984.4691258953502
1668397676.0183337,2.628,0.0100000000000002,0.00235373,0.00051658,0.0,1.0,0.0,374.6077343589613,984.4691258953502
1668397735.7575495,2.628,0.0,0.00273164,0.0003779099999999,0.0,1.0,0.0,374.6077343589613,984.4691258953504
1668397796.0650249,2.628,0.0,0.00273164,0.0,0.0,1.0,0.0,374.6077343589613,984.4691258953504
1668397856.1296291,2.628,0.0,0.00273164,0.0,0.0,1.0,0.0,374.6077343589613,984.4691258953504
1668397916.0969436,2.627,-0.0010000000000003,0.00291682,0.00018518,0.0,1.0,0.0,374.6077343589613,984.0945181609912
1668397975.818863,2.618,-0.0089999999999998,0.0017564,-0.00116042,1.0,0.0,980.7230485517606,0.0,980.7230485517606
1668398035.9100869,2.616,-0.0019999999999997,0.00159686,-0.0001595399999999,1.0,0.0,980.7230485517606,0.0,980.7230485517606
1668398096.0062156,2.618,0.0019999999999997,0.00126654,-0.00033032,1.0,0.0,980.7230485517606,0.0,980.7230485517606
1668398155.931909,2.616,-0.0019999999999997,0.00089536,-0.00037118,1.0,0.0,980.7230485517606,0.0,980.7230485517606
1668398216.2883492,2.615,-0.0009999999999998,0.00045207,-0.00044329,1.0,0.0,980.7230485517606,0.0,980.7230485517606
1668398275.96287,2.615,0.0,0.00045207,0.0,1.0,0.0,980.7230485517606,0.0,980.7230485517606
1668398336.0410087,2.608,-0.0070000000000001,-0.00104402,-0.00149609,1.0,0.0,980.7230485517606,0.0,980.7230485517606
1668398396.0135694,2.612,0.004,-0.00072493,0.00031909,0.0,1.0,0.0,375.4682421714245,980.7230485517608
1668398455.9351404,2.612,0.0,-0.00105018,-0.0003252499999999,1.0,0.0,980.7230485517608,0.0,980.7230485517608
1668398515.9235806,2.61,-0.0020000000000002,-0.00120973,-0.00015955,1.0,0.0,980.7230485517608,0.0,980.7230485517608
1668398576.0844274,2.61,0.0,-0.00120973,0.0,1.0,0.0,980.7230485517608,0.0,980.7230485517608
1668398636.704171,2.609,-0.0009999999999998,-0.00165554,-0.00044581,1.0,0.0,980.7230485517608,0.0,980.7230485517608
1668398695.9456005,2.608,-0.0009999999999998,-0.00206573,-0.0004101899999999,1.0,0.0,980.7230485517608,0.0,980.7230485517608
1668398756.0790317,2.608,0.0,-0.00206573,0.0,1.0,0.0,980.7230485517608,0.0,980.7230485517608
1668398815.8371897,2.608,0.0,-0.00206573,0.0,1.0,0.0,980.7230485517608,0.0,980.7230485517608
1668398876.110447,2.608,0.0,-0.00236356,-0.0002978299999999,1.0,0.0,980.7230485517608,0.0,980.7230485517608
1668398936.081077,2.608,0.0,-0.00250838,-0.00014482,1.0,0.0,980.7230485517608,0.0,980.7230485517608
1668398996.0184903,2.601,-0.0070000000000001,-0.00306678,-0.0005583999999999,1.0,0.0,980.7230485517608,0.0,980.7230485517608
1668399056.6772816,2.6,-0.0009999999999998,-0.00413677,-0.0010699899999999,1.0,0.0,980.7230485517608,0.0,980.7230485517608
1668399115.8834877,2.595,-0.0049999999999998,-0.00487355,-0.00073678,1.0,0.0,980.7230485517608,0.0,980.7230485517608
1668399176.0545578,2.597,0.0019999999999997,-0.00523571,-0.00036216,1.0,0.0,980.7230485517608,0.0,980.7230485517608
1668399235.987734,2.597,0.0,-0.00545979,-0.0002240799999999,1.0,0.0,980.7230485517608,0.0,980.7230485517608
1668399296.114287,2.595,-0.0019999999999997,-0.00585586,-0.00039607,1.0,0.0,980.7230485517608,0.0,980.7230485517608
1668399355.9720924,2.594,-0.0010000000000003,-0.00630057,-0.00044471,1.0,0.0,980.7230485517608,0.0,980.7230485517608
1668399415.861049,2.585,-0.0089999999999998,-0.00692196,-0.0006213899999999,1.0,0.0,980.7230485517608,0.0,980.7230485517608
1668399475.9162588,2.58,-0.0049999999999998,-0.00785378,-0.0009318199999999,1.0,0.0,980.7230485517608,0.0,980.7230485517608
1668399536.173659,2.573,-0.0070000000000001,-0.00911433,-0.00126055,1.0,0.0,980.7230485517608,0.0,980.7230485517608
1668399596.053171,2.553,-0.02,-0.0122701,-0.00315577,1.0,0.0,980.7230485517608,0.0,980.7230485517608
1668399656.1055214,2.543,-0.0099999999999997,-0.0150816,-0.0028114999999999,1.0,0.0,980.7230485517608,0.0,980.7230485517608
1668399716.0842104,2.558,0.0149999999999996,-0.01473931,0.00034229,0.0,1.0,0.0,383.3944677684757,980.7230485517608
1668399776.133525,2.556,-0.0019999999999997,-0.0152127,-0.0004733899999999,1.0,0.0,979.956259616224,0.0,979.956259616224
1668399836.2178276,2.559,0.0030000000000001,-0.01517092,4.177999999999994e-05,0.0,1.0,0.0,382.94500180391714,979.956259616224
1668399896.126337,2.569,0.0099999999999997,-0.01342848,0.0017424399999999,0.0,1.0,0.0,382.94500180391714,983.7857096342632
1668399956.9186606,2.568,-0.0009999999999998,-0.0131096,0.0003188799999999,0.0,1.0,0.0,382.94500180391714,983.4027646324593
1668400016.0191364,2.564,-0.004,-0.01265446,0.00045514,0.0,1.0,0.0,382.94500180391714,981.8709846252436
1668400076.0240984,2.562,-0.0020000000000002,-0.01243639,0.0002180699999999,0.0,1.0,0.0,382.94500180391714,981.1050946216355
1668400136.012175,2.56,-0.0019999999999997,-0.01265107,-0.00021468,1.0,0.0,980.339204618028,0.0,980.339204618028
1668400196.1076815,2.563,0.0030000000000001,-0.01199738,0.00065369,0.0,1.0,0.0,382.4967634092969,980.339204618028
1668400255.9628985,2.558,-0.0050000000000003,-0.01205441,-5.702999999999958e-05,1.0,0.0,978.4267208009812,0.0,978.4267208009812
1668400316.1526213,2.571,0.0130000000000003,-0.01011855,0.0019358599999999,0.0,1.0,0.0,380.5627074293976,978.4267208009812
1668400376.068822,2.571,0.0,-0.00892404,0.00119451,0.0,1.0,0.0,380.5627074293976,978.4267208009812
1668400436.6902864,2.571,0.0,-0.00788647,0.0010375699999999,0.0,1.0,0.0,380.5627074293976,978.4267208009812
1668400496.2001288,2.579,0.008,-0.00591438,0.0019720899999999,0.0,1.0,0.0,380.5627074293976,981.4712224604166
1668400556.0037775,2.578,-0.0010000000000003,-0.00488075,0.00103363,0.0,1.0,0.0,380.5627074293976,981.090659752987
1668400616.0304236,2.566,-0.012,-0.00564915,-0.0007684,1.0,0.0,976.5239072638342,0.0,976.5239072638342
1668400676.125038,2.56,-0.0059999999999997,-0.00591544,-0.0002662899999999,1.0,0.0,976.5239072638342,0.0,976.5239072638342
1668400736.0122714,2.561,0.0009999999999998,-0.00560734,0.0003081,0.0,1.0,0.0,381.305703734414,976.5239072638344
1668400796.2467968,2.561,0.0,-0.00560734,0.0,0.0,1.0,0.0,381.305703734414,976.5239072638344
1668400856.022719,2.562,0.0009999999999998,-0.00559728,1.0060000000000104e-05,0.0,1.0,0.0,381.305703734414,976.9052129675688
1668400917.3538096,2.557,-0.0049999999999998,-0.00629401,-0.00069673,1.0,0.0,974.9986844488966,0.0,974.9986844488966
1668400976.126295,2.55,-0.0070000000000001,-0.00695156,-0.0006575499999999,1.0,0.0,974.9986844488966,0.0,974.9986844488966
1668401036.0022974,2.543,-0.0069999999999996,-0.0081307,-0.0011791399999999,1.0,0.0,974.9986844488966,0.0,974.9986844488966
1668401096.0895708,2.547,0.004,-0.00845528,-0.00032458,1.0,0.0,974.9986844488966,0.0,974.9986844488966
1668401156.165535,2.549,0.0019999999999997,-0.00845367,1.6100000000008469e-06,0.0,1.0,0.0,382.5024262255381,974.9986844488966
1668401216.0937543,2.543,-0.0059999999999997,-0.00893231,-0.00047864,1.0,0.0,972.7036698915434,0.0,972.7036698915434
1668401276.0292282,2.55,0.0069999999999996,-0.00864585,0.00028646,0.0,1.0,0.0,381.4524195653112,972.7036698915434
1668401335.9932127,2.555,0.0050000000000003,-0.0081088,0.00053705,0.0,1.0,0.0,381.4524195653112,974.61093198937
1668401397.3725696,2.56,0.0049999999999998,-0.00725563,0.0008531699999999,0.0,1.0,0.0,381.4524195653112,976.5181940871968
1668401456.1058192,2.559,-0.0009999999999998,-0.00633429,0.0009213399999999,0.0,1.0,0.0,381.4524195653112,976.1367416676312
1668401516.0839045,2.557,-0.0020000000000002,-0.00539184,0.00094245,0.0,1.0,0.0,381.4524195653112,975.3738368285008
1668401576.05348,2.558,0.0009999999999998,-0.0050095,0.00038234,0.0,1.0,0.0,381.4524195653112,975.755289248066
1668401636.753335,2.557,-0.0009999999999998,-0.00429878,0.0007107199999999,0.0,1.0,0.0,381.4524195653112,975.3738368285008
1668401696.073221,2.556,-0.0009999999999998,-0.0041459,0.00015288,0.0,1.0,0.0,381.4524195653112,974.9923844089354
1668401756.179363,2.564,0.008,-0.00315412,0.00099178,0.0,1.0,0.0,381.4524195653112,978.044003765458
1668401816.1264112,2.566,0.0019999999999997,-0.00285999,0.0002941299999999,0.0,1.0,0.0,381.4524195653112,978.8069086045884
1668401877.402705,2.563,-0.0029999999999996,-0.00227287,0.00058712,0.0,1.0,0.0,381.4524195653112,977.6625513458926
1668401936.0414684,2.57,0.0069999999999996,-0.00091971,0.00135316,0.0,1.0,0.0,381.4524195653112,980.3327182828496
1668401996.0986784,2.57,0.0,-0.00040701,0.0005127,0.0,1.0,0.0,381.4524195653112,980.3327182828496
1668402056.0671618,2.57,0.0,0.00055818,0.00096519,0.0,1.0,0.0,381.4524195653112,980.3327182828496
1668402115.9620004,2.568,-0.0019999999999997,0.00065211,9.393e-05,0.0,1.0,0.0,381.4524195653112,979.5698134437192
1668402175.951318,2.572,0.004,0.00153373,0.00088162,0.0,1.0,0.0,381.4524195653112,981.0956231219805
1668402236.154812,2.574,0.0019999999999997,0.00211652,0.00058279,0.0,1.0,0.0,381.4524195653112,981.8585279611108
1668402296.2755704,2.572,-0.0019999999999997,0.00238945,0.0002729299999999,0.0,1.0,0.0,381.4524195653112,981.0956231219805
1668402356.82541,2.572,0.0,0.00238945,0.0,0.0,1.0,0.0,381.4524195653112,981.0956231219805
1668402416.2241504,2.572,0.0,0.00238945,0.0,0.0,1.0,0.0,381.4524195653112,981.0956231219805
1668402476.1946416,2.566,-0.0060000000000002,0.00184474,-0.0005447099999999,1.0,0.0,978.8069086045884,0.0,978.8069086045884
1668402536.3673306,2.568,0.0020000000000002,0.00160051,-0.00024423,1.0,0.0,978.8069086045884,0.0,978.8069086045884
1668402596.1096754,2.567,-0.0009999999999998,0.00152073,-7.978e-05,1.0,0.0,978.8069086045884,0.0,978.8069086045884
1668402656.024297,2.568,0.0009999999999998,0.00151683,-3.900000000000041e-06,1.0,0.0,978.8069086045884,0.0,978.8069086045884
1668402716.2785957,2.57,0.0019999999999997,0.00165602,0.0001391899999999,0.0,1.0,0.0,380.8587193013963,978.8069086045884
1668402776.1464112,2.568,-0.0019999999999997,0.00152507,-0.00013095,1.0,0.0,978.0451911659858,0.0,978.0451911659858
1668402836.8013952,2.567,-0.0009999999999998,0.00101828,-0.0005067899999999,1.0,0.0,978.0451911659858,0.0,978.0451911659858
1668402896.2265625,2.56,-0.0070000000000001,0.00045988,-0.0005584,1.0,0.0,978.0451911659858,0.0,978.0451911659858
1668402956.3216238,2.564,0.004,0.00031417,-0.00014571,1.0,0.0,978.0451911659858,0.0,978.0451911659858
1668403016.0843446,2.561,-0.0030000000000001,-4.289e-05,-0.00035706,1.0,0.0,978.0451911659858,0.0,978.0451911659858
1668403076.105687,2.56,-0.0009999999999998,-0.00058669,-0.0005438,1.0,0.0,978.0451911659858,0.0,978.0451911659858
1668403136.0374105,2.56,0.0,-0.00058669,0.0,1.0,0.0,978.0451911659858,0.0,978.0451911659858
1668403196.0785756,2.57,0.0099999999999997,-2.084e-05,0.0005658499999999,0.0,1.0,0.0,380.5623311929906,978.0451911659858
1668403256.1873934,2.572,0.0020000000000002,0.00070546,0.0007263,0.0,1.0,0.0,380.5623311929906,978.8063158283718
1668403317.2801504,2.569,-0.0030000000000001,0.00071736,1.1900000000000018e-05,0.0,1.0,0.0,380.5623311929906,977.6646288347928
1668403376.0909352,2.569,0.0,0.00090602,0.00018866,0.0,1.0,0.0,380.5623311929906,977.6646288347928
1668403436.3821862,2.565,-0.004,0.00072441,-0.00018161,1.0,0.0,976.1423795100208,0.0,976.1423795100208
1668403496.1262996,2.561,-0.004,0.00040532,-0.00031909,1.0,0.0,976.1423795100208,0.0,976.1423795100208
1668403556.4036126,2.562,0.0009999999999998,8.819e-05,-0.00031713,1.0,0.0,976.1423795100208,0.0,976.1423795100208
1668403616.1477602,2.562,0.0,-0.00022287,-0.00031106,1.0,0.0,976.1423795100208,0.0,976.1423795100208
1668403676.2086072,2.562,0.0,-0.00040154,-0.0001786699999999,1.0,0.0,976.1423795100208,0.0,976.1423795100208
1668403736.083346,2.56,-0.0019999999999997,-0.00056108,-0.00015954,1.0,0.0,976.1423795100208,0.0,976.1423795100208
1668403796.5015275,2.558,-0.0020000000000002,-0.00097922,-0.00041814,1.0,0.0,976.1423795100208,0.0,976.1423795100208
1668403856.2655609,2.558,0.0,-0.00097922,0.0,1.0,0.0,976.1423795100208,0.0,976.1423795100208
1668403916.193786,2.558,0.0,-0.00165199,-0.00067277,1.0,0.0,976.1423795100208,0.0,976.1423795100208
1668403976.1410506,2.561,0.0030000000000001,-0.00124008,0.00041191,0.0,1.0,0.0,381.1567276493639,976.1423795100208
1668404036.4126546,2.556,-0.0049999999999998,-0.00163894,-0.00039886,1.0,0.0,974.2365958717742,0.0,974.2365958717742
1668404096.5350966,2.556,0.0,-0.00192253,-0.00028359,1.0,0.0,974.2365958717742,0.0,974.2365958717742
1668404156.0828528,2.542,-0.0140000000000002,-0.00391711,-0.0019945799999999,1.0,0.0,974.2365958717742,0.0,974.2365958717742
1668404216.33282,2.545,0.0030000000000001,-0.00450837,-0.00059126,1.0,0.0,974.2365958717742,0.0,974.2365958717742
1668404276.1462684,2.55,0.0049999999999998,-0.00409024,0.00041813,0.0,1.0,0.0,382.0535670085389,974.236595871774
1668404336.1137583,2.556,0.0060000000000002,-0.00355171,0.00053853,0.0,1.0,0.0,382.0535670085389,976.5289172738254
1668404396.1321716,2.556,0.0,-0.00355171,0.0,0.0,1.0,0.0,382.0535670085389,976.5289172738254
1668404456.4340756,2.553,-0.0030000000000001,-0.00315265,0.00039906,0.0,1.0,0.0,382.0535670085389,975.3827565727996
1668404516.4121523,2.542,-0.0110000000000001,-0.00419227,-0.0010396199999999,1.0,0.0,971.1801673357058,0.0,971.1801673357058
1668404576.4390724,2.54,-0.0019999999999997,-0.00486856,-0.00067629,1.0,0.0,971.1801673357058,0.0,971.1801673357058
1668404636.2437377,2.541,0.0009999999999998,-0.00526316,-0.0003946,1.0,0.0,971.1801673357058,0.0,971.1801673357058
1668404696.174842,2.534,-0.0070000000000001,-0.00687142,-0.0016082599999999,1.0,0.0,971.1801673357058,0.0,971.1801673357058
1668404756.262679,2.542,0.008,-0.00654088,0.0003305399999999,0.0,1.0,0.0,382.0535670085389,971.1801673357058
1668404816.308494,2.524,-0.0179999999999997,-0.00795214,-0.00141126,1.0,0.0,964.303203129552,0.0,964.303203129552
1668404876.457971,2.524,0.0,-0.00877879,-0.00082665,1.0,0.0,964.303203129552,0.0,964.303203129552
1668404936.2718563,2.533,0.0089999999999998,-0.00836119,0.0004176,0.0,1.0,0.0,380.6960928265109,964.303203129552
1668404996.152446,2.536,0.0030000000000001,-0.00812187,0.0002393199999999,0.0,1.0,0.0,380.6960928265109,965.4452914080316
1668405056.103911,2.536,0.0,-0.00770214,0.00041973,0.0,1.0,0.0,380.6960928265109,965.4452914080316
1668405117.0209997,2.536,0.0,-0.00728551,0.0004166299999999,0.0,1.0,0.0,380.6960928265109,965.4452914080316
1668405176.3372796,2.537,0.0009999999999998,-0.0067347,0.00055081,0.0,1.0,0.0,380.6960928265109,965.825987500858
1668405236.6590877,2.54,0.0030000000000001,-0.00568005,0.0010546499999999,0.0,1.0,0.0,380.6960928265109,966.9680757793376
1668405296.4933937,2.543,0.0030000000000001,-0.00486312,0.0008169299999999,0.0,1.0,0.0,380.6960928265109,968.1101640578172
1668405356.329583,2.538,-0.0050000000000003,-0.00475219,0.00011093,0.0,1.0,0.0,380.6960928265109,966.2066835936846
1668405416.3000994,2.532,-0.0059999999999997,-0.00527271,-0.00052052,1.0,0.0,963.9225070367256,0.0,963.9225070367256
1668405476.31583,2.532,0.0,-0.00530795,-3.523999999999975e-05,1.0,0.0,963.9225070367256,0.0,963.9225070367256
1668405536.141183,2.533,0.0009999999999998,-0.00525688,5.106999999999941e-05,0.0,1.0,0.0,380.5457982774282,963.9225070367256
1668405596.781241,2.532,-0.0009999999999998,-0.00492787,0.00032901,0.0,1.0,0.0,380.5457982774282,963.5419612384484
1668405656.2381234,2.532,0.0,-0.00486394,6.393000000000024e-05,0.0,1.0,0.0,380.5457982774282,963.5419612384484
1668405716.3913238,2.546,0.0139999999999997,-0.00327207,0.0015918699999999,0.0,1.0,0.0,380.5457982774282,968.869602414332
1668405776.3156147,2.546,0.0,-0.00236259,0.00090948,0.0,1.0,0.0,380.5457982774282,968.869602414332
1668405836.4495368,2.538,-0.008,-0.00232287,3.972000000000003e-05,0.0,1.0,0.0,380.5457982774282,965.8252360281128
1668405896.3425355,2.539,0.0010000000000003,-0.0022431,7.976999999999984e-05,0.0,1.0,0.0,380.5457982774282,966.2057818263904
1668405956.397426,2.539,0.0,-0.0022431,0.0,0.0,1.0,0.0,380.5457982774282,966.2057818263904
1668406016.2910569,2.546,0.0069999999999996,-0.00150302,0.00074008,0.0,1.0,0.0,380.5457982774282,968.869602414332
1668406076.3300774,2.546,0.0,-0.00150302,0.0,0.0,1.0,0.0,380.5457982774282,968.869602414332
1668406136.419876,2.54,-0.0059999999999997,-0.00138469,0.00011833,0.0,1.0,0.0,380.5457982774282,966.5863276246675
1668406196.2546444,2.548,0.008,-0.00063802,0.00074667,0.0,1.0,0.0,380.5457982774282,969.6306940108872
1668406256.182793,2.55,0.0019999999999997,0.00017538,0.0008133999999999,0.0,1.0,0.0,380.5457982774282,970.391785607442
1668406316.288474,2.552,0.0020000000000002,0.0009077,0.00073232,0.0,1.0,0.0,380.5457982774282,971.1528772039968
1668406376.4731953,2.542,-0.0100000000000002,-6.569e-05,-0.00097339,1.0,0.0,967.3474192212224,0.0,967.3474192212224
1668406436.5520835,2.54,-0.0019999999999997,-0.00029871,-0.00023302,1.0,0.0,967.3474192212224,0.0,967.3474192212224
1668406496.5353756,2.54,0.0,-0.00041537,-0.0001166599999999,1.0,0.0,967.3474192212224,0.0,967.3474192212224
1668406556.4761188,2.543,0.0030000000000001,-0.00017605,0.0002393199999999,0.0,1.0,0.0,380.39615384239966,967.3474192212224
1668406617.3633003,2.543,0.0,-0.00017605,0.0,0.0,1.0,0.0,380.39615384239966,967.3474192212224
1668406677.4757214,2.543,0.0,-0.00017605,0.0,0.0,1.0,0.0,380.39615384239966,967.3474192212224
1668406737.3534691,2.558,0.0149999999999996,0.00111863,0.00129468,0.0,1.0,0.0,380.39615384239966,973.0533615288582
1668406798.2492905,2.557,-0.0009999999999998,0.00216365,0.00104502,0.0,1.0,0.0,380.39615384239966,972.672965375016
1668406858.2062778,2.548,-0.0089999999999998,0.00143729,-0.00072636,1.0,0.0,969.2493999904344,0.0,969.2493999904344
1668406918.26991,2.555,0.0070000000000001,0.00209773,0.00066044,0.0,1.0,0.0,379.3539725989958,969.2493999904344
1668406978.975098,2.555,0.0,0.00259126,0.00049353,0.0,1.0,0.0,379.3539725989958,969.2493999904344
1668407039.7462375,2.556,0.0009999999999998,0.00308976,0.0004984999999999,0.0,1.0,0.0,379.3539725989958,969.6287539630332
1668407098.9619403,2.556,0.0,0.00308976,0.0,0.0,1.0,0.0,379.3539725989958,969.6287539630332
1668407159.907353,2.556,0.0,0.00338262,0.0002928599999999,0.0,1.0,0.0,379.3539725989958,969.6287539630332
1668407219.7522776,2.555,-0.0009999999999998,0.00318579,-0.0001968299999999,1.0,0.0,969.2493999904344,0.0,969.2493999904344
1668407279.838585,2.56,0.0049999999999998,0.00376822,0.00058243,0.0,1.0,0.0,378.61304687126346,969.2493999904344
1668407340.6603148,2.559,-0.0009999999999998,0.00391615,0.00014793,0.0,1.0,0.0,378.61304687126346,968.8707869435632
1668407400.5603344,2.553,-0.0060000000000002,0.00343751,-0.00047864,1.0,0.0,966.5991086623357,0.0,966.5991086623357
1668407461.005951,2.564,0.0110000000000001,0.00464627,0.00120876,0.0,1.0,0.0,376.988731927588,966.5991086623357
1668407521.3099694,2.563,-0.0009999999999998,0.00490884,0.00026257,0.0,1.0,0.0,376.988731927588,966.222119930408
1668407581.8712034,2.562,-0.0010000000000003,0.00497885,7.000999999999969e-05,0.0,1.0,0.0,376.988731927588,965.8451311984804
1668407641.3362255,2.562,0.0,0.00497885,0.0,0.0,1.0,0.0,376.988731927588,965.8451311984804
1668407702.4360552,2.562,0.0,0.00497696,-1.890000000000052e-06,1.0,0.0,965.8451311984804,0.0,965.8451311984804
1668407762.503311,2.562,0.0,0.00497696,0.0,1.0,0.0,965.8451311984804,0.0,965.8451311984804
1668407822.364957,2.569,0.0070000000000001,0.00547716,0.0005002,0.0,1.0,0.0,375.9615146743793,965.8451311984804
1668407883.2286065,2.569,0.0,0.00580664,0.00032948,0.0,1.0,0.0,375.9615146743793,965.8451311984804
1668407943.2032688,2.569,0.0,0.0060602,0.0002535599999999,0.0,1.0,0.0,375.9615146743793,965.8451311984804
1668408003.2600276,2.569,0.0,0.0060602,0.0,0.0,1.0,0.0,375.9615146743793,965.8451311984804
1668408064.1662402,2.57,0.0009999999999998,0.00620707,0.00014687,0.0,1.0,0.0,375.9615146743793,966.2210927131548
1668408124.7910995,2.6,0.0300000000000002,0.00901411,0.00280704,0.0,1.0,0.0,375.9615146743793,977.4999381533862
1668408184.0913374,2.644,0.044,0.01547741,0.0064633,0.0,1.0,0.0,375.9615146743793,994.042244799059
1668408245.578321,2.689,0.0449999999999999,0.02251985,0.00704244,0.0,1.0,0.0,375.9615146743793,1010.960512959406
1668408305.3963013,2.695,0.0059999999999997,0.030541,0.0080211499999999,0.0,1.0,0.0,375.9615146743793,1013.2162820474522
1668408365.4228835,2.68,-0.0149999999999996,0.03253987,0.00199887,0.0,1.0,0.0,375.9615146743793,1007.5768593273366
1668408426.4001677,2.655,-0.0250000000000003,0.03187307,-0.0006667999999999,1.0,0.0,998.177821460477,0.0,998.177821460477
1668408486.363818,2.658,0.0030000000000001,0.03129561,-0.00057746,1.0,0.0,998.177821460477,0.0,998.177821460477
1668408546.2210078,2.649,-0.0089999999999998,0.03168426,0.0003886499999999,0.0,1.0,0.0,376.8130696340042,998.1778214604772
1668408608.8641455,2.665,0.016,0.03177358,8.932000000000384e-05,0.0,1.0,0.0,376.8130696340042,1004.2068305746212
1668408667.1905274,2.683,0.0179999999999997,0.03377419,0.00200061,0.0,1.0,0.0,376.8130696340042,1010.9894658280332
1668408727.089288,2.684,0.0010000000000003,0.03310901,-0.00066518,1.0,0.0,1011.3662788976674,0.0,1011.3662788976674
1668408787.8769166,2.718,0.0339999999999998,0.03647255,0.0033635399999999,0.0,1.0,0.0,372.099440359701,1011.3662788976674
1668408848.1621046,2.715,-0.0030000000000001,0.03757786,0.0011053099999999,0.0,1.0,0.0,372.099440359701,1010.2499805765882
1668408907.795932,2.7,-0.0149999999999996,0.03675743,-0.0008204299999999,1.0,0.0,1004.6684889711928,0.0,1004.6684889711928
1668408968.98603,2.698,-0.0020000000000002,0.03535235,-0.00140508,1.0,0.0,1004.6684889711928,0.0,1004.6684889711928
1668409028.780961,2.703,0.0049999999999998,0.03388159,-0.0014707599999999,1.0,0.0,1004.6684889711928,0.0,1004.6684889711928
1668409089.2398877,2.709,0.0060000000000002,0.0340011,0.0001195099999999,0.0,1.0,0.0,370.8632295943864,1004.6684889711928
1668409149.605576,2.732,0.0230000000000001,0.03547225,0.0014711499999999,0.0,1.0,0.0,370.8632295943864,1013.1983432518635
1668409209.5461752,2.765,0.0329999999999999,0.03798355,0.0025113,0.0,1.0,0.0,370.8632295943864,1025.4368298284785
1668409269.4746125,2.731,-0.0340000000000002,0.03650349,-0.0014800599999999,1.0,0.0,1012.8274800222692,0.0,1012.8274800222692
1668409330.2964065,2.733,0.0020000000000002,0.03577494,-0.00072855,1.0,0.0,1012.8274800222692,0.0,1012.8274800222692
1668409390.5128117,2.732,-0.0009999999999998,0.03434714,-0.0014278,1.0,0.0,1012.8274800222692,0.0,1012.8274800222692
1668409450.355791,2.722,-0.0100000000000002,0.03247593,-0.0018712099999999,1.0,0.0,1012.8274800222692,0.0,1012.8274800222692
1668409511.369235,2.726,0.004,0.02871532,-0.00376061,1.0,0.0,1012.8274800222692,0.0,1012.8274800222692
1668409571.223181,2.725,-0.0009999999999998,0.02863555,-7.976999999999984e-05,1.0,0.0,1012.8274800222692,0.0,1012.8274800222692
1668409631.9486809,2.72,-0.0049999999999998,0.02492318,-0.0037123699999999,1.0,0.0,1012.8274800222692,0.0,1012.8274800222692
1668409692.0702152,2.719,-0.0010000000000003,0.02262592,-0.0022972599999999,1.0,0.0,1012.8274800222692,0.0,1012.8274800222692
1668409752.1292062,2.71,-0.0089999999999998,0.02190797,-0.00071795,1.0,0.0,1012.8274800222692,0.0,1012.8274800222692
1668409812.157521,2.714,0.004,0.02017755,-0.0017304199999999,1.0,0.0,1012.8274800222692,0.0,1012.8274800222692
1668409872.9488616,2.722,0.008,0.01826853,-0.0019090199999999,1.0,0.0,1012.8274800222692,0.0,1012.8274800222692
1668409932.888198,2.709,-0.0129999999999999,0.0155925,-0.00267603,1.0,0.0,1012.8274800222692,0.0,1012.8274800222692
1668409992.8297431,2.717,0.008,0.01623068,0.00063818,0.0,1.0,0.0,372.7741921318621,1012.8274800222692
1668410054.1024237,2.718,0.0009999999999998,0.01521637,-0.00101431,1.0,0.0,1013.2002542144012,0.0,1013.2002542144012
1668410114.219956,2.721,0.0030000000000001,0.01387469,-0.0013416799999999,1.0,0.0,1013.2002542144012,0.0,1013.2002542144012
1668410174.7674248,2.71,-0.0110000000000001,0.0129972,-0.0008774899999999,1.0,0.0,1013.2002542144012,0.0,1013.2002542144012
1668410234.9763262,2.701,-0.0089999999999998,0.01102322,-0.00197398,1.0,0.0,1013.2002542144012,0.0,1013.2002542144012
1668410294.960546,2.697,-0.004,0.00709824,-0.00392498,1.0,0.0,1013.2002542144012,0.0,1013.2002542144012
1668410355.00463,2.689,-0.008,0.00451742,-0.0025808199999999,1.0,0.0,1013.2002542144012,0.0,1013.2002542144012
1668410415.735964,2.68,-0.0089999999999998,0.00185552,-0.0026619,1.0,0.0,1013.2002542144012,0.0,1013.2002542144012
1668410475.8132975,2.694,0.0139999999999997,0.00210201,0.00024649,0.0,1.0,0.0,376.0951203468453,1013.2002542144012
1668410535.788612,2.696,0.0020000000000002,0.001678,-0.00042401,1.0,0.0,1013.952444455095,0.0,1013.952444455095
1668410596.5651836,2.704,0.008,0.00231618,0.00063818,0.0,1.0,0.0,374.98241289019785,1013.952444455095
1668410656.5813687,2.711,0.0069999999999996,0.0033208,0.00100462,0.0,1.0,0.0,374.98241289019785,1016.5773213453264
1668410716.444334,2.72,0.0090000000000003,0.00469276,0.0013719599999999,0.0,1.0,0.0,374.98241289019785,1019.9521630613382
1668410777.596478,2.73,0.0099999999999997,0.006136,0.00144324,0.0,1.0,0.0,374.98241289019785,1023.7019871902402
1668410837.483897,2.752,0.0219999999999997,0.00975156,0.0036155599999999,0.0,1.0,0.0,374.98241289019785,1031.9516002738244
1668410897.7899952,2.763,0.0110000000000001,0.01272201,0.00297045,0.0,1.0,0.0,374.98241289019785,1036.0764068156166
1668410958.3341568,2.766,0.0030000000000001,0.01501679,0.0022947799999999,0.0,1.0,0.0,374.98241289019785,1037.201354054287
1668411018.480027,2.79,0.024,0.01991127,0.0048944799999999,0.0,1.0,0.0,374.98241289019785,1046.200931963652
1668411078.328287,2.793,0.0030000000000001,0.02213522,0.00222395,0.0,1.0,0.0,374.98241289019785,1047.3258792023223
1668411138.9477575,2.785,-0.008,0.02274265,0.0006074299999999,0.0,1.0,0.0,374.98241289019785,1044.3260198992011
1668411199.2684455,2.77,-0.0150000000000001,0.02115235,-0.0015902999999999,1.0,0.0,1038.701283705848,0.0,1038.701283705848
1668411258.8656516,2.771,0.0009999999999998,0.02105306,-9.929000000000188e-05,1.0,0.0,1038.701283705848,0.0,1038.701283705848
1668411319.9580195,2.77,-0.0009999999999998,0.02097329,-7.976999999999984e-05,1.0,0.0,1038.701283705848,0.0,1038.701283705848
1668411379.918817,2.789,0.0190000000000001,0.02182469,0.0008514,0.0,1.0,0.0,372.42785360553887,1038.701283705848
1668411439.9283783,2.799,0.0099999999999997,0.02301663,0.0011919399999999,0.0,1.0,0.0,372.42785360553887,1042.4255622419032
1668411500.8817854,2.795,-0.004,0.0231191,0.00010247,0.0,1.0,0.0,372.42785360553887,1040.935850827481
1668411560.774585,2.783,-0.012,0.02111638,-0.0020027199999999,1.0,0.0,1036.4667165842147,0.0,1036.4667165842147
1668411620.801797,2.78,-0.0030000000000001,0.01963439,-0.0014819899999999,1.0,0.0,1036.4667165842147,0.0,1036.4667165842147
1668411681.8001964,2.782,0.0020000000000002,0.01890634,-0.00072805,1.0,0.0,1036.4667165842147,0.0,1036.4667165842147
1668411741.6471393,2.779,-0.0030000000000001,0.01866702,-0.00023932,1.0,0.0,1036.4667165842147,0.0,1036.4667165842147
1668411801.4722571,2.793,0.0140000000000002,0.0184911,-0.0001759199999999,1.0,0.0,1036.4667165842147,0.0,1036.4667165842147
1668411862.9031477,2.797,0.004,0.01887046,0.0003793599999999,0.0,1.0,0.0,370.5637170483428,1036.4667165842147
1668411923.0078323,2.802,0.0049999999999998,0.01903626,0.0001658,0.0,1.0,0.0,370.5637170483428,1038.319535169457
1668411982.7771966,2.811,0.0089999999999998,0.01972604,0.00068978,0.0,1.0,0.0,370.5637170483428,1041.6546086228916
1668412043.7813554,2.805,-0.0059999999999997,0.0189435,-0.00078254,1.0,0.0,1039.4312263206016,0.0,1039.4312263206016
1668412103.8966382,2.794,-0.0110000000000001,0.01668816,-0.0022553399999999,1.0,0.0,1039.4312263206016,0.0,1039.4312263206016
1668412164.3654864,2.789,-0.0049999999999998,0.01520802,-0.00148014,1.0,0.0,1039.4312263206016,0.0,1039.4312263206016
1668412225.0553927,2.793,0.004,0.01419505,-0.0010129699999999,1.0,0.0,1039.4312263206016,0.0,1039.4312263206016
1668412284.8066497,2.801,0.008,0.01387874,-0.00031631,1.0,0.0,1039.4312263206016,0.0,1039.4312263206016
1668412344.8861785,2.805,0.004,0.01434706,0.0004683199999999,0.0,1.0,0.0,370.5637170483428,1039.4312263206016
1668412405.6907606,2.797,-0.008,0.01353549,-0.0008115699999999,1.0,0.0,1036.466716584215,0.0,1036.466716584215
1668412465.7154489,2.791,-0.0060000000000002,0.01214176,-0.00139373,1.0,0.0,1036.466716584215,0.0,1036.466716584215
1668412525.6910994,2.799,0.008,0.01173439,-0.0004073699999999,1.0,0.0,1036.466716584215,0.0,1036.466716584215
1668412586.7503347,2.791,-0.008,0.01076377,-0.00097062,1.0,0.0,1036.466716584215,0.0,1036.466716584215
1668412647.197615,2.798,0.0070000000000001,0.01074246,-2.131000000000008e-05,1.0,0.0,1036.466716584215,0.0,1036.466716584215
1668412707.2622497,2.803,0.0049999999999998,0.01019244,-0.00055002,1.0,0.0,1036.466716584215,0.0,1036.466716584215
1668412767.5102105,2.797,-0.0059999999999997,0.00910787,-0.00108457,1.0,0.0,1036.466716584215,0.0,1036.466716584215
1668412827.5233498,2.804,0.0069999999999996,0.0092091,0.0001012299999999,0.0,1.0,0.0,369.6386293096344,1036.466716584215
1668412887.6242092,2.809,0.0050000000000003,0.00964028,0.0004311799999999,0.0,1.0,0.0,369.6386293096344,1038.314909730763
1668412948.2531366,2.814,0.0049999999999998,0.01032414,0.00068386,0.0,1.0,0.0,369.6386293096344,1040.163102877311
1668413008.2626858,2.814,0.0,0.01005933,-0.00026481,1.0,0.0,1040.163102877311,0.0,1040.163102877311
1668413068.2506416,2.815,0.0009999999999998,0.00994472,-0.0001146099999999,1.0,0.0,1040.163102877311,0.0,1040.163102877311
1668413129.2217271,2.822,0.0070000000000001,0.01104181,0.00109709,0.0,1.0,0.0,368.5907522598551,1040.163102877311
1668413189.2091758,2.815,-0.0070000000000001,0.01022349,-0.00081832,1.0,0.0,1037.582967611492,0.0,1037.582967611492
1668413250.028182,2.808,-0.0070000000000001,0.00891381,-0.00130968,1.0,0.0,1037.582967611492,0.0,1037.582967611492
1668413309.9091952,2.795,-0.0129999999999999,0.00650909,-0.0024047199999999,1.0,0.0,1037.582967611492,0.0,1037.582967611492
1668413369.9721053,2.802,0.0070000000000001,0.00635108,-0.00015801,1.0,0.0,1037.582967611492,0.0,1037.582967611492
1668413429.9762702,2.801,-0.0009999999999998,0.00538946,-0.0009616199999999,1.0,0.0,1037.582967611492,0.0,1037.582967611492
1668413490.736132,2.808,0.0069999999999996,0.00562758,0.0002381199999999,0.0,1.0,0.0,369.5096038502464,1037.582967611492
1668413550.6963403,2.814,0.0060000000000002,0.00573047,0.0001028899999999,0.0,1.0,0.0,369.5096038502464,1039.8000252345932
1668413610.6517134,2.822,0.008,0.00694008,0.00120961,0.0,1.0,0.0,369.5096038502464,1042.7561020653952
1668413672.0016465,2.815,-0.0070000000000001,0.00638166,-0.00055842,1.0,0.0,1040.1695348384435,0.0,1040.1695348384435
1668413732.6084943,2.818,0.0030000000000001,0.00642506,4.339999999999986e-05,0.0,1.0,0.0,369.1162295381276,1040.1695348384435
1668413792.045963,2.822,0.004,0.00713788,0.00071282,0.0,1.0,0.0,369.1162295381276,1041.645999756596
1668413912.6814604,2.814,-0.008,0.00604575,-0.00109213,1.0,0.0,1038.693069920291,0.0,1038.693069920291
1668413972.6068103,2.805,-0.0089999999999998,0.0045219,-0.00152385,1.0,0.0,1038.693069920291,0.0,1038.693069920291
1668414033.475484,2.803,-0.0020000000000002,0.00436236,-0.0001595399999999,1.0,0.0,1038.693069920291,0.0,1038.693069920291
1668414093.5206168,2.809,0.0060000000000002,0.00338763,-0.00097473,1.0,0.0,1038.693069920291,0.0,1038.693069920291
1668414153.506678,2.807,-0.0020000000000002,0.00322809,-0.00015954,1.0,0.0,1038.693069920291,0.0,1038.693069920291
1668414215.0808356,2.799,-0.008,0.00127013,-0.00195796,1.0,0.0,1038.693069920291,0.0,1038.693069920291
1668414274.2606642,2.803,0.004,0.00138285,0.0001127199999999,0.0,1.0,0.0,370.5647769961795,1038.693069920291
1668414334.2823946,2.797,-0.0059999999999997,-1.595e-05,-0.0013988,1.0,0.0,1036.469681258314,0.0,1036.469681258314
1668414395.2771924,2.8,0.0029999999999996,-0.00043397,-0.00041802,1.0,0.0,1036.469681258314,0.0,1036.469681258314
1668414455.3581374,2.789,-0.0109999999999996,-0.00218744,-0.00175347,1.0,0.0,1036.469681258314,0.0,1036.469681258314
1668414515.2594376,2.788,-0.0010000000000003,-0.00299108,-0.00080364,1.0,0.0,1036.469681258314,0.0,1036.469681258314
1668414575.978793,2.787,-0.0009999999999998,-0.0036664,-0.00067532,1.0,0.0,1036.469681258314,0.0,1036.469681258314
1668414636.157587,2.786,-0.0009999999999998,-0.00398713,-0.00032073,1.0,0.0,1036.469681258314,0.0,1036.469681258314
1668414696.7847364,2.791,0.0049999999999998,-0.00367457,0.00031256,0.0,1.0,0.0,371.361404965358,1036.469681258314
1668414756.773315,2.794,0.0030000000000001,-0.00333872,0.0003358499999999,0.0,1.0,0.0,371.361404965358,1037.5837654732104
1668414816.8192933,2.792,-0.0020000000000002,-0.00356935,-0.00023063,1.0,0.0,1036.8410426632795,0.0,1036.8410426632795
1668414876.8353376,2.793,0.0010000000000003,-0.00331892,0.00025043,0.0,1.0,0.0,371.2284434884638,1036.8410426632795
1668414937.8093426,2.79,-0.0030000000000001,-0.00338762,-6.87000000000001e-05,1.0,0.0,1035.727357332814,0.0,1035.727357332814
1668414997.8384588,2.783,-0.0070000000000001,-0.00394602,-0.0005583999999999,1.0,0.0,1035.727357332814,0.0,1035.727357332814
1668415057.8796272,2.775,-0.008,-0.00593367,-0.00198765,1.0,0.0,1035.727357332814,0.0,1035.727357332814
1668415118.6843462,2.779,0.004,-0.00614398,-0.00021031,1.0,0.0,1035.727357332814,0.0,1035.727357332814
1668415179.5838475,2.772,-0.0070000000000001,-0.00735237,-0.00120839,1.0,0.0,1035.727357332814,0.0,1035.727357332814
1668415238.6698923,2.776,0.004,-0.00714987,0.0002025,0.0,1.0,0.0,373.10063304496185,1035.727357332814
1668415299.4239511,2.78,0.004,-0.00684066,0.0003092099999999,0.0,1.0,0.0,373.10063304496185,1037.219759864994
1668415359.4700053,2.782,0.0020000000000002,-0.00605294,0.00078772,0.0,1.0,0.0,373.10063304496185,1037.965961131084
1668415419.4020865,2.786,0.004,-0.00573385,0.0003190899999999,0.0,1.0,0.0,373.10063304496185,1039.4583636632638
1668415480.433684,2.786,0.0,-0.00511385,0.00062,0.0,1.0,0.0,373.10063304496185,1039.4583636632638
1668415540.2765374,2.792,0.0059999999999997,-0.00409118,0.0010226699999999,0.0,1.0,0.0,373.10063304496185,1041.6969674615334
1668415600.3991165,2.79,-0.0019999999999997,-0.00352605,0.0005651299999999,0.0,1.0,0.0,373.10063304496185,1040.9507661954435
1668415662.0154474,2.784,-0.0060000000000002,-0.00370468,-0.0001786299999999,1.0,0.0,1038.7121623971736,0.0,1038.7121623971736
1668415721.1370163,2.78,-0.004,-0.00380901,-0.0001043299999999,1.0,0.0,1038.7121623971736,0.0,1038.7121623971736
1668415781.1758077,2.783,0.0030000000000001,-0.0035697,0.0002393099999999,0.0,1.0,0.0,373.234697232186,1038.7121623971736
1668415842.1575909,2.785,0.0020000000000002,-0.00326371,0.0003059899999999,0.0,1.0,0.0,373.234697232186,1039.458631791638
1668415901.986776,2.786,0.0009999999999998,-0.00272224,0.00054147,0.0,1.0,0.0,373.234697232186,1039.8318664888702
1668415962.0610952,2.787,0.0009999999999998,-0.00175882,0.00096342,0.0,1.0,0.0,373.234697232186,1040.2051011861024
1668416022.7538695,2.794,0.0070000000000001,-0.00086577,0.0008930499999999,0.0,1.0,0.0,373.234697232186,1042.8177440667278
1668416082.7122743,2.79,-0.004,-0.00066281,0.0002029599999999,0.0,1.0,0.0,373.234697232186,1041.324805277799
1668416142.9151852,2.79,0.0,-0.00066281,0.0,0.0,1.0,0.0,373.234697232186,1041.324805277799
1668416204.21548,2.791,0.0009999999999998,-0.00021872,0.00044409,0.0,1.0,0.0,373.234697232186,1041.6980399750312
1668416263.7575588,2.795,0.004,0.00031938,0.0005381,0.0,1.0,0.0,373.234697232186,1043.19097876396
1668416323.8158574,2.795,0.0,0.00067483,0.0003554499999999,0.0,1.0,0.0,373.234697232186,1043.19097876396
1668416384.7203774,2.784,-0.0110000000000001,-0.00023982,-0.0009146499999999,1.0,0.0,1039.0853970944058,0.0,1039.0853970944058
1668416444.666655,2.789,0.0050000000000003,-0.00030393,-6.411000000000001e-05,1.0,0.0,1039.0853970944058,0.0,1039.0853970944058
1668416504.5972712,2.784,-0.0050000000000003,-0.00068705,-0.00038312,1.0,0.0,1039.0853970944058,0.0,1039.0853970944058
1668416565.76117,2.78,-0.004,-0.00154483,-0.00085778,1.0,0.0,1039.0853970944058,0.0,1039.0853970944058
1668416625.5481913,2.774,-0.0059999999999997,-0.00285905,-0.00131422,1.0,0.0,1039.0853970944058,0.0,1039.0853970944058
1668416685.687287,2.775,0.0009999999999998,-0.00321568,-0.0003566299999999,1.0,0.0,1039.0853970944058,0.0,1039.0853970944058
1668416747.3995695,2.77,-0.0049999999999998,-0.00429025,-0.00107457,1.0,0.0,1039.0853970944058,0.0,1039.0853970944058
1668416806.749022,2.774,0.004,-0.00420532,8.492999999999955e-05,0.0,1.0,0.0,374.5801719878896,1039.0853970944058
1668416866.753595,2.767,-0.0070000000000001,-0.00526879,-0.0010634699999999,1.0,0.0,1036.4633358904905,0.0,1036.4633358904905
1668416927.4488173,2.773,0.0060000000000002,-0.00506515,0.0002036399999999,0.0,1.0,0.0,373.7696847783954,1036.4633358904905
1668416987.3360815,2.768,-0.0050000000000003,-0.00537173,-0.0003065799999999,1.0,0.0,1034.5944874665984,0.0,1034.5944874665984
1668417047.4364324,2.768,0.0,-0.00548913,-0.0001174,1.0,0.0,1034.5944874665984,0.0,1034.5944874665984
1668417108.0081534,2.771,0.0030000000000001,-0.00528014,0.00020899,0.0,1.0,0.0,373.3650261517858,1034.5944874665984
1668417167.985114,2.765,-0.0059999999999997,-0.00596691,-0.0006867699999999,1.0,0.0,1032.3542973096878,0.0,1032.3542973096878
1668417228.1319134,2.765,0.0,-0.00618516,-0.00021825,1.0,0.0,1032.3542973096878,0.0,1032.3542973096878
1668417289.082286,2.769,0.004,-0.00547204,0.00071312,0.0,1.0,0.0,372.82567616817903,1032.3542973096878
1668417349.0487022,2.764,-0.0050000000000003,-0.00593277,-0.00046073,1.0,0.0,1030.4901689288467,0.0,1030.4901689288467
1668417408.9988098,2.758,-0.0059999999999997,-0.00676182,-0.0008290499999999,1.0,0.0,1030.4901689288467,0.0,1030.4901689288467
1668417469.8097334,2.764,0.0059999999999997,-0.00604953,0.00071229,0.0,1.0,0.0,372.82567616817903,1030.4901689288467
1668417529.7516394,2.753,-0.0109999999999996,-0.00710706,-0.00105753,1.0,0.0,1026.389086490997,0.0,1026.389086490997
1668417589.7472477,2.75,-0.0030000000000001,-0.00784212,-0.0007350599999999,1.0,0.0,1026.389086490997,0.0,1026.389086490997
1668417650.9379582,2.756,0.0059999999999997,-0.00741707,0.0004250499999999,0.0,1.0,0.0,372.4198427035548,1026.389086490997
1668417710.4444585,2.762,0.0060000000000002,-0.00640226,0.00101481,0.0,1.0,0.0,372.4198427035548,1028.6236055472184
1668417770.4648294,2.76,-0.0020000000000002,-0.00600808,0.00039418,0.0,1.0,0.0,372.4198427035548,1027.8787658618112
1668417831.454275,2.759,-0.0009999999999998,-0.00583556,0.0001725199999999,0.0,1.0,0.0,372.4198427035548,1027.5063460191077
1668417891.2892094,2.759,0.0,-0.00583556,0.0,0.0,1.0,0.0,372.4198427035548,1027.5063460191077
1668417951.272131,2.765,0.0060000000000002,-0.0045635,0.00127206,0.0,1.0,0.0,372.4198427035548,1029.740865075329
1668418012.4019108,2.767,0.0019999999999997,-0.00370355,0.00085995,0.0,1.0,0.0,372.4198427035548,1030.485704760736
1668418072.2445009,2.763,-0.004,-0.00349419,0.00020936,0.0,1.0,0.0,372.4198427035548,1028.996025389922
1668418132.3502502,2.766,0.0030000000000001,-0.00292784,0.0005663499999999,0.0,1.0,0.0,372.4198427035548,1030.1132849180326
1668418193.1968074,2.765,-0.0009999999999998,-0.00265552,0.0002723199999999,0.0,1.0,0.0,372.4198427035548,1029.740865075329
1668418253.6572087,2.765,0.0,-0.00228873,0.00036679,0.0,1.0,0.0,372.4198427035548,1029.740865075329
1668418313.1749666,2.767,0.0019999999999997,-0.0021255,0.00016323,0.0,1.0,0.0,372.4198427035548,1030.485704760736
1668418373.833465,2.764,-0.0030000000000001,-0.00233316,-0.00020766,1.0,0.0,1029.3684452326254,0.0,1029.3684452326254
1668418433.7637002,2.777,0.0130000000000003,-0.00062701,0.00170615,0.0,1.0,0.0,370.67642968405664,1029.3684452326254
1668418493.6789978,2.776,-0.0010000000000003,-0.00070678,-7.976999999999995e-05,1.0,0.0,1028.9977688029412,0.0,1028.9977688029412
1668418554.763817,2.772,-0.004,-0.00024358,0.0004632,0.0,1.0,0.0,371.2113163069774,1028.9977688029412
1668418614.9214876,2.776,0.004,0.00044119,0.00068477,0.0,1.0,0.0,371.2113163069774,1030.4826140681691
1668418674.7681258,2.772,-0.004,0.00083834,0.00039715,0.0,1.0,0.0,371.2113163069774,1028.9977688029412
1668418735.4063745,2.777,0.0050000000000003,0.00135131,0.00051297,0.0,1.0,0.0,371.2113163069774,1030.8538253844763
1668418795.686975,2.773,-0.004,0.00117236,-0.00017895,1.0,0.0,1029.3689801192484,0.0,1029.3689801192484
1668418855.4269664,2.771,-0.0020000000000002,0.00104766,-0.0001246999999999,1.0,0.0,1029.3689801192484,0.0,1029.3689801192484
1668418916.2366557,2.779,0.008,0.0016387,0.00059104,0.0,1.0,0.0,370.409852507826,1029.3689801192484
1668418976.2896972,2.779,0.0,0.0016387,0.0,0.0,1.0,0.0,370.409852507826,1029.3689801192484
1668419036.242746,2.779,0.0,0.0016387,0.0,0.0,1.0,0.0,370.409852507826,1029.3689801192484
1668419097.0488365,2.78,0.0009999999999998,0.00216286,0.0005241599999999,0.0,1.0,0.0,370.409852507826,1029.739389971756
1668419157.0906718,2.779,-0.0009999999999998,0.00271547,0.00055261,0.0,1.0,0.0,370.409852507826,1029.3689801192484
1668419218.2902713,2.78,0.0009999999999998,0.00294725,0.00023178,0.0,1.0,0.0,370.409852507826,1029.739389971756
1668419277.9868038,2.781,0.0010000000000003,0.00311345,0.0001661999999999,0.0,1.0,0.0,370.409852507826,1030.109799824264
1668419337.822076,2.787,0.0059999999999997,0.00356453,0.00045108,0.0,1.0,0.0,370.409852507826,1032.332258939311
1668419397.879706,2.783,-0.004,0.00319142,-0.00037311,1.0,0.0,1030.8506195292796,0.0,1030.8506195292796
1668419458.6035254,2.785,0.0020000000000002,0.00358477,0.00039335,0.0,1.0,0.0,370.14384902308063,1030.8506195292796
1668419518.455077,2.78,-0.0050000000000003,0.00318591,-0.00039886,1.0,0.0,1028.999900284164,0.0,1028.999900284164
1668419578.718857,2.786,0.0060000000000002,0.00362392,0.0004380099999999,0.0,1.0,0.0,369.3466978765843,1028.999900284164
1668419639.4295433,2.787,0.0009999999999998,0.00363602,1.2099999999999698e-05,0.0,1.0,0.0,369.3466978765843,1029.3692469820403
1668419699.2179754,2.791,0.004,0.00423656,0.00060054,0.0,1.0,0.0,369.3466978765843,1030.8466337735467
1668419759.2990477,2.787,-0.004,0.00391747,-0.00031909,1.0,0.0,1029.3692469820403,0.0,1029.3692469820403
1668419820.8266609,2.785,-0.0019999999999997,0.00399629,7.882000000000028e-05,0.0,1.0,0.0,369.6119378750593,1029.3692469820403
1668419879.4467273,2.784,-0.0010000000000003,0.00391652,-7.977000000000071e-05,1.0,0.0,1028.999635044165,0.0,1028.999635044165
1668419939.508772,2.78,-0.004,0.00355205,-0.0003644699999999,1.0,0.0,1028.999635044165,0.0,1028.999635044165
1668419999.44641,2.78,0.0,0.00322602,-0.00032603,1.0,0.0,1028.999635044165,0.0,1028.999635044165
1668420059.5152066,2.78,0.0,0.00293382,-0.0002921999999999,1.0,0.0,1028.999635044165,0.0,1028.999635044165
1668420119.4585488,2.775,-0.0049999999999998,0.00208782,-0.000846,1.0,0.0,1028.999635044165,0.0,1028.999635044165
1668420179.464087,2.774,-0.0009999999999998,0.00163212,-0.0004557,1.0,0.0,1028.999635044165,0.0,1028.999635044165
1668420239.433811,2.784,0.0099999999999997,0.00217557,0.00054345,0.0,1.0,0.0,369.61193787505925,1028.999635044165
1668420300.2162902,2.784,0.0,0.00263451,0.00045894,0.0,1.0,0.0,369.61193787505925,1028.999635044165
1668420359.4815035,2.778,-0.0059999999999997,0.00215588,-0.0004786299999999,1.0,0.0,1026.7819634169146,0.0,1026.7819634169146
1668420419.4648557,2.778,0.0,0.00215588,0.0,1.0,0.0,1026.7819634169146,0.0,1026.7819634169146
1668420479.3969262,2.775,-0.0030000000000001,0.00156407,-0.00059181,1.0,0.0,1026.7819634169146,0.0,1026.7819634169146
1668420539.4405942,2.775,0.0,0.00114417,-0.0004199,1.0,0.0,1026.7819634169146,0.0,1026.7819634169146
1668420599.328477,2.773,-0.0019999999999997,0.0005801,-0.00056407,1.0,0.0,1026.7819634169146,0.0,1026.7819634169146
1668420659.3169937,2.776,0.0029999999999996,0.00074042,0.00016032,0.0,1.0,0.0,369.8782288965831,1026.7819634169146
1668420719.5522883,2.771,-0.0049999999999998,-3.945e-05,-0.00077987,1.0,0.0,1024.9325722724318,0.0,1024.9325722724318
1668420780.5329096,2.778,0.0070000000000001,0.00015657,0.0001960199999999,0.0,1.0,0.0,368.94621032124974,1024.9325722724318
1668420839.4496338,2.774,-0.004,-0.00038208,-0.00053865,1.0,0.0,1023.4567874311468,0.0,1023.4567874311468
1668420899.4386816,2.778,0.004,-0.00023067,0.0001514099999999,0.0,1.0,0.0,368.4149702775906,1023.4567874311468
1668420959.513805,2.772,-0.0060000000000002,-0.00058804,-0.00035737,1.0,0.0,1021.2462976094812,0.0,1021.2462976094812
1668421019.413087,2.78,0.008,-0.00016156,0.0004264799999999,0.0,1.0,0.0,367.3547833127631,1021.2462976094812
1668421079.4833405,2.775,-0.0049999999999998,-0.0005949,-0.00043334,1.0,0.0,1019.4095236929176,0.0,1019.4095236929176
1668421139.4777696,2.774,-0.0009999999999998,-0.00067467,-7.977000000000006e-05,1.0,0.0,1019.4095236929176,0.0,1019.4095236929176
1668421199.3835285,2.776,0.0019999999999997,-0.00059695,7.772000000000009e-05,0.0,1.0,0.0,367.2224508980251,1019.4095236929176
1668421260.0839596,2.779,0.0030000000000001,-4.357e-05,0.0005533799999999,0.0,1.0,0.0,367.2224508980251,1020.5111910456118
1668421319.427383,2.779,0.0,1.73e-05,6.087e-05,0.0,1.0,0.0,367.2224508980251,1020.5111910456118
1668421379.475441,2.78,0.0009999999999998,0.00026957,0.00025227,0.0,1.0,0.0,367.2224508980251,1020.8784134965096
1668421439.531297,2.78,0.0,0.00026957,0.0,0.0,1.0,0.0,367.2224508980251,1020.8784134965096
1668421499.500224,2.777,-0.0029999999999996,0.00037198,0.0001024099999999,0.0,1.0,0.0,367.2224508980251,1019.7767461438158
1668421559.6221676,2.777,0.0,0.00029553,-7.644999999999999e-05,1.0,0.0,1019.7767461438158,0.0,1019.7767461438158
1668421619.5452874,2.782,0.0049999999999998,0.00044636,0.0001508299999999,0.0,1.0,0.0,366.5624536821768,1019.776746143816
1668421679.4772658,2.778,-0.004,0.00012727,-0.0003190899999999,1.0,0.0,1018.3104963290872,0.0,1018.3104963290872
1668421740.451403,2.778,0.0,9.872e-05,-2.854999999999999e-05,1.0,0.0,1018.3104963290872,0.0,1018.3104963290872
1668421799.456874,2.781,0.0030000000000001,0.00082819,0.00072947,0.0,1.0,0.0,366.16702492955307,1018.3104963290872
1668421859.5471203,2.777,-0.004,0.00032575,-0.00050244,1.0,0.0,1016.8458282293687,0.0,1016.8458282293687
1668421919.495995,2.783,0.0059999999999997,0.00096587,0.00064012,0.0,1.0,0.0,365.3775882965752,1016.8458282293687
1668421979.5354722,2.783,0.0,0.00096587,0.0,0.0,1.0,0.0,365.3775882965752,1016.8458282293687
1668422039.42688,2.785,0.0020000000000002,0.0016638,0.00069793,0.0,1.0,0.0,365.3775882965752,1017.576583405962
1668422099.4001713,2.788,0.0029999999999996,0.00205594,0.00039214,0.0,1.0,0.0,365.3775882965752,1018.6727161708516
1668422159.3978858,2.788,0.0,0.00205594,0.0,0.0,1.0,0.0,365.3775882965752,1018.6727161708516
1668422220.7119713,2.788,0.0,0.00240224,0.0003462999999999,0.0,1.0,0.0,365.3775882965752,1018.6727161708516
1668422279.564092,2.793,0.0050000000000003,0.00316823,0.00076599,0.0,1.0,0.0,365.3775882965752,1020.4996041123346
1668422339.493394,2.798,0.0049999999999998,0.00412929,0.0009610599999999,0.0,1.0,0.0,365.3775882965752,1022.3264920538174
1668422399.394167,2.791,-0.0070000000000001,0.00396704,-0.00016225,1.0,0.0,1019.7688489357414,0.0,1019.7688489357414
1668422459.4746006,2.795,0.004,0.00448606,0.00051902,0.0,1.0,0.0,364.8546865601937,1019.7688489357414
1668422519.432408,2.794,-0.0009999999999998,0.00457431,8.824999999999979e-05,0.0,1.0,0.0,364.8546865601937,1019.4039942491812
1668422579.7456746,2.79,-0.004,0.00425522,-0.00031909,1.0,0.0,1017.9445755029406,0.0,1017.9445755029406
1668422639.5568402,2.79,0.0,0.00402587,-0.0002293499999999,1.0,0.0,1017.9445755029406,0.0,1017.9445755029406
1668422700.432867,2.793,0.0030000000000001,0.00434757,0.0003217,0.0,1.0,0.0,364.4627910859078,1017.9445755029404
1668422759.689144,2.792,-0.0010000000000003,0.00403462,-0.00031295,1.0,0.0,1017.5801127118544,0.0,1017.5801127118544
1668422819.5950346,2.795,0.0030000000000001,0.00410776,7.314000000000018e-05,0.0,1.0,0.0,364.071596676871,1017.5801127118544
1668422879.5443757,2.796,0.0009999999999998,0.00419803,9.026999999999992e-05,0.0,1.0,0.0,364.071596676871,1017.9441843085314
1668422939.573707,2.795,-0.0009999999999998,0.00411826,-7.976999999999984e-05,1.0,0.0,1017.5801127118544,0.0,1017.5801127118544
1668422999.5516744,2.785,-0.0099999999999997,0.00328183,-0.00083643,1.0,0.0,1017.5801127118544,0.0,1017.5801127118544
1668423059.6582434,2.788,0.0029999999999996,0.00282843,-0.0004534,1.0,0.0,1017.5801127118544,0.0,1017.5801127118544
1668423119.5187714,2.797,0.0090000000000003,0.00365163,0.0008232,0.0,1.0,0.0,363.8112666113173,1017.5801127118544
1668423180.2994015,2.792,-0.0050000000000003,0.00335613,-0.0002954999999999,1.0,0.0,1015.761056378798,0.0,1015.761056378798
1668423239.4542031,2.798,0.0060000000000002,0.00356499,0.0002088599999999,0.0,1.0,0.0,363.0311137879907,1015.761056378798
1668423299.5520048,2.792,-0.0060000000000002,0.00320937,-0.00035562,1.0,0.0,1013.58286969607,0.0,1013.58286969607
1668423359.7616174,2.792,0.0,0.00307895,-0.00013042,1.0,0.0,1013.58286969607,0.0,1013.58286969607
1668423419.5339713,2.79,-0.0019999999999997,0.00253304,-0.00054591,1.0,0.0,1013.58286969607,0.0,1013.58286969607
1668423479.5558393,2.794,0.004,0.00285213,0.00031909,0.0,1.0,0.0,362.77124899644593,1013.58286969607
1668423539.6601925,2.792,-0.0020000000000002,0.00254488,-0.00030725,1.0,0.0,1012.857327198077,0.0,1012.857327198077
1668423599.5218265,2.792,0.0,0.00254488,0.0,1.0,0.0,1012.857327198077,0.0,1012.857327198077
1668423660.766672,2.792,0.0,0.00227515,-0.0002697299999999,1.0,0.0,1012.857327198077,0.0,1012.857327198077
1668423719.574192,2.79,-0.0019999999999997,0.00187836,-0.00039679,1.0,0.0,1012.857327198077,0.0,1012.857327198077
1668423779.5110178,2.79,0.0,0.00187836,0.0,1.0,0.0,1012.857327198077,0.0,1012.857327198077
1668423839.5427835,2.794,0.004,0.00186516,-1.3199999999999887e-05,1.0,0.0,1012.857327198077,0.0,1012.857327198077
1668423899.645056,2.793,-0.0009999999999998,0.00175379,-0.0001113699999999,1.0,0.0,1012.857327198077,0.0,1012.857327198077
1668423959.5961404,2.794,0.0009999999999998,0.00172633,-2.7459999999999984e-05,1.0,0.0,1012.857327198077,0.0,1012.857327198077
1668424019.5782304,2.798,0.004,0.00204541,0.00031908,0.0,1.0,0.0,361.9933263752956,1012.857327198077
1668424079.6043534,2.798,0.0,0.00204541,0.0,0.0,1.0,0.0,361.9933263752956,1012.8573271980772
1668424140.6142008,2.796,-0.0020000000000002,0.00209104,4.563000000000006e-05,0.0,1.0,0.0,361.9933263752956,1012.1333405453264
1668424199.4516368,2.798,0.0020000000000002,0.0022625,0.00017146,0.0,1.0,0.0,361.9933263752956,1012.8573271980772
1668424259.7815366,2.798,0.0,0.00237105,0.0001085499999999,0.0,1.0,0.0,361.9933263752956,1012.8573271980772
1668424319.6495168,2.794,-0.004,0.00210999,-0.00026106,1.0,0.0,1011.409353892576,0.0,1011.409353892576
1668424379.6671774,2.794,0.0,0.00188141,-0.0002285799999999,1.0,0.0,1011.409353892576,0.0,1011.409353892576
1668424439.4927945,2.797,0.0030000000000001,0.0019202,3.878999999999992e-05,0.0,1.0,0.0,361.6050603834737,1011.409353892576
1668424499.548602,2.8,0.0029999999999996,0.0022912,0.000371,0.0,1.0,0.0,361.6050603834737,1012.4941690737264
1668424559.6441722,2.798,-0.0019999999999997,0.0023944,0.0001031999999999,0.0,1.0,0.0,361.6050603834737,1011.7709589529594
1668424620.7968826,2.796,-0.0020000000000002,0.00216342,-0.00023098,1.0,0.0,1011.0477488321924,0.0,1011.0477488321924
1668424679.7474873,2.796,0.0,0.00195781,-0.00020561,1.0,0.0,1011.0477488321924,0.0,1011.0477488321924
1668424739.4578516,2.805,0.0090000000000003,0.00347779,0.00151998,0.0,1.0,0.0,360.4448302432058,1011.0477488321924
1668424799.4442394,2.789,-0.016,0.00210633,-0.00137146,1.0,0.0,1005.280631548301,0.0,1005.280631548301
1668424859.5656023,2.785,-0.004,0.00087713,-0.0012292,1.0,0.0,1005.280631548301,0.0,1005.280631548301
1668424919.5293293,2.795,0.0099999999999997,0.0008259,-5.123000000000009e-05,1.0,0.0,1005.280631548301,0.0,1005.280631548301
1668424979.5328095,2.797,0.0020000000000002,0.00093499,0.00010909,0.0,1.0,0.0,359.41388328505576,1005.280631548301
1668425039.6390462,2.796,-0.0010000000000003,0.00080594,-0.00012905,1.0,0.0,1004.921217665016,0.0,1004.921217665016
1668425100.813141,2.793,-0.0029999999999996,0.00056662,-0.00023932,1.0,0.0,1004.921217665016,0.0,1004.921217665016
1668425159.5415783,2.787,-0.0060000000000002,-0.00033059,-0.00089721,1.0,0.0,1004.921217665016,0.0,1004.921217665016
1668425219.5082045,2.79,0.0030000000000001,-0.00042347,-9.288e-05,1.0,0.0,1004.921217665016,0.0,1004.921217665016
1668425279.5404398,2.787,-0.0030000000000001,-0.00104141,-0.00061794,1.0,0.0,1004.921217665016,0.0,1004.921217665016
1668425339.7221844,2.791,0.004,-0.0010696,-2.8189999999999983e-05,1.0,0.0,1004.921217665016,0.0,1004.921217665016
1668425399.5371168,2.79,-0.0009999999999998,-0.00109767,-2.8070000000000048e-05,1.0,0.0,1004.921217665016,0.0,1004.921217665016
1668425459.9444842,2.79,0.0,-0.00116966,-7.199000000000007e-05,1.0,0.0,1004.921217665016,0.0,1004.921217665016
1668425519.5219069,2.791,0.0009999999999998,-0.00076341,0.00040625,0.0,1.0,0.0,360.05776340559515,1004.921217665016
1668425580.7423377,2.786,-0.0049999999999998,-0.00121029,-0.00044688,1.0,0.0,1003.120928847988,0.0,1003.120928847988
1668425639.608122,2.789,0.0030000000000001,-0.00097097,0.0002393199999999,0.0,1.0,0.0,359.6704657038322,1003.120928847988
1668425699.966325,2.789,0.0,-0.00097097,0.0,0.0,1.0,0.0,359.6704657038322,1003.120928847988
1668425759.6766512,2.789,0.0,-0.00112253,-0.00015156,1.0,0.0,1003.120928847988,0.0,1003.120928847988
1668425819.6859057,2.797,0.008,-0.00059029,0.00053224,0.0,1.0,0.0,358.6417335888409,1003.120928847988
1668425879.7153947,2.789,-0.008,-0.00105111,-0.00046082,1.0,0.0,1000.2517949792772,0.0,1000.2517949792772
1668425939.6113198,2.789,0.0,-0.00105111,0.0,1.0,0.0,1000.2517949792772,0.0,1000.2517949792772
1668425999.789685,2.789,0.0,-0.00105111,0.0,1.0,0.0,1000.2517949792772,0.0,1000.2517949792772
1668426060.812574,2.782,-0.0070000000000001,-0.00170858,-0.0006574699999999,1.0,0.0,1000.2517949792772,0.0,1000.2517949792772
1668426119.7182896,2.785,0.0030000000000001,-0.00146927,0.0002393099999999,0.0,1.0,0.0,359.15683841266684,1000.2517949792772
1668426179.649018,2.781,-0.004,-0.00209923,-0.00062996,1.0,0.0,998.8151676256264,0.0,998.8151676256264
1668426239.709279,2.785,0.004,-0.00178014,0.00031909,0.0,1.0,0.0,358.6409937614457,998.8151676256264
1668426299.6956897,2.78,-0.0050000000000003,-0.00230801,-0.00052787,1.0,0.0,997.021962656819,0.0,997.021962656819
1668426359.7235138,2.777,-0.0029999999999996,-0.00319443,-0.0008864199999999,1.0,0.0,997.021962656819,0.0,997.021962656819
1668426419.6170294,2.782,0.0049999999999998,-0.00326616,-7.173000000000032e-05,1.0,0.0,997.021962656819,0.0,997.021962656819
1668426479.5984218,2.786,0.004,-0.00296606,0.0003001,0.0,1.0,0.0,357.8686154547089,997.021962656819
1668426540.5002675,2.792,0.0059999999999997,-0.00221849,0.0007475699999999,0.0,1.0,0.0,357.8686154547089,999.1691743495472
1668426599.4823773,2.788,-0.004,-0.00253758,-0.0003190899999999,1.0,0.0,997.7376998877284,0.0,997.7376998877284
1668426659.6019082,2.788,0.0,-0.00217296,0.0003646199999999,0.0,1.0,0.0,357.8686154547089,997.7376998877284
1668426719.7347326,2.788,0.0,-0.00186253,0.0003104299999999,0.0,1.0,0.0,357.8686154547089,997.7376998877284
1668426779.6345975,2.787,-0.0009999999999998,-0.00167786,0.00018467,0.0,1.0,0.0,357.8686154547089,997.3798312722736
1668426839.58574,2.789,0.0020000000000002,-0.00123133,0.0004465299999999,0.0,1.0,0.0,357.8686154547089,998.0955685031832
1668426899.621733,2.79,0.0009999999999998,-0.00091268,0.00031865,0.0,1.0,0.0,357.8686154547089,998.4534371186378
1668426959.7313118,2.791,0.0009999999999998,-0.00057285,0.00033983,0.0,1.0,0.0,357.8686154547089,998.8113057340926
1668427020.8595495,2.79,-0.0009999999999998,-0.00037985,0.0001929999999999,0.0,1.0,0.0,357.8686154547089,998.4534371186378
1668427079.6299934,2.789,-0.0009999999999998,-0.00030408,7.577000000000001e-05,0.0,1.0,0.0,357.8686154547089,998.0955685031832
1668427139.7679474,2.786,-0.0030000000000001,-0.00054216,-0.00023808,1.0,0.0,997.021962656819,0.0,997.021962656819
1668427199.730675,2.782,-0.004,-0.00086125,-0.00031909,1.0,0.0,997.021962656819,0.0,997.021962656819
1668427260.0550306,2.782,0.0,-0.00086125,0.0,1.0,0.0,997.021962656819,0.0,997.021962656819
1668427320.064112,2.784,0.0019999999999997,-0.00139889,-0.00053764,1.0,0.0,997.021962656819,0.0,997.021962656819
1668427379.7933197,2.784,0.0,-0.00139889,0.0,1.0,0.0,997.021962656819,0.0,997.021962656819
1668427439.5558944,2.772,-0.012,-0.00268836,-0.0012894699999999,1.0,0.0,997.021962656819,0.0,997.021962656819
1668427500.391949,2.77,-0.0019999999999997,-0.0028479,-0.00015954,1.0,0.0,997.021962656819,0.0,997.021962656819
1668427559.621216,2.767,-0.0030000000000001,-0.00389503,-0.0010471299999999,1.0,0.0,997.021962656819,0.0,997.021962656819
1668427619.7786586,2.772,0.0049999999999998,-0.00427219,-0.00037716,1.0,0.0,997.021962656819,0.0,997.021962656819
1668427679.9676027,2.769,-0.0029999999999996,-0.00475831,-0.0004861199999999,1.0,0.0,997.021962656819,0.0,997.021962656819
1668427739.9803114,2.765,-0.004,-0.00528085,-0.00052254,1.0,0.0,997.021962656819,0.0,997.021962656819
1668427799.9316423,2.763,-0.0020000000000002,-0.00591462,-0.0006337699999999,1.0,0.0,997.021962656819,0.0,997.021962656819
1668427859.7715662,2.763,0.0,-0.00646693,-0.00055231,1.0,0.0,997.021962656819,0.0,997.021962656819
1668427919.8472867,2.764,0.0009999999999998,-0.00662119,-0.0001542599999999,1.0,0.0,997.021962656819,0.0,997.021962656819
1668427979.9626043,2.769,0.0050000000000003,-0.00626773,0.0003534599999999,0.0,1.0,0.0,360.06571421336906,997.021962656819
1668428039.7217317,2.769,0.0,-0.00591938,0.0003483499999999,0.0,1.0,0.0,360.06571421336906,997.021962656819
1668428099.7607837,2.769,0.0,-0.005579,0.00034038,0.0,1.0,0.0,360.06571421336906,997.021962656819
1668428159.7703023,2.768,-0.0010000000000003,-0.00551328,6.572000000000001e-05,0.0,1.0,0.0,360.06571421336906,996.6618969426056
1668428219.8063035,2.769,0.0010000000000003,-0.00488533,0.0006279499999999,0.0,1.0,0.0,360.06571421336906,997.021962656819
1668428279.8754425,2.77,0.0009999999999998,-0.00444631,0.00043902,0.0,1.0,0.0,360.06571421336906,997.3820283710324
1668428339.847383,2.769,-0.0009999999999998,-0.00419395,0.00025236,0.0,1.0,0.0,360.06571421336906,997.021962656819
1668428399.940908,2.767,-0.0020000000000002,-0.00435349,-0.0001595399999999,1.0,0.0,996.3018312283922,0.0,996.3018312283922
1668428459.7761524,2.764,-0.0030000000000001,-0.00451119,-0.0001577,1.0,0.0,996.3018312283922,0.0,996.3018312283922
1668428520.2652118,2.763,-0.0009999999999998,-0.00459096,-7.976999999999984e-05,1.0,0.0,996.3018312283922,0.0,996.3018312283922
1668428579.7835298,2.763,0.0,-0.00459096,0.0,1.0,0.0,996.3018312283922,0.0,996.3018312283922
1668428639.6141288,2.766,0.0030000000000001,-0.00439372,0.0001972399999999,0.0,1.0,0.0,360.19588981503694,996.3018312283922
1668428699.8168,2.768,0.0019999999999997,-0.00423417,0.00015955,0.0,1.0,0.0,360.19588981503694,997.022223008022
1668428759.6610403,2.772,0.004,-0.0035873,0.0006468699999999,0.0,1.0,0.0,360.19588981503694,998.4630065672824
1668428819.695763,2.774,0.0020000000000002,-0.00312643,0.0004608699999999,0.0,1.0,0.0,360.19588981503694,999.1833983469124
1668428879.6554494,2.776,0.0019999999999997,-0.00225858,0.0008678499999999,0.0,1.0,0.0,360.19588981503694,999.9037901265424
1668428939.800167,2.778,0.0020000000000002,-0.00209904,0.00015954,0.0,1.0,0.0,360.19588981503694,1000.6241819061726
1668428999.844784,2.778,0.0,-0.00209904,0.0,0.0,1.0,0.0,360.19588981503694,1000.6241819061726
1668429059.6694703,2.781,0.0030000000000001,-0.00029299,0.00180605,0.0,1.0,0.0,360.19588981503694,1001.7047695756178
1668429119.679803,2.781,0.0,-0.00029299,0.0,0.0,1.0,0.0,360.19588981503694,1001.7047695756178
1668429179.9167714,2.78,-0.0010000000000003,0.00068614,0.00097913,0.0,1.0,0.0,360.19588981503694,1001.3445736858026
1668429239.7788875,2.789,0.0090000000000003,0.0022247,0.00153856,0.0,1.0,0.0,360.19588981503694,1004.586336694138
1668429299.7794998,2.795,0.0059999999999997,0.00350658,0.00128188,0.0,1.0,0.0,360.19588981503694,1006.7475120330282
1668429359.7973907,2.798,0.0030000000000001,0.00477004,0.0012634599999999,0.0,1.0,0.0,360.19588981503694,1007.8280997024732
1668429419.7546556,2.794,-0.004,0.00489102,0.00012098,0.0,1.0,0.0,360.19588981503694,1006.3873161432132
1668429480.456765,2.792,-0.0020000000000002,0.00502144,0.00013042,0.0,1.0,0.0,360.19588981503694,1005.666924363583
1668429539.7938511,2.793,0.0010000000000003,0.00527026,0.0002488199999999,0.0,1.0,0.0,360.19588981503694,1006.0271202533984
1668429599.857411,2.794,0.0009999999999998,0.00511446,-0.0001557999999999,1.0,0.0,1006.3873161432132,0.0,1006.3873161432132
1668429659.8287058,2.795,0.0009999999999998,0.00532638,0.00021192,0.0,1.0,0.0,360.0670182981085,1006.3873161432132
1668429719.733596,2.797,0.0020000000000002,0.00559126,0.0002648799999999,0.0,1.0,0.0,360.0670182981085,1007.1074501798096
1668429780.0859349,2.795,-0.0020000000000002,0.00551393,-7.732999999999959e-05,1.0,0.0,1006.3873161432132,0.0,1006.3873161432132
1668429840.0148504,2.798,0.0030000000000001,0.00569233,0.0001783999999999,0.0,1.0,0.0,359.68095644861086,1006.3873161432132
1668429899.8401062,2.797,-0.0009999999999998,0.00568745,-4.8799999999996416e-06,1.0,0.0,1006.0276351867648,0.0,1006.0276351867648
1668429960.5676856,2.797,0.0,0.00568745,0.0,1.0,0.0,1006.0276351867648,0.0,1006.0276351867648
1668430019.826594,2.797,0.0,0.00568745,0.0,1.0,0.0,1006.0276351867648,0.0,1006.0276351867648
1668430079.6831148,2.799,0.0019999999999997,0.00577837,9.091999999999954e-05,0.0,1.0,0.0,359.4239496915916,1006.0276351867648
1668430139.907902,2.798,-0.0009999999999998,0.00569859,-7.977999999999978e-05,1.0,0.0,1005.6682112370733,0.0,1005.6682112370733
1668430199.7684903,2.798,0.0,0.00569859,0.0,1.0,0.0,1005.6682112370733,0.0,1005.6682112370733
1668430259.69637,2.798,0.0,0.00569859,0.0,1.0,0.0,1005.6682112370733,0.0,1005.6682112370733
1668430319.9045942,2.798,0.0,0.00569859,0.0,1.0,0.0,1005.6682112370733,0.0,1005.6682112370733
1668430379.748187,2.798,0.0,0.00569859,0.0,1.0,0.0,1005.6682112370733,0.0,1005.6682112370733
1668430440.4012902,2.8,0.0019999999999997,0.00580192,0.00010333,0.0,1.0,0.0,359.1672182989548,1005.6682112370733
1668430500.092044,2.799,-0.0009999999999998,0.00579858,-3.3400000000001137e-06,1.0,0.0,1005.3090440187746,0.0,1005.3090440187746
1668430559.8554034,2.799,0.0,0.00579858,0.0,1.0,0.0,1005.3090440187746,0.0,1005.3090440187746
1668430619.7371433,2.797,-0.0019999999999997,0.00550784,-0.00029074,1.0,0.0,1005.3090440187746,0.0,1005.3090440187746
1668430679.8000655,2.799,0.0019999999999997,0.00566738,0.0001595399999999,0.0,1.0,0.0,359.1672182989548,1005.3090440187746
1668430739.8615596,2.801,0.0020000000000002,0.00565051,-1.686999999999956e-05,1.0,0.0,1006.0273784553724,0.0,1006.0273784553724
1668430799.689198,2.801,0.0,0.00551653,-0.0001339799999999,1.0,0.0,1006.0273784553724,0.0,1006.0273784553724
1668430859.8688517,2.804,0.0029999999999996,0.00577278,0.0002562499999999,0.0,1.0,0.0,358.7829452408604,1006.0273784553724
1668430920.5095522,2.803,-0.0009999999999998,0.0055789,-0.0001938799999999,1.0,0.0,1005.6685955101316,0.0,1005.6685955101316
1668430980.015709,2.804,0.0009999999999998,0.0055057,-7.32000000000007e-05,1.0,0.0,1005.6685955101316,0.0,1005.6685955101316
1668431040.6326263,2.803,-0.0009999999999998,0.00530583,-0.0001998699999999,1.0,0.0,1005.6685955101316,0.0,1005.6685955101316
1668431100.7391243,2.804,0.0009999999999998,0.00516854,-0.0001372899999999,1.0,0.0,1005.6685955101316,0.0,1005.6685955101316
1668431160.478509,2.814,0.0100000000000002,0.0057998,0.0006312599999999,0.0,1.0,0.0,357.3804532729679,1005.6685955101316
1668431221.6056964,2.819,0.0049999999999998,0.00662714,0.00082734,0.0,1.0,0.0,357.3804532729679,1007.4554977764964
1668431281.6155188,2.799,-0.02,0.00566597,-0.0009611699999999,1.0,0.0,1000.3078887110372,0.0,1000.3078887110372
1668431341.629108,2.806,0.0070000000000001,0.00534425,-0.00032172,1.0,0.0,1000.3078887110372,0.0,1000.3078887110372
1668431402.3284206,2.791,-0.0150000000000001,0.00328039,-0.00206386,1.0,0.0,1000.3078887110372,0.0,1000.3078887110372
1668431463.029637,2.792,0.0009999999999998,0.00269943,-0.00058096,1.0,0.0,1000.3078887110372,0.0,1000.3078887110372
1668431522.1904728,2.796,0.004,0.00221827,-0.00048116,1.0,0.0,1000.3078887110372,0.0,1000.3078887110372
1668431583.0183136,2.812,0.016,0.00296736,0.00074909,0.0,1.0,0.0,355.72826767817827,1000.3078887110372
1668431643.248779,2.839,0.0270000000000001,0.0056127,0.00264534,0.0,1.0,0.0,355.72826767817827,1009.912551938348
1668431703.1334815,2.867,0.028,0.01176513,0.00615243,0.0,1.0,0.0,355.72826767817827,1019.8729434333372
1668431764.0576837,2.867,0.0,0.01513066,0.00336553,0.0,1.0,0.0,355.72826767817827,1019.8729434333372
1668431824.0853543,2.859,-0.008,0.01639437,0.0012637099999999,0.0,1.0,0.0,355.72826767817827,1017.0271172919116
1668431884.0806684,2.849,-0.0099999999999997,0.01627672,-0.0001176499999999,1.0,0.0,1013.46983461513,0.0,1013.46983461513
1668431944.974372,2.858,0.0089999999999998,0.01659565,0.0003189299999999,0.0,1.0,0.0,354.6080596973863,1013.46983461513
1668432004.9404368,2.855,-0.0030000000000001,0.01666707,7.141999999999912e-05,0.0,1.0,0.0,354.6080596973863,1012.4060104360378
1668432064.8941636,2.85,-0.0049999999999998,0.01613423,-0.0005328399999999,1.0,0.0,1010.632970137551,0.0,1010.632970137551
1668432125.6896625,2.856,0.0059999999999997,0.01601154,-0.0001226899999999,1.0,0.0,1010.632970137551,0.0,1010.632970137551
1668432185.65907,2.863,0.0070000000000001,0.01635293,0.00034139,0.0,1.0,0.0,352.99789386571814,1010.6329701375512
1668432245.7308323,2.886,0.0230000000000001,0.01820631,0.0018533799999999,0.0,1.0,0.0,352.99789386571814,1018.7519216964624
1668432306.695516,2.884,-0.0020000000000002,0.01941454,0.00120823,0.0,1.0,0.0,352.99789386571814,1018.0459259087312
1668432366.810026,2.878,-0.0059999999999997,0.01935151,-6.303000000000211e-05,1.0,0.0,1015.9279385455368,0.0,1015.9279385455368
1668432426.7374332,2.879,0.0009999999999998,0.01934887,-2.6399999999982e-06,1.0,0.0,1015.9279385455368,0.0,1015.9279385455368
1668432487.5685253,2.879,0.0,0.0191263,-0.00022257,1.0,0.0,1015.9279385455368,0.0,1015.9279385455368
1668432547.5627272,2.889,0.0099999999999997,0.01959327,0.00046697,0.0,1.0,0.0,351.653838195063,1015.9279385455368
1668432607.5099828,2.894,0.0050000000000003,0.02038015,0.00078688,0.0,1.0,0.0,351.653838195063,1017.6862077365124
1668432668.5297017,2.895,0.0009999999999998,0.02090123,0.00052108,0.0,1.0,0.0,351.653838195063,1018.0378615747072
1668432728.299438,2.887,-0.008,0.01999652,-0.0009047099999999,1.0,0.0,1015.2246308691468,0.0,1015.2246308691468
1668432788.2316396,2.884,-0.0030000000000001,0.018883,-0.0011135199999999,1.0,0.0,1015.2246308691468,0.0,1015.2246308691468
1668432849.4650395,2.88,-0.004,0.01741472,-0.0014682799999999,1.0,0.0,1015.2246308691468,0.0,1015.2246308691468
1668432909.5070589,2.892,0.012,0.0175168,0.0001020799999999,0.0,1.0,0.0,351.0458612963855,1015.2246308691468
1668432969.5596166,2.89,-0.0019999999999997,0.0168617,-0.0006550999999999,1.0,0.0,1014.5225391465542,0.0,1014.5225391465542
1668433030.317752,2.886,-0.004,0.01577471,-0.0010869899999999,1.0,0.0,1014.5225391465542,0.0,1014.5225391465542
1668433090.3096547,2.873,-0.0129999999999999,0.01370626,-0.00206845,1.0,0.0,1014.5225391465542,0.0,1014.5225391465542
1668433150.3330245,2.87,-0.0030000000000001,0.01169018,-0.00201608,1.0,0.0,1014.5225391465542,0.0,1014.5225391465542
1668433210.9812603,2.876,0.0059999999999997,0.00960317,-0.00208701,1.0,0.0,1014.5225391465542,0.0,1014.5225391465542
1668433271.0285418,2.874,-0.0019999999999997,0.00842472,-0.0011784499999999,1.0,0.0,1014.5225391465542,0.0,1014.5225391465542
1668433331.0799167,2.88,0.0059999999999997,0.00819201,-0.00023271,1.0,0.0,1014.5225391465542,0.0,1014.5225391465542
1668433391.811714,2.875,-0.0049999999999998,0.00689702,-0.0012949899999999,1.0,0.0,1014.5225391465542,0.0,1014.5225391465542
1668433451.7945452,2.875,0.0,0.00689702,0.0,1.0,0.0,1014.5225391465542,0.0,1014.5225391465542
1668433511.822361,2.872,-0.0030000000000001,0.00581542,-0.0010816,1.0,0.0,1014.5225391465542,0.0,1014.5225391465542
1668433572.9473624,2.87,-0.0019999999999997,0.00395806,-0.0018573599999999,1.0,0.0,1014.5225391465542,0.0,1014.5225391465542
1668433632.752992,2.876,0.0059999999999997,0.00443669,0.0004786299999999,0.0,1.0,0.0,352.75470763092983,1014.522539146554
1668433693.066784,2.881,0.0049999999999998,0.00443083,-5.859999999999893e-06,1.0,0.0,1016.2863126847088,0.0,1016.2863126847088
1668433753.4434435,2.882,0.0010000000000003,0.0045106,7.976999999999984e-05,0.0,1.0,0.0,352.6323083569427,1016.286312684709
1668433813.4828267,2.815,-0.0670000000000001,-0.00537973,-0.00989033,1.0,0.0,992.6599480247936,0.0,992.6599480247936
1668433873.4454868,2.767,-0.048,-0.01525687,-0.00987714,1.0,0.0,992.6599480247936,0.0,992.6599480247936
1668433934.3671668,2.721,-0.0459999999999998,-0.02657057,-0.0113137,1.0,0.0,992.6599480247936,0.0,992.6599480247936
1668433994.6724849,2.755,0.0339999999999998,-0.02720047,-0.0006298999999999,1.0,0.0,992.6599480247936,0.0,992.6599480247936
1668434054.2480326,2.747,-0.008,-0.03070149,-0.00350102,1.0,0.0,992.6599480247936,0.0,992.6599480247936
1668434115.3011012,2.742,-0.0049999999999998,-0.0331773,-0.0024758099999999,1.0,0.0,992.6599480247936,0.0,992.6599480247936
1668434175.2579467,2.751,0.0089999999999998,-0.03333987,-0.00016257,1.0,0.0,992.6599480247936,0.0,992.6599480247936
1668434235.3950064,2.812,0.0609999999999999,-0.02484009,0.00849978,0.0,1.0,0.0,353.00851636728083,992.6599480247936
1668434296.091928,2.79,-0.0219999999999997,-0.02488259,-4.250000000000087e-05,1.0,0.0,984.8937606647136,0.0,984.8937606647136
1668434355.9803126,2.785,-0.0049999999999998,-0.02433368,0.0005489099999999,0.0,1.0,0.0,353.64228390115386,984.8937606647136
1668434416.2510047,2.782,-0.0030000000000001,-0.02336292,0.00097076,0.0,1.0,0.0,353.64228390115386,983.83283381301
1668434477.3353367,2.761,-0.0209999999999999,-0.02505563,-0.00169271,1.0,0.0,976.4063458510858,0.0,976.4063458510858
1668434536.726026,2.771,0.0099999999999997,-0.02367904,0.00137659,0.0,1.0,0.0,352.3660576871476,976.4063458510858
1668434596.9705772,2.767,-0.004,-0.02320952,0.0004695199999999,0.0,1.0,0.0,352.3660576871476,974.9968816203374
1668434658.2398522,2.77,0.0030000000000001,-0.0229702,0.00023932,0.0,1.0,0.0,352.3660576871476,976.0539797933988
1668434718.1212523,2.767,-0.0030000000000001,-0.02116748,0.00180272,0.0,1.0,0.0,352.3660576871476,974.9968816203374
1668434778.0678062,2.78,0.0129999999999999,-0.01840166,0.0027658199999999,0.0,1.0,0.0,352.3660576871476,979.5776403702704
1668434839.0405347,2.785,0.0050000000000003,-0.01625478,0.00214688,0.0,1.0,0.0,352.3660576871476,981.339470658706
1668434899.230404,2.798,0.0129999999999999,-0.01316933,0.00308545,0.0,1.0,0.0,352.3660576871476,985.920229408639
1668434959.051313,2.788,-0.0100000000000002,-0.01226823,0.0009011,0.0,1.0,0.0,352.3660576871476,982.3965688317674
1668435020.893787,2.792,0.004,-0.01194914,0.0003190899999999,0.0,1.0,0.0,352.3660576871476,983.806033062516
1668435079.8141043,2.789,-0.0029999999999996,-0.00946479,0.0024843499999999,0.0,1.0,0.0,352.3660576871476,982.7489348894546
1668435139.864704,2.782,-0.0070000000000001,-0.00953508,-7.02899999999989e-05,1.0,0.0,980.2823724856446,0.0,980.2823724856446
1668435200.6642165,2.783,0.0009999999999998,-0.00865536,0.0008797199999999,0.0,1.0,0.0,352.2394439402244,980.2823724856444
1668435260.487169,2.778,-0.0049999999999998,-0.00905422,-0.0003988599999999,1.0,0.0,978.5211752659436,0.0,978.5211752659436
1668435320.618167,2.774,-0.004,-0.00864621,0.00040801,0.0,1.0,0.0,352.74735950466606,978.5211752659436
1668435381.6579156,2.772,-0.0020000000000002,-0.00878921,-0.000143,1.0,0.0,977.8156805469342,0.0,977.8156805469342
1668435441.5379124,2.764,-0.008,-0.00987039,-0.0010811799999999,1.0,0.0,977.8156805469342,0.0,977.8156805469342
1668435502.580295,2.763,-0.0009999999999998,-0.01018567,-0.00031528,1.0,0.0,977.8156805469342,0.0,977.8156805469342
1668435562.4031568,2.763,0.0,-0.01019434,-8.669999999998818e-06,1.0,0.0,977.8156805469342,0.0,977.8156805469342
1668435622.368524,2.749,-0.0139999999999997,-0.0124363,-0.00224196,1.0,0.0,977.8156805469342,0.0,977.8156805469342
1668435682.2626495,2.754,0.0049999999999998,-0.01302088,-0.0005845799999999,1.0,0.0,977.8156805469342,0.0,977.8156805469342
1668435743.1220748,2.748,-0.0059999999999997,-0.01374117,-0.00072029,1.0,0.0,977.8156805469342,0.0,977.8156805469342
1668435803.1151924,2.74,-0.008,-0.01478163,-0.00104046,1.0,0.0,977.8156805469342,0.0,977.8156805469342
1668435863.037733,2.75,0.0099999999999997,-0.01370133,0.0010803,0.0,1.0,0.0,355.56933838070336,977.8156805469342
1668435924.088789,2.749,-0.0009999999999998,-0.01346424,0.0002370899999999,0.0,1.0,0.0,355.56933838070336,977.4601112085536
1668435984.5580952,2.745,-0.004,-0.01378333,-0.0003190899999999,1.0,0.0,976.0378338550308,0.0,976.0378338550308
1668436044.0453894,2.743,-0.0020000000000002,-0.01397141,-0.00018808,1.0,0.0,976.0378338550308,0.0,976.0378338550308
1668436104.979674,2.734,-0.0089999999999998,-0.01486678,-0.0008953699999999,1.0,0.0,976.0378338550308,0.0,976.0378338550308
1668436164.896063,2.741,0.0070000000000001,-0.01404834,0.00081844,0.0,1.0,0.0,356.0882283309124,976.0378338550308
1668436224.922241,2.738,-0.0030000000000001,-0.01385861,0.0001897299999999,0.0,1.0,0.0,356.0882283309124,974.969569170038
1668436285.6014743,2.744,0.0060000000000002,-0.01227,0.00158861,0.0,1.0,0.0,356.0882283309124,977.1060985400236
1668436345.5778997,2.751,0.0069999999999996,-0.01082894,0.0014410599999999,0.0,1.0,0.0,356.0882283309124,979.59871613834
1668436405.6635382,2.745,-0.0059999999999997,-0.01048807,0.00034087,0.0,1.0,0.0,356.0882283309124,977.4621867683544
1668436467.0559192,2.732,-0.0129999999999999,-0.0116883,-0.00120023,1.0,0.0,972.8330398000528,0.0,972.8330398000528
1668436527.007051,2.727,-0.0050000000000003,-0.01269681,-0.0010085099999999,1.0,0.0,972.8330398000528,0.0,972.8330398000528
1668436587.0407832,2.715,-0.012,-0.01453589,-0.0018390799999999,1.0,0.0,972.8330398000528,0.0,972.8330398000528
1668436648.1701946,2.712,-0.0029999999999996,-0.01566725,-0.00113136,1.0,0.0,972.8330398000528,0.0,972.8330398000528
1668436708.0271757,2.712,0.0,-0.0158126,-0.0001453499999999,1.0,0.0,972.8330398000528,0.0,972.8330398000528
1668436768.2043433,2.714,0.0019999999999997,-0.01527879,0.0005338099999999,0.0,1.0,0.0,358.44990412676964,972.8330398000528
1668436828.955525,2.721,0.0070000000000001,-0.01370144,0.00157735,0.0,1.0,0.0,358.44990412676964,975.3421891289402
1668436888.9338255,2.718,-0.0030000000000001,-0.01348357,0.00021787,0.0,1.0,0.0,358.44990412676964,974.2668394165598
1668436948.997132,2.725,0.0070000000000001,-0.01229014,0.00119343,0.0,1.0,0.0,358.44990412676964,976.7759887454472
1668437010.1436586,2.72,-0.0049999999999998,-0.01217004,0.0001200999999999,0.0,1.0,0.0,358.44990412676964,974.9837392248136
1668437070.780003,2.716,-0.004,-0.01200362,0.00016642,0.0,1.0,0.0,358.44990412676964,973.5499396083064
1668437129.9496045,2.713,-0.0030000000000001,-0.01184985,0.0001537699999999,0.0,1.0,0.0,358.44990412676964,972.474589895926
1668437190.7388277,2.717,0.004,-0.01115116,0.00069869,0.0,1.0,0.0,358.44990412676964,973.9083895124332
1668437249.9834895,2.704,-0.0129999999999999,-0.01243847,-0.0012873099999999,1.0,0.0,969.2485407587852,0.0,969.2485407587852
1668437309.941331,2.715,0.0109999999999996,-0.01075214,0.0016863299999999,0.0,1.0,0.0,356.99762090563,969.2485407587852
1668437370.0801072,2.718,0.0030000000000001,-0.00932727,0.00142487,0.0,1.0,0.0,356.99762090563,970.3195336215024
1668437429.8808937,2.726,0.008,-0.00753622,0.00179105,0.0,1.0,0.0,356.99762090563,973.1755145887474
1668437490.1288185,2.727,0.0009999999999998,-0.00622096,0.0013152599999999,0.0,1.0,0.0,356.99762090563,973.532512209653
1668437550.0143518,2.731,0.004,-0.00474255,0.00147841,0.0,1.0,0.0,356.99762090563,974.9605026932755
1668437610.159911,2.731,0.0,-0.00474255,0.0,0.0,1.0,0.0,356.99762090563,974.9605026932755
1668437670.1260998,2.729,-0.0019999999999997,-0.00331503,0.0014275199999999,0.0,1.0,0.0,356.99762090563,974.2465074514644
1668437729.9647455,2.738,0.0089999999999998,-0.00177544,0.00153959,0.0,1.0,0.0,356.99762090563,977.459486039615
1668437790.0879877,2.738,0.0,-0.00098465,0.00079079,0.0,1.0,0.0,356.99762090563,977.459486039615
1668437850.00171,2.742,0.004,-0.00066556,0.0003190899999999,0.0,1.0,0.0,356.99762090563,978.8874765232376
1668437910.0081494,2.741,-0.0009999999999998,0.00103633,0.00170189,0.0,1.0,0.0,356.99762090563,978.530478902332
1668437970.1143837,2.74,-0.0009999999999998,0.00168327,0.0006469399999999,0.0,1.0,0.0,356.99762090563,978.1734812814263
1668438030.08054,2.74,0.0,0.00192187,0.0002386,0.0,1.0,0.0,356.99762090563,978.1734812814263
1668438090.0117967,2.755,0.0149999999999996,0.00414665,0.00222478,0.0,1.0,0.0,356.99762090563,983.5284455950108
1668438150.0260775,2.748,-0.0069999999999996,0.00358825,-0.0005584,1.0,0.0,981.0294622486714,0.0,981.0294622486714
1668438210.1481068,2.746,-0.0020000000000002,0.00388089,0.00029264,0.0,1.0,0.0,357.2576337395016,981.0294622486714
1668438270.011888,2.749,0.0030000000000001,0.00458867,0.00070778,0.0,1.0,0.0,357.2576337395016,982.10123514989
1668438330.044777,2.743,-0.0060000000000002,0.00415662,-0.00043205,1.0,0.0,979.9576893474529,0.0,979.9576893474529
1668438390.134687,2.746,0.0030000000000001,0.00439593,0.00023931,0.0,1.0,0.0,356.8673304251467,979.9576893474529
1668438450.2318244,2.746,0.0,0.00414939,-0.0002465399999999,1.0,0.0,979.9576893474529,0.0,979.9576893474529
1668438510.0270398,2.75,0.004,0.00459651,0.0004471199999999,0.0,1.0,0.0,356.34825067180105,979.9576893474529
1668438569.9804397,2.751,0.0009999999999998,0.00484739,0.00025088,0.0,1.0,0.0,356.34825067180105,980.3140375981246
1668438629.9992108,2.751,0.0,0.00455576,-0.00029163,1.0,0.0,980.3140375981246,0.0,980.3140375981246
1668438689.9960656,2.75,-0.0009999999999998,0.00447599,-7.976999999999984e-05,1.0,0.0,980.3140375981246,0.0,980.3140375981246
1668438750.1665242,2.747,-0.0030000000000001,0.00420718,-0.00026881,1.0,0.0,980.3140375981246,0.0,980.3140375981246
1668438810.027303,2.743,-0.004,0.00362954,-0.0005776399999999,1.0,0.0,980.3140375981246,0.0,980.3140375981246
1668438870.1299036,2.748,0.0050000000000003,0.00353447,-9.507000000000004e-05,1.0,0.0,980.3140375981246,0.0,980.3140375981246
1668438930.0399964,2.754,0.0059999999999997,0.00413899,0.00060452,0.0,1.0,0.0,355.96007174950057,980.3140375981246
1668438990.0005138,2.754,0.0,0.00413899,0.0,0.0,1.0,0.0,355.96007174950057,980.3140375981246
1668439050.1536746,2.754,0.0,0.00413899,0.0,0.0,1.0,0.0,355.96007174950057,980.3140375981246
1668439110.1063118,2.753,-0.0009999999999998,0.00426259,0.0001235999999999,0.0,1.0,0.0,355.96007174950057,979.9580775263752
1668439170.0637915,2.747,-0.0060000000000002,0.00316714,-0.00109545,1.0,0.0,977.822317095878,0.0,977.822317095878
1668439230.081801,2.744,-0.0029999999999996,0.00259596,-0.00057118,1.0,0.0,977.822317095878,0.0,977.822317095878
1668439289.9742577,2.738,-0.0060000000000002,0.00164024,-0.00095572,1.0,0.0,977.822317095878,0.0,977.822317095878
1668439350.7539666,2.733,-0.0049999999999998,0.00072027,-0.00091997,1.0,0.0,977.822317095878,0.0,977.822317095878
1668439410.0996318,2.736,0.0030000000000001,0.00095958,0.00023931,0.0,1.0,0.0,357.39119776896126,977.822317095878
1668439470.3277152,2.726,-0.0100000000000002,-0.00193397,-0.00289355,1.0,0.0,974.2484051181884,0.0,974.2484051181884
1668439530.1403856,2.725,-0.0009999999999998,-0.00301059,-0.00107662,1.0,0.0,974.2484051181884,0.0,974.2484051181884
1668439590.1265826,2.725,0.0,-0.0036341,-0.0006235099999999,1.0,0.0,974.2484051181884,0.0,974.2484051181884
1668439650.060271,2.712,-0.0129999999999999,-0.00555118,-0.00191708,1.0,0.0,974.2484051181884,0.0,974.2484051181884
1668439710.1903949,2.713,0.0009999999999998,-0.00622809,-0.00067691,1.0,0.0,974.2484051181884,0.0,974.2484051181884
1668439770.0561445,2.709,-0.004,-0.00793586,-0.0017077699999999,1.0,0.0,974.2484051181884,0.0,974.2484051181884
1668439830.9059236,2.713,0.004,-0.00817866,-0.0002428,1.0,0.0,974.2484051181884,0.0,974.2484051181884
1668439890.0729644,2.704,-0.0089999999999998,-0.00961135,-0.0014326899999999,1.0,0.0,974.2484051181884,0.0,974.2484051181884
1668439950.058997,2.695,-0.0090000000000003,-0.01121179,-0.0016004399999999,1.0,0.0,974.2484051181884,0.0,974.2484051181884
1668440009.9536996,2.707,0.012,-0.0101434,0.0010683899999999,0.0,1.0,0.0,359.89966941935296,974.2484051181884
1668440070.031907,2.717,0.0100000000000002,-0.00902166,0.0011217399999999,0.0,1.0,0.0,359.89966941935296,977.847401812382
1668440130.2630458,2.711,-0.0060000000000002,-0.00901498,6.680000000000227e-06,0.0,1.0,0.0,359.89966941935296,975.6880037958658
1668440190.236776,2.705,-0.0059999999999997,-0.00949361,-0.0004786299999999,1.0,0.0,973.5286057793496,0.0,973.5286057793496
1668440250.189643,2.723,0.0179999999999997,-0.00723096,0.0022626499999999,0.0,1.0,0.0,357.52060439932046,973.5286057793496
1668440311.1828964,2.716,-0.0069999999999996,-0.00685992,0.0003710399999999,0.0,1.0,0.0,357.52060439932046,971.0259615485544
1668440370.1268508,2.72,0.004,-0.00592287,0.00093705,0.0,1.0,0.0,357.52060439932046,972.4560439661516
1668440430.2214174,2.719,-0.0010000000000003,-0.00520189,0.00072098,0.0,1.0,0.0,357.52060439932046,972.0985233617524
1668440490.0617192,2.723,0.004,-0.00401321,0.00118868,0.0,1.0,0.0,357.52060439932046,973.5286057793496
1668440550.1702132,2.721,-0.0019999999999997,-0.00417275,-0.00015954,1.0,0.0,972.813564570551,0.0,972.813564570551
1668440610.386961,2.723,0.0019999999999997,-0.00288313,0.00128962,0.0,1.0,0.0,357.2580112267907,972.8135645705512
1668440670.1001248,2.722,-0.0009999999999998,-0.0029629,-7.977000000000027e-05,1.0,0.0,972.4563065593244,0.0,972.4563065593244
1668440730.0443652,2.723,0.0009999999999998,-0.00202134,0.00094156,0.0,1.0,0.0,357.126811075771,972.4563065593244
1668440791.1058538,2.73,0.0070000000000001,-0.00091879,0.0011025499999999,0.0,1.0,0.0,357.126811075771,974.9561942368548
1668440850.1871283,2.73,0.0,-0.00023201,0.0006867799999999,0.0,1.0,0.0,357.126811075771,974.9561942368548
1668440910.1256745,2.72,-0.0099999999999997,-0.00104331,-0.0008113,1.0,0.0,971.3849261260972,0.0,971.3849261260972
1668440970.1383555,2.719,-0.0010000000000003,-0.00130752,-0.0002642099999999,1.0,0.0,971.3849261260972,0.0,971.3849261260972
1668441030.4988935,2.723,0.004,-0.00098843,0.0003190899999999,0.0,1.0,0.0,356.7333551693343,971.3849261260972
1668441090.2033968,2.722,-0.0009999999999998,-0.00080087,0.00018756,0.0,1.0,0.0,356.7333551693343,971.028192770928
1668441150.068223,2.737,0.0150000000000001,0.00133611,0.00213698,0.0,1.0,0.0,356.7333551693343,976.379193098468
1668441210.1298416,2.737,0.0,0.00230494,0.00096883,0.0,1.0,0.0,356.7333551693343,976.379193098468
1668441270.28761,2.738,0.0009999999999998,0.00280681,0.0005018699999999,0.0,1.0,0.0,356.7333551693343,976.7359264536371
1668441330.120745,2.74,0.0020000000000002,0.00345258,0.0006457699999999,0.0,1.0,0.0,356.7333551693343,977.449393163976
1668441390.312826,2.74,0.0,0.00345258,0.0,0.0,1.0,0.0,356.7333551693343,977.449393163976
1668441450.1487055,2.74,0.0,0.00405531,0.00060273,0.0,1.0,0.0,356.7333551693343,977.449393163976
1668441510.2345085,2.739,-0.0010000000000003,0.00422347,0.0001681599999999,0.0,1.0,0.0,356.7333551693343,977.0926598088066
1668441570.1192338,2.739,0.0,0.00422347,0.0,0.0,1.0,0.0,356.7333551693343,977.0926598088066
1668441630.0211942,2.74,0.0010000000000003,0.00438687,0.0001634,0.0,1.0,0.0,356.7333551693343,977.449393163976
1668441691.0725658,2.732,-0.008,0.00352901,-0.00085786,1.0,0.0,974.5955263226214,0.0,974.5955263226214
1668441750.264263,2.731,-0.0010000000000003,0.00304987,-0.0004791399999999,1.0,0.0,974.5955263226214,0.0,974.5955263226214
1668441810.329476,2.737,0.0060000000000002,0.00352851,0.0004786399999999,0.0,1.0,0.0,356.08166836778275,974.5955263226216
1668441870.204761,2.736,-0.0009999999999998,0.00322581,-0.0003026999999999,1.0,0.0,974.2394446542536,0.0,974.2394446542536
1668441930.329802,2.737,0.0009999999999998,0.00311244,-0.0001133699999999,1.0,0.0,974.2394446542536,0.0,974.2394446542536
1668441990.197884,2.741,0.004,0.00373838,0.0006259399999999,0.0,1.0,0.0,355.43212136236906,974.2394446542536
1668442050.2865458,2.739,-0.0020000000000002,0.00346596,-0.0002724199999999,1.0,0.0,973.5285804115288,0.0,973.5285804115288
1668442110.2197163,2.737,-0.0019999999999997,0.00330641,-0.00015955,1.0,0.0,973.5285804115288,0.0,973.5285804115288
1668442170.200107,2.742,0.0049999999999998,0.00345416,0.0001477499999999,0.0,1.0,0.0,355.0432459560645,973.5285804115288
1668442230.2227774,2.742,0.0,0.00345416,0.0,0.0,1.0,0.0,355.0432459560645,973.5285804115288
1668442290.2234402,2.724,-0.0179999999999997,0.00137519,-0.00207897,1.0,0.0,967.1378019843196,0.0,967.1378019843196
1668442350.1906295,2.717,-0.0070000000000001,-0.00050712,-0.00188231,1.0,0.0,967.1378019843196,0.0,967.1378019843196
1668442410.278285,2.711,-0.0060000000000002,-0.00238766,-0.00188054,1.0,0.0,967.1378019843196,0.0,967.1378019843196
1668442470.330724,2.711,0.0,-0.00358291,-0.0011952499999999,1.0,0.0,967.1378019843196,0.0,967.1378019843196
1668442530.179629,2.713,0.0020000000000002,-0.00342336,0.00015955,0.0,1.0,0.0,356.4827873145299,967.1378019843196
1668442590.16081,2.704,-0.0089999999999998,-0.00585308,-0.00242972,1.0,0.0,963.9294568984888,0.0,963.9294568984888
1668442650.2685251,2.691,-0.0130000000000003,-0.0085331,-0.00268002,1.0,0.0,963.9294568984888,0.0,963.9294568984888
1668442710.3866987,2.681,-0.0099999999999997,-0.01107421,-0.0025411099999999,1.0,0.0,963.9294568984888,0.0,963.9294568984888
1668442770.1490629,2.681,0.0,-0.01219074,-0.00111653,1.0,0.0,963.9294568984888,0.0,963.9294568984888
1668442830.567144,2.68,-0.0009999999999998,-0.01313135,-0.0009406099999999,1.0,0.0,963.9294568984888,0.0,963.9294568984888
1668442890.4029276,2.684,0.004,-0.0132148,-8.345000000000054e-05,1.0,0.0,963.9294568984888,0.0,963.9294568984888
1668442950.1727374,2.685,0.0009999999999998,-0.01313503,7.976999999999984e-05,0.0,1.0,0.0,359.0053843197351,963.9294568984886
1668443010.257824,2.683,-0.0020000000000002,-0.01321699,-8.195999999999898e-05,1.0,0.0,963.2114461298492,0.0,963.2114461298492
1668443070.2545974,2.688,0.0050000000000003,-0.01202235,0.00119464,0.0,1.0,0.0,358.3375915661641,963.2114461298492
1668443130.4382117,2.69,0.0019999999999997,-0.01135414,0.0006682099999999,0.0,1.0,0.0,358.3375915661641,963.9281213129816
1668443190.2366178,2.695,0.0049999999999998,-0.010181,0.0011731399999999,0.0,1.0,0.0,358.3375915661641,965.7198092708122
1668443250.2415042,2.694,-0.0009999999999998,-0.00953721,0.00064379,0.0,1.0,0.0,358.3375915661641,965.3614716792462
1668443310.4545004,2.698,0.004,-0.00921812,0.00031909,0.0,1.0,0.0,358.3375915661641,966.7948220455108
1668443370.1668658,2.701,0.0030000000000001,-0.00705523,0.0021628899999999,0.0,1.0,0.0,358.3375915661641,967.8698348202092
1668443430.194424,2.707,0.0059999999999997,-0.00552667,0.00152856,0.0,1.0,0.0,358.3375915661641,970.0198603696062
1668443490.3721464,2.702,-0.0049999999999998,-0.00485246,0.0006742099999999,0.0,1.0,0.0,358.3375915661641,968.2281724117754
1668443550.8873763,2.692,-0.0099999999999997,-0.00565018,-0.00079772,1.0,0.0,964.6447964961138,0.0,964.6447964961138
1668443610.1900003,2.692,0.0,-0.00511694,0.0005332399999999,0.0,1.0,0.0,358.3375915661641,964.6447964961138
1668443670.33627,2.698,0.0059999999999997,-0.00461478,0.00050216,0.0,1.0,0.0,358.3375915661641,966.7948220455108
1668443730.2379448,2.705,0.0070000000000001,-0.00299537,0.00161941,0.0,1.0,0.0,358.3375915661641,969.303185186474
1668443790.4047563,2.714,0.0089999999999998,-0.00147723,0.0015181399999999,0.0,1.0,0.0,358.3375915661641,972.5282235105694
1668443850.317553,2.71,-0.004,-0.00083915,0.00063808,0.0,1.0,0.0,358.3375915661641,971.0948731443048
1668443910.3349264,2.708,-0.0019999999999997,-0.00079626,4.288999999999997e-05,0.0,1.0,0.0,358.3375915661641,970.3781979611724
1668443970.339866,2.71,0.0019999999999997,-0.00063671,0.00015955,0.0,1.0,0.0,358.3375915661641,971.0948731443048
1668444030.2375476,2.71,0.0,-9.585e-05,0.00054086,0.0,1.0,0.0,358.3375915661641,971.0948731443048
1668444090.3488796,2.705,-0.0049999999999998,-0.00037782,-0.00028197,1.0,0.0,969.303185186474,0.0,969.303185186474
1668444150.2720397,2.711,0.0059999999999997,0.00062783,0.00100565,0.0,1.0,0.0,357.544516852259,969.303185186474
1668444210.29168,2.709,-0.0019999999999997,0.00074995,0.0001221199999999,0.0,1.0,0.0,357.544516852259,968.5880961527696
1668444270.258327,2.708,-0.0009999999999998,0.00069663,-5.332000000000004e-05,1.0,0.0,968.2305516359174,0.0,968.2305516359174
1668444330.266827,2.7,-0.008,1.055e-05,-0.0006860799999999,1.0,0.0,968.2305516359174,0.0,968.2305516359174
1668444390.3862472,2.705,0.0049999999999998,0.00018154,0.00017099,0.0,1.0,0.0,357.9410542092116,968.2305516359172
1668444450.531038,2.71,0.0049999999999998,0.00077116,0.00058962,0.0,1.0,0.0,357.9410542092116,970.0202569069634
1668444510.3923624,2.71,0.0,0.00077116,0.0,0.0,1.0,0.0,357.9410542092116,970.0202569069634
1668444570.2770505,2.71,0.0,0.00097432,0.0002031599999999,0.0,1.0,0.0,357.9410542092116,970.0202569069634
1668444630.332935,2.709,-0.0009999999999998,0.00120743,0.00023311,0.0,1.0,0.0,357.9410542092116,969.6623158527542
1668444690.3103282,2.708,-0.0009999999999998,0.00112766,-7.977000000000006e-05,1.0,0.0,969.304374798545,0.0,969.304374798545
1668444750.2933657,2.713,0.0049999999999998,0.00169541,0.00056775,0.0,1.0,0.0,357.28137663049944,969.304374798545
1668444810.3851094,2.703,-0.0100000000000002,0.00089769,-0.00079772,1.0,0.0,965.73156103224,0.0,965.73156103224
1668444870.460622,2.703,0.0,0.00089769,0.0,1.0,0.0,965.73156103224,0.0,965.73156103224
1668444930.4059556,2.704,0.0010000000000003,0.00053036,-0.00036733,1.0,0.0,965.73156103224,0.0,965.73156103224
1668444990.3663318,2.701,-0.0030000000000001,-2.8e-06,-0.00053316,1.0,0.0,965.73156103224,0.0,965.73156103224
1668445050.4392514,2.701,0.0,-0.00042048,-0.0004176799999999,1.0,0.0,965.73156103224,0.0,965.73156103224
1668445110.3351128,2.7,-0.0009999999999998,-0.00050025,-7.977000000000006e-05,1.0,0.0,965.73156103224,0.0,965.73156103224
1668445170.4205258,2.701,0.0009999999999998,-0.00080453,-0.00030428,1.0,0.0,965.73156103224,0.0,965.73156103224
1668445230.3968875,2.709,0.008,-0.00013224,0.00067229,0.0,1.0,0.0,356.4900557520266,965.73156103224
1668445290.4574628,2.711,0.0019999999999997,0.00023602,0.00036826,0.0,1.0,0.0,356.4900557520266,966.444541143744
1668445350.3259084,2.715,0.004,0.00114981,0.00091379,0.0,1.0,0.0,356.4900557520266,967.870501366752
1668445410.2396848,2.72,0.0050000000000003,0.0020631,0.00091329,0.0,1.0,0.0,356.4900557520266,969.6529516455124
1668445470.3561797,2.71,-0.0100000000000002,0.00195649,-0.00010661,1.0,0.0,966.088051087992,0.0,966.088051087992
1668445530.3795292,2.71,0.0,0.00191135,-4.513999999999994e-05,1.0,0.0,966.088051087992,0.0,966.088051087992
1668445590.3895812,2.709,-0.0009999999999998,0.00127989,-0.0006314599999999,1.0,0.0,966.088051087992,0.0,966.088051087992
1668445650.3815496,2.712,0.0030000000000001,0.00163124,0.0003513499999999,0.0,1.0,0.0,356.227157480823,966.088051087992
1668445710.577767,2.714,0.0019999999999997,0.00179079,0.00015955,0.0,1.0,0.0,356.227157480823,966.8005054029536
1668445770.6206198,2.714,0.0,0.00179079,0.0,0.0,1.0,0.0,356.227157480823,966.8005054029536
1668445830.3603373,2.715,0.0009999999999998,0.00200043,0.00020964,0.0,1.0,0.0,356.227157480823,967.1567325604344
1668445890.2528384,2.715,0.0,0.00200043,0.0,0.0,1.0,0.0,356.227157480823,967.1567325604344
1668445950.4073758,2.716,0.0010000000000003,0.00222166,0.0002212299999999,0.0,1.0,0.0,356.227157480823,967.5129597179154
1668446010.2680182,2.715,-0.0010000000000003,0.00228989,6.823000000000029e-05,0.0,1.0,0.0,356.227157480823,967.1567325604344
1668446070.5092108,2.723,0.008,0.00292807,0.0006381799999999,0.0,1.0,0.0,356.227157480823,970.006549820281
1668446130.509995,2.717,-0.0059999999999997,0.00290793,-2.014000000000009e-05,1.0,0.0,967.869186875396,0.0,967.869186875396
1668446190.471575,2.714,-0.0030000000000001,0.0026822,-0.0002257299999999,1.0,0.0,967.869186875396,0.0,967.869186875396
1668446250.35972,2.721,0.0070000000000001,0.00303319,0.0003509899999999,0.0,1.0,0.0,355.7034865400206,967.869186875396
1668446310.43242,2.719,-0.0020000000000002,0.00311406,8.087000000000025e-05,0.0,1.0,0.0,355.7034865400206,967.157779902316
1668446370.492563,2.72,0.0010000000000003,0.00319384,7.977999999999978e-05,0.0,1.0,0.0,355.7034865400206,967.513483388856
1668446430.4781578,2.72,0.0,0.00319384,0.0,0.0,1.0,0.0,355.7034865400206,967.513483388856
1668446490.4219232,2.715,-0.0050000000000003,0.00248599,-0.0007078499999999,1.0,0.0,965.734965956156,0.0,965.734965956156
1668446550.3045647,2.715,0.0,0.00248599,0.0,1.0,0.0,965.734965956156,0.0,965.734965956156
1668446610.4200835,2.723,0.008,0.00290866,0.00042267,0.0,1.0,0.0,354.65845242605803,965.734965956156
1668446670.317614,2.724,0.0010000000000003,0.00298843,7.976999999999984e-05,0.0,1.0,0.0,354.65845242605803,966.0896244085822
1668446730.43895,2.719,-0.0050000000000003,0.00294916,-3.926999999999967e-05,1.0,0.0,964.3163321464516,0.0,964.3163321464516
1668446790.6047187,2.721,0.0020000000000002,0.0030842,0.0001350399999999,0.0,1.0,0.0,354.3977699913457,964.3163321464516
1668446850.5390203,2.721,0.0,0.00308029,-3.910000000000198e-06,1.0,0.0,964.3163321464516,0.0,964.3163321464516
1668446910.32665,2.717,-0.004,0.00253826,-0.0005420299999999,1.0,0.0,964.3163321464516,0.0,964.3163321464516
1668446970.5055895,2.721,0.004,0.00259126,5.3000000000000096e-05,0.0,1.0,0.0,354.3977699913457,964.3163321464516
1668447030.5605094,2.728,0.0070000000000001,0.00371597,0.0011247099999999,0.0,1.0,0.0,354.3977699913457,966.7971165363912
1668447090.425674,2.721,-0.0070000000000001,0.00300277,-0.0007131999999999,1.0,0.0,964.3163321464516,0.0,964.3163321464516
1668447150.317355,2.731,0.0099999999999997,0.00419931,0.00119654,0.0,1.0,0.0,353.1000850041932,964.3163321464516
1668447210.4155622,2.733,0.0020000000000002,0.00487073,0.0006714199999999,0.0,1.0,0.0,353.1000850041932,965.02253231646
1668447270.3068967,2.733,0.0,0.00552331,0.0006525799999999,0.0,1.0,0.0,353.1000850041932,965.02253231646
1668447330.5974991,2.734,0.0009999999999998,0.00560309,7.977999999999978e-05,0.0,1.0,0.0,353.1000850041932,965.3756324014644
1668447390.478628,2.735,0.0009999999999998,0.00579652,0.00019343,0.0,1.0,0.0,353.1000850041932,965.7287324864684
1668447450.3793633,2.735,0.0,0.00565403,-0.00014249,1.0,0.0,965.7287324864684,0.0,965.7287324864684
1668447510.374142,2.738,0.0030000000000001,0.00572001,6.59800000000002e-05,0.0,1.0,0.0,352.713196671464,965.7287324864684
1668447570.576096,2.735,-0.0030000000000001,0.00540833,-0.0003116799999999,1.0,0.0,964.670592896454,0.0,964.670592896454
1668447630.3553827,2.737,0.0020000000000002,0.00556787,0.0001595399999999,0.0,1.0,0.0,352.45545958949725,964.670592896454
1668447690.4516792,2.737,0.0,0.00568537,0.0001175,0.0,1.0,0.0,352.45545958949725,964.670592896454
1668447750.511532,2.732,-0.0049999999999998,0.0051985,-0.00048687,1.0,0.0,962.9083155985064,0.0,962.9083155985064
1668447810.469519,2.732,0.0,0.0051985,0.0,1.0,0.0,962.9083155985064,0.0,962.9083155985064
1668447870.4313424,2.738,0.0059999999999997,0.00514491,-5.359000000000006e-05,1.0,0.0,962.9083155985064,0.0,962.9083155985064
1668447930.6546636,2.737,-0.0009999999999998,0.00506514,-7.976999999999984e-05,1.0,0.0,962.9083155985064,0.0,962.9083155985064
1668447990.4588916,2.736,-0.0009999999999998,0.00485592,-0.00020922,1.0,0.0,962.9083155985064,0.0,962.9083155985064
1668448050.499067,2.74,0.004,0.00495576,9.984000000000036e-05,0.0,1.0,0.0,351.4263925541994,962.9083155985064
1668448110.479941,2.74,0.0,0.00497751,2.1750000000000068e-05,0.0,1.0,0.0,351.4263925541994,962.9083155985064
1668448170.3185525,2.736,-0.004,0.00424919,-0.00072832,1.0,0.0,961.5026100282896,0.0,961.5026100282896
1668448230.4320557,2.734,-0.0020000000000002,0.00372242,-0.0005267699999999,1.0,0.0,961.5026100282896,0.0,961.5026100282896
1668448290.351805,2.736,0.0020000000000002,0.00367501,-4.7410000000000334e-05,1.0,0.0,961.5026100282896,0.0,961.5026100282896
1668448350.4350789,2.729,-0.0070000000000001,0.0031166,-0.0005584099999999,1.0,0.0,961.5026100282896,0.0,961.5026100282896
1668448410.489982,2.734,0.0049999999999998,0.00266235,-0.00045425,1.0,0.0,961.5026100282896,0.0,961.5026100282896
1668448470.6796565,2.738,0.004,0.00298144,0.00031909,0.0,1.0,0.0,351.1696895647515,961.5026100282896
1668448530.5729735,2.738,0.0,0.00298144,0.0,0.0,1.0,0.0,351.1696895647515,961.5026100282896
1668448590.497256,2.733,-0.0049999999999998,0.00262784,-0.0003535999999999,1.0,0.0,959.7467615804658,0.0,959.7467615804658
1668448650.5864878,2.733,0.0,0.00262784,0.0,1.0,0.0,959.7467615804658,0.0,959.7467615804658
1668448710.4110644,2.731,-0.0020000000000002,0.00189434,-0.0007335,1.0,0.0,959.7467615804658,0.0,959.7467615804658
1668448771.3060098,2.733,0.0020000000000002,0.00157496,-0.0003193799999999,1.0,0.0,959.7467615804658,0.0,959.7467615804658
1668448831.344627,2.732,-0.0009999999999998,0.00135201,-0.0002229499999999,1.0,0.0,959.7467615804658,0.0,959.7467615804658
1668448891.275479,2.735,0.0029999999999996,0.00159132,0.0002393099999999,0.0,1.0,0.0,350.91289271680654,959.746761580466
1668448952.125181,2.735,0.0,0.00159132,0.0,0.0,1.0,0.0,350.91289271680654,959.746761580466
1668449012.348426,2.735,0.0,0.00159132,0.0,0.0,1.0,0.0,350.91289271680654,959.746761580466
1668449072.279327,2.735,0.0,0.00158601,-5.310000000000124e-06,1.0,0.0,959.746761580466,0.0,959.746761580466
1668449133.2080443,2.738,0.0030000000000001,0.00192627,0.00034026,0.0,1.0,0.0,350.52840086941785,959.746761580466
1668449193.3546598,2.735,-0.0030000000000001,0.00186818,-5.808999999999979e-05,1.0,0.0,958.6951763778578,0.0,958.6951763778578
1668449253.2762196,2.735,0.0,0.00155411,-0.00031407,1.0,0.0,958.6951763778578,0.0,958.6951763778578
1668449314.1448653,2.737,0.0020000000000002,0.00171365,0.0001595399999999,0.0,1.0,0.0,350.2722602768936,958.6951763778576
1668449374.212736,2.737,0.0,0.00171365,0.0,0.0,1.0,0.0,350.2722602768936,958.6951763778576
1668449434.16846,2.731,-0.0060000000000002,0.00128192,-0.0004317299999999,1.0,0.0,956.5935428161964,0.0,956.5935428161964
1668449495.0708635,2.721,-0.0099999999999997,0.0004842,-0.00079772,1.0,0.0,956.5935428161964,0.0,956.5935428161964
1668449555.08767,2.724,0.0030000000000001,-0.00024525,-0.00072945,1.0,0.0,956.5935428161964,0.0,956.5935428161964
1668449615.0292952,2.725,0.0009999999999998,-0.00073419,-0.00048894,1.0,0.0,956.5935428161964,0.0,956.5935428161964
1668449676.4326391,2.72,-0.0049999999999998,-0.00175412,-0.00101993,1.0,0.0,956.5935428161964,0.0,956.5935428161964
1668449736.3884754,2.722,0.0019999999999997,-0.00212367,-0.0003695499999999,1.0,0.0,956.5935428161964,0.0,956.5935428161964
1668449796.7927675,2.722,0.0,-0.00212367,0.0,1.0,0.0,956.5935428161964,0.0,956.5935428161964
1668449857.440886,2.722,0.0,-0.00238901,-0.00026534,1.0,0.0,956.5935428161964,0.0,956.5935428161964
1668449917.28796,2.725,0.0030000000000001,-0.00214969,0.0002393199999999,0.0,1.0,0.0,351.04350195089773,956.5935428161964
1668449977.330789,2.73,0.0049999999999998,-0.00174672,0.00040297,0.0,1.0,0.0,351.04350195089773,958.3487603259508
1668450037.9173284,2.73,0.0,-0.00174672,0.0,0.0,1.0,0.0,351.04350195089773,958.3487603259508
1668450098.0579078,2.736,0.0060000000000002,-0.00093246,0.00081426,0.0,1.0,0.0,351.04350195089773,960.4550213376564
1668450158.0866375,2.733,-0.0030000000000001,-0.0005232,0.0004092599999999,0.0,1.0,0.0,351.04350195089773,959.4018908318036
1668450218.9498682,2.729,-0.004,-0.00076204,-0.0002388399999999,1.0,0.0,957.997716824,0.0,957.997716824
1668450278.8463097,2.728,-0.0009999999999998,-0.00077026,-8.22000000000008e-06,1.0,0.0,957.997716824,0.0,957.997716824
1668450339.1212296,2.733,0.0049999999999998,-0.0001227,0.00064756,0.0,1.0,0.0,350.52971709623125,957.997716824
1668450400.060663,2.736,0.0030000000000001,0.00011662,0.00023932,0.0,1.0,0.0,350.52971709623125,959.0493059752888
1668450459.956579,2.74,0.004,0.00152828,0.00141166,0.0,1.0,0.0,350.52971709623125,960.4514248436736
1668450519.796033,2.733,-0.0070000000000001,0.00121371,-0.0003145699999999,1.0,0.0,957.997716824,0.0,957.997716824
1668450580.5799098,2.746,0.0129999999999999,0.00328659,0.00207288,0.0,1.0,0.0,348.8702537596504,957.997716824
1668450640.6931794,2.744,-0.0019999999999997,0.00346546,0.00017887,0.0,1.0,0.0,348.8702537596504,957.2999763164808
1668450700.595096,2.751,0.0069999999999996,0.00474224,0.00127678,0.0,1.0,0.0,348.8702537596504,959.742068092798
1668450761.3936207,2.748,-0.0029999999999996,0.00464126,-0.0001009799999999,1.0,0.0,958.6954573315194,0.0,958.6954573315194
1668450821.625599,2.748,0.0,0.00464126,0.0,1.0,0.0,958.6954573315194,0.0,958.6954573315194
1668450881.613888,2.739,-0.0090000000000003,0.00388231,-0.00075895,1.0,0.0,958.6954573315194,0.0,958.6954573315194
1668450942.7226765,2.747,0.008,0.0041143,0.00023199,0.0,1.0,0.0,348.9972542160609,958.6954573315192
1668451002.5198307,2.749,0.0020000000000002,0.00434622,0.0002319199999999,0.0,1.0,0.0,348.9972542160609,959.3934518399516
1668451062.5083697,2.748,-0.0009999999999998,0.00439862,5.240000000000019e-05,0.0,1.0,0.0,348.9972542160609,959.0444545857356
1668451123.5210867,2.752,0.0039999999999995,0.00471771,0.00031909,0.0,1.0,0.0,348.9972542160609,960.4404436025995
1668451183.250612,2.756,0.004,0.00527409,0.00055638,0.0,1.0,0.0,348.9972542160609,961.8364326194638
1668451243.3274016,2.751,-0.0049999999999998,0.00500467,-0.00026942,1.0,0.0,960.0914463483836,0.0,960.0914463483836
1668451304.1162872,2.75,-0.0009999999999998,0.00484519,-0.00015948,1.0,0.0,960.0914463483836,0.0,960.0914463483836
1668451364.20832,2.752,0.0019999999999997,0.0047023,-0.0001428899999999,1.0,0.0,960.0914463483836,0.0,960.0914463483836
1668451424.245227,2.753,0.0010000000000003,0.00480403,0.0001017299999999,0.0,1.0,0.0,348.7437146198269,960.0914463483836
1668451485.2910614,2.754,0.0009999999999998,0.00497035,0.00016632,0.0,1.0,0.0,348.7437146198269,960.4401900630032
1668451545.17507,2.754,0.0,0.00497035,0.0,0.0,1.0,0.0,348.7437146198269,960.4401900630032
1668451605.1951313,2.754,0.0,0.00497035,0.0,0.0,1.0,0.0,348.7437146198269,960.4401900630032
1668451665.9682002,2.754,0.0,0.00497035,0.0,0.0,1.0,0.0,348.7437146198269,960.4401900630032
1668451726.2047195,2.748,-0.0059999999999997,0.00450288,-0.00046747,1.0,0.0,958.3477277752844,0.0,958.3477277752844
1668451786.102213,2.754,0.0059999999999997,0.00498151,0.0004786299999999,0.0,1.0,0.0,347.983924391897,958.3477277752844
1668451846.936147,2.747,-0.0070000000000001,0.00437509,-0.0006064199999999,1.0,0.0,955.911840304541,0.0,955.911840304541
1668451906.925291,2.749,0.0020000000000002,0.00382488,-0.0005502099999999,1.0,0.0,955.911840304541,0.0,955.911840304541
1668451966.928871,2.749,0.0,0.00353772,-0.00028716,1.0,0.0,955.911840304541,0.0,955.911840304541
1668452027.551165,2.754,0.0049999999999998,0.00393658,0.00039886,0.0,1.0,0.0,347.0994336617796,955.911840304541
1668452087.528716,2.754,0.0,0.00397923,4.264999999999998e-05,0.0,1.0,0.0,347.0994336617796,955.911840304541
1668452148.0619118,2.754,0.0,0.00397923,0.0,0.0,1.0,0.0,347.0994336617796,955.911840304541
1668452208.600627,2.754,0.0,0.00397923,0.0,0.0,1.0,0.0,347.0994336617796,955.911840304541
1668452268.859918,2.754,0.0,0.00397923,0.0,0.0,1.0,0.0,347.0994336617796,955.911840304541
1668452328.6747856,2.751,-0.0030000000000001,0.00372798,-0.00025125,1.0,0.0,954.8705420035556,0.0,954.8705420035556
1668452389.403554,2.746,-0.0049999999999998,0.00332912,-0.00039886,1.0,0.0,954.8705420035556,0.0,954.8705420035556
1668452449.1907885,2.746,0.0,0.00278184,-0.00054728,1.0,0.0,954.8705420035556,0.0,954.8705420035556
1668452509.3807454,2.75,0.004,0.00264045,-0.0001413899999999,1.0,0.0,954.8705420035556,0.0,954.8705420035556
1668452570.4242263,2.75,0.0,0.00264045,0.0,1.0,0.0,954.8705420035556,0.0,954.8705420035556
1668452630.0917628,2.747,-0.0030000000000001,0.00226026,-0.0003801899999999,1.0,0.0,954.8705420035556,0.0,954.8705420035556
1668452691.1250875,2.749,0.0020000000000002,0.00215777,-0.00010249,1.0,0.0,954.8705420035556,0.0,954.8705420035556
1668452750.9797328,2.752,0.0029999999999996,0.00222969,7.192000000000006e-05,0.0,1.0,0.0,346.97330741408274,954.8705420035556
1668452810.944299,2.744,-0.0079999999999995,0.00174564,-0.00048405,1.0,0.0,952.0947555442432,0.0,952.0947555442432
1668452871.0961158,2.744,0.0,0.00103674,-0.0007088999999999,1.0,0.0,952.0947555442432,0.0,952.0947555442432
1668452931.800448,2.743,-0.0010000000000003,0.00033088,-0.00070586,1.0,0.0,952.0947555442432,0.0,952.0947555442432
1668452991.8926551,2.747,0.004,0.00058953,0.00025865,0.0,1.0,0.0,346.594377700853,952.0947555442432
1668453052.4413836,2.743,-0.004,0.00015478,-0.00043475,1.0,0.0,950.7083780334395,0.0,950.7083780334395
1668453112.4523785,2.742,-0.0009999999999998,-0.00020487,-0.00035965,1.0,0.0,950.7083780334395,0.0,950.7083780334395
1668453172.567939,2.736,-0.0059999999999997,-0.00133249,-0.00112762,1.0,0.0,950.7083780334395,0.0,950.7083780334395
1668453233.2269018,2.738,0.0019999999999997,-0.00135827,-2.5779999999999987e-05,1.0,0.0,950.7083780334395,0.0,950.7083780334395
1668453293.4208336,2.735,-0.0030000000000001,-0.00179162,-0.00043335,1.0,0.0,950.7083780334395,0.0,950.7083780334395
1668453353.456524,2.734,-0.0009999999999998,-0.00256186,-0.0007702399999999,1.0,0.0,950.7083780334395,0.0,950.7083780334395
1668453413.5090396,2.73,-0.004,-0.00351317,-0.0009513099999999,1.0,0.0,950.7083780334395,0.0,950.7083780334395
1668453474.121382,2.723,-0.0070000000000001,-0.00477232,-0.00125915,1.0,0.0,950.7083780334395,0.0,950.7083780334395
1668453534.2454803,2.72,-0.0029999999999996,-0.00581604,-0.0010437199999999,1.0,0.0,950.7083780334395,0.0,950.7083780334395
1668453594.5136166,2.729,0.0089999999999998,-0.0052925,0.0005235399999999,0.0,1.0,0.0,348.3724360694172,950.7083780334395
1668453655.4488811,2.719,-0.0100000000000002,-0.00630268,-0.0010101799999999,1.0,0.0,947.2246536727451,0.0,947.2246536727451
1668453716.602673,2.721,0.0020000000000002,-0.00673503,-0.00043235,1.0,0.0,947.2246536727451,0.0,947.2246536727451
1668453775.3135145,2.728,0.0070000000000001,-0.00625111,0.00048392,0.0,1.0,0.0,347.2231135164022,947.2246536727451
1668453836.0293193,2.724,-0.004,-0.00611982,0.00013129,0.0,1.0,0.0,347.2231135164022,945.8357612186796
1668453896.011761,2.73,0.0059999999999997,-0.00546859,0.00065123,0.0,1.0,0.0,347.2231135164022,947.919099899778
1668453956.1280012,2.73,0.0,-0.00458809,0.0008804999999999,0.0,1.0,0.0,347.2231135164022,947.919099899778
1668454017.0648136,2.721,-0.0089999999999998,-0.00481481,-0.0002267199999999,1.0,0.0,944.7940918781304,0.0,944.7940918781304
1668454077.0419972,2.718,-0.0030000000000001,-0.00523939,-0.0004245799999999,1.0,0.0,944.7940918781304,0.0,944.7940918781304
1668454137.0845106,2.721,0.0030000000000001,-0.00551937,-0.00027998,1.0,0.0,944.7940918781304,0.0,944.7940918781304
1668454197.775148,2.729,0.008,-0.00472606,0.00079331,0.0,1.0,0.0,346.2052370385234,944.7940918781304
1668454257.653333,2.726,-0.0030000000000001,-0.00441408,0.0003119799999999,0.0,1.0,0.0,346.2052370385234,943.7554761670148
1668454317.720135,2.721,-0.0049999999999998,-0.0044557,-4.1620000000000025e-05,1.0,0.0,942.0244499818224,0.0,942.0244499818224
1668454378.6374063,2.72,-0.0009999999999998,-0.00482526,-0.0003695599999999,1.0,0.0,942.0244499818224,0.0,942.0244499818224
1668454438.3609314,2.718,-0.0020000000000002,-0.00478368,4.15799999999994e-05,0.0,1.0,0.0,346.5873620242172,942.0244499818224
1668454498.5170002,2.71,-0.008,-0.0052134,-0.0004297199999999,1.0,0.0,939.2517510856286,0.0,939.2517510856286
1668454564.8457649,2.71,0.0,-0.00580225,-0.00058885,1.0,0.0,939.2517510856286,0.0,939.2517510856286
1668454619.5828185,2.71,0.0,-0.00580225,0.0,1.0,0.0,939.2517510856286,0.0,939.2517510856286
1668454679.589958,2.71,0.0,-0.00580225,0.0,1.0,0.0,939.2517510856286,0.0,939.2517510856286
1668454740.487869,2.71,0.0,-0.00580225,0.0,1.0,0.0,939.2517510856286,0.0,939.2517510856286
1668454800.5255156,2.71,0.0,-0.00613498,-0.0003327299999999,1.0,0.0,939.2517510856286,0.0,939.2517510856286
1668454860.2895734,2.707,-0.0030000000000001,-0.00637429,-0.00023931,1.0,0.0,939.2517510856286,0.0,939.2517510856286
1668454921.0884984,2.707,0.0,-0.00637429,0.0,1.0,0.0,939.2517510856286,0.0,939.2517510856286
1668454981.0679646,2.713,0.0060000000000002,-0.0062712,0.00010309,0.0,1.0,0.0,346.20411024166185,939.2517510856286
1668455041.0979478,2.708,-0.0049999999999998,-0.00651783,-0.0002466299999999,1.0,0.0,937.5207305344204,0.0,937.5207305344204
1668455101.943736,2.7,-0.008,-0.00727495,-0.00075712,1.0,0.0,937.5207305344204,0.0,937.5207305344204
1668455162.0971477,2.684,-0.016,-0.00924636,-0.00197141,1.0,0.0,937.5207305344204,0.0,937.5207305344204
1668455221.98374,2.678,-0.0060000000000002,-0.0114078,-0.0021614399999999,1.0,0.0,937.5207305344204,0.0,937.5207305344204
1668455282.9459858,2.682,0.004,-0.0125842,-0.0011764,1.0,0.0,937.5207305344204,0.0,937.5207305344204
1668455341.978311,2.684,0.0020000000000002,-0.01288951,-0.0003053099999999,1.0,0.0,937.5207305344204,0.0,937.5207305344204
1668455402.1095636,2.688,0.004,-0.01257043,0.0003190799999999,0.0,1.0,0.0,348.78003368095995,937.5207305344204
1668455463.1742773,2.703,0.0149999999999996,-0.0111573,0.00141313,0.0,1.0,0.0,348.78003368095995,942.7524310396346
1668455522.1959226,2.699,-0.004,-0.01011891,0.00103839,0.0,1.0,0.0,348.78003368095995,941.3573109049108
1668455582.0420475,2.702,0.0030000000000001,-0.00907573,0.0010431799999999,0.0,1.0,0.0,348.78003368095995,942.4036510059536
1668455642.1253686,2.685,-0.0169999999999999,-0.00951111,-0.0004353799999999,1.0,0.0,936.4743904333776,0.0,936.4743904333776
1668455702.061896,2.681,-0.004,-0.01037088,-0.00085977,1.0,0.0,936.4743904333776,0.0,936.4743904333776
1668455762.7365758,2.654,-0.0270000000000001,-0.01276765,-0.0023967699999999,1.0,0.0,936.4743904333776,0.0,936.4743904333776
1668455822.050601,2.63,-0.024,-0.01739994,-0.0046322899999999,1.0,0.0,936.4743904333776,0.0,936.4743904333776
1668455882.2105415,2.633,0.0030000000000001,-0.01959162,-0.00219168,1.0,0.0,936.4743904333776,0.0,936.4743904333776
1668455942.067432,2.641,0.008,-0.02007777,-0.00048615,1.0,0.0,936.4743904333776,0.0,936.4743904333776
1668456002.0983992,2.636,-0.0049999999999998,-0.02100371,-0.0009259399999999,1.0,0.0,936.4743904333776,0.0,936.4743904333776
1668456061.9808562,2.654,0.0179999999999997,-0.02023867,0.0007650399999999,0.0,1.0,0.0,352.8539526877836,936.4743904333776
1668456122.0399878,2.653,-0.0009999999999998,-0.01911615,0.00112252,0.0,1.0,0.0,352.8539526877836,936.12153648069
1668456182.2446902,2.658,0.0049999999999998,-0.01793065,0.0011854999999999,0.0,1.0,0.0,352.8539526877836,937.8858062441288
1668456242.2592473,2.665,0.0070000000000001,-0.01592932,0.0020013299999999,0.0,1.0,0.0,352.8539526877836,940.3557839129433
1668456302.032794,2.66,-0.0049999999999998,-0.01476616,0.0011631599999999,0.0,1.0,0.0,352.8539526877836,938.5915141495044
1668456361.9801507,2.65,-0.0100000000000002,-0.01491543,-0.0001492699999999,1.0,0.0,935.0629746226264,0.0,935.0629746226264
1668456422.1243796,2.635,-0.0150000000000001,-0.01562149,-0.0007060599999999,1.0,0.0,935.0629746226264,0.0,935.0629746226264
1668456482.271238,2.64,0.0050000000000003,-0.01578256,-0.00016107,1.0,0.0,935.0629746226264,0.0,935.0629746226264
1668456542.317943,2.644,0.004,-0.01522231,0.00056025,0.0,1.0,0.0,353.6546802657437,935.0629746226264
1668456602.088898,2.627,-0.0170000000000003,-0.01590442,-0.0006821099999999,1.0,0.0,929.0508450581086,0.0,929.0508450581086
1668456662.1089883,2.645,0.0180000000000002,-0.0148842,0.0010202199999999,0.0,1.0,0.0,351.2479565437084,929.0508450581086
1668456722.1156385,2.64,-0.0049999999999998,-0.01400617,0.00087803,0.0,1.0,0.0,351.2479565437084,927.2946052753904
1668456782.0599484,2.635,-0.0050000000000003,-0.01386999,0.0001361799999999,0.0,1.0,0.0,351.2479565437084,925.5383654926716
1668456842.029675,2.636,0.0010000000000003,-0.01371024,0.00015975,0.0,1.0,0.0,351.2479565437084,925.8896134492154
1668456902.0950303,2.639,0.0029999999999996,-0.01300202,0.00070822,0.0,1.0,0.0,351.2479565437084,926.9433573188464
1668456962.468358,2.644,0.0050000000000003,-0.0120233,0.0009787199999999,0.0,1.0,0.0,351.2479565437084,928.6995971015652
1668457022.2061474,2.648,0.004,-0.01055221,0.00147109,0.0,1.0,0.0,351.2479565437084,930.10458892774
1668457082.214852,2.661,0.0129999999999999,-0.00836735,0.0021848599999999,0.0,1.0,0.0,351.2479565437084,934.670812362808
1668457142.6141553,2.658,-0.0030000000000001,-0.00760021,0.00076714,0.0,1.0,0.0,351.2479565437084,933.6170684931768
1668457202.1442025,2.66,0.0020000000000002,-0.00624847,0.0013517399999999,0.0,1.0,0.0,351.2479565437084,934.3195644062644
1668457262.0553372,2.658,-0.0020000000000002,-0.00496526,0.00128321,0.0,1.0,0.0,351.2479565437084,933.6170684931768
1668457322.1538465,2.659,0.0009999999999998,-0.00382354,0.00114172,0.0,1.0,0.0,351.2479565437084,933.9683164497206
1668457382.417744,2.652,-0.0069999999999996,-0.00375181,7.172999999999988e-05,0.0,1.0,0.0,351.2479565437084,931.5095807539147
1668457442.2722096,2.654,0.0019999999999997,-0.00318081,0.0005709999999999,0.0,1.0,0.0,351.2479565437084,932.2120766670022
1668457504.8962698,2.654,0.0,-0.00318081,0.0,0.0,1.0,0.0,351.2479565437084,932.2120766670022
1668457562.229034,2.654,0.0,-0.00318081,0.0,0.0,1.0,0.0,351.2479565437084,932.2120766670022
1668457622.389145,2.654,0.0,-0.0026972,0.00048361,0.0,1.0,0.0,351.2479565437084,932.2120766670022
1668457682.0303843,2.653,-0.0009999999999998,-0.00242893,0.0002682699999999,0.0,1.0,0.0,351.2479565437084,931.8608287104583
1668457742.2159655,2.654,0.0009999999999998,-0.0019872,0.00044173,0.0,1.0,0.0,351.2479565437084,932.2120766670022
1668457802.1588786,2.659,0.0049999999999998,-0.00128212,0.00070508,0.0,1.0,0.0,351.2479565437084,933.9683164497206
1668457862.4000132,2.657,-0.0019999999999997,-0.00087463,0.00040749,0.0,1.0,0.0,351.2479565437084,933.2658205366332
1668457922.149443,2.664,0.0070000000000001,7.459e-05,0.00094922,0.0,1.0,0.0,351.2479565437084,935.7245562324392
1668457982.4336946,2.664,0.0,0.00075493,0.00068034,0.0,1.0,0.0,351.2479565437084,935.7245562324392
1668458042.425592,2.657,-0.0070000000000001,0.00059777,-0.00015716,1.0,0.0,933.2658205366332,0.0,933.2658205366332
1668458102.096635,2.659,0.0019999999999997,0.00081396,0.00021619,0.0,1.0,0.0,350.9837610141532,933.2658205366332
1668458162.4086802,2.66,0.0010000000000003,0.00099134,0.00017738,0.0,1.0,0.0,350.9837610141532,933.6168042976476
1668458222.3369915,2.657,-0.0030000000000001,0.00081811,-0.00017323,1.0,0.0,932.563853014605,0.0,932.563853014605
1668458282.4133592,2.657,0.0,0.00073556,-8.255000000000003e-05,1.0,0.0,932.563853014605,0.0,932.563853014605
1668458342.123551,2.657,0.0,0.00073556,0.0,1.0,0.0,932.563853014605,0.0,932.563853014605
1668458402.400306,2.657,0.0,0.00073556,0.0,1.0,0.0,932.563853014605,0.0,932.563853014605
1668458462.1855464,2.656,-0.0009999999999998,0.00058273,-0.0001528299999999,1.0,0.0,932.563853014605,0.0,932.563853014605
1668458523.2631276,2.659,0.0029999999999996,0.00069567,0.0001129399999999,0.0,1.0,0.0,350.71976420255925,932.563853014605
1668458582.2475052,2.657,-0.0019999999999997,0.00053612,-0.00015955,1.0,0.0,931.8624134862,0.0,931.8624134862
1668458642.5177326,2.659,0.0019999999999997,0.00065304,0.00011692,0.0,1.0,0.0,350.45596595945847,931.8624134862
1668458702.465544,2.657,-0.0019999999999997,0.0004935,-0.00015954,1.0,0.0,931.1615015542812,0.0,931.1615015542812
1668458776.964577,2.657,0.0,0.0004935,0.0,1.0,0.0,931.1615015542812,0.0,931.1615015542812
1668458822.3766563,2.656,-0.0009999999999998,0.00037471,-0.00011879,1.0,0.0,931.1615015542812,0.0,931.1615015542812
1668458882.4536395,2.651,-0.0050000000000003,-0.00049103,-0.00086574,1.0,0.0,931.1615015542812,0.0,931.1615015542812
1668458942.399658,2.643,-0.008,-0.00161168,-0.00112065,1.0,0.0,931.1615015542812,0.0,931.1615015542812
1668459002.2496984,2.641,-0.0019999999999997,-0.00262813,-0.0010164499999999,1.0,0.0,931.1615015542812,0.0,931.1615015542812
1668459062.7044826,2.654,0.0129999999999999,-0.00217,0.0004581299999999,0.0,1.0,0.0,350.85211060824463,931.1615015542812
1668459122.224509,2.65,-0.004,-0.00248909,-0.0003190899999999,1.0,0.0,929.7580931118482,0.0,929.7580931118482
1668459182.455336,2.651,0.0009999999999998,-0.00227202,0.0002170699999999,0.0,1.0,0.0,350.71976352766814,929.7580931118482
1668459242.375755,2.651,0.0,-0.00227202,0.0,0.0,1.0,0.0,350.71976352766814,929.7580931118482
1668459483.030794,2.641,-0.0099999999999997,-0.00352699,-0.0012549699999999,1.0,0.0,926.2508954765716,0.0,926.2508954765716
1668459543.0823298,2.641,0.0,-0.00352699,0.0,1.0,0.0,926.2508954765716,0.0,926.2508954765716
1668459604.282201,2.65,0.0089999999999998,-0.00302788,0.0004991099999999,0.0,1.0,0.0,349.52863980247986,926.2508954765716
1668459663.8136182,2.651,0.0009999999999998,-0.00252257,0.00050531,0.0,1.0,0.0,349.52863980247986,926.600424116374
1668459755.7294686,2.654,0.0030000000000001,-0.00162517,0.0008974,0.0,1.0,0.0,349.52863980247986,927.6490100357815
1668459784.6678977,2.656,0.0020000000000002,-0.00146563,0.0001595399999999,0.0,1.0,0.0,349.52863980247986,928.3480673153864
1668459844.7733767,2.664,0.008,-0.00019037,0.00127526,0.0,1.0,0.0,349.52863980247986,931.1442964338064
1668459906.7753582,2.658,-0.0060000000000002,0.00033231,0.00052268,0.0,1.0,0.0,349.52863980247986,929.0471245949916
1668459965.494418,2.657,-0.0009999999999998,0.00025254,-7.977e-05,1.0,0.0,928.697595955189,0.0,928.697595955189
1668460025.4797878,2.661,0.004,0.00091575,0.00066321,0.0,1.0,0.0,349.0032303476847,928.697595955189
1668460085.5544896,2.655,-0.0060000000000002,0.00106947,0.00015372,0.0,1.0,0.0,349.0032303476847,926.6035765731028
1668460146.4171731,2.655,0.0,0.00106947,0.0,0.0,1.0,0.0,349.0032303476847,926.6035765731028
1668460206.4545908,2.655,0.0,0.00106947,0.0,0.0,1.0,0.0,349.0032303476847,926.6035765731028
1668460266.230225,2.658,0.0030000000000001,0.00129204,0.0002225699999999,0.0,1.0,0.0,349.0032303476847,927.650586264146
1668460327.0748668,2.657,-0.0009999999999998,0.00124874,-4.330000000000002e-05,1.0,0.0,927.3015830337982,0.0,927.3015830337982
1668460386.9960082,2.657,0.0,0.00132558,7.684000000000011e-05,0.0,1.0,0.0,349.0032303476847,927.3015830337982
1668460446.868942,2.66,0.0030000000000001,0.00161,0.00028442,0.0,1.0,0.0,349.0032303476847,928.3485927248412
1668460508.127287,2.661,0.0009999999999998,0.00189426,0.0002842599999999,0.0,1.0,0.0,349.0032303476847,928.697595955189
1668460567.956808,2.661,0.0,0.00189426,0.0,0.0,1.0,0.0,349.0032303476847,928.697595955189
1668460628.0423553,2.661,0.0,0.00189426,0.0,0.0,1.0,0.0,349.0032303476847,928.697595955189
1668460688.7956393,2.672,0.0110000000000001,0.00297287,0.0010786099999999,0.0,1.0,0.0,349.0032303476847,932.5366314890136
1668460748.783134,2.673,0.0009999999999998,0.00386383,0.00089096,0.0,1.0,0.0,349.0032303476847,932.8856347193612
1668460809.128744,2.673,0.0,0.00386383,0.0,0.0,1.0,0.0,349.0032303476847,932.8856347193612
1668460869.7481115,2.673,0.0,0.00451785,0.00065402,0.0,1.0,0.0,349.0032303476847,932.8856347193612
1668460929.5672042,2.656,-0.0169999999999999,0.00362264,-0.00089521,1.0,0.0,926.9525798034506,0.0,926.9525798034506
1668460989.5783665,2.669,0.0129999999999999,0.00391702,0.00029438,0.0,1.0,0.0,347.30332701515573,926.9525798034508
1668461051.1536689,2.668,-0.0009999999999998,0.00402325,0.0001062299999999,0.0,1.0,0.0,347.30332701515573,926.6052764764356
1668461111.133112,2.667,-0.0010000000000003,0.00293382,-0.0010894299999999,1.0,0.0,926.2579731494204,0.0,926.2579731494204
1668461171.1045818,2.667,0.0,0.00310934,0.0001755199999999,0.0,1.0,0.0,347.3033270151558,926.2579731494204
1668461231.830507,2.665,-0.0019999999999997,0.00342141,0.00031207,0.0,1.0,0.0,347.3033270151558,925.56336649539
1668461291.7690372,2.663,-0.0020000000000002,0.0030308,-0.00039061,1.0,0.0,924.8687598413596,0.0,924.8687598413596
1668461351.7591853,2.664,0.0010000000000003,0.00283249,-0.00019831,1.0,0.0,924.8687598413596,0.0,924.8687598413596
1668461412.712638,2.662,-0.0020000000000002,0.00254689,-0.0002856,1.0,0.0,924.8687598413596,0.0,924.8687598413596
1668461472.863316,2.678,0.016,0.00382152,0.00127463,0.0,1.0,0.0,345.35801338362944,924.8687598413596
1668461532.7159572,2.677,-0.0009999999999998,0.0040394,0.00021788,0.0,1.0,0.0,345.35801338362944,924.523401827976
1668461593.432488,2.68,0.0030000000000001,0.00427871,0.0002393099999999,0.0,1.0,0.0,345.35801338362944,925.5594758681268
1668461655.9803493,2.674,-0.0060000000000002,0.0044839,0.00020519,0.0,1.0,0.0,345.35801338362944,923.487327787825
1668461713.55213,2.674,0.0,0.00448129,-2.610000000000112e-06,1.0,0.0,923.487327787825,0.0,923.487327787825
1668461774.5475838,2.676,0.0020000000000002,0.00464083,0.00015954,0.0,1.0,0.0,345.0998982764667,923.4873277878248
1668461834.5416646,2.676,0.0,0.0047109,7.006999999999933e-05,0.0,1.0,0.0,345.0998982764667,923.4873277878248
1668461894.4380348,2.679,0.0029999999999996,0.00519778,0.00048688,0.0,1.0,0.0,345.0998982764667,924.5226274826542
1668461955.08783,2.679,0.0,0.00527001,7.223000000000038e-05,0.0,1.0,0.0,345.0998982764667,924.5226274826542
1668462014.459154,2.673,-0.0059999999999997,0.00478792,-0.00048209,1.0,0.0,922.4520280929956,0.0,922.4520280929956
1668462074.7389538,2.672,-0.0009999999999998,0.00433746,-0.00045046,1.0,0.0,922.4520280929956,0.0,922.4520280929956
1668462135.5187628,2.671,-0.0010000000000003,0.00425769,-7.976999999999984e-05,1.0,0.0,922.4520280929956,0.0,922.4520280929956
1668462194.9280205,2.672,0.0010000000000003,0.00381102,-0.0004466699999999,1.0,0.0,922.4520280929956,0.0,922.4520280929956
1668462254.5137358,2.678,0.0059999999999997,0.00428965,0.0004786299999999,0.0,1.0,0.0,344.45557434391174,922.4520280929956
1668462314.485985,2.677,-0.0009999999999998,0.00418603,-0.0001036199999999,1.0,0.0,922.1075725186518,0.0,922.1075725186518
1668462374.559785,2.677,0.0,0.00418603,0.0,1.0,0.0,922.1075725186518,0.0,922.1075725186518
1668462434.5538132,2.672,-0.0049999999999998,0.00365829,-0.00052774,1.0,0.0,922.1075725186518,0.0,922.1075725186518
1668462494.600752,2.671,-0.0010000000000003,0.00318494,-0.00047335,1.0,0.0,922.1075725186518,0.0,922.1075725186518
1668462554.3817203,2.675,0.004,0.00303438,-0.0001505599999999,1.0,0.0,922.1075725186518,0.0,922.1075725186518
1668462614.584322,2.675,0.0,0.00282025,-0.00021413,1.0,0.0,922.1075725186518,0.0,922.1075725186518
1668462674.7166097,2.674,-0.0009999999999998,0.00274048,-7.976999999999984e-05,1.0,0.0,922.1075725186518,0.0,922.1075725186518
1668462734.9096272,2.675,0.0009999999999998,0.00262125,-0.00011923,1.0,0.0,922.1075725186518,0.0,922.1075725186518
1668462794.5997534,2.682,0.0070000000000001,0.00305637,0.00043512,0.0,1.0,0.0,343.81341257220424,922.1075725186518
1668462854.4251726,2.683,0.0009999999999998,0.00313615,7.977999999999978e-05,0.0,1.0,0.0,343.81341257220424,922.451385931224
1668462914.4608338,2.685,0.0020000000000002,0.00366336,0.00052721,0.0,1.0,0.0,343.81341257220424,923.1390127563684
1668462974.429145,2.685,0.0,0.00366336,0.0,0.0,1.0,0.0,343.81341257220424,923.1390127563684
1668463034.5409114,2.685,0.0,0.00366336,0.0,0.0,1.0,0.0,343.81341257220424,923.1390127563684
1668463094.5444798,2.684,-0.0009999999999998,0.00413824,0.0004748799999999,0.0,1.0,0.0,343.81341257220424,922.7951993437964
1668463154.616323,2.687,0.0029999999999996,0.00437755,0.00023931,0.0,1.0,0.0,343.81341257220424,923.8266395815128
1668463214.6821315,2.685,-0.0019999999999997,0.00437609,-1.460000000000003e-06,1.0,0.0,923.1390127563684,0.0,923.1390127563684
1668463274.5672777,2.685,0.0,0.00437609,0.0,1.0,0.0,923.1390127563684,0.0,923.1390127563684
1668463336.1342366,2.683,-0.0020000000000002,0.00429052,-8.557000000000009e-05,1.0,0.0,923.1390127563684,0.0,923.1390127563684
1668463394.5262115,2.695,0.012,0.00579412,0.0015036,0.0,1.0,0.0,342.5376670710087,923.1390127563684
1668463454.3961215,2.694,-0.0009999999999998,0.00571435,-7.976999999999984e-05,1.0,0.0,922.7964750892974,0.0,922.7964750892974
1668463514.6563394,2.691,-0.0030000000000001,0.00580379,8.943999999999966e-05,0.0,1.0,0.0,342.91953737989496,922.7964750892972
1668463574.6454945,2.691,0.0,0.00580772,3.930000000000079e-06,0.0,1.0,0.0,342.91953737989496,922.7964750892972
1668463635.041528,2.691,0.0,0.00574461,-6.31099999999999e-05,1.0,0.0,922.7964750892972,0.0,922.7964750892972
1668463694.9669814,2.691,0.0,0.00574461,0.0,1.0,0.0,922.7964750892972,0.0,922.7964750892972
1668463754.5594137,2.691,0.0,0.00574461,0.0,1.0,0.0,922.7964750892972,0.0,922.7964750892972
1668463814.6613772,2.69,-0.0009999999999998,0.00554994,-0.00019467,1.0,0.0,922.7964750892972,0.0,922.7964750892972
1668463874.4084144,2.691,0.0009999999999998,0.00541394,-0.0001359999999999,1.0,0.0,922.7964750892972,0.0,922.7964750892972
1668463934.4937396,2.686,-0.0049999999999998,0.00428568,-0.0011282599999999,1.0,0.0,922.7964750892972,0.0,922.7964750892972
1668463994.6672509,2.687,0.0009999999999998,0.00393947,-0.00034621,1.0,0.0,922.7964750892972,0.0,922.7964750892972
1668464054.3908176,2.687,0.0,0.00393947,0.0,1.0,0.0,922.7964750892972,0.0,922.7964750892972
1668464115.308236,2.687,0.0,0.00393947,0.0,1.0,0.0,922.7964750892972,0.0,922.7964750892972
1668464174.547515,2.687,0.0,0.00393947,0.0,1.0,0.0,922.7964750892972,0.0,922.7964750892972
1668464234.688905,2.688,0.0010000000000003,0.0037031,-0.0002363699999999,1.0,0.0,922.7964750892972,0.0,922.7964750892972
1668464294.5839896,2.683,-0.0050000000000003,0.00307685,-0.00062625,1.0,0.0,922.7964750892972,0.0,922.7964750892972
1668464354.6410592,2.683,0.0,0.00307685,0.0,1.0,0.0,922.7964750892972,0.0,922.7964750892972
1668464414.5390587,2.683,0.0,0.00255114,-0.00052571,1.0,0.0,922.7964750892972,0.0,922.7964750892972
1668464474.884487,2.688,0.0050000000000003,0.00250904,-4.2099999999999776e-05,1.0,0.0,922.7964750892972,0.0,922.7964750892972
1668464534.669935,2.684,-0.004,0.00212837,-0.00038067,1.0,0.0,922.7964750892972,0.0,922.7964750892972
1668464595.045005,2.689,0.0049999999999998,0.00220474,7.637000000000008e-05,0.0,1.0,0.0,343.1745909592032,922.7964750892974
1668464654.6372397,2.687,-0.0020000000000002,0.00214149,-6.325000000000037e-05,1.0,0.0,922.110125907379,0.0,922.110125907379
1668464714.805257,2.688,0.0010000000000003,0.0020848,-5.6689999999999865e-05,1.0,0.0,922.110125907379,0.0,922.110125907379
1668464774.6298428,2.684,-0.004,0.00169754,-0.0003872599999999,1.0,0.0,922.110125907379,0.0,922.110125907379
1668464834.5321362,2.68,-0.004,0.00078716,-0.00091038,1.0,0.0,922.110125907379,0.0,922.110125907379
1668464894.5974631,2.679,-0.0010000000000003,0.00070739,-7.976999999999995e-05,1.0,0.0,922.110125907379,0.0,922.110125907379
1668464954.7514827,2.679,0.0,0.00070739,0.0,1.0,0.0,922.110125907379,0.0,922.110125907379
1668465014.5186834,2.681,0.0020000000000002,0.00033599,-0.0003714,1.0,0.0,922.110125907379,0.0,922.110125907379
1668465074.9881265,2.689,0.008,0.00067935,0.00034336,0.0,1.0,0.0,342.91934767846004,922.110125907379
1668465135.1759746,2.684,-0.0049999999999998,0.00061256,-6.679000000000006e-05,1.0,0.0,920.3955291689869,0.0,920.3955291689869
1668465194.6622913,2.681,-0.0030000000000001,0.00037324,-0.0002393199999999,1.0,0.0,920.3955291689869,0.0,920.3955291689869
1668465254.7004244,2.677,-0.004,-0.00076235,-0.00113559,1.0,0.0,920.3955291689869,0.0,920.3955291689869
1668465314.6102042,2.679,0.0019999999999997,-0.00098383,-0.00022148,1.0,0.0,920.3955291689869,0.0,920.3955291689869
1668465375.023142,2.677,-0.0019999999999997,-0.00130569,-0.00032186,1.0,0.0,920.3955291689869,0.0,920.3955291689869
1668465434.9721265,2.676,-0.0009999999999998,-0.00138546,-7.977000000000006e-05,1.0,0.0,920.3955291689869,0.0,920.3955291689869
1668465494.648988,2.678,0.0019999999999997,-0.00152479,-0.00013933,1.0,0.0,920.3955291689869,0.0,920.3955291689869
1668465554.9311695,2.678,0.0,-0.00152479,0.0,1.0,0.0,920.3955291689869,0.0,920.3955291689869
1668465614.7239585,2.684,0.0060000000000002,-0.00113795,0.00038684,0.0,1.0,0.0,342.91934767846004,920.3955291689869
1668465674.76116,2.681,-0.0030000000000001,-0.00137727,-0.00023932,1.0,0.0,919.3667711259512,0.0,919.3667711259512
1668465734.7048843,2.681,0.0,-0.00137727,0.0,1.0,0.0,919.3667711259512,0.0,919.3667711259512
1668465794.7199256,2.678,-0.0030000000000001,-0.00149143,-0.0001141599999999,1.0,0.0,919.3667711259512,0.0,919.3667711259512
1668465854.6962712,2.679,0.0009999999999998,-0.00141166,7.977000000000006e-05,0.0,1.0,0.0,343.1753531638489,919.3667711259512
1668465914.7076168,2.677,-0.0019999999999997,-0.00165829,-0.00024663,1.0,0.0,918.6804204196236,0.0,918.6804204196236
1668465974.7072153,2.677,0.0,-0.00171647,-5.818000000000013e-05,1.0,0.0,918.6804204196236,0.0,918.6804204196236
1668466035.7621248,2.679,0.0019999999999997,-0.00155693,0.00015954,0.0,1.0,0.0,342.9191565582768,918.6804204196236
1668466094.641328,2.679,0.0,-0.00155693,0.0,0.0,1.0,0.0,342.9191565582768,918.6804204196236
1668466154.609967,2.689,0.0100000000000002,-0.00066205,0.00089488,0.0,1.0,0.0,342.9191565582768,922.1096119852064
1668466214.677407,2.689,0.0,0.0005696,0.00123165,0.0,1.0,0.0,342.9191565582768,922.1096119852064
1668466274.643507,2.687,-0.0020000000000002,0.00041006,-0.0001595399999999,1.0,0.0,921.4237736720896,0.0,921.4237736720896
1668466335.3009412,2.687,0.0,0.00041006,0.0,1.0,0.0,921.4237736720896,0.0,921.4237736720896
1668466395.0430765,2.683,-0.004,0.00039653,-1.3529999999999987e-05,1.0,0.0,921.4237736720896,0.0,921.4237736720896
1668466454.9331229,2.686,0.0030000000000001,0.00063584,0.00023931,0.0,1.0,0.0,343.0468256411354,921.4237736720896
1668466514.8001163,2.686,0.0,0.00063584,0.0,0.0,1.0,0.0,343.0468256411354,921.4237736720896
1668466574.7683785,2.685,-0.0009999999999998,0.00072964,9.38e-05,0.0,1.0,0.0,343.0468256411354,921.0807268464486
1668466634.8023903,2.69,0.0049999999999998,0.0011285,0.0003988599999999,0.0,1.0,0.0,343.0468256411354,922.7959609746542
1668466694.72234,2.687,-0.0030000000000001,0.00126231,0.00013381,0.0,1.0,0.0,343.0468256411354,921.7668204977308
1668466754.8377912,2.685,-0.0019999999999997,0.00119321,-6.909999999999989e-05,1.0,0.0,921.0807268464486,0.0,921.0807268464486
1668466814.8833437,2.686,0.0009999999999998,0.00145161,0.0002584,0.0,1.0,0.0,342.91910902697265,921.0807268464486
1668466874.661216,2.686,0.0,0.00145161,0.0,0.0,1.0,0.0,342.91910902697265,921.0807268464486
1668466935.0388298,2.705,0.0190000000000001,0.00376102,0.0023094099999999,0.0,1.0,0.0,342.91910902697265,927.596189917961
1668466994.6972206,2.701,-0.004,0.00344194,-0.0003190799999999,1.0,0.0,926.2245134818533,0.0,926.2245134818533
1668467054.5701914,2.699,-0.0020000000000002,0.00391526,0.00047332,0.0,1.0,0.0,343.1732172959812,926.2245134818533
1668467114.7183824,2.7,0.0010000000000003,0.00463673,0.00072147,0.0,1.0,0.0,343.1732172959812,926.5676866991494
1668467174.6166,2.701,0.0009999999999998,0.0047165,7.976999999999984e-05,0.0,1.0,0.0,343.1732172959812,926.9108599164452
1668467234.7635353,2.723,0.0219999999999997,0.00807914,0.00336264,0.0,1.0,0.0,343.1732172959812,934.4606706969568
1668467294.8187356,2.705,-0.0179999999999997,0.00664324,-0.0014359,1.0,0.0,928.2835527856292,0.0,928.2835527856292
1668467354.643087,2.732,0.0270000000000001,0.01043424,0.0037909999999999,0.0,1.0,0.0,339.7816811074777,928.2835527856292
1668467414.9352653,2.739,0.0069999999999996,0.01099265,0.00055841,0.0,1.0,0.0,339.7816811074777,930.6620245533816
1668467474.7440228,2.739,0.0,0.01099265,0.0,0.0,1.0,0.0,339.7816811074777,930.6620245533816
1668467534.8992045,2.724,-0.0149999999999996,0.01129835,0.0003057,0.0,1.0,0.0,339.7816811074777,925.5652993367694
1668467594.6319315,2.728,0.004,0.01185478,0.00055643,0.0,1.0,0.0,339.7816811074777,926.9244260611993
1668467654.8365865,2.728,0.0,0.01185478,0.0,0.0,1.0,0.0,339.7816811074777,926.9244260611993
1668467714.7204063,2.728,0.0,0.0118956,4.081999999999871e-05,0.0,1.0,0.0,339.7816811074777,926.9244260611993
1668467774.9438016,2.745,0.0169999999999999,0.01357927,0.00168367,0.0,1.0,0.0,339.7816811074777,932.7007146400264
1668467835.5915942,2.745,0.0,0.01502055,0.00144128,0.0,1.0,0.0,339.7816811074777,932.7007146400264
1668467894.9406886,2.744,-0.0009999999999998,0.01501683,-3.720000000000459e-06,1.0,0.0,932.3609329589189,0.0,932.3609329589189
1668467955.4975677,2.772,0.0279999999999995,0.01886252,0.00384569,0.0,1.0,0.0,336.3495429144729,932.3609329589189
1668468015.6414149,2.764,-0.008,0.01896355,0.0001010299999999,0.0,1.0,0.0,336.3495429144729,929.670136615603
1668468075.1432607,2.764,0.0,0.01896355,0.0,0.0,1.0,0.0,336.3495429144729,929.670136615603
1668468135.0090723,2.756,-0.008,0.01806322,-0.0009003299999999,1.0,0.0,926.9793402722872,0.0,926.9793402722872
1668468194.9532294,2.759,0.0030000000000001,0.01830253,0.0002393099999999,0.0,1.0,0.0,335.9838130744064,926.9793402722872
1668468254.8474967,2.755,-0.004,0.01741841,-0.00088412,1.0,0.0,925.6354050199895,0.0,925.6354050199895
1668468314.8226063,2.755,0.0,0.01652723,-0.0008911799999999,1.0,0.0,925.6354050199895,0.0,925.6354050199895
1668468374.8334477,2.761,0.0060000000000002,0.01550775,-0.0010194799999999,1.0,0.0,925.6354050199895,0.0,925.6354050199895
1668468434.885236,2.758,-0.0030000000000001,0.01453857,-0.00096918,1.0,0.0,925.6354050199895,0.0,925.6354050199895
1668468494.793501,2.752,-0.0060000000000002,0.01332242,-0.00121615,1.0,0.0,925.6354050199895,0.0,925.6354050199895
1668468554.9164898,2.75,-0.0019999999999997,0.01316288,-0.0001595399999999,1.0,0.0,925.6354050199895,0.0,925.6354050199895
1668468614.815745,2.753,0.0030000000000001,0.01217437,-0.0009885099999999,1.0,0.0,925.6354050199895,0.0,925.6354050199895
1668468675.199696,2.754,0.0009999999999998,0.01115616,-0.00101821,1.0,0.0,925.6354050199895,0.0,925.6354050199895
1668468735.043985,2.758,0.004,0.01073786,-0.0004182999999999,1.0,0.0,925.6354050199895,0.0,925.6354050199895
1668468795.178421,2.76,0.0019999999999997,0.01010062,-0.00063724,1.0,0.0,925.6354050199895,0.0,925.6354050199895
1668468855.0165348,2.761,0.0010000000000003,0.01018039,7.976999999999984e-05,0.0,1.0,0.0,335.2536780224518,925.6354050199895
1668468915.166686,2.764,0.0029999999999996,0.0097891,-0.0003912899999999,1.0,0.0,926.6411660540568,0.0,926.6411660540568
1668468975.1050386,2.768,0.004,0.01012867,0.0003395699999999,0.0,1.0,0.0,334.76920738947143,926.6411660540568
1668469035.0581195,2.768,0.0,0.01012867,0.0,0.0,1.0,0.0,334.76920738947143,926.6411660540568
1668469095.2042327,2.762,-0.0059999999999997,0.00898896,-0.0011397099999999,1.0,0.0,924.63255080972,0.0,924.63255080972
1668469155.300455,2.765,0.0030000000000001,0.00922828,0.0002393199999999,0.0,1.0,0.0,334.40598582630014,924.63255080972
1668469215.317699,2.768,0.0029999999999996,0.00910985,-0.00011843,1.0,0.0,925.6357687671988,0.0,925.6357687671988
1668469275.5046897,2.771,0.0030000000000001,0.00964529,0.00053544,0.0,1.0,0.0,334.04394397950153,925.6357687671988
1668469335.4622707,2.771,0.0,0.00964529,0.0,0.0,1.0,0.0,334.04394397950153,925.6357687671988
1668469395.2060652,2.77,-0.0009999999999998,0.00937511,-0.00027018,1.0,0.0,925.3017248232192,0.0,925.3017248232192
1668469455.191882,2.769,-0.0009999999999998,0.00916159,-0.00021352,1.0,0.0,925.3017248232192,0.0,925.3017248232192
1668469515.107589,2.769,0.0,0.00916159,0.0,1.0,0.0,925.3017248232192,0.0,925.3017248232192
1668469575.7528732,2.772,0.0029999999999996,0.00894171,-0.00021988,1.0,0.0,925.3017248232192,0.0,925.3017248232192
1668469635.253718,2.76,-0.012,0.00715596,-0.00178575,1.0,0.0,925.3017248232192,0.0,925.3017248232192
1668469695.2390242,2.761,0.0010000000000003,0.00631759,-0.00083837,1.0,0.0,925.3017248232192,0.0,925.3017248232192
1668469755.2505012,2.756,-0.0050000000000003,0.00591873,-0.00039886,1.0,0.0,925.3017248232192,0.0,925.3017248232192
1668469815.2017815,2.751,-0.0049999999999998,0.00411354,-0.00180519,1.0,0.0,925.3017248232192,0.0,925.3017248232192
1668469875.3093126,2.754,0.0030000000000001,0.00326665,-0.0008468899999999,1.0,0.0,925.3017248232192,0.0,925.3017248232192
1668469935.319882,2.745,-0.0089999999999998,0.00184796,-0.0014186899999999,1.0,0.0,925.3017248232192,0.0,925.3017248232192
1668469995.2530365,2.747,0.0019999999999997,0.00087493,-0.00097303,1.0,0.0,925.3017248232192,0.0,925.3017248232192
1668470055.61597,2.749,0.0020000000000002,-0.00052887,-0.0014038,1.0,0.0,925.3017248232192,0.0,925.3017248232192
1668470115.282838,2.75,0.0009999999999998,-0.0004491,7.976999999999995e-05,0.0,1.0,0.0,336.4733544811706,925.3017248232192
1668470175.2424746,2.747,-0.0030000000000001,-0.00092805,-0.00047895,1.0,0.0,924.2923047597756,0.0,924.2923047597756
1668470235.2675924,2.741,-0.0059999999999997,-0.00177136,-0.00084331,1.0,0.0,924.2923047597756,0.0,924.2923047597756
1668470295.1832948,2.748,0.0070000000000001,-0.00185348,-8.211999999999998e-05,1.0,0.0,924.2923047597756,0.0,924.2923047597756
1668470355.4005911,2.748,0.0,-0.00185348,0.0,1.0,0.0,924.2923047597756,0.0,924.2923047597756
1668470415.3597095,2.744,-0.004,-0.00228961,-0.00043613,1.0,0.0,924.2923047597756,0.0,924.2923047597756
1668470475.1939728,2.74,-0.004,-0.0026087,-0.0003190899999999,1.0,0.0,924.2923047597756,0.0,924.2923047597756
1668470535.336243,2.74,0.0,-0.00307432,-0.00046562,1.0,0.0,924.2923047597756,0.0,924.2923047597756
1668470595.242522,2.74,0.0,-0.00307432,0.0,1.0,0.0,924.2923047597756,0.0,924.2923047597756
1668470655.197467,2.753,0.0129999999999999,-0.00230545,0.00076887,0.0,1.0,0.0,335.74003078814945,924.2923047597754
1668470715.7137363,2.757,0.004,-0.0014202,0.00088525,0.0,1.0,0.0,335.74003078814945,925.635264882928
1668470775.4851646,2.751,-0.0060000000000002,-0.0006865,0.0007336999999999,0.0,1.0,0.0,335.74003078814945,923.6208246981992
1668470835.692811,2.741,-0.0099999999999997,-0.00201104,-0.00132454,1.0,0.0,920.2634243903176,0.0,920.2634243903176
1668470896.0189724,2.74,-0.0009999999999998,-0.00209081,-7.976999999999984e-05,1.0,0.0,920.2634243903176,0.0,920.2634243903176
1668470955.6197896,2.74,0.0,-0.00254223,-0.00045142,1.0,0.0,920.2634243903176,0.0,920.2634243903176
1668471015.7951567,2.741,0.0009999999999998,-0.00278717,-0.0002449399999999,1.0,0.0,920.2634243903176,0.0,920.2634243903176
1668471075.7753994,2.743,0.0019999999999997,-0.00272617,6.0999999999999856e-05,0.0,1.0,0.0,335.4952330989128,920.2634243903176
1668471135.5278115,2.746,0.0030000000000001,-0.00248685,0.0002393199999999,0.0,1.0,0.0,335.4952330989128,921.2699100896148
1668471195.936537,2.738,-0.008,-0.0035398,-0.00105295,1.0,0.0,918.5859482248233,0.0,918.5859482248233
1668471255.6642458,2.744,0.0060000000000002,-0.0032208,0.000319,0.0,1.0,0.0,334.7616429390755,918.5859482248233
1668471315.3264716,2.744,0.0,-0.0032208,0.0,0.0,1.0,0.0,334.7616429390755,918.5859482248233
1668471375.480376,2.744,0.0,-0.00267615,0.0005446499999999,0.0,1.0,0.0,334.7616429390755,918.5859482248233
1668471435.270371,2.744,0.0,-0.00267615,0.0,0.0,1.0,0.0,334.7616429390755,918.5859482248233
1668471495.6720684,2.744,0.0,-0.00267615,0.0,0.0,1.0,0.0,334.7616429390755,918.5859482248233
1668471555.703451,2.736,-0.008,-0.00308169,-0.00040554,1.0,0.0,915.9078550813108,0.0,915.9078550813108
1668471615.6085052,2.739,0.0029999999999996,-0.00349452,-0.0004128299999999,1.0,0.0,915.9078550813108,0.0,915.9078550813108
1668471675.3076673,2.737,-0.0019999999999997,-0.00356269,-6.816999999999978e-05,1.0,0.0,915.9078550813108,0.0,915.9078550813108
1668471739.7166011,2.739,0.0019999999999997,-0.00366231,-9.961999999999992e-05,1.0,0.0,915.9078550813108,0.0,915.9078550813108
1668471795.8922808,2.739,0.0,-0.00344863,0.0002136799999999,0.0,1.0,0.0,334.3949817748488,915.9078550813108
1668471855.9465995,2.737,-0.0019999999999997,-0.00340146,4.717000000000002e-05,0.0,1.0,0.0,334.3949817748488,915.2390651177612
1668471917.483658,2.74,0.0030000000000001,-0.0029892,0.0004122599999999,0.0,1.0,0.0,334.3949817748488,916.242250063086
1668471977.2065609,2.74,0.0,-0.0029892,0.0,0.0,1.0,0.0,334.3949817748488,916.242250063086
1668472037.4215064,2.75,0.0099999999999997,-0.00189375,0.00109545,0.0,1.0,0.0,334.3949817748488,919.5861998808342
1668472098.6262217,2.75,0.0,-0.00031301,0.00158074,0.0,1.0,0.0,334.3949817748488,919.5861998808342
1668472158.275295,2.751,0.0009999999999998,0.00031946,0.00063247,0.0,1.0,0.0,334.3949817748488,919.920594862609
1668472218.470511,2.752,0.0009999999999998,0.00113748,0.00081802,0.0,1.0,0.0,334.3949817748488,920.254989844384
1668472279.3146293,2.761,0.0090000000000003,0.00185543,0.00071795,0.0,1.0,0.0,334.3949817748488,923.2645446803576
1668472339.3939545,2.752,-0.0090000000000003,0.00221404,0.00035861,0.0,1.0,0.0,334.3949817748488,920.254989844384
1668472399.1596403,2.75,-0.0019999999999997,0.0020545,-0.00015954,1.0,0.0,919.5861998808342,0.0,919.5861998808342
1668472460.7329912,2.736,-0.0139999999999997,0.00065598,-0.0013985199999999,1.0,0.0,919.5861998808342,0.0,919.5861998808342
1668472520.0839412,2.743,0.0069999999999996,0.00036121,-0.00029477,1.0,0.0,919.5861998808342,0.0,919.5861998808342
1668472580.4342656,2.75,0.0070000000000001,0.00099166,0.0006304499999999,0.0,1.0,0.0,334.3949817748488,919.5861998808342
1668472641.2626734,2.743,-0.0070000000000001,0.00016894,-0.0008227199999999,1.0,0.0,917.2454350084104,0.0,917.2454350084104
1668472701.340429,2.743,0.0,0.00016894,0.0,1.0,0.0,917.2454350084104,0.0,917.2454350084104
1668472760.9899385,2.74,-0.0029999999999996,-0.00027938,-0.00044832,1.0,0.0,917.2454350084104,0.0,917.2454350084104
1668472822.1468253,2.738,-0.0020000000000002,-0.00134555,-0.00106617,1.0,0.0,917.2454350084104,0.0,917.2454350084104
1668472881.7524695,2.743,0.0049999999999998,-0.00094936,0.00039619,0.0,1.0,0.0,334.3949817748489,917.2454350084104
1668472942.1337223,2.749,0.0060000000000002,-0.00047073,0.00047863,0.0,1.0,0.0,334.3949817748489,919.2518048990596
1668473002.5479786,2.744,-0.0049999999999998,-0.00076064,-0.00028991,1.0,0.0,917.5798299901854,0.0,917.5798299901854
1668473062.5292487,2.744,0.0,-0.00076064,0.0,1.0,0.0,917.5798299901854,0.0,917.5798299901854
1668473122.8716598,2.743,-0.0010000000000003,-0.00071672,4.392000000000003e-05,0.0,1.0,0.0,334.51689026255394,917.5798299901854
1668473183.0712998,2.742,-0.0009999999999998,-0.00079649,-7.976999999999995e-05,1.0,0.0,917.2453130999228,0.0,917.2453130999228
1668473242.4500244,2.746,0.004,-0.00025565,0.0005408399999999,0.0,1.0,0.0,334.0296114712028,917.2453130999228
1668473302.4485466,2.746,0.0,-0.00025565,0.0,0.0,1.0,0.0,334.0296114712028,917.245313099923
1668473363.3437853,2.743,-0.0030000000000001,-0.0003374,-8.175000000000001e-05,1.0,0.0,916.2432242655092,0.0,916.2432242655092
1668473422.5151043,2.742,-0.0009999999999998,-0.00050153,-0.00016413,1.0,0.0,916.2432242655092,0.0,916.2432242655092
1668473482.5523124,2.744,0.0020000000000002,-0.00015601,0.00034552,0.0,1.0,0.0,333.9078805632322,916.2432242655092
1668473542.7030125,2.748,0.004,0.00016308,0.0003190899999999,0.0,1.0,0.0,333.9078805632322,917.578855787762
1668473603.27554,2.746,-0.0020000000000002,0.00017016,7.08000000000002e-06,0.0,1.0,0.0,333.9078805632322,916.9110400266356
1668473662.4879155,2.737,-0.0089999999999998,-0.00099665,-0.00116681,1.0,0.0,913.9058691015664,0.0,913.9058691015664
1668473722.5119843,2.738,0.0009999999999998,-0.00119559,-0.00019894,1.0,0.0,913.9058691015664,0.0,913.9058691015664
1668473782.4066567,2.739,0.0009999999999998,-0.00125897,-6.338000000000003e-05,1.0,0.0,913.9058691015664,0.0,913.9058691015664
1668473842.54081,2.73,-0.0089999999999998,-0.00262904,-0.00137007,1.0,0.0,913.9058691015664,0.0,913.9058691015664
1668473902.4588225,2.726,-0.004,-0.00294813,-0.00031909,1.0,0.0,913.9058691015664,0.0,913.9058691015664
1668473962.5518975,2.724,-0.0019999999999997,-0.00454772,-0.0015995899999999,1.0,0.0,913.9058691015664,0.0,913.9058691015664
1668474022.5338683,2.725,0.0009999999999998,-0.00446795,7.976999999999984e-05,0.0,1.0,0.0,335.3783005877308,913.9058691015664
1668474083.021325,2.729,0.004,-0.00453135,-6.339999999999991e-05,1.0,0.0,915.2473823039172,0.0,915.2473823039172
1668474142.6423993,2.728,-0.0009999999999998,-0.00460916,-7.78100000000002e-05,1.0,0.0,915.2473823039172,0.0,915.2473823039172
1668474202.66065,2.721,-0.0070000000000001,-0.00517599,-0.0005668299999999,1.0,0.0,915.2473823039172,0.0,915.2473823039172
1668474262.732313,2.735,0.0139999999999997,-0.00429636,0.00087963,0.0,1.0,0.0,334.6425529447596,915.2473823039172
1668474322.4830642,2.732,-0.0029999999999996,-0.00453568,-0.00023932,1.0,0.0,914.2434546450831,0.0,914.2434546450831
1668474382.497488,2.729,-0.0030000000000001,-0.00406831,0.0004673699999999,0.0,1.0,0.0,335.0104267662452,914.2434546450831
1668474442.4278088,2.733,0.004,-0.00358668,0.00048163,0.0,1.0,0.0,335.0104267662452,915.583496352148
1668474502.3662407,2.736,0.0030000000000001,-0.00292915,0.0006575299999999,0.0,1.0,0.0,335.0104267662452,916.5885276324468
1668474562.6166978,2.739,0.0029999999999996,-0.00214129,0.00078786,0.0,1.0,0.0,335.0104267662452,917.5935589127456
1668474622.587023,2.743,0.004,-0.00093417,0.00120712,0.0,1.0,0.0,335.0104267662452,918.9336006198104
1668474682.6000674,2.744,0.0010000000000003,-0.0008544,7.977000000000006e-05,0.0,1.0,0.0,335.0104267662452,919.2686110465768
1668474742.63812,2.744,0.0,-0.0008544,0.0,0.0,1.0,0.0,335.0104267662452,919.2686110465768
1668474802.736604,2.744,0.0,-0.0008544,0.0,0.0,1.0,0.0,335.0104267662452,919.2686110465768
1668474862.6946847,2.739,-0.0050000000000003,-0.00019054,0.00066386,0.0,1.0,0.0,335.0104267662452,917.5935589127456
1668474922.7225974,2.739,0.0,-0.00019054,0.0,0.0,1.0,0.0,335.0104267662452,917.5935589127456
1668474982.7344382,2.739,0.0,-0.00019054,0.0,0.0,1.0,0.0,335.0104267662452,917.5935589127456
1668475042.653316,2.743,0.004,0.00060536,0.0007959,0.0,1.0,0.0,335.0104267662452,918.9336006198104
1668475102.5940094,2.745,0.0020000000000002,0.0007649,0.00015954,0.0,1.0,0.0,335.0104267662452,919.6036214733432
1668475162.578607,2.745,0.0,0.0007649,0.0,0.0,1.0,0.0,335.0104267662452,919.6036214733432
1668475222.7473526,2.745,0.0,0.0007649,0.0,0.0,1.0,0.0,335.0104267662452,919.6036214733432
1668475282.574119,2.748,0.0030000000000001,0.00218016,0.00141526,0.0,1.0,0.0,335.0104267662452,920.608652753642
1668475342.6030996,2.75,0.0019999999999997,0.00233971,0.00015955,0.0,1.0,0.0,335.0104267662452,921.2786736071744
1668475402.5654457,2.748,-0.0019999999999997,0.00268721,0.0003475,0.0,1.0,0.0,335.0104267662452,920.608652753642
1668475463.0195549,2.746,-0.0020000000000002,0.00280206,0.0001148499999999,0.0,1.0,0.0,335.0104267662452,919.9386319001092
1668475522.5128932,2.747,0.0009999999999998,0.00288183,7.977000000000027e-05,0.0,1.0,0.0,335.0104267662452,920.2736423268756
1668475582.622961,2.758,0.0110000000000001,0.00450201,0.0016201799999999,0.0,1.0,0.0,335.0104267662452,923.9587570213042
1668475642.5040135,2.751,-0.0070000000000001,0.00424607,-0.0002559399999999,1.0,0.0,921.6136840339404,0.0,921.6136840339404
1668475702.6245575,2.75,-0.0009999999999998,0.0041663,-7.976999999999984e-05,1.0,0.0,921.6136840339404,0.0,921.6136840339404
1668475762.623722,2.75,0.0,0.0041663,0.0,1.0,0.0,921.6136840339404,0.0,921.6136840339404
1668475822.545584,2.751,0.0009999999999998,0.00410379,-6.251e-05,1.0,0.0,921.6136840339404,0.0,921.6136840339404
1668475882.5779674,2.752,0.0009999999999998,0.00430556,0.0002017699999999,0.0,1.0,0.0,334.8886933262865,921.6136840339404
1668475943.3098598,2.75,-0.0019999999999997,0.00400504,-0.00030052,1.0,0.0,920.943906647288,0.0,920.943906647288
1668476002.7403083,2.752,0.0019999999999997,0.00382189,-0.0001831499999999,1.0,0.0,920.943906647288,0.0,920.943906647288
1668476062.567211,2.758,0.0060000000000002,0.00430053,0.00047864,0.0,1.0,0.0,333.917297551591,920.943906647288
1668476122.5300176,2.758,0.0,0.00430053,0.0,0.0,1.0,0.0,333.917297551591,920.943906647288
1668476183.739374,2.753,-0.0049999999999998,0.00414666,-0.00015387,1.0,0.0,919.27432015953,0.0,919.27432015953
1668476242.4937906,2.752,-0.0010000000000003,0.00389909,-0.0002475699999999,1.0,0.0,919.27432015953,0.0,919.27432015953
1668476302.674454,2.75,-0.0019999999999997,0.00373955,-0.00015954,1.0,0.0,919.27432015953,0.0,919.27432015953
1668476362.623754,2.757,0.0070000000000001,0.00393637,0.0001968199999999,0.0,1.0,0.0,333.4328328471273,919.27432015953
1668476423.584064,2.759,0.0019999999999997,0.00432844,0.00039207,0.0,1.0,0.0,333.4328328471273,919.9411858252242
1668476482.5607102,2.758,-0.0009999999999998,0.00424867,-7.976999999999984e-05,1.0,0.0,919.6077529923772,0.0,919.6077529923772
1668476542.596648,2.759,0.0009999999999998,0.00446129,0.0002126199999999,0.0,1.0,0.0,333.31198006247814,919.6077529923772
1668476602.670886,2.758,-0.0009999999999998,0.00443477,-2.651999999999949e-05,1.0,0.0,919.2744410123148,0.0,919.2744410123148
1668476662.582301,2.763,0.0049999999999998,0.0047623,0.0003275299999999,0.0,1.0,0.0,332.70880963167383,919.2744410123148
1668476722.605135,2.767,0.004,0.00565328,0.00089098,0.0,1.0,0.0,332.70880963167383,920.6052762508416
1668476782.5361822,2.763,-0.004,0.00533419,-0.00031909,1.0,0.0,919.2744410123148,0.0,919.2744410123148
1668476842.5226314,2.772,0.0089999999999998,0.00650583,0.0011716399999999,0.0,1.0,0.0,331.6285862237788,919.2744410123148
1668476903.741322,2.778,0.0060000000000002,0.00713389,0.00062806,0.0,1.0,0.0,331.6285862237788,921.2642125296576
1668476962.819087,2.789,0.0110000000000001,0.00922555,0.00209166,0.0,1.0,0.0,331.6285862237788,924.9121269781192
1668477022.9415882,2.783,-0.0060000000000002,0.00928602,6.046999999999997e-05,0.0,1.0,0.0,331.6285862237788,922.9223554607764
1668477082.5756269,2.781,-0.0019999999999997,0.00912647,-0.00015955,1.0,0.0,922.2590982883288,0.0,922.2590982883288
1668477142.7203715,2.776,-0.0050000000000003,0.00805555,-0.0010709199999999,1.0,0.0,922.2590982883288,0.0,922.2590982883288
1668477202.6089642,2.779,0.0030000000000001,0.00801812,-3.742999999999976e-05,1.0,0.0,922.2590982883288,0.0,922.2590982883288
1668477262.7078888,2.772,-0.0070000000000001,0.00745971,-0.00055841,1.0,0.0,922.2590982883288,0.0,922.2590982883288
1668477322.677712,2.78,0.008,0.00774921,0.0002895,0.0,1.0,0.0,331.7478770821327,922.2590982883288
1668477383.5683606,2.783,0.0030000000000001,0.00826941,0.0005201999999999,0.0,1.0,0.0,331.7478770821327,923.2543419195752
1668477442.7132769,2.769,-0.0139999999999997,0.00647593,-0.0017934799999999,1.0,0.0,918.6098716404256,0.0,918.6098716404256
1668477502.67747,2.773,0.004,0.00624992,-0.00022601,1.0,0.0,918.6098716404256,0.0,918.6098716404256
1668477562.651407,2.774,0.0009999999999998,0.00632969,7.976999999999984e-05,0.0,1.0,0.0,331.1499176785961,918.6098716404256
1668477626.1103668,2.766,-0.008,0.00441438,-0.00191531,1.0,0.0,915.9606722989968,0.0,915.9606722989968
1668477685.023021,2.765,-0.0009999999999998,0.00344017,-0.0009742099999999,1.0,0.0,915.9606722989968,0.0,915.9606722989968
1668477811.8298817,2.768,0.0029999999999996,0.00275564,-0.00068453,1.0,0.0,915.9606722989968,0.0,915.9606722989968
1668477821.3884556,2.768,0.0,0.00275564,0.0,1.0,0.0,915.9606722989968,0.0,915.9606722989968
1668477866.661985,2.774,0.0060000000000002,0.00282462,6.897999999999974e-05,0.0,1.0,0.0,330.1949071012966,915.9606722989968
1668477927.2472126,2.781,0.0070000000000001,0.00426698,0.00144236,0.0,1.0,0.0,330.1949071012966,918.272036648706
1668477986.4763994,2.778,-0.0030000000000001,0.00405024,-0.00021674,1.0,0.0,917.281451927402,0.0,917.281451927402
1668478046.4485748,2.779,0.0009999999999998,0.00422563,0.00017539,0.0,1.0,0.0,330.0760892146103,917.281451927402
1668478106.6408565,2.779,0.0,0.00425239,2.6759999999999805e-05,0.0,1.0,0.0,330.0760892146103,917.281451927402
1668478166.6843977,2.775,-0.004,0.00415217,-0.0001002199999999,1.0,0.0,915.9611475705436,0.0,915.9611475705436
1668478226.5513282,2.783,0.008,0.00490723,0.00075506,0.0,1.0,0.0,329.1272538880861,915.9611475705436
1668478286.5674932,2.782,-0.0009999999999998,0.00482746,-7.976999999999984e-05,1.0,0.0,915.6320203166556,0.0,915.6320203166556
1668478346.6843371,2.774,-0.008,0.0038554,-0.00097206,1.0,0.0,915.6320203166556,0.0,915.6320203166556
1668478407.348147,2.778,0.004,0.00368146,-0.00017394,1.0,0.0,915.6320203166556,0.0,915.6320203166556
1668478466.6955824,2.783,0.0049999999999998,0.0038457,0.0001642399999999,0.0,1.0,0.0,329.00899041202143,915.6320203166556
1668478526.640209,2.787,0.004,0.00426429,0.0004185899999999,0.0,1.0,0.0,329.00899041202143,916.9480562783036
1668478586.6069703,2.788,0.0009999999999998,0.00434406,7.977000000000071e-05,0.0,1.0,0.0,329.00899041202143,917.2770652687155
1668478646.6823485,2.78,-0.008,0.00404684,-0.0002972199999999,1.0,0.0,914.6449933454196,0.0,914.6449933454196
1668478706.6043088,2.777,-0.0029999999999996,0.00380752,-0.00023932,1.0,0.0,914.6449933454196,0.0,914.6449933454196
1668478766.6445258,2.781,0.004,0.00366285,-0.0001446699999999,1.0,0.0,914.6449933454196,0.0,914.6449933454196
1668478826.6861465,2.781,0.0,0.00350776,-0.00015509,1.0,0.0,914.6449933454196,0.0,914.6449933454196
1668478886.4879856,2.781,0.0,0.00350776,0.0,1.0,0.0,914.6449933454196,0.0,914.6449933454196
1668478946.6924405,2.781,0.0,0.00350776,0.0,1.0,0.0,914.6449933454196,0.0,914.6449933454196
1668479006.6145885,2.777,-0.004,0.00302719,-0.00048057,1.0,0.0,914.6449933454196,0.0,914.6449933454196
1668479066.8521025,2.773,-0.004,0.00205072,-0.00097647,1.0,0.0,914.6449933454196,0.0,914.6449933454196
1668479126.613179,2.778,0.0049999999999998,0.00197276,-7.795999999999975e-05,1.0,0.0,914.6449933454196,0.0,914.6449933454196
1668479186.5484014,2.783,0.0049999999999998,0.00237163,0.0003988699999999,0.0,1.0,0.0,328.6543274687099,914.6449933454196
1668479246.609287,2.778,-0.0049999999999998,0.00213466,-0.0002369699999999,1.0,0.0,913.001721708076,0.0,913.001721708076
1668479306.865056,2.778,0.0,0.00213466,0.0,1.0,0.0,913.001721708076,0.0,913.001721708076
1668479366.7725186,2.773,-0.0049999999999998,0.00152581,-0.00060885,1.0,0.0,913.001721708076,0.0,913.001721708076
1668479426.626151,2.773,0.0,0.00152581,0.0,1.0,0.0,913.001721708076,0.0,913.001721708076
1668479486.5616674,2.779,0.0059999999999997,0.00151004,-1.577000000000002e-05,1.0,0.0,913.001721708076,0.0,913.001721708076
1668479546.7576666,2.784,0.0049999999999998,0.0019089,0.00039886,0.0,1.0,0.0,327.9460207284756,913.001721708076
1668479606.8198717,2.787,0.0030000000000001,0.00242661,0.00051771,0.0,1.0,0.0,327.9460207284756,913.9855597702616
1668479666.6905627,2.788,0.0009999999999998,0.00313174,0.00070513,0.0,1.0,0.0,327.9460207284756,914.31350579099
1668479727.2198915,2.784,-0.004,0.00281265,-0.00031909,1.0,0.0,913.001721708076,0.0,913.001721708076
1668479787.207395,2.784,0.0,0.0028067,-5.949999999999792e-06,1.0,0.0,913.001721708076,0.0,913.001721708076
1668479847.2078004,2.785,0.0010000000000003,0.00284983,4.312999999999973e-05,0.0,1.0,0.0,327.8282663224689,913.001721708076
1668479907.9667437,2.792,0.0069999999999996,0.00384068,0.00099085,0.0,1.0,0.0,327.8282663224689,915.2965195723332
1668479968.0278838,2.792,0.0,0.00407413,0.0002334499999999,0.0,1.0,0.0,327.8282663224689,915.2965195723332
1668480028.1366506,2.792,0.0,0.00433469,0.00026056,0.0,1.0,0.0,327.8282663224689,915.2965195723332
1668480088.7420242,2.793,0.0010000000000003,0.00450671,0.0001720199999999,0.0,1.0,0.0,327.8282663224689,915.6243478386556
1668480148.813025,2.786,-0.0070000000000001,0.00394831,-0.0005583999999999,1.0,0.0,913.3295499743984,0.0,913.3295499743984
1668480208.8364155,2.787,0.0009999999999998,0.00344344,-0.00050487,1.0,0.0,913.3295499743984,0.0,913.3295499743984
1668480269.7799475,2.791,0.004,0.00383137,0.00038793,0.0,1.0,0.0,327.2409709689712,913.3295499743986
1668480329.6994977,2.788,-0.0030000000000001,0.00341665,-0.00041472,1.0,0.0,912.3478270614916,0.0,912.3478270614916
1668480389.750497,2.788,0.0,0.00341665,0.0,1.0,0.0,912.3478270614916,0.0,912.3478270614916
1668480450.413856,2.789,0.0010000000000003,0.00291102,-0.00050563,1.0,0.0,912.3478270614916,0.0,912.3478270614916
1668480510.513055,2.79,0.0009999999999998,0.00299079,7.977000000000027e-05,0.0,1.0,0.0,327.00638962777475,912.3478270614916
1668480570.474668,2.786,-0.004,0.00261611,-0.00037468,1.0,0.0,911.0398015029804,0.0,911.0398015029804
1668480631.5684311,2.783,-0.0030000000000001,0.00186866,-0.00074745,1.0,0.0,911.0398015029804,0.0,911.0398015029804
1668480691.072629,2.789,0.0060000000000002,0.00192789,5.922999999999996e-05,0.0,1.0,0.0,326.6546437802009,911.0398015029804
1668480751.157844,2.789,0.0,0.00195232,2.442999999999998e-05,0.0,1.0,0.0,326.6546437802009,911.0398015029804
1668480812.128093,2.788,-0.0010000000000003,0.00187255,-7.977000000000006e-05,1.0,0.0,910.7131468592,0.0,910.7131468592
1668480872.5364037,2.788,0.0,0.00187255,0.0,1.0,0.0,910.7131468592,0.0,910.7131468592
1668480933.76662,2.788,0.0,0.00187255,0.0,1.0,0.0,910.7131468592,0.0,910.7131468592
1668480993.18617,2.788,0.0,0.00187255,0.0,1.0,0.0,910.7131468592,0.0,910.7131468592
1668481053.033877,2.788,0.0,0.00180785,-6.47e-05,1.0,0.0,910.7131468592,0.0,910.7131468592
1668481113.2947483,2.792,0.004,0.00212694,0.0003190899999999,0.0,1.0,0.0,326.18665718452723,910.7131468592
1668481173.7933664,2.779,-0.0129999999999999,0.00063681,-0.0014901299999999,1.0,0.0,906.4727203158012,0.0,906.4727203158012
1668481234.0212948,2.79,0.0110000000000001,0.00150672,0.00086991,0.0,1.0,0.0,324.9006166006456,906.4727203158012
1668481293.8844466,2.793,0.0030000000000001,0.00174604,0.0002393199999999,0.0,1.0,0.0,324.9006166006456,907.4474221656031
1668481354.6407309,2.793,0.0,0.00174604,0.0,0.0,1.0,0.0,324.9006166006456,907.4474221656031
1668481414.643466,2.795,0.0019999999999997,0.00264002,0.00089398,0.0,1.0,0.0,324.9006166006456,908.0972233988044
1668481474.581987,2.794,-0.0009999999999998,0.00275599,0.0001159699999999,0.0,1.0,0.0,324.9006166006456,907.7723227822038
1668481535.4711025,2.8,0.0059999999999997,0.00372521,0.00096922,0.0,1.0,0.0,324.9006166006456,909.7217264818077
1668481595.5815446,2.802,0.0020000000000002,0.00388475,0.00015954,0.0,1.0,0.0,324.9006166006456,910.371527715009
1668481655.5560803,2.804,0.0019999999999997,0.00457007,0.0006853199999999,0.0,1.0,0.0,324.9006166006456,911.0213289482102
1668481716.318251,2.804,0.0,0.00492992,0.00035985,0.0,1.0,0.0,324.9006166006456,911.0213289482102
1668481776.3660831,2.807,0.0030000000000001,0.00516924,0.00023932,0.0,1.0,0.0,324.9006166006456,911.9960307980122
1668481836.2796764,2.802,-0.0049999999999998,0.00530408,0.0001348399999999,0.0,1.0,0.0,324.9006166006456,910.371527715009
1668481896.9602432,2.798,-0.004,0.00472155,-0.00058253,1.0,0.0,909.0719252486064,0.0,909.0719252486064
1668481957.0292552,2.797,-0.0009999999999998,0.004195,-0.0005265499999999,1.0,0.0,909.0719252486064,0.0,909.0719252486064
1668482016.9967785,2.8,0.0029999999999996,0.00422124,2.624000000000029e-05,0.0,1.0,0.0,324.6685447316452,909.0719252486064
1668482078.0490456,2.799,-0.0009999999999998,0.00392642,-0.00029482,1.0,0.0,908.747256703875,0.0,908.747256703875
1668482137.9343476,2.799,0.0,0.00392642,0.0,1.0,0.0,908.747256703875,0.0,908.747256703875
1668482197.9726768,2.8,0.0009999999999998,0.00373047,-0.0001959499999999,1.0,0.0,908.747256703875,0.0,908.747256703875
1668482258.7182367,2.8,0.0,0.00353443,-0.00019604,1.0,0.0,908.747256703875,0.0,908.747256703875
1668482318.797809,2.805,0.0050000000000003,0.00393329,0.00039886,0.0,1.0,0.0,323.97406656109627,908.7472567038752
1668482379.2241504,2.805,0.0,0.00404737,0.0001140799999999,0.0,1.0,0.0,323.97406656109627,908.7472567038752
1668482439.593145,2.805,0.0,0.00404737,0.0,0.0,1.0,0.0,323.97406656109627,908.7472567038752
1668482499.6992338,2.799,-0.0060000000000002,0.003612,-0.0004353699999999,1.0,0.0,906.8034123045084,0.0,906.8034123045084
1668482559.5811996,2.79,-0.0089999999999998,0.0017111,-0.0019009,1.0,0.0,906.8034123045084,0.0,906.8034123045084
1668482620.6207316,2.796,0.0059999999999997,0.00218974,0.00047864,0.0,1.0,0.0,324.3216782204965,906.8034123045082
1668482680.3059144,2.796,0.0,0.00218974,0.0,0.0,1.0,0.0,324.3216782204965,906.803412304508
1668482740.380589,2.792,-0.004,0.00154388,-0.0006458599999999,1.0,0.0,905.5061255916262,0.0,905.5061255916262
1668482801.4246173,2.8,0.008,0.00165845,0.0001145699999999,0.0,1.0,0.0,323.3950448541522,905.5061255916262
1668482861.616998,2.798,-0.0019999999999997,0.00156977,-8.867999999999984e-05,1.0,0.0,904.859335501918,0.0,904.859335501918
1668482921.5327394,2.8,0.0019999999999997,0.00158036,1.0589999999999992e-05,0.0,1.0,0.0,323.1640483935422,904.859335501918
1668482982.1615193,2.8,0.0,0.00158036,0.0,0.0,1.0,0.0,323.1640483935422,904.859335501918
1668483042.0595229,2.801,0.0010000000000003,0.00171291,0.0001325499999999,0.0,1.0,0.0,323.1640483935422,905.1824995503116
1668483102.0119803,2.8,-0.0010000000000003,0.0015327,-0.00018021,1.0,0.0,904.859335501918,0.0,904.859335501918
1668483162.9376824,2.801,0.0010000000000003,0.00194927,0.00041657,0.0,1.0,0.0,323.048673867161,904.859335501918
1668483223.0318265,2.805,0.004,0.00219842,0.00024915,0.0,1.0,0.0,323.048673867161,906.1515301973868
1668483283.1407294,2.807,0.0019999999999997,0.00259062,0.0003922,0.0,1.0,0.0,323.048673867161,906.797627545121
1668483343.4276931,2.81,0.0030000000000001,0.00282994,0.0002393199999999,0.0,1.0,0.0,323.048673867161,907.7667735667223
1668483402.8571873,2.813,0.0030000000000001,0.00391823,0.00108829,0.0,1.0,0.0,323.048673867161,908.735919588324
1668483462.906575,2.809,-0.004,0.0037359,-0.00018233,1.0,0.0,907.4437248928554,0.0,907.4437248928554
1668483524.2186496,2.803,-0.0060000000000002,0.00319865,-0.00053725,1.0,0.0,907.4437248928554,0.0,907.4437248928554
1668483582.7318,2.808,0.0049999999999998,0.00359751,0.00039886,0.0,1.0,0.0,323.16371969118785,907.4437248928556
1668483642.703737,2.807,-0.0009999999999998,0.00349333,-0.00010418,1.0,0.0,907.1205611731644,0.0,907.1205611731644
1668483702.8361502,2.807,0.0,0.00349333,0.0,1.0,0.0,907.1205611731644,0.0,907.1205611731644
1668483762.974765,2.807,0.0,0.00349333,0.0,1.0,0.0,907.1205611731644,0.0,907.1205611731644
1668483822.9655795,2.805,-0.0019999999999997,0.00321234,-0.0002809899999999,1.0,0.0,907.1205611731644,0.0,907.1205611731644
1668483882.843386,2.805,0.0,0.002894,-0.00031834,1.0,0.0,907.1205611731644,0.0,907.1205611731644
1668483942.805036,2.811,0.0059999999999997,0.00333751,0.00044351,0.0,1.0,0.0,322.70386381115776,907.1205611731644
1668484002.7419715,2.807,-0.004,0.00350991,0.0001724,0.0,1.0,0.0,322.70386381115776,905.8297457179198
1668484063.5410235,2.812,0.0049999999999998,0.00390877,0.0003988599999999,0.0,1.0,0.0,322.70386381115776,907.4432650369756
1668484122.772396,2.807,-0.0049999999999998,0.00333026,-0.00057851,1.0,0.0,905.8297457179198,0.0,905.8297457179198
1668484182.732797,2.804,-0.0030000000000001,0.00258052,-0.0007497399999999,1.0,0.0,905.8297457179198,0.0,905.8297457179198
1668484242.9068935,2.8,-0.004,0.0018937,-0.00068682,1.0,0.0,905.8297457179198,0.0,905.8297457179198
1668484302.8958223,2.8,0.0,0.00127152,-0.00062218,1.0,0.0,905.8297457179198,0.0,905.8297457179198
1668484362.8738673,2.797,-0.0029999999999996,0.00053024,-0.00074128,1.0,0.0,905.8297457179198,0.0,905.8297457179198
1668484422.7332315,2.796,-0.0010000000000003,-0.00013634,-0.00066658,1.0,0.0,905.8297457179198,0.0,905.8297457179198
1668484482.9958737,2.798,0.0020000000000002,-0.00031272,-0.00017638,1.0,0.0,905.8297457179198,0.0,905.8297457179198
1668484543.2687564,2.793,-0.0049999999999998,-0.00103371,-0.0007209899999999,1.0,0.0,905.8297457179198,0.0,905.8297457179198
1668484602.8727376,2.796,0.0029999999999996,-0.00079439,0.00023932,0.0,1.0,0.0,323.9734426745064,905.8297457179198
1668484662.7519808,2.8,0.004,-0.00084363,-4.924000000000009e-05,1.0,0.0,907.1256394886178,0.0,907.1256394886178
1668484723.0000987,2.803,0.0030000000000001,-0.00060431,0.00023932,0.0,1.0,0.0,323.6266997818829,907.1256394886176
1668484782.947311,2.801,-0.0019999999999997,-0.00060805,-3.7399999999999066e-06,1.0,0.0,906.478386089054,0.0,906.478386089054
1668484842.7284403,2.801,0.0,-0.00060805,0.0,1.0,0.0,906.478386089054,0.0,906.478386089054
1668484902.7257748,2.802,0.0009999999999998,-0.00052427,8.377999999999999e-05,0.0,1.0,0.0,323.5112013165789,906.478386089054
1668484962.846192,2.801,-0.0009999999999998,-0.00053243,-8.160000000000003e-06,1.0,0.0,906.1548748877376,0.0,906.1548748877376
1668485022.928514,2.796,-0.0050000000000003,-0.0010548,-0.00052237,1.0,0.0,906.1548748877376,0.0,906.1548748877376
1668485082.9931607,2.79,-0.0059999999999997,-0.00205204,-0.00099724,1.0,0.0,906.1548748877376,0.0,906.1548748877376
1668485142.9526434,2.796,0.0059999999999997,-0.00171179,0.00034025,0.0,1.0,0.0,324.0897263546987,906.1548748877376
1668485202.934361,2.796,0.0,-0.00173911,-2.7320000000000165e-05,1.0,0.0,906.1548748877376,0.0,906.1548748877376
1668485262.9371374,2.798,0.0020000000000002,-0.00164366,9.545000000000018e-05,0.0,1.0,0.0,323.85806822292267,906.1548748877376
1668485322.937657,2.798,0.0,-0.00164366,0.0,0.0,1.0,0.0,323.85806822292267,906.1548748877376
1668485382.8009148,2.8,0.0019999999999997,-0.00123807,0.0004055899999999,0.0,1.0,0.0,323.85806822292267,906.8025910241834
1668485442.7979417,2.8,0.0,-0.00123807,0.0,0.0,1.0,0.0,323.85806822292267,906.8025910241834
1668485502.9176505,2.801,0.0010000000000003,-0.00096219,0.0002758799999999,0.0,1.0,0.0,323.85806822292267,907.1264490924063
1668485562.9995348,2.803,0.0019999999999997,-0.00051394,0.00044825,0.0,1.0,0.0,323.85806822292267,907.7741652288522
1668485622.8313978,2.804,0.0009999999999998,0.00010674,0.00062068,0.0,1.0,0.0,323.85806822292267,908.0980232970752
1668485682.9520855,2.804,0.0,0.00010674,0.0,0.0,1.0,0.0,323.85806822292267,908.0980232970752
1668485743.1847248,2.804,0.0,0.00010674,0.0,0.0,1.0,0.0,323.85806822292267,908.0980232970752
1668485803.0355036,2.804,0.0,0.00010674,0.0,0.0,1.0,0.0,323.85806822292267,908.0980232970752
1668485862.918429,2.803,-0.0009999999999998,0.00026204,0.0001553,0.0,1.0,0.0,323.85806822292267,907.7741652288522
1668485923.778987,2.8,-0.0030000000000001,7.982e-05,-0.00018222,1.0,0.0,906.8025910241834,0.0,906.8025910241834
1668485982.767908,2.791,-0.0089999999999998,-0.00102725,-0.00110707,1.0,0.0,906.8025910241834,0.0,906.8025910241834
1668486042.783823,2.795,0.004,-0.00118974,-0.0001624899999999,1.0,0.0,906.8025910241834,0.0,906.8025910241834
1668486102.9064417,2.79,-0.0049999999999998,-0.0015886,-0.00039886,1.0,0.0,906.8025910241834,0.0,906.8025910241834
1668486162.8043315,2.791,0.0009999999999998,-0.00199302,-0.0004044199999999,1.0,0.0,906.8025910241834,0.0,906.8025910241834
1668486222.8165958,2.784,-0.0070000000000001,-0.00315352,-0.0011605,1.0,0.0,906.8025910241834,0.0,906.8025910241834
1668486282.968593,2.784,0.0,-0.00352954,-0.0003760199999999,1.0,0.0,906.8025910241834,0.0,906.8025910241834
1668486343.058367,2.788,0.004,-0.00359073,-6.119000000000003e-05,1.0,0.0,906.8025910241834,0.0,906.8025910241834
1668486403.3189652,2.792,0.004,-0.00327164,0.0003190899999999,0.0,1.0,0.0,324.7860283037906,906.8025910241832
1668486463.0152357,2.792,0.0,-0.00309481,0.00017683,0.0,1.0,0.0,324.7860283037906,906.8025910241832
1668486523.0034242,2.792,0.0,-0.00292099,0.0001738199999999,0.0,1.0,0.0,324.7860283037906,906.8025910241832
1668486582.8396206,2.786,-0.0059999999999997,-0.00316857,-0.0002475799999999,1.0,0.0,904.8538748543606,0.0,904.8538748543606
1668486643.0848484,2.783,-0.0030000000000001,-0.00387461,-0.00070604,1.0,0.0,904.8538748543606,0.0,904.8538748543606
1668486703.1949866,2.785,0.0020000000000002,-0.00403566,-0.0001610499999999,1.0,0.0,904.8538748543606,0.0,904.8538748543606
1668486763.1414049,2.789,0.004,-0.00379586,0.0002398,0.0,1.0,0.0,324.4366707975477,904.8538748543606
1668486823.0335069,2.786,-0.0030000000000001,-0.00374154,5.432000000000006e-05,0.0,1.0,0.0,324.4366707975477,903.880564841968
1668486882.8914146,2.787,0.0009999999999998,-0.00366176,7.977999999999978e-05,0.0,1.0,0.0,324.4366707975477,904.2050015127654
1668486943.0610132,2.787,0.0,-0.0034215,0.0002402599999999,0.0,1.0,0.0,324.4366707975477,904.2050015127654
1668487002.8924315,2.787,0.0,-0.0034215,0.0,0.0,1.0,0.0,324.4366707975477,904.2050015127654
1668487063.2560222,2.789,0.0020000000000002,-0.00279016,0.00063134,0.0,1.0,0.0,324.4366707975477,904.8538748543606
1668487123.1718357,2.79,0.0009999999999998,-0.00244584,0.0003443199999999,0.0,1.0,0.0,324.4366707975477,905.1783115251582
1668487183.3165982,2.788,-0.0020000000000002,-0.00218457,0.00026127,0.0,1.0,0.0,324.4366707975477,904.529438183563
1668487243.7817757,2.788,0.0,-0.00214156,4.301000000000001e-05,0.0,1.0,0.0,324.4366707975477,904.529438183563
1668487303.2634952,2.789,0.0010000000000003,-0.00175642,0.0003851399999999,0.0,1.0,0.0,324.4366707975477,904.8538748543606
1668487362.8679657,2.788,-0.0010000000000003,-0.00164033,0.00011609,0.0,1.0,0.0,324.4366707975477,904.529438183563
1668487423.3247366,2.788,0.0,-0.00171637,-7.604000000000009e-05,1.0,0.0,904.529438183563,0.0,904.529438183563
1668487483.0710526,2.789,0.0010000000000003,-0.00155161,0.00016476,0.0,1.0,0.0,324.32034355810794,904.5294381835632
1668487543.29064,2.785,-0.004,-0.0018707,-0.00031909,1.0,0.0,903.2321568093306,0.0,903.2321568093306
1668487603.4192688,2.785,0.0,-0.0018707,0.0,1.0,0.0,903.2321568093306,0.0,903.2321568093306
1668487664.1841898,2.785,0.0,-0.0018707,0.0,1.0,0.0,903.2321568093306,0.0,903.2321568093306
1668487722.971167,2.788,0.0029999999999996,-0.00173097,0.00013973,0.0,1.0,0.0,323.97136183978864,903.2321568093308
1668487783.3621497,2.788,0.0,-0.00160178,0.00012919,0.0,1.0,0.0,323.97136183978864,903.2321568093308
1668487843.045812,2.788,0.0,-0.00160178,0.0,0.0,1.0,0.0,323.97136183978864,903.2321568093308
1668487903.0511549,2.788,0.0,-0.00160178,0.0,0.0,1.0,0.0,323.97136183978864,903.2321568093308
1668487963.036228,2.788,0.0,-0.00160178,0.0,0.0,1.0,0.0,323.97136183978864,903.2321568093308
1668488023.1951163,2.788,0.0,-0.00160178,0.0,0.0,1.0,0.0,323.97136183978864,903.2321568093308
1668488083.5703812,2.788,0.0,-0.00148231,0.0001194699999999,0.0,1.0,0.0,323.97136183978864,903.2321568093308
1668488143.4074495,2.788,0.0,-0.00148231,0.0,0.0,1.0,0.0,323.97136183978864,903.2321568093308
1668488203.5032437,2.788,0.0,-0.00148231,0.0,0.0,1.0,0.0,323.97136183978864,903.2321568093308
1668488263.1296272,2.78,-0.008,-0.00215414,-0.00067183,1.0,0.0,900.6403859146124,0.0,900.6403859146124
1668488323.2508135,2.78,0.0,-0.00249253,-0.00033839,1.0,0.0,900.6403859146124,0.0,900.6403859146124
1668488383.115082,2.78,0.0,-0.00272925,-0.0002367199999999,1.0,0.0,900.6403859146124,0.0,900.6403859146124
1668488443.0463848,2.778,-0.0019999999999997,-0.00291997,-0.00019072,1.0,0.0,900.6403859146124,0.0,900.6403859146124
1668488502.981927,2.782,0.004,-0.00259567,0.0003243,0.0,1.0,0.0,323.7384564754178,900.6403859146124
1668488563.0434687,2.783,0.0009999999999998,-0.0025159,7.976999999999984e-05,0.0,1.0,0.0,323.7384564754178,900.9641243710878
1668488623.1381934,2.783,0.0,-0.00242065,9.525000000000028e-05,0.0,1.0,0.0,323.7384564754178,900.9641243710878
1668488683.0630224,2.788,0.0049999999999998,-0.00179639,0.00062426,0.0,1.0,0.0,323.7384564754178,902.5828166534648
1668488743.1605728,2.792,0.004,-0.00096956,0.00082683,0.0,1.0,0.0,323.7384564754178,903.8777704793664
1668488803.2709582,2.792,0.0,-0.00025094,0.0007186199999999,0.0,1.0,0.0,323.7384564754178,903.8777704793664
1668488863.0617511,2.78,-0.012,-0.00119936,-0.00094842,1.0,0.0,899.9929090016615,0.0,899.9929090016615
1668488923.1397643,2.785,0.0050000000000003,-0.00121649,-1.7129999999999966e-05,1.0,0.0,899.9929090016615,0.0,899.9929090016615
1668488983.1268504,2.785,0.0,-0.00121649,0.0,1.0,0.0,899.9929090016615,0.0,899.9929090016615
1668489043.1286838,2.785,0.0,-0.00121649,0.0,1.0,0.0,899.9929090016615,0.0,899.9929090016615
1668489103.129198,2.785,0.0,-0.00121649,0.0,1.0,0.0,899.9929090016615,0.0,899.9929090016615
1668489163.0072908,2.785,0.0,-0.00121649,0.0,1.0,0.0,899.9929090016615,0.0,899.9929090016615
1668489223.1341698,2.785,0.0,-0.00115355,6.294000000000004e-05,0.0,1.0,0.0,323.1572384207043,899.9929090016615
1668489283.1172235,2.783,-0.0020000000000002,-0.00131309,-0.00015954,1.0,0.0,899.34659452482,0.0,899.34659452482
1668489342.9934285,2.781,-0.0019999999999997,-0.00153336,-0.00022027,1.0,0.0,899.34659452482,0.0,899.34659452482
1668489403.1502936,2.781,0.0,-0.00168846,-0.0001550999999999,1.0,0.0,899.34659452482,0.0,899.34659452482
1668489463.1022,2.786,0.0049999999999998,-0.00102233,0.00066613,0.0,1.0,0.0,322.8092586234099,899.34659452482
1668489523.17991,2.787,0.0009999999999998,-0.0008456,0.0001767299999999,0.0,1.0,0.0,322.8092586234099,899.6694037834434
1668489583.1078334,2.79,0.0030000000000001,-0.00060628,0.00023932,0.0,1.0,0.0,322.8092586234099,900.6378315593137
1668489643.0495396,2.79,0.0,-0.00060628,0.0,0.0,1.0,0.0,322.8092586234099,900.6378315593137
1668489703.0877488,2.785,-0.0049999999999998,-0.00060977,-3.4900000000000903e-06,1.0,0.0,899.0237852661967,0.0,899.0237852661967
1668489763.318811,2.785,0.0,-0.00060556,4.210000000000043e-06,0.0,1.0,0.0,322.8092586234099,899.0237852661967
1668489823.4590125,2.784,-0.0010000000000003,-0.00067512,-6.955999999999998e-05,1.0,0.0,898.7009760075731,0.0,898.7009760075731
1668489883.3139548,2.784,0.0,-0.00067512,0.0,1.0,0.0,898.7009760075731,0.0,898.7009760075731
1668489943.0653086,2.784,0.0,-0.00075038,-7.526000000000006e-05,1.0,0.0,898.7009760075731,0.0,898.7009760075731
1668490003.2736406,2.783,-0.0009999999999998,-0.00083016,-7.978e-05,1.0,0.0,898.7009760075731,0.0,898.7009760075731
1668490063.385443,2.782,-0.0009999999999998,-0.00098526,-0.0001550999999999,1.0,0.0,898.7009760075731,0.0,898.7009760075731
1668490123.3405554,2.78,-0.0020000000000002,-0.00131668,-0.00033142,1.0,0.0,898.7009760075731,0.0,898.7009760075731
1668490183.9034216,2.775,-0.0049999999999998,-0.00195929,-0.0006426099999999,1.0,0.0,898.7009760075731,0.0,898.7009760075731
1668490243.1904287,2.782,0.0070000000000001,-0.00151157,0.0004477199999999,0.0,1.0,0.0,323.04132854334046,898.7009760075731
1668490303.1973338,2.774,-0.008,-0.00209425,-0.00058268,1.0,0.0,896.1166453792264,0.0,896.1166453792264
1668490363.4402115,2.769,-0.0049999999999998,-0.00311052,-0.0010162699999999,1.0,0.0,896.1166453792264,0.0,896.1166453792264
1668490423.837139,2.773,0.004,-0.00305676,5.375999999999992e-05,0.0,1.0,0.0,323.1578237934462,896.1166453792264
1668490483.437376,2.77,-0.0030000000000001,-0.00359322,-0.0005364599999999,1.0,0.0,895.147171907846,0.0,895.147171907846
1668490543.9165351,2.768,-0.0020000000000002,-0.00406961,-0.00047639,1.0,0.0,895.147171907846,0.0,895.147171907846
1668490603.7599733,2.773,0.0050000000000003,-0.00387443,0.00019518,0.0,1.0,0.0,322.8082120114843,895.147171907846
1668490663.1240852,2.771,-0.0020000000000002,-0.00403398,-0.00015955,1.0,0.0,894.5015554838229,0.0,894.5015554838229
1668490723.0821412,2.767,-0.004,-0.00440417,-0.0003701899999999,1.0,0.0,894.5015554838229,0.0,894.5015554838229
1668490783.2064445,2.77,0.0030000000000001,-0.00440471,-5.400000000002625e-07,1.0,0.0,894.5015554838229,0.0,894.5015554838229
1668490843.095477,2.765,-0.0049999999999998,-0.00475379,-0.0003490799999999,1.0,0.0,894.5015554838229,0.0,894.5015554838229
1668490903.391695,2.762,-0.0030000000000001,-0.00515084,-0.00039705,1.0,0.0,894.5015554838229,0.0,894.5015554838229
1668490963.1774116,2.761,-0.0009999999999998,-0.00566868,-0.0005178399999999,1.0,0.0,894.5015554838229,0.0,894.5015554838229
1668491023.1452506,2.763,0.0019999999999997,-0.00572524,-5.656000000000064e-05,1.0,0.0,894.5015554838229,0.0,894.5015554838229
1668491083.1705637,2.763,0.0,-0.00572524,0.0,1.0,0.0,894.5015554838229,0.0,894.5015554838229
1668491143.2717628,2.759,-0.004,-0.0060234,-0.0002981599999999,1.0,0.0,894.5015554838229,0.0,894.5015554838229
1668491203.1981232,2.759,0.0,-0.005942,8.13999999999997e-05,0.0,1.0,0.0,324.21223468061726,894.5015554838229
1668491263.0852273,2.764,0.0049999999999998,-0.00541529,0.00052671,0.0,1.0,0.0,324.21223468061726,896.122616657226
1668491323.3244352,2.762,-0.0019999999999997,-0.00547363,-5.834000000000048e-05,1.0,0.0,895.4741921878649,0.0,895.4741921878649
1668491383.157976,2.762,0.0,-0.00547363,0.0,1.0,0.0,895.4741921878649,0.0,895.4741921878649
1668491443.1665606,2.768,0.0059999999999997,-0.00485333,0.0006202999999999,0.0,1.0,0.0,323.50946249561594,895.4741921878648
1668491503.2003882,2.763,-0.0049999999999998,-0.00471089,0.00014244,0.0,1.0,0.0,323.50946249561594,893.8566448753868
1668491563.1796098,2.76,-0.0030000000000001,-0.00495021,-0.00023932,1.0,0.0,892.8861164878999,0.0,892.8861164878999
1668491623.1617985,2.759,-0.0009999999999998,-0.00506969,-0.0001194799999999,1.0,0.0,892.8861164878999,0.0,892.8861164878999
1668491683.0127232,2.759,0.0,-0.00506969,0.0,1.0,0.0,892.8861164878999,0.0,892.8861164878999
1668491743.2248027,2.759,0.0,-0.00518398,-0.00011429,1.0,0.0,892.8861164878999,0.0,892.8861164878999
1668491803.2578602,2.759,0.0,-0.00518398,0.0,1.0,0.0,892.8861164878999,0.0,892.8861164878999
1668491863.1535466,2.759,0.0,-0.00518398,0.0,1.0,0.0,892.8861164878999,0.0,892.8861164878999
1668491923.3442109,2.756,-0.0030000000000001,-0.00523661,-5.262999999999969e-05,1.0,0.0,892.8861164878999,0.0,892.8861164878999
1668491983.245787,2.755,-0.0009999999999998,-0.00529794,-6.133000000000007e-05,1.0,0.0,892.8861164878999,0.0,892.8861164878999
1668492043.210716,2.762,0.0070000000000001,-0.00472721,0.00057073,0.0,1.0,0.0,323.2752051006155,892.8861164879
1668492103.616845,2.76,-0.0020000000000002,-0.00488676,-0.00015955,1.0,0.0,892.2395660776987,0.0,892.2395660776987
1668492163.144317,2.76,0.0,-0.00488676,0.0,1.0,0.0,892.2395660776987,0.0,892.2395660776987
1668492223.1955824,2.76,0.0,-0.00488676,0.0,1.0,0.0,892.2395660776987,0.0,892.2395660776987
1668492283.118369,2.76,0.0,-0.00488676,0.0,1.0,0.0,892.2395660776987,0.0,892.2395660776987
1668492343.0498955,2.771,0.0110000000000001,-0.00309924,0.00178752,0.0,1.0,0.0,321.991904033814,892.2395660776987
1668492403.2130396,2.776,0.0049999999999998,-0.00168652,0.00141272,0.0,1.0,0.0,321.991904033814,893.8495255978677
1668492463.184237,2.772,-0.004,-0.00088046,0.0008060599999999,0.0,1.0,0.0,321.991904033814,892.5615579817324
1668492523.154663,2.772,0.0,-0.00088046,0.0,0.0,1.0,0.0,321.991904033814,892.5615579817324
1668492583.266672,2.772,0.0,-0.00088046,0.0,0.0,1.0,0.0,321.991904033814,892.5615579817324
1668492643.095347,2.767,-0.0049999999999998,-0.00070027,0.00018019,0.0,1.0,0.0,321.991904033814,890.9515984615633
1668492703.1368697,2.767,0.0,-0.00070027,0.0,0.0,1.0,0.0,321.991904033814,890.9515984615633
1668492763.2708418,2.768,0.0009999999999998,-0.00040978,0.00029049,0.0,1.0,0.0,321.991904033814,891.2735903655971
1668492823.307602,2.77,0.0020000000000002,-0.00025024,0.00015954,0.0,1.0,0.0,321.991904033814,891.9175741736649
1668492883.2765636,2.77,0.0,-0.00025024,0.0,0.0,1.0,0.0,321.991904033814,891.9175741736649
1668492943.2717898,2.766,-0.004,-0.00026825,-1.801e-05,1.0,0.0,890.6296065575295,0.0,890.6296065575295
1668493003.2200058,2.774,0.008,0.0008516,0.00111985,0.0,1.0,0.0,321.06330445476914,890.6296065575295
1668493063.34825,2.768,-0.0060000000000002,0.00037296,-0.00047864,1.0,0.0,888.7032267308009,0.0,888.7032267308009
1668493123.2715285,2.768,0.0,0.00037296,0.0,1.0,0.0,888.7032267308009,0.0,888.7032267308009
1668493183.088205,2.768,0.0,0.00037296,0.0,1.0,0.0,888.7032267308009,0.0,888.7032267308009
1668493243.2438886,2.768,0.0,0.00037296,0.0,1.0,0.0,888.7032267308009,0.0,888.7032267308009
1668493303.225238,2.771,0.0030000000000001,0.00061041,0.00023745,0.0,1.0,0.0,320.7157079504875,888.7032267308009
1668493363.2945557,2.771,0.0,0.00061041,0.0,0.0,1.0,0.0,320.7157079504875,888.7032267308009
1668493423.3333044,2.766,-0.0049999999999998,0.00033716,-0.00027325,1.0,0.0,887.0996481910485,0.0,887.0996481910485
1668493483.2440004,2.774,0.008,0.00098937,0.00065221,0.0,1.0,0.0,319.7907888215748,887.0996481910485
1668493543.277066,2.77,-0.004,0.00073614,-0.00025323,1.0,0.0,885.8204850357621,0.0,885.8204850357621
1668493603.303884,2.769,-0.0009999999999998,0.00065637,-7.977000000000006e-05,1.0,0.0,885.8204850357621,0.0,885.8204850357621
1668493663.3952477,2.769,0.0,0.00063799,-1.8380000000000024e-05,1.0,0.0,885.8204850357621,0.0,885.8204850357621
1668493723.2118497,2.769,0.0,0.00063799,0.0,1.0,0.0,885.8204850357621,0.0,885.8204850357621
1668493783.154495,2.769,0.0,0.00063799,0.0,1.0,0.0,885.8204850357621,0.0,885.8204850357621
1668493843.9117098,2.777,0.008,0.0012545,0.00061651,0.0,1.0,0.0,318.98469032616566,885.8204850357621
1668493904.008788,2.771,-0.0060000000000002,0.00077587,-0.0004786299999999,1.0,0.0,883.906576893805,0.0,883.906576893805
1668493964.0024016,2.773,0.0020000000000002,0.00097914,0.00020327,0.0,1.0,0.0,318.7546256378669,883.906576893805
1668494024.8137877,2.772,-0.0010000000000003,0.00089937,-7.977000000000006e-05,1.0,0.0,883.5878222681671,0.0,883.5878222681671
1668494084.7189262,2.773,0.0010000000000003,0.00111295,0.0002135799999999,0.0,1.0,0.0,318.63967625970685,883.5878222681671
1668494144.7994666,2.772,-0.0010000000000003,0.00118783,7.488000000000004e-05,0.0,1.0,0.0,318.63967625970685,883.2691825919073
1668494205.826731,2.77,-0.0019999999999997,0.00107341,-0.00011442,1.0,0.0,882.631903239388,0.0,882.631903239388
1668494265.8315651,2.77,0.0,0.00107341,0.0,1.0,0.0,882.631903239388,0.0,882.631903239388
1668494325.829264,2.77,0.0,0.00107341,0.0,1.0,0.0,882.631903239388,0.0,882.631903239388
1668494386.8403082,2.77,0.0,0.00107341,0.0,1.0,0.0,882.631903239388,0.0,882.631903239388
1668494446.7055204,2.77,0.0,0.00107341,0.0,1.0,0.0,882.631903239388,0.0,882.631903239388
1668494506.9243815,2.767,-0.0030000000000001,0.00070292,-0.0003704899999999,1.0,0.0,882.631903239388,0.0,882.631903239388
1668494567.6684935,2.77,0.0030000000000001,0.00094224,0.00023932,0.0,1.0,0.0,318.63967625970685,882.631903239388
1668494627.4447663,2.774,0.004,0.00116514,0.0002229,0.0,1.0,0.0,318.63967625970685,883.9064619444268
1668494687.6641588,2.773,-0.0009999999999998,0.00108537,-7.977000000000006e-05,1.0,0.0,883.5878222681671,0.0,883.5878222681671
1668494748.524732,2.773,0.0,0.00108537,0.0,1.0,0.0,883.5878222681671,0.0,883.5878222681671
1668494808.328993,2.772,-0.0010000000000003,0.00110536,1.998999999999989e-05,0.0,1.0,0.0,318.7546256378669,883.5878222681671
1668494868.5846207,2.772,0.0,0.00110536,0.0,0.0,1.0,0.0,318.7546256378669,883.5878222681671
1668494929.1690545,2.772,0.0,0.00110536,0.0,0.0,1.0,0.0,318.7546256378669,883.5878222681671
1668494989.224992,2.768,-0.004,0.00078934,-0.0003160199999999,1.0,0.0,882.3128037656156,0.0,882.3128037656156
1668495049.1822865,2.77,0.0020000000000002,0.00054678,-0.00024256,1.0,0.0,882.3128037656156,0.0,882.3128037656156
1668495110.08547,2.772,0.0019999999999997,0.000587,4.021999999999999e-05,0.0,1.0,0.0,318.29466225310813,882.3128037656156
1668495170.0116105,2.77,-0.0019999999999997,0.00042746,-0.0001595399999999,1.0,0.0,881.6762144411096,0.0,881.6762144411096
1668495230.1008694,2.776,0.0059999999999997,0.00087023,0.00044277,0.0,1.0,0.0,317.6067054903133,881.6762144411097
1668495292.0908413,2.778,0.0020000000000002,0.00161312,0.00074289,0.0,1.0,0.0,317.6067054903133,882.3114278520903
1668495351.298664,2.777,-0.0009999999999998,0.00178541,0.00017229,0.0,1.0,0.0,317.6067054903133,881.9938211466
1668495411.183888,2.773,-0.004,0.00158187,-0.00020354,1.0,0.0,880.7233943246388,0.0,880.7233943246388
1668495472.083508,2.76,-0.0130000000000003,0.00054483,-0.00103704,1.0,0.0,880.7233943246388,0.0,880.7233943246388
1668495531.9769783,2.771,0.0110000000000001,0.00050665,-3.818000000000007e-05,1.0,0.0,880.7233943246388,0.0,880.7233943246388
1668495592.4414902,2.78,0.0089999999999998,0.00118892,0.00068227,0.0,1.0,0.0,316.8069763757693,880.7233943246388
1668495652.8376772,2.779,-0.0009999999999998,0.0018149,0.0006259799999999,0.0,1.0,0.0,316.8069763757693,880.4065873482629
1668495712.8509698,2.785,0.0060000000000002,0.0025758,0.0007609,0.0,1.0,0.0,316.8069763757693,882.3074292065176
1668495773.2175336,2.784,-0.0010000000000003,0.00330918,0.00073338,0.0,1.0,0.0,316.8069763757693,881.9906222301416
1668495833.6918728,2.783,-0.0009999999999998,0.00351628,0.0002071,0.0,1.0,0.0,316.8069763757693,881.673815253766
1668495893.606524,2.779,-0.004,0.0031972,-0.00031908,1.0,0.0,880.4065873482629,0.0,880.4065873482629
1668495953.5298412,2.779,0.0,0.0031972,0.0,1.0,0.0,880.4065873482629,0.0,880.4065873482629
1668496014.48479,2.781,0.0020000000000002,0.00323257,3.537000000000028e-05,0.0,1.0,0.0,316.57913964338826,880.4065873482627
1668496074.4795644,2.784,0.0029999999999996,0.00340117,0.0001685999999999,0.0,1.0,0.0,316.57913964338826,881.3563247671929
1668496134.5842292,2.787,0.0030000000000001,0.00379632,0.00039515,0.0,1.0,0.0,316.57913964338826,882.3060621861231
1668496195.3290708,2.782,-0.0049999999999998,0.00366379,-0.00013253,1.0,0.0,880.7231664879062,0.0,880.7231664879062
1668496255.339086,2.783,0.0009999999999998,0.00374356,7.976999999999984e-05,0.0,1.0,0.0,316.465385011824,880.723166487906
1668496315.415135,2.787,0.004,0.00397865,0.00023509,0.0,1.0,0.0,316.465385011824,881.9890280279535
1668496376.229753,2.794,0.0070000000000001,0.00479908,0.0008204299999999,0.0,1.0,0.0,316.465385011824,884.2042857230364
1668496436.1431592,2.798,0.004,0.00607399,0.0012749099999999,0.0,1.0,0.0,316.465385011824,885.4701472630836
1668496496.0830896,2.802,0.004,0.00694591,0.00087192,0.0,1.0,0.0,316.465385011824,886.736008803131
1668496556.9640772,2.805,0.0030000000000001,0.00784896,0.00090305,0.0,1.0,0.0,316.465385011824,887.6854049581665
1668496617.0552847,2.808,0.0029999999999996,0.00864204,0.0007930799999999,0.0,1.0,0.0,316.465385011824,888.6348011132018
1668496676.9510748,2.809,0.0010000000000003,0.00930446,0.00066242,0.0,1.0,0.0,316.465385011824,888.9512664982137
1668496737.8395824,2.828,0.0189999999999996,0.01116876,0.0018642999999999,0.0,1.0,0.0,316.465385011824,894.9641088134383
1668496797.7581794,2.827,-0.0009999999999998,0.01198939,0.00082063,0.0,1.0,0.0,316.465385011824,894.6476434284265
1668496857.861217,2.819,-0.008,0.01217003,0.0001806399999999,0.0,1.0,0.0,316.465385011824,892.1159203483319
1668496918.4993944,2.821,0.0020000000000002,0.01233241,0.00016238,0.0,1.0,0.0,316.465385011824,892.7488511183557
1668496978.6159286,2.823,0.0019999999999997,0.012725,0.0003925899999999,0.0,1.0,0.0,316.465385011824,893.3817818883792
1668497038.556825,2.817,-0.0059999999999997,0.01185098,-0.0008740199999999,1.0,0.0,891.4829895783083,0.0,891.4829895783083
1668497099.7223392,2.815,-0.0020000000000002,0.01118411,-0.00066687,1.0,0.0,891.4829895783083,0.0,891.4829895783083
1668497159.5615523,2.818,0.0030000000000001,0.01089668,-0.00028743,1.0,0.0,891.4829895783083,0.0,891.4829895783083
1668497219.547072,2.819,0.0009999999999998,0.01013253,-0.0007641499999999,1.0,0.0,891.4829895783083,0.0,891.4829895783083
1668497280.2833695,2.819,0.0,0.01013253,0.0,1.0,0.0,891.4829895783083,0.0,891.4829895783083
1668497340.348042,2.811,-0.008,0.00828514,-0.00184739,1.0,0.0,891.4829895783083,0.0,891.4829895783083
1668497400.557428,2.799,-0.012,0.00618224,-0.0021028999999999,1.0,0.0,891.4829895783083,0.0,891.4829895783083
1668497461.2503798,2.798,-0.0009999999999998,0.00494422,-0.00123802,1.0,0.0,891.4829895783083,0.0,891.4829895783083
1668497521.4652717,2.795,-0.0030000000000001,0.00330633,-0.00163789,1.0,0.0,891.4829895783083,0.0,891.4829895783083
1668497581.2909606,2.793,-0.0019999999999997,0.001767,-0.00153933,1.0,0.0,891.4829895783083,0.0,891.4829895783083
1668497642.095777,2.796,0.0029999999999996,0.00096856,-0.0007984399999999,1.0,0.0,891.4829895783083,0.0,891.4829895783083
1668497701.962252,2.797,0.0010000000000003,0.00047423,-0.00049433,1.0,0.0,891.4829895783083,0.0,891.4829895783083
1668497762.0182877,2.808,0.0109999999999996,0.00114379,0.00066956,0.0,1.0,0.0,317.47969714327223,891.4829895783083
1668497822.9436994,2.808,0.0,0.00114379,0.0,0.0,1.0,0.0,317.47969714327223,891.4829895783083
1668497883.1184692,2.801,-0.0069999999999996,0.00090945,-0.0002343399999999,1.0,0.0,889.2606316983056,0.0,889.2606316983056
1668497943.00388,2.801,0.0,0.00071548,-0.00019397,1.0,0.0,889.2606316983056,0.0,889.2606316983056
1668498003.8830888,2.805,0.004,0.00087444,0.0001589599999999,0.0,1.0,0.0,317.02696317230146,889.2606316983057
1668498063.8155775,2.805,0.0,0.00098902,0.0001145799999999,0.0,1.0,0.0,317.02696317230146,889.2606316983057
1668498123.890291,2.81,0.0049999999999998,0.00146638,0.00047736,0.0,1.0,0.0,317.02696317230146,890.8457665141672
1668498184.6490169,2.803,-0.0070000000000001,0.00126526,-0.0002011199999999,1.0,0.0,888.626577771961,0.0,888.626577771961
1668498244.770967,2.806,0.0030000000000001,0.00139418,0.00012892,0.0,1.0,0.0,316.68801773769104,888.626577771961
1668498304.6424465,2.807,0.0009999999999998,0.00155816,0.0001639799999999,0.0,1.0,0.0,316.68801773769104,888.9432657896988
1668498365.6073036,2.807,0.0,0.00160638,4.821999999999986e-05,0.0,1.0,0.0,316.68801773769104,888.9432657896988
1668498425.508921,2.805,-0.0019999999999997,0.00134312,-0.0002632599999999,1.0,0.0,888.3098897542234,0.0,888.3098897542234
1668498485.567559,2.801,-0.004,0.00061952,-0.0007235999999999,1.0,0.0,888.3098897542234,0.0,888.3098897542234
1668498546.5424492,2.806,0.0049999999999998,0.0007569,0.00013738,0.0,1.0,0.0,316.5751567192528,888.3098897542234
1668498606.464569,2.807,0.0009999999999998,0.00093567,0.0001787699999999,0.0,1.0,0.0,316.5751567192528,888.6264649109426
1668498666.5529284,2.81,0.0030000000000001,0.00142757,0.0004919,0.0,1.0,0.0,316.5751567192528,889.5761903811003
1668498727.3858068,2.809,-0.0009999999999998,0.00165351,0.00022594,0.0,1.0,0.0,316.5751567192528,889.2596152243812
1668498787.2121546,2.799,-0.0100000000000002,0.00095147,-0.0007020399999999,1.0,0.0,886.0938636571885,0.0,886.0938636571885
1668498847.239558,2.796,-0.0030000000000001,-9.508e-05,-0.00104655,1.0,0.0,886.0938636571885,0.0,886.0938636571885
1668498909.3238113,2.8,0.004,-0.00016009,-6.500999999999999e-05,1.0,0.0,886.0938636571885,0.0,886.0938636571885
1668498968.2659476,2.805,0.0050000000000003,0.00023877,0.00039886,0.0,1.0,0.0,315.89799060862333,886.0938636571885
1668499028.212074,2.808,0.0029999999999996,0.00054943,0.0003106599999999,0.0,1.0,0.0,315.89799060862333,887.0415576290143
1668499089.0825725,2.805,-0.0029999999999996,0.00036248,-0.0001869499999999,1.0,0.0,886.0938636571885,0.0,886.0938636571885
1668499148.9377654,2.805,0.0,0.00058414,0.00022166,0.0,1.0,0.0,315.89799060862333,886.0938636571885
1668499209.1427646,2.805,0.0,0.00056366,-2.048000000000002e-05,1.0,0.0,886.0938636571885,0.0,886.0938636571885
1668499270.0182972,2.805,0.0,0.00056366,0.0,1.0,0.0,886.0938636571885,0.0,886.0938636571885
1668499329.8473485,2.804,-0.0010000000000003,0.00046141,-0.00010225,1.0,0.0,886.0938636571885,0.0,886.0938636571885
1668499389.885352,2.804,0.0,0.00037605,-8.535999999999998e-05,1.0,0.0,886.0938636571885,0.0,886.0938636571885
1668499451.004747,2.8,-0.004,-0.00013739,-0.00051344,1.0,0.0,886.0938636571885,0.0,886.0938636571885
1668499510.9716249,2.8,0.0,-0.00041309,-0.0002757,1.0,0.0,886.0938636571885,0.0,886.0938636571885
1668499571.0682237,2.8,0.0,-0.00062439,-0.0002112999999999,1.0,0.0,886.0938636571885,0.0,886.0938636571885
1668499631.7492485,2.8,0.0,-0.00062439,0.0,1.0,0.0,886.0938636571885,0.0,886.0938636571885
1668499691.7562368,2.801,0.0010000000000003,-0.00070305,-7.866000000000004e-05,1.0,0.0,886.0938636571885,0.0,886.0938636571885
1668499751.8697195,2.796,-0.0050000000000003,-0.00143527,-0.00073222,1.0,0.0,886.0938636571885,0.0,886.0938636571885
1668499812.6524875,2.796,0.0,-0.00194694,-0.00051167,1.0,0.0,886.0938636571885,0.0,886.0938636571885
1668499872.5304942,2.805,0.0090000000000003,-0.00098815,0.00095879,0.0,1.0,0.0,315.89799060862333,886.0938636571885
1668499932.4906082,2.803,-0.0020000000000002,-0.0011477,-0.00015955,1.0,0.0,885.4620676759712,0.0,885.4620676759712
1668499993.5004752,2.804,0.0009999999999998,-0.00080366,0.00034404,0.0,1.0,0.0,315.785330840218,885.4620676759711
1668500053.4359431,2.804,0.0,-0.00052495,0.0002787099999999,0.0,1.0,0.0,315.785330840218,885.4620676759713
1668500113.5786197,2.803,-0.0009999999999998,-0.00038038,0.00014457,0.0,1.0,0.0,315.785330840218,885.1462823451311
1668500174.3079357,2.803,0.0,-0.00026277,0.0001176099999999,0.0,1.0,0.0,315.785330840218,885.1462823451311
1668500234.3127058,2.81,0.0070000000000001,0.00039077,0.00065354,0.0,1.0,0.0,315.785330840218,887.3567796610126
1668500294.3955607,2.811,0.0009999999999998,0.00097812,0.00058735,0.0,1.0,0.0,315.785330840218,887.6725649918528
1668500355.1535788,2.811,0.0,0.00097812,0.0,0.0,1.0,0.0,315.785330840218,887.6725649918528
1668500415.174086,2.814,0.0030000000000001,0.00166646,0.00068834,0.0,1.0,0.0,315.785330840218,888.6199209843735
1668500475.0717225,2.814,0.0,0.00218677,0.00052031,0.0,1.0,0.0,315.785330840218,888.6199209843735
1668500535.8424013,2.824,0.0099999999999997,0.00431529,0.00212852,0.0,1.0,0.0,315.785330840218,891.7777742927757
1668500595.970348,2.843,0.0190000000000001,0.00744752,0.0031322299999999,0.0,1.0,0.0,315.785330840218,897.7776955787398
1668500655.933499,2.837,-0.0059999999999997,0.00827646,0.0008289399999999,0.0,1.0,0.0,315.785330840218,895.8829835936986
1668500716.7509294,2.839,0.0019999999999997,0.00905364,0.00077718,0.0,1.0,0.0,315.785330840218,896.5145542553789
1668500776.7529547,2.831,-0.008,0.00841547,-0.00063817,1.0,0.0,893.9882716086572,0.0,893.9882716086572
1668500836.935076,2.835,0.004,0.00890806,0.00049259,0.0,1.0,0.0,315.3397783452054,893.9882716086572
1668500897.7320442,2.838,0.0030000000000001,0.00914737,0.0002393099999999,0.0,1.0,0.0,315.3397783452054,894.9342909436929
1668500957.7406504,2.834,-0.004,0.00903728,-0.00011009,1.0,0.0,893.6729318303121,0.0,893.6729318303121
1668501017.693093,2.836,0.0019999999999997,0.00888167,-0.00015561,1.0,0.0,893.6729318303121,0.0,893.6729318303121
1668501078.4886644,2.833,-0.0029999999999996,0.00864236,-0.0002393099999999,1.0,0.0,893.6729318303121,0.0,893.6729318303121
1668501138.6403716,2.836,0.0029999999999996,0.00849703,-0.00014533,1.0,0.0,893.6729318303121,0.0,893.6729318303121
1668501198.3957548,2.835,-0.0009999999999998,0.00794707,-0.0005499599999999,1.0,0.0,893.6729318303121,0.0,893.6729318303121
1668501259.849208,2.831,-0.004,0.00696365,-0.00098342,1.0,0.0,893.6729318303121,0.0,893.6729318303121
1668501319.7964635,2.827,-0.004,0.00664457,-0.00031908,1.0,0.0,893.6729318303121,0.0,893.6729318303121
1668501380.0452588,2.827,0.0,0.00664457,0.0,1.0,0.0,893.6729318303121,0.0,893.6729318303121
1668501440.6588304,2.827,0.0,0.00664457,0.0,1.0,0.0,893.6729318303121,0.0,893.6729318303121
1668501500.753455,2.831,0.004,0.0057455,-0.00089907,1.0,0.0,893.6729318303121,0.0,893.6729318303121
1668501560.5062697,2.831,0.0,0.00527806,-0.0004674399999999,1.0,0.0,893.6729318303121,0.0,893.6729318303121
1668501621.631651,2.836,0.0049999999999998,0.00567692,0.00039886,0.0,1.0,0.0,315.11739486259245,893.6729318303121
1668501681.320958,2.834,-0.0019999999999997,0.00529199,-0.00038493,1.0,0.0,893.042697040587,0.0,893.042697040587
1668501741.3791554,2.831,-0.0030000000000001,0.00485868,-0.00043331,1.0,0.0,893.042697040587,0.0,893.042697040587
1668501802.4394374,2.833,0.0020000000000002,0.00468405,-0.0001746299999999,1.0,0.0,893.042697040587,0.0,893.042697040587
1668501862.3424952,2.833,0.0,0.00468405,0.0,1.0,0.0,893.042697040587,0.0,893.042697040587
1668501922.701156,2.831,-0.0020000000000002,0.00420932,-0.00047473,1.0,0.0,893.042697040587,0.0,893.042697040587
1668501983.4637556,2.829,-0.0019999999999997,0.00362986,-0.00057946,1.0,0.0,893.042697040587,0.0,893.042697040587
1668502043.5920274,2.836,0.0069999999999996,0.00363862,8.760000000000018e-06,0.0,1.0,0.0,314.8951682089517,893.042697040587
1668502103.340008,2.838,0.0020000000000002,0.00377667,0.00013805,0.0,1.0,0.0,314.8951682089517,893.6724873770049
1668502164.0209727,2.836,-0.0020000000000002,0.00349748,-0.00027919,1.0,0.0,893.042697040587,0.0,893.042697040587
1668502224.381005,2.83,-0.0059999999999997,0.00239343,-0.0011040499999999,1.0,0.0,893.042697040587,0.0,893.042697040587
1668502284.082394,2.831,0.0009999999999998,0.0024732,7.976999999999984e-05,0.0,1.0,0.0,315.45132357491593,893.042697040587
1668502344.6630924,2.832,0.0009999999999998,0.00228479,-0.0001884099999999,1.0,0.0,893.3581483641618,0.0,893.3581483641618
1668502405.004158,2.83,-0.0019999999999997,0.00195159,-0.0003332,1.0,0.0,893.3581483641618,0.0,893.3581483641618
1668502464.716684,2.825,-0.0049999999999998,0.00126944,-0.00068215,1.0,0.0,893.3581483641618,0.0,893.3581483641618
1668502526.100449,2.83,0.0049999999999998,0.00098906,-0.00028038,1.0,0.0,893.3581483641618,0.0,893.3581483641618
1668502586.0181966,2.83,0.0,0.00098906,0.0,1.0,0.0,893.3581483641618,0.0,893.3581483641618
1668502646.0506876,2.835,0.0049999999999998,0.00127454,0.00028548,0.0,1.0,0.0,315.117512650498,893.3581483641618
1668502706.7768016,2.831,-0.004,0.00104142,-0.00023312,1.0,0.0,892.0976783135598,0.0,892.0976783135598
1668502766.803989,2.828,-0.0030000000000001,0.00054782,-0.0004936,1.0,0.0,892.0976783135598,0.0,892.0976783135598
1668502826.8918662,2.828,0.0,0.00054782,0.0,1.0,0.0,892.0976783135598,0.0,892.0976783135598
1668502887.9783633,2.828,0.0,0.00017746,-0.0003703599999999,1.0,0.0,892.0976783135598,0.0,892.0976783135598
1668502947.8696525,2.828,0.0,4.626e-05,-0.0001312,1.0,0.0,892.0976783135598,0.0,892.0976783135598
1668503008.025771,2.823,-0.0049999999999998,-0.00070228,-0.00074854,1.0,0.0,892.0976783135598,0.0,892.0976783135598
1668503068.880903,2.825,0.0020000000000002,-0.0008712,-0.00016892,1.0,0.0,892.0976783135598,0.0,892.0976783135598
1668503129.0404916,2.827,0.0019999999999997,-0.00071166,0.00015954,0.0,1.0,0.0,315.5633810801414,892.0976783135598
1668503189.0644157,2.827,0.0,-0.00071166,0.0,0.0,1.0,0.0,315.5633810801414,892.0976783135598
1668503249.8920312,2.827,0.0,-0.00071166,0.0,0.0,1.0,0.0,315.5633810801414,892.0976783135598
1668503309.812209,2.827,0.0,-0.00071166,0.0,0.0,1.0,0.0,315.5633810801414,892.0976783135598
1668503369.8369095,2.831,0.004,-0.00039181,0.00031985,0.0,1.0,0.0,315.5633810801414,893.3599318378804
1668503430.6001337,2.835,0.004,0.00073665,0.00112846,0.0,1.0,0.0,315.5633810801414,894.622185362201
1668503490.6726573,2.838,0.0030000000000001,0.00097597,0.00023932,0.0,1.0,0.0,315.5633810801414,895.5688755054414
1668503550.7000191,2.838,0.0,0.00197053,0.0009945599999999,0.0,1.0,0.0,315.5633810801414,895.5688755054414
1668503611.4434905,2.839,0.0009999999999998,0.00235348,0.0003829499999999,0.0,1.0,0.0,315.5633810801414,895.8844388865215
1668503671.655932,2.837,-0.0019999999999997,0.00240465,5.117000000000012e-05,0.0,1.0,0.0,315.5633810801414,895.2533121243613
1668503731.3125162,2.836,-0.0010000000000003,0.00227597,-0.0001286799999999,1.0,0.0,894.9377487432811,0.0,894.9377487432811
1668503792.4822097,2.837,0.0010000000000003,0.00210672,-0.00016925,1.0,0.0,894.9377487432811,0.0,894.9377487432811
1668503852.4247634,2.831,-0.0060000000000002,0.00162809,-0.0004786299999999,1.0,0.0,894.9377487432811,0.0,894.9377487432811
1668503912.3637364,2.833,0.0020000000000002,0.00104577,-0.00058232,1.0,0.0,894.9377487432811,0.0,894.9377487432811
1668503973.2268305,2.829,-0.004,0.00064886,-0.0003969099999999,1.0,0.0,894.9377487432811,0.0,894.9377487432811
1668504033.34316,2.828,-0.0010000000000003,0.00056909,-7.977000000000006e-05,1.0,0.0,894.9377487432811,0.0,894.9377487432811
1668504093.0897555,2.828,0.0,0.00056909,0.0,1.0,0.0,894.9377487432811,0.0,894.9377487432811
1668504154.0686214,2.828,0.0,0.00056909,0.0,1.0,0.0,894.9377487432811,0.0,894.9377487432811
1668504213.946515,2.831,0.0030000000000001,0.00042845,-0.0001406399999999,1.0,0.0,894.9377487432811,0.0,894.9377487432811
1668504273.816974,2.822,-0.0089999999999998,-0.00092943,-0.00135788,1.0,0.0,894.9377487432811,0.0,894.9377487432811
1668504334.8153875,2.821,-0.0009999999999998,-0.00190436,-0.0009749299999999,1.0,0.0,894.9377487432811,0.0,894.9377487432811
1668504395.103121,2.819,-0.0020000000000002,-0.00243105,-0.00052669,1.0,0.0,894.9377487432811,0.0,894.9377487432811
1668504455.0396008,2.813,-0.0059999999999997,-0.00335621,-0.00092516,1.0,0.0,894.9377487432811,0.0,894.9377487432811
1668504515.78935,2.811,-0.0020000000000002,-0.00420144,-0.0008452299999999,1.0,0.0,894.9377487432811,0.0,894.9377487432811
1668504575.9073377,2.813,0.0020000000000002,-0.00453214,-0.0003306999999999,1.0,0.0,894.9377487432811,0.0,894.9377487432811
1668504635.6675394,2.81,-0.0030000000000001,-0.00553413,-0.00100199,1.0,0.0,894.9377487432811,0.0,894.9377487432811
1668504696.5517724,2.806,-0.004,-0.00607519,-0.00054106,1.0,0.0,894.9377487432811,0.0,894.9377487432811
1668504756.6632094,2.805,-0.0009999999999998,-0.00638645,-0.0003112599999999,1.0,0.0,894.9377487432811,0.0,894.9377487432811
1668504816.60948,2.801,-0.004,-0.00700163,-0.0006151799999999,1.0,0.0,894.9377487432811,0.0,894.9377487432811
1668504877.4840174,2.796,-0.0050000000000003,-0.00823381,-0.0012321799999999,1.0,0.0,894.9377487432811,0.0,894.9377487432811
1668504937.4411612,2.794,-0.0019999999999997,-0.00870422,-0.00047041,1.0,0.0,894.9377487432811,0.0,894.9377487432811
1668504997.7325678,2.806,0.012,-0.00740224,0.00130198,0.0,1.0,0.0,318.9371877203425,894.937748743281
1668505058.573619,2.802,-0.004,-0.00761325,-0.00021101,1.0,0.0,893.6619999923996,0.0,893.6619999923996
1668505118.6244698,2.801,-0.0009999999999998,-0.00752159,9.166000000000037e-05,0.0,1.0,0.0,319.051053192574,893.6619999923996
1668505178.2152305,2.797,-0.004,-0.00768315,-0.0001615599999999,1.0,0.0,892.3857957796295,0.0,892.3857957796295
1668505239.082661,2.785,-0.012,-0.00904897,-0.00136582,1.0,0.0,892.3857957796295,0.0,892.3857957796295
1668505299.0363195,2.789,0.004,-0.00919868,-0.00014971,1.0,0.0,892.3857957796295,0.0,892.3857957796295
1668505359.162184,2.794,0.0049999999999998,-0.0088141,0.00038458,0.0,1.0,0.0,319.3936276949282,892.3857957796295
1668505420.0929096,2.792,-0.0020000000000002,-0.00851211,0.00030199,0.0,1.0,0.0,319.3936276949282,891.7470085242395
1668505479.9513302,2.788,-0.004,-0.0088312,-0.00031909,1.0,0.0,890.4694340134598,0.0,890.4694340134598
1668505540.000772,2.794,0.0060000000000002,-0.00818323,0.00064797,0.0,1.0,0.0,318.7077430255762,890.4694340134598
1668505600.9302056,2.796,0.0019999999999997,-0.00747103,0.0007121999999999,0.0,1.0,0.0,318.7077430255762,891.106849499511
1668505660.8899882,2.787,-0.0089999999999998,-0.00822516,-0.00075413,1.0,0.0,888.2384798122807,0.0,888.2384798122807
1668505720.8785996,2.792,0.0049999999999998,-0.00745296,0.0007722,0.0,1.0,0.0,318.1369913367768,888.2384798122806
1668505781.9102466,2.785,-0.0069999999999996,-0.0078187,-0.0003657399999999,1.0,0.0,886.0115208729235,0.0,886.0115208729235
1668505841.695008,2.781,-0.004,-0.00808615,-0.00026745,1.0,0.0,886.0115208729235,0.0,886.0115208729235
1668505901.9236796,2.785,0.004,-0.00776217,0.00032398,0.0,1.0,0.0,318.1369913367768,886.0115208729235
1668505962.6408389,2.788,0.0029999999999996,-0.00724489,0.0005172799999999,0.0,1.0,0.0,318.1369913367768,886.9659318469337
1668506022.6960783,2.788,0.0,-0.00688205,0.00036284,0.0,1.0,0.0,318.1369913367768,886.9659318469337
1668506082.5796003,2.792,0.004,-0.00601549,0.0008665599999999,0.0,1.0,0.0,318.1369913367768,888.2384798122808
1668506143.3288703,2.788,-0.004,-0.00552823,0.0004872599999999,0.0,1.0,0.0,318.1369913367768,886.9659318469337
1668506203.7021213,2.791,0.0030000000000001,-0.00528891,0.00023932,0.0,1.0,0.0,318.1369913367768,887.920342820944
1668506263.6132965,2.801,0.0100000000000002,-0.00411166,0.00117725,0.0,1.0,0.0,318.1369913367768,891.101712734312
1668506324.2014997,2.8,-0.0010000000000003,-0.00419143,-7.977000000000071e-05,1.0,0.0,890.783575742975,0.0,890.783575742975
1668506384.133483,2.796,-0.004,-0.00360291,0.00058852,0.0,1.0,0.0,318.5921229409782,890.7835757429749
1668506444.361033,2.796,0.0,-0.00316234,0.0004405699999999,0.0,1.0,0.0,318.5921229409782,890.7835757429749
1668506505.1670687,2.802,0.0060000000000002,-0.00205523,0.00110711,0.0,1.0,0.0,318.5921229409782,892.6951284806208
1668506564.9634554,2.802,0.0,-0.00135191,0.0007033199999999,0.0,1.0,0.0,318.5921229409782,892.6951284806208
1668506624.9145358,2.802,0.0,-0.00035434,0.00099757,0.0,1.0,0.0,318.5921229409782,892.6951284806208
1668506686.0688288,2.804,0.0019999999999997,0.00015332,0.00050766,0.0,1.0,0.0,318.5921229409782,893.3323127265028
1668506746.069924,2.805,0.0010000000000003,0.00087544,0.00072212,0.0,1.0,0.0,318.5921229409782,893.6509048494439
1668506806.13437,2.804,-0.0010000000000003,0.00110146,0.00022602,0.0,1.0,0.0,318.5921229409782,893.3323127265028
1668506867.0786395,2.804,0.0,0.00132758,0.00022612,0.0,1.0,0.0,318.5921229409782,893.3323127265028
1668506926.990626,2.801,-0.0029999999999996,0.00094144,-0.00038614,1.0,0.0,892.3765363576799,0.0,892.3765363576799
1668506986.9089282,2.8,-0.0010000000000003,0.00049045,-0.0004509899999999,1.0,0.0,892.3765363576799,0.0,892.3765363576799
1668507047.8855436,2.794,-0.0059999999999997,-0.00028098,-0.00077143,1.0,0.0,892.3765363576799,0.0,892.3765363576799
1668507107.678382,2.794,0.0,-0.00063217,-0.00035119,1.0,0.0,892.3765363576799,0.0,892.3765363576799
1668507168.000185,2.795,0.0009999999999998,-0.0005524,7.977000000000006e-05,0.0,1.0,0.0,319.2760416306548,892.3765363576799
1668507228.536625,2.795,0.0,-0.0005524,0.0,0.0,1.0,0.0,319.2760416306548,892.3765363576802
1668507288.495931,2.795,0.0,-0.0005524,0.0,0.0,1.0,0.0,319.2760416306548,892.3765363576802
1668507348.632557,2.797,0.0020000000000002,-0.00059922,-4.682000000000004e-05,1.0,0.0,893.0150884409414,0.0,893.0150884409414
1668507409.1990242,2.8,0.0029999999999996,-0.00038975,0.00020947,0.0,1.0,0.0,318.9339601574791,893.0150884409413
1668507468.540058,2.8,0.0,-0.00022119,0.00016856,0.0,1.0,0.0,318.9339601574791,893.0150884409413
1668507528.7567935,2.793,-0.0069999999999996,-0.00095297,-0.00073178,1.0,0.0,890.7825507198392,0.0,890.7825507198392
1668507589.8037872,2.795,0.0019999999999997,-0.00079343,0.00015954,0.0,1.0,0.0,318.7057426546831,890.7825507198393
1668507648.4592948,2.792,-0.0030000000000001,-0.00115953,-0.0003660999999999,1.0,0.0,889.8264334918752,0.0,889.8264334918752
1668507708.6175425,2.793,0.0010000000000003,-0.00135338,-0.0001938499999999,1.0,0.0,889.8264334918752,0.0,889.8264334918752
1668507768.5312235,2.793,0.0,-0.00148984,-0.00013646,1.0,0.0,889.8264334918752,0.0,889.8264334918752
1668507828.4319482,2.797,0.004,-0.0011375,0.00035234,0.0,1.0,0.0,318.13601483442085,889.8264334918752
1668507888.4289742,2.795,-0.0020000000000002,-0.00113303,4.470000000000125e-06,0.0,1.0,0.0,318.13601483442085,889.1901614622062
1668507948.512205,2.795,0.0,-0.00113303,0.0,0.0,1.0,0.0,318.13601483442085,889.1901614622062
1668508008.632847,2.789,-0.0059999999999997,-0.00159525,-0.00046222,1.0,0.0,887.2813453731998,0.0,887.2813453731998
1668508068.5749717,2.791,0.0019999999999997,-0.00184125,-0.0002459999999999,1.0,0.0,887.2813453731998,0.0,887.2813453731998
1668508128.3293407,2.791,0.0,-0.00184125,0.0,1.0,0.0,887.2813453731998,0.0,887.2813453731998
1668508188.4792924,2.788,-0.0030000000000001,-0.00243797,-0.0005967199999999,1.0,0.0,887.2813453731998,0.0,887.2813453731998
1668508248.639791,2.786,-0.0019999999999997,-0.00259751,-0.00015954,1.0,0.0,887.2813453731998,0.0,887.2813453731998
1668508308.5447457,2.789,0.0030000000000001,-0.00264801,-5.05000000000002e-05,1.0,0.0,887.2813453731998,0.0,887.2813453731998
1668508368.628873,2.793,0.004,-0.00227671,0.0003713,0.0,1.0,0.0,317.6803957655566,887.2813453731997
1668508428.5285776,2.787,-0.0060000000000002,-0.00280895,-0.00053224,1.0,0.0,885.3752629986063,0.0,885.3752629986063
1668508488.6048515,2.787,0.0,-0.00300462,-0.0001956699999999,1.0,0.0,885.3752629986063,0.0,885.3752629986063
1668508548.750728,2.784,-0.0030000000000001,-0.003238,-0.00023338,1.0,0.0,885.3752629986063,0.0,885.3752629986063
1668508608.629047,2.788,0.004,-0.00306486,0.00017314,0.0,1.0,0.0,317.56645014297214,885.3752629986063
1668508668.6609845,2.793,0.0050000000000003,-0.00249542,0.00056944,0.0,1.0,0.0,317.56645014297214,886.9630952493212
1668508728.5840683,2.796,0.0029999999999996,-0.00196629,0.00052913,0.0,1.0,0.0,317.56645014297214,887.91579459975
1668508788.528661,2.797,0.0010000000000003,-0.00113888,0.0008274099999999,0.0,1.0,0.0,317.56645014297214,888.2333610498931
1668508848.5624902,2.798,0.0009999999999998,-0.00052286,0.00061602,0.0,1.0,0.0,317.56645014297214,888.5509275000361
1668508908.3984528,2.806,0.008,0.00109663,0.00161949,0.0,1.0,0.0,317.56645014297214,891.0914591011799
1668508968.687809,2.807,0.0009999999999998,0.00193274,0.00083611,0.0,1.0,0.0,317.56645014297214,891.4090255513228
1668509028.733807,2.805,-0.0019999999999997,0.00240624,0.0004734999999999,0.0,1.0,0.0,317.56645014297214,890.7738926510369
1668509088.540814,2.81,0.0049999999999998,0.00247116,6.492e-05,0.0,1.0,0.0,317.56645014297214,892.3617249017517
1668509148.5039115,2.81,0.0,0.00281181,0.00034065,0.0,1.0,0.0,317.56645014297214,892.3617249017517
1668509208.64498,2.807,-0.0030000000000001,0.00318235,0.0003705399999999,0.0,1.0,0.0,317.56645014297214,891.4090255513228
1668509268.662083,2.806,-0.0009999999999998,0.00335661,0.0001742599999999,0.0,1.0,0.0,317.56645014297214,891.0914591011799
1668509328.9441156,2.801,-0.0049999999999998,0.00295775,-0.00039886,1.0,0.0,889.503626850465,0.0,889.503626850465
1668509388.9109635,2.805,0.004,0.00287158,-8.617e-05,1.0,0.0,889.503626850465,0.0,889.503626850465
1668509449.2360675,2.801,-0.004,0.00261652,-0.00025506,1.0,0.0,889.503626850465,0.0,889.503626850465
1668509508.5986404,2.801,0.0,0.00261652,0.0,1.0,0.0,889.503626850465,0.0,889.503626850465
1668509568.6029522,2.803,0.0019999999999997,0.00254642,-7.009999999999959e-05,1.0,0.0,889.503626850465,0.0,889.503626850465
1668509628.5572495,2.805,0.0020000000000002,0.00286838,0.0003219599999999,0.0,1.0,0.0,317.11359246005884,889.5036268504651
1668509688.6649427,2.806,0.0009999999999998,0.00294816,7.978000000000022e-05,0.0,1.0,0.0,317.11359246005884,889.8207404429252
1668509748.897488,2.807,0.0009999999999998,0.00305908,0.00011092,0.0,1.0,0.0,317.11359246005884,890.1378540353851
1668509808.8066864,2.813,0.0060000000000002,0.00353771,0.0004786299999999,0.0,1.0,0.0,317.11359246005884,892.0405355901456
1668509868.503095,2.81,-0.0030000000000001,0.00371999,0.0001822799999999,0.0,1.0,0.0,317.11359246005884,891.0891948127653
1668509928.6792302,2.815,0.0049999999999998,0.00452721,0.00080722,0.0,1.0,0.0,317.11359246005884,892.6747627750656
1668509988.6886358,2.814,-0.0009999999999998,0.00483897,0.0003117599999999,0.0,1.0,0.0,317.11359246005884,892.3576491826055
1668510048.608232,2.815,0.0009999999999998,0.00510604,0.00026707,0.0,1.0,0.0,317.11359246005884,892.6747627750656
1668510108.6801565,2.813,-0.0019999999999997,0.0049465,-0.0001595399999999,1.0,0.0,892.0405355901456,0.0,892.0405355901456
1668510168.615411,2.818,0.0049999999999998,0.00542482,0.0004783199999999,0.0,1.0,0.0,316.5509352697465,892.0405355901456
1668510228.5420728,2.828,0.0099999999999997,0.00654543,0.0011206099999999,0.0,1.0,0.0,316.5509352697465,895.206044942843
1668510288.6581712,2.828,0.0,0.00728359,0.00073816,0.0,1.0,0.0,316.5509352697465,895.206044942843
1668510348.741378,2.838,0.0100000000000002,0.0086355,0.00135191,0.0,1.0,0.0,316.5509352697465,898.3715542955406
1668510408.570342,2.825,-0.0129999999999999,0.00818606,-0.00044944,1.0,0.0,894.2563921370339,0.0,894.2563921370339
1668510468.5044374,2.82,-0.0050000000000003,0.00765156,-0.0005345,1.0,0.0,894.2563921370339,0.0,894.2563921370339
1668510529.1132567,2.827,0.0070000000000001,0.00757809,-7.346999999999996e-05,1.0,0.0,894.2563921370339,0.0,894.2563921370339
1668510588.5102148,2.826,-0.0009999999999998,0.00749831,-7.977999999999978e-05,1.0,0.0,894.2563921370339,0.0,894.2563921370339
1668510648.490187,2.824,-0.0020000000000002,0.00707076,-0.00042755,1.0,0.0,894.2563921370339,0.0,894.2563921370339
1668510708.7458615,2.82,-0.004,0.00633611,-0.0007346499999999,1.0,0.0,894.2563921370339,0.0,894.2563921370339
1668510768.5778458,2.821,0.0010000000000003,0.00564492,-0.0006911899999999,1.0,0.0,894.2563921370339,0.0,894.2563921370339
1668510828.5941665,2.814,-0.0070000000000001,0.00454406,-0.00110086,1.0,0.0,894.2563921370339,0.0,894.2563921370339
1668510888.9315398,2.808,-0.0060000000000002,0.00315205,-0.00139201,1.0,0.0,894.2563921370339,0.0,894.2563921370339
1668510948.7663815,2.81,0.0020000000000002,0.00243235,-0.0007197,1.0,0.0,894.2563921370339,0.0,894.2563921370339
1668511008.9362955,2.805,-0.0049999999999998,0.00094644,-0.0014859099999999,1.0,0.0,894.2563921370339,0.0,894.2563921370339
1668511068.5996385,2.805,0.0,2.24e-05,-0.00092404,1.0,0.0,894.2563921370339,0.0,894.2563921370339
1668511128.5806365,2.775,-0.0300000000000002,-0.00457225,-0.00459465,1.0,0.0,894.2563921370339,0.0,894.2563921370339
1668511188.5457067,2.772,-0.0030000000000001,-0.00655041,-0.00197816,1.0,0.0,894.2563921370339,0.0,894.2563921370339
1668511248.6010926,2.778,0.0060000000000002,-0.00785855,-0.00130814,1.0,0.0,894.2563921370339,0.0,894.2563921370339
1668511308.6788976,2.78,0.0019999999999997,-0.00838708,-0.0005285299999999,1.0,0.0,894.2563921370339,0.0,894.2563921370339
1668511368.8729832,2.787,0.0070000000000001,-0.0082731,0.0001139799999999,0.0,1.0,0.0,320.86702265412055,894.2563921370339
1668511429.115415,2.788,0.0009999999999998,-0.00819542,7.768000000000011e-05,0.0,1.0,0.0,320.86702265412055,894.577259159688
1668511488.6443195,2.783,-0.0049999999999998,-0.0084998,-0.0003043799999999,1.0,0.0,892.9729240464175,0.0,892.9729240464175
1668511548.846685,2.785,0.0020000000000002,-0.00829437,0.0002054299999999,0.0,1.0,0.0,320.6365975032019,892.9729240464175
1668511608.8514135,2.788,0.0029999999999996,-0.00779958,0.00049479,0.0,1.0,0.0,320.6365975032019,893.9348338389269
1668511668.934092,2.787,-0.0009999999999998,-0.00787935,-7.976999999999984e-05,1.0,0.0,893.6141972414238,0.0,893.6141972414238
1668511729.0618908,2.79,0.0030000000000001,-0.00722508,0.00065427,0.0,1.0,0.0,320.2918269682522,893.6141972414238
1668511788.868335,2.785,-0.0049999999999998,-0.00721377,1.130999999999962e-05,0.0,1.0,0.0,320.2918269682522,892.0127381065824
1668511848.6585262,2.785,0.0,-0.00721377,0.0,0.0,1.0,0.0,320.2918269682522,892.0127381065824
1668511908.7441332,2.789,0.004,-0.00661612,0.00059765,0.0,1.0,0.0,320.2918269682522,893.2939054144555
1668511968.6806705,2.79,0.0009999999999998,-0.00653635,7.976999999999984e-05,0.0,1.0,0.0,320.2918269682522,893.6141972414238
1668512028.9958909,2.791,0.0009999999999998,-0.00530956,0.00122679,0.0,1.0,0.0,320.2918269682522,893.9344890683919
1668512088.765453,2.791,0.0,-0.00476208,0.0005474799999999,0.0,1.0,0.0,320.2918269682522,893.9344890683919
1668512148.7200758,2.794,0.0030000000000001,-0.00397797,0.00078411,0.0,1.0,0.0,320.2918269682522,894.8953645492967
1668512209.038465,2.787,-0.0070000000000001,-0.00418558,-0.00020761,1.0,0.0,892.6533217605189,0.0,892.6533217605189
1668512269.0744302,2.79,0.0030000000000001,-0.00374962,0.00043596,0.0,1.0,0.0,319.94742715430783,892.6533217605189
1668512328.7452295,2.785,-0.0049999999999998,-0.00407305,-0.00032343,1.0,0.0,891.0535846247474,0.0,891.0535846247474
1668512388.8256476,2.783,-0.0020000000000002,-0.00418958,-0.00011653,1.0,0.0,891.0535846247474,0.0,891.0535846247474
1668512448.8038428,2.777,-0.0059999999999997,-0.00477336,-0.0005837799999999,1.0,0.0,891.0535846247474,0.0,891.0535846247474
1668512508.7289295,2.781,0.004,-0.00460998,0.00016338,0.0,1.0,0.0,320.40761762846,891.0535846247473
1668512568.9132636,2.784,0.0029999999999996,-0.00437762,0.00023236,0.0,1.0,0.0,320.40761762846,892.0148074776325
1668512628.8161905,2.78,-0.004,-0.00469671,-0.00031909,1.0,0.0,890.7331770071188,0.0,890.7331770071188
1668512688.800264,2.781,0.0010000000000003,-0.00458898,0.0001077299999999,0.0,1.0,0.0,320.29240453330414,890.7331770071188
1668512748.7762344,2.788,0.0069999999999996,-0.00345144,0.00113754,0.0,1.0,0.0,320.29240453330414,892.9752238388519
1668512808.869985,2.783,-0.0049999999999998,-0.00335723,9.420999999999995e-05,0.0,1.0,0.0,320.29240453330414,891.3737618161854
1668512869.1687803,2.787,0.004,-0.00292607,0.00043116,0.0,1.0,0.0,320.29240453330414,892.6549314343187
1668512928.765551,2.79,0.0030000000000001,-0.00194606,0.0009800099999999,0.0,1.0,0.0,320.29240453330414,893.6158086479186
1668512988.7580569,2.789,-0.0009999999999998,-0.00148766,0.0004584,0.0,1.0,0.0,320.29240453330414,893.2955162433852
1668513048.697928,2.789,0.0,-0.00129815,0.0001895099999999,0.0,1.0,0.0,320.29240453330414,893.2955162433852
1668513108.8947694,2.792,0.0029999999999996,-0.00034034,0.00095781,0.0,1.0,0.0,320.29240453330414,894.256393456985
1668513168.8409035,2.792,0.0,-8.604e-05,0.0002543,0.0,1.0,0.0,320.29240453330414,894.256393456985
1668513228.893122,2.792,0.0,0.00011418,0.0002002199999999,0.0,1.0,0.0,320.29240453330414,894.256393456985
1668513288.7571435,2.792,0.0,0.00051611,0.00040193,0.0,1.0,0.0,320.29240453330414,894.256393456985
1668513348.898426,2.792,0.0,0.00057513,5.9020000000000014e-05,0.0,1.0,0.0,320.29240453330414,894.256393456985
1668513408.8707335,2.789,-0.0029999999999996,0.0003755,-0.0001996299999999,1.0,0.0,893.2955162433852,0.0,893.2955162433852
1668513468.6969297,2.787,-0.0020000000000002,0.00011687,-0.00025863,1.0,0.0,893.2955162433852,0.0,893.2955162433852
1668513528.6390717,2.79,0.0030000000000001,0.0002129,9.603e-05,0.0,1.0,0.0,320.1776043883101,893.2955162433852
1668513588.8653157,2.79,0.0,0.0002129,0.0,0.0,1.0,0.0,320.1776043883101,893.2955162433852
1668513648.8018568,2.786,-0.004,-0.00044746,-0.00066036,1.0,0.0,892.0148058258319,0.0,892.0148058258319
1668513708.9203546,2.782,-0.004,-0.00117271,-0.00072525,1.0,0.0,892.0148058258319,0.0,892.0148058258319
1668513769.0127456,2.784,0.0019999999999997,-0.00144211,-0.0002693999999999,1.0,0.0,892.0148058258319,0.0,892.0148058258319
1668513828.7448032,2.781,-0.0029999999999996,-0.00212151,-0.0006794,1.0,0.0,892.0148058258319,0.0,892.0148058258319
1668513888.9375796,2.778,-0.0030000000000001,-0.00255645,-0.00043494,1.0,0.0,892.0148058258319,0.0,892.0148058258319
1668513948.6862752,2.779,0.0009999999999998,-0.0027883,-0.00023185,1.0,0.0,892.0148058258319,0.0,892.0148058258319
1668514008.721047,2.779,0.0,-0.0027883,0.0,1.0,0.0,892.0148058258319,0.0,892.0148058258319
1668514068.8485298,2.78,0.0009999999999998,-0.00285841,-7.010999999999996e-05,1.0,0.0,892.0148058258319,0.0,892.0148058258319
1668514128.6394515,2.785,0.0050000000000003,-0.0024819,0.00037651,0.0,1.0,0.0,320.2925694168157,892.0148058258319
1668514188.7624218,2.784,-0.0010000000000003,-0.00211522,0.0003666799999999,0.0,1.0,0.0,320.2925694168157,891.6945132564148
1668514248.8139062,2.79,0.0060000000000002,-0.0014502,0.00066502,0.0,1.0,0.0,320.2925694168157,893.6162686729158
1668514308.736681,2.79,0.0,-0.0014502,0.0,0.0,1.0,0.0,320.2925694168157,893.6162686729158
1668514368.8471324,2.79,0.0,-0.00091265,0.00053755,0.0,1.0,0.0,320.2925694168157,893.6162686729158
1668514428.6999855,2.79,0.0,-0.00048109,0.00043156,0.0,1.0,0.0,320.2925694168157,893.6162686729158
1668514488.877298,2.796,0.0059999999999997,0.00040274,0.0008838299999999,0.0,1.0,0.0,320.2925694168157,895.5380240894166
1668514548.7632446,2.803,0.0070000000000001,0.00096114,0.0005583999999999,0.0,1.0,0.0,320.2925694168157,897.7800720753344
1668514608.9230137,2.8,-0.0030000000000001,0.00258307,0.0016219299999999,0.0,1.0,0.0,320.2925694168157,896.8191943670839
1668514668.8003109,2.801,0.0010000000000003,0.00266284,7.977000000000027e-05,0.0,1.0,0.0,320.2925694168157,897.1394869365008
1668514728.830547,2.801,0.0,0.00266284,0.0,0.0,1.0,0.0,320.2925694168157,897.1394869365008
1668514788.78204,2.8,-0.0010000000000003,0.00305823,0.0003953899999999,0.0,1.0,0.0,320.2925694168157,896.8191943670839
1668514848.7058203,2.806,0.0060000000000002,0.00418132,0.0011230899999999,0.0,1.0,0.0,320.2925694168157,898.7409497835848
1668514908.897161,2.798,-0.008,0.00400042,-0.0001808999999999,1.0,0.0,896.1786092282504,0.0,896.1786092282504
1668514968.8773065,2.804,0.0059999999999997,0.0044765,0.0004760799999999,0.0,1.0,0.0,319.607207285396,896.1786092282503
1668515028.6825705,2.805,0.0010000000000003,0.00481394,0.00033744,0.0,1.0,0.0,319.607207285396,896.4982164355358
1668515088.8310227,2.807,0.0019999999999997,0.00511959,0.00030565,0.0,1.0,0.0,319.607207285396,897.1374308501065
1668515148.8172023,2.81,0.0030000000000001,0.00547753,0.00035794,0.0,1.0,0.0,319.607207285396,898.0962524719628
1668515208.916427,2.808,-0.0020000000000002,0.00559759,0.0001200599999999,0.0,1.0,0.0,319.607207285396,897.4570380573919
1668515269.08723,2.808,0.0,0.00556537,-3.222000000000034e-05,1.0,0.0,897.4570380573919,0.0,897.4570380573919
1668515328.9930546,2.803,-0.0049999999999998,0.00507784,-0.0004875299999999,1.0,0.0,897.4570380573919,0.0,897.4570380573919
1668515388.7541184,2.808,0.0049999999999998,0.00503687,-4.0970000000000416e-05,1.0,0.0,897.4570380573919,0.0,897.4570380573919
1668515448.9875426,2.81,0.0020000000000002,0.00519641,0.00015954,0.0,1.0,0.0,319.37972884604693,897.4570380573919
1668515508.9138885,2.811,0.0009999999999998,0.00530986,0.0001134499999999,0.0,1.0,0.0,319.37972884604693,897.7764177862379
1668515569.1631954,2.816,0.0049999999999998,0.0057371,0.00042724,0.0,1.0,0.0,319.37972884604693,899.3733164304681
1668515628.751756,2.816,0.0,0.00612963,0.0003925299999999,0.0,1.0,0.0,319.37972884604693,899.3733164304681
1668515688.7292275,2.81,-0.0059999999999997,0.00576368,-0.0003659499999999,1.0,0.0,897.4570380573919,0.0,897.4570380573919
1668515748.8641825,2.812,0.0019999999999997,0.00592322,0.0001595399999999,0.0,1.0,0.0,319.1525739891152,897.4570380573919
1668515809.008554,2.811,-0.0009999999999998,0.00561424,-0.0003089799999999,1.0,0.0,897.1378854834028,0.0,897.1378854834028
1668515869.1094625,2.81,-0.0009999999999998,0.00516681,-0.00044743,1.0,0.0,897.1378854834028,0.0,897.1378854834028
1668515928.9981844,2.81,0.0,0.00516681,0.0,1.0,0.0,897.1378854834028,0.0,897.1378854834028
1668515989.0730245,2.81,0.0,0.00449315,-0.00067366,1.0,0.0,897.1378854834028,0.0,897.1378854834028
1668516048.9848604,2.816,0.0059999999999997,0.00497178,0.00047863,0.0,1.0,0.0,318.58589683359475,897.1378854834028
1668516109.109339,2.817,0.0010000000000003,0.0051139,0.0001421199999999,0.0,1.0,0.0,318.58589683359475,897.4564713802365
1668516168.8969758,2.817,0.0,0.00535174,0.0002378399999999,0.0,1.0,0.0,318.58589683359475,897.4564713802365
1668516229.006632,2.817,0.0,0.0052896,-6.213999999999959e-05,1.0,0.0,897.4564713802365,0.0,897.4564713802365
1668516288.994689,2.818,0.0009999999999998,0.00536937,7.976999999999984e-05,0.0,1.0,0.0,318.4728429312408,897.4564713802366
1668516348.995488,2.813,-0.0049999999999998,0.00439423,-0.00097514,1.0,0.0,895.8641071655804,0.0,895.8641071655804
1668516409.1570668,2.812,-0.0010000000000003,0.00397499,-0.0004192399999999,1.0,0.0,895.8641071655804,0.0,895.8641071655804
1668516468.9342756,2.809,-0.0029999999999996,0.00311556,-0.00085943,1.0,0.0,895.8641071655804,0.0,895.8641071655804
1668516529.0855649,2.816,0.0069999999999996,0.00364624,0.00053068,0.0,1.0,0.0,318.1335607832317,895.8641071655804
1668516589.0804706,2.812,-0.004,0.00332716,-0.0003190799999999,1.0,0.0,894.5915729224475,0.0,894.5915729224475
1668516648.8474486,2.81,-0.0019999999999997,0.00285798,-0.00046918,1.0,0.0,894.5915729224475,0.0,894.5915729224475
1668516708.9940145,2.803,-0.0070000000000001,0.00189942,-0.00095856,1.0,0.0,894.5915729224475,0.0,894.5915729224475
1668516768.8844502,2.804,0.0009999999999998,0.00132971,-0.00056971,1.0,0.0,894.5915729224475,0.0,894.5915729224475
1668516829.0235684,2.803,-0.0009999999999998,0.00078662,-0.00054309,1.0,0.0,894.5915729224475,0.0,894.5915729224475
1668516888.892202,2.804,0.0009999999999998,0.0004917,-0.00029492,1.0,0.0,894.5915729224475,0.0,894.5915729224475
1668516948.9217362,2.801,-0.0029999999999996,-0.00017178,-0.0006634799999999,1.0,0.0,894.5915729224475,0.0,894.5915729224475
1668517008.974476,2.8,-0.0010000000000003,-0.0008926,-0.00072082,1.0,0.0,894.5915729224475,0.0,894.5915729224475
1668517068.8488083,2.806,0.0060000000000002,-0.00078195,0.00011065,0.0,1.0,0.0,318.81381786259715,894.5915729224477
1668517128.8656597,2.803,-0.0030000000000001,-0.00117293,-0.00039098,1.0,0.0,893.6351314688598,0.0,893.6351314688598
1668517188.9064631,2.801,-0.0019999999999997,-0.00143793,-0.000265,1.0,0.0,893.6351314688598,0.0,893.6351314688598
1668517248.8965378,2.806,0.0049999999999998,-0.00103907,0.00039886,0.0,1.0,0.0,318.4729620345188,893.6351314688598
1668517309.0683246,2.806,0.0,-0.00082041,0.0002186599999999,0.0,1.0,0.0,318.4729620345188,893.6351314688598
1668517369.1786013,2.814,0.008,-0.00018223,0.00063818,0.0,1.0,0.0,318.4729620345188,896.1829151651359
1668517428.9116082,2.809,-0.0049999999999998,8.6e-07,0.0001830899999999,0.0,1.0,0.0,318.4729620345188,894.5905503549633
1668517488.9167757,2.808,-0.0010000000000003,-7.891e-05,-7.977e-05,1.0,0.0,894.2720773929287,0.0,894.2720773929287
1668517548.979937,2.808,0.0,-7.891e-05,0.0,1.0,0.0,894.2720773929287,0.0,894.2720773929287
1668517609.0768228,2.808,0.0,-7.891e-05,0.0,1.0,0.0,894.2720773929287,0.0,894.2720773929287
1668517668.891138,2.805,-0.0029999999999996,-0.00035706,-0.00027815,1.0,0.0,894.2720773929287,0.0,894.2720773929287
1668517728.9142463,2.808,0.0029999999999996,-0.00026981,8.725000000000003e-05,0.0,1.0,0.0,318.4729620345188,894.2720773929287
1668517788.786378,2.811,0.0030000000000001,0.00010343,0.00037324,0.0,1.0,0.0,318.4729620345188,895.2274962790323
1668517848.9997203,2.815,0.004,0.00077536,0.00067193,0.0,1.0,0.0,318.4729620345188,896.5013881271703
1668517908.9697242,2.815,0.0,0.00077536,0.0,0.0,1.0,0.0,318.4729620345188,896.5013881271703
1668517968.912248,2.813,-0.0019999999999997,0.00153664,0.0007612799999999,0.0,1.0,0.0,318.4729620345188,895.8644422031014
1668518029.0378337,2.818,0.0049999999999998,0.00209446,0.0005578199999999,0.0,1.0,0.0,318.4729620345188,897.456807013274
1668518088.9709916,2.814,-0.004,0.00177538,-0.0003190799999999,1.0,0.0,896.1829151651359,0.0,896.1829151651359
1668518149.0715551,2.816,0.0019999999999997,0.00220957,0.00043419,0.0,1.0,0.0,318.2467738512557,896.1829151651359
1668518208.9375849,2.813,-0.0029999999999996,0.00202567,-0.0001839,1.0,0.0,895.2281748435823,0.0,895.2281748435823
1668518268.973936,2.812,-0.0010000000000003,0.00184123,-0.0001844399999999,1.0,0.0,895.2281748435823,0.0,895.2281748435823
1668518328.974923,2.815,0.0030000000000001,0.00191506,7.382999999999999e-05,0.0,1.0,0.0,318.0206660190346,895.2281748435823
1668518389.0576365,2.815,0.0,0.00213585,0.00022079,0.0,1.0,0.0,318.0206660190346,895.2281748435823
1668518449.8326783,2.819,0.004,0.00245493,0.00031908,0.0,1.0,0.0,318.0206660190346,896.5002575076585
1668518509.752336,2.814,-0.0049999999999998,0.00177991,-0.00067502,1.0,0.0,894.9101541775634,0.0,894.9101541775634
1668518569.7703578,2.814,0.0,0.00163159,-0.0001483199999999,1.0,0.0,894.9101541775634,0.0,894.9101541775634
1668518630.5906084,2.814,0.0,0.00163159,0.0,1.0,0.0,894.9101541775634,0.0,894.9101541775634
1668518690.5560975,2.814,0.0,0.00163159,0.0,1.0,0.0,894.9101541775634,0.0,894.9101541775634
1668518750.573306,2.815,0.0009999999999998,0.00150306,-0.0001285299999999,1.0,0.0,894.9101541775634,0.0,894.9101541775634
1668518811.6285026,2.816,0.0009999999999998,0.00152256,1.9499999999999983e-05,0.0,1.0,0.0,317.794799068737,894.9101541775634
1668518871.8481936,2.815,-0.0009999999999998,0.00144162,-8.094000000000005e-05,1.0,0.0,894.5923593784946,0.0,894.5923593784946
1668518931.8638656,2.818,0.0030000000000001,0.001602,0.0001603799999999,0.0,1.0,0.0,317.45647955234017,894.5923593784946
1668518992.4849305,2.827,0.0089999999999998,0.00248985,0.00088785,0.0,1.0,0.0,317.45647955234017,897.4494676944656
1668519052.4794698,2.877,0.0499999999999998,0.00733045,0.0048406,0.0,1.0,0.0,317.45647955234017,913.3222916720824
1668519112.5381918,2.866,-0.0109999999999996,0.00985124,0.00252079,0.0,1.0,0.0,317.45647955234017,909.830270397007
1668519173.2334092,2.874,0.008,0.01278508,0.00293384,0.0,1.0,0.0,317.45647955234017,912.3699222334257
1668519233.240626,2.875,0.0009999999999998,0.01550593,0.0027208499999999,0.0,1.0,0.0,317.45647955234017,912.687378712978
1668519293.1328335,2.875,0.0,0.01664844,0.00114251,0.0,1.0,0.0,317.45647955234017,912.687378712978
1668519354.246693,2.847,-0.028,0.01512023,-0.00152821,1.0,0.0,903.7985972855124,0.0,903.7985972855124
1668519414.1390507,2.855,0.008,0.0142656,-0.00085463,1.0,0.0,903.7985972855124,0.0,903.7985972855124
1668519474.2710023,2.862,0.0070000000000001,0.0138089,-0.0004566999999999,1.0,0.0,903.7985972855124,0.0,903.7985972855124
1668519535.231265,2.859,-0.0030000000000001,0.01318213,-0.00062677,1.0,0.0,903.7985972855124,0.0,903.7985972855124
1668519595.1275618,2.85,-0.0089999999999998,0.01170244,-0.00147969,1.0,0.0,903.7985972855124,0.0,903.7985972855124
1668519655.277482,2.845,-0.0049999999999998,0.01020024,-0.0015022,1.0,0.0,903.7985972855124,0.0,903.7985972855124
1668519715.808724,2.853,0.008,0.00967023,-0.0005300099999999,1.0,0.0,903.7985972855124,0.0,903.7985972855124
1668519775.804787,2.855,0.0019999999999997,0.00942751,-0.00024272,1.0,0.0,903.7985972855124,0.0,903.7985972855124
1668519835.8072534,2.857,0.0020000000000002,0.00922604,-0.00020147,1.0,0.0,903.7985972855124,0.0,903.7985972855124
1668519896.9192753,2.851,-0.0060000000000002,0.00842192,-0.00080412,1.0,0.0,903.7985972855124,0.0,903.7985972855124
1668519956.9241283,2.854,0.0030000000000001,0.00787366,-0.00054826,1.0,0.0,903.7985972855124,0.0,903.7985972855124
1668520016.9409397,2.839,-0.0150000000000001,0.00578918,-0.0020844799999999,1.0,0.0,903.7985972855124,0.0,903.7985972855124
1668520077.7190635,2.834,-0.0049999999999998,0.00369756,-0.0020916199999999,1.0,0.0,903.7985972855124,0.0,903.7985972855124
1668520137.5795767,2.838,0.004,0.00265009,-0.00104747,1.0,0.0,903.7985972855124,0.0,903.7985972855124
1668520197.6075983,2.84,0.0019999999999997,0.00202218,-0.0006279099999999,1.0,0.0,903.7985972855124,0.0,903.7985972855124
1668520258.3806984,2.848,0.008,0.00220786,0.0001856799999999,0.0,1.0,0.0,317.3450130918232,903.7985972855124
1668520318.3514674,2.843,-0.0049999999999998,0.00186772,-0.0003401399999999,1.0,0.0,902.2118722200534,0.0,902.2118722200534
1668520378.468658,2.834,-0.0089999999999998,0.00110927,-0.0007584499999999,1.0,0.0,902.2118722200534,0.0,902.2118722200534
1668520439.18761,2.835,0.0009999999999998,0.00039467,-0.0007146,1.0,0.0,902.2118722200534,0.0,902.2118722200534
1668520499.1013324,2.836,0.0009999999999998,-8.992e-05,-0.00048459,1.0,0.0,902.2118722200534,0.0,902.2118722200534
1668520559.283399,2.836,0.0,-3.743e-05,5.249000000000001e-05,0.0,1.0,0.0,318.12830473203576,902.2118722200534
1668520620.2813735,2.841,0.0050000000000003,-3.452e-05,2.909999999999997e-06,0.0,1.0,0.0,318.12830473203576,903.8025137437136
1668520680.2253942,2.846,0.0049999999999998,0.00030543,0.00033995,0.0,1.0,0.0,318.12830473203576,905.3931552673738
1668520740.238204,2.851,0.0049999999999998,0.00127601,0.00097058,0.0,1.0,0.0,318.12830473203576,906.983796791034
1668520800.945215,2.856,0.0049999999999998,0.00235553,0.00107952,0.0,1.0,0.0,318.12830473203576,908.574438314694
1668520861.1182723,2.85,-0.0059999999999997,0.00238515,2.9619999999999733e-05,0.0,1.0,0.0,318.12830473203576,906.665668486302
1668520921.0840826,2.844,-0.0060000000000002,0.00202755,-0.0003576,1.0,0.0,904.7568986579096,0.0,904.7568986579096
1668520981.7418811,2.845,0.0010000000000003,0.00180404,-0.0002235099999999,1.0,0.0,904.7568986579096,0.0,904.7568986579096
1668521041.761914,2.835,-0.0100000000000002,0.00081064,-0.0009934,1.0,0.0,904.7568986579096,0.0,904.7568986579096
1668521101.6946635,2.839,0.004,0.00034219,-0.00046845,1.0,0.0,904.7568986579096,0.0,904.7568986579096
1668521162.768283,2.847,0.008,0.00060945,0.00026726,0.0,1.0,0.0,317.79307996414104,904.7568986579096
1668521222.8648946,2.848,0.0009999999999998,0.00095326,0.00034381,0.0,1.0,0.0,317.79307996414104,905.0746917378736
1668521282.728511,2.841,-0.0069999999999996,0.00040608,-0.00054718,1.0,0.0,902.8501401781248,0.0,902.8501401781248
1668521343.4965007,2.839,-0.0020000000000002,6.23e-05,-0.00034378,1.0,0.0,902.8501401781248,0.0,902.8501401781248
1668521403.8022833,2.831,-0.008,-0.0010932,-0.0011554999999999,1.0,0.0,902.8501401781248,0.0,902.8501401781248
1668521463.5787055,2.834,0.0030000000000001,-0.00125128,-0.00015808,1.0,0.0,902.8501401781248,0.0,902.8501401781248
1668521524.3440585,2.841,0.0070000000000001,-0.00111497,0.0001363099999999,0.0,1.0,0.0,317.79307996414104,902.8501401781248
1668521584.3934884,2.84,-0.0010000000000003,-0.00107524,3.972999999999997e-05,0.0,1.0,0.0,317.79307996414104,902.5323470981604
1668521644.6002204,2.833,-0.0069999999999996,-0.0019598,-0.0008845599999999,1.0,0.0,900.3077955384116,0.0,900.3077955384116
1668521705.3061986,2.833,0.0,-0.00225551,-0.00029571,1.0,0.0,900.3077955384116,0.0,900.3077955384116
1668521765.5424335,2.824,-0.0090000000000003,-0.00317943,-0.00092392,1.0,0.0,900.3077955384116,0.0,900.3077955384116
1668521825.4698246,2.828,0.004,-0.00354798,-0.00036855,1.0,0.0,900.3077955384116,0.0,900.3077955384116
1668521886.1354425,2.822,-0.0059999999999997,-0.00427493,-0.0007269499999999,1.0,0.0,900.3077955384116,0.0,900.3077955384116
1668521946.1239314,2.819,-0.0030000000000001,-0.00503507,-0.00076014,1.0,0.0,900.3077955384116,0.0,900.3077955384116
1668522006.0948749,2.827,0.008,-0.00456553,0.00046954,0.0,1.0,0.0,318.4675612092011,900.3077955384115
1668522066.9240656,2.828,0.0009999999999998,-0.00444085,0.00012468,0.0,1.0,0.0,318.4675612092011,900.6262630996207
1668522126.9984365,2.832,0.004,-0.00366552,0.0007753299999999,0.0,1.0,0.0,318.4675612092011,901.9001333444576
1668522186.9851556,2.831,-0.0009999999999998,-0.00340856,0.0002569599999999,0.0,1.0,0.0,318.4675612092011,901.5816657832484
1668522248.5901327,2.835,0.004,-0.00284931,0.00055925,0.0,1.0,0.0,318.4675612092011,902.8555360280852
1668522308.632801,2.84,0.0049999999999998,-0.002103,0.00074631,0.0,1.0,0.0,318.4675612092011,904.4478738341312
1668522368.2875676,2.842,0.0020000000000002,-0.001025,0.0010779999999999,0.0,1.0,0.0,318.4675612092011,905.0848089565496
1668522429.4266653,2.842,0.0,-0.00035624,0.00066876,0.0,1.0,0.0,318.4675612092011,905.0848089565496
1668522489.1872442,2.845,0.0030000000000001,0.0004111,0.00076734,0.0,1.0,0.0,318.4675612092011,906.0402116401772
1668522549.191583,2.845,0.0,0.00100761,0.00059651,0.0,1.0,0.0,318.4675612092011,906.0402116401772
1668522610.0603545,2.845,0.0,0.0012787,0.00027109,0.0,1.0,0.0,318.4675612092011,906.0402116401772
1668522670.0666704,2.851,0.0059999999999997,0.00208106,0.00080236,0.0,1.0,0.0,318.4675612092011,907.9510170074324
1668522730.0058496,2.852,0.0009999999999998,0.00282825,0.00074719,0.0,1.0,0.0,318.4675612092011,908.2694845686416
1668522790.853813,2.849,-0.0029999999999996,0.00314211,0.00031386,0.0,1.0,0.0,318.4675612092011,907.314081885014
1668522851.0842805,2.849,0.0,0.00314211,0.0,0.0,1.0,0.0,318.4675612092011,907.314081885014
1668522910.9072402,2.852,0.0029999999999996,0.00359152,0.0004494099999999,0.0,1.0,0.0,318.4675612092011,908.2694845686416
1668522971.6639678,2.851,-0.0009999999999998,0.00402224,0.0004307199999999,0.0,1.0,0.0,318.4675612092011,907.9510170074324
1668523032.027526,2.853,0.0020000000000002,0.00441438,0.00039214,0.0,1.0,0.0,318.4675612092011,908.5879521298508
1668523092.1432111,2.849,-0.004,0.00409529,-0.00031909,1.0,0.0,907.314081885014,0.0,907.314081885014
1668523152.6298263,2.849,0.0,0.00409529,0.0,1.0,0.0,907.314081885014,0.0,907.314081885014
1668523212.613025,2.846,-0.0030000000000001,0.00312622,-0.0009690699999999,1.0,0.0,907.314081885014,0.0,907.314081885014
1668523272.5311182,2.845,-0.0009999999999998,0.00304645,-7.976999999999984e-05,1.0,0.0,907.314081885014,0.0,907.314081885014
1668523333.3995445,2.83,-0.0150000000000001,-0.00011929,-0.00316574,1.0,0.0,907.314081885014,0.0,907.314081885014
1668523393.229895,2.825,-0.0049999999999998,-0.00137644,-0.00125715,1.0,0.0,907.314081885014,0.0,907.314081885014
1668523453.3349197,2.822,-0.0030000000000001,-0.00161575,-0.0002393099999999,1.0,0.0,907.314081885014,0.0,907.314081885014
1668523514.360479,2.821,-0.0009999999999998,-0.0040618,-0.00244605,1.0,0.0,907.314081885014,0.0,907.314081885014
1668523574.4733431,2.813,-0.008,-0.00581217,-0.00175037,1.0,0.0,907.314081885014,0.0,907.314081885014
1668523634.4072042,2.818,0.0049999999999998,-0.00541331,0.00039886,0.0,1.0,0.0,321.97093040632154,907.3140818850142
1668523695.1762557,2.804,-0.0140000000000002,-0.0079038,-0.00249049,1.0,0.0,902.8064888593256,0.0,902.8064888593256
1668523755.1965835,2.8,-0.004,-0.00919361,-0.0012898099999999,1.0,0.0,902.8064888593256,0.0,902.8064888593256
1668523815.0799756,2.806,0.0060000000000002,-0.00871498,0.0004786299999999,0.0,1.0,0.0,321.7414429291966,902.8064888593256
1668523876.6953638,2.82,0.0139999999999997,-0.00747606,0.00123892,0.0,1.0,0.0,321.7414429291966,907.3108690603344
1668523937.211364,2.819,-0.0009999999999998,-0.00755584,-7.978000000000065e-05,1.0,0.0,906.9891276174052,0.0,906.9891276174052
1668523996.5931456,2.819,0.0,-0.00706541,0.00049043,0.0,1.0,0.0,321.7414429291966,906.9891276174052
1668524057.6158707,2.82,0.0009999999999998,-0.0064593,0.00060611,0.0,1.0,0.0,321.7414429291966,907.3108690603344
1668524117.849881,2.82,0.0,-0.00552448,0.00093482,0.0,1.0,0.0,321.7414429291966,907.3108690603344
1668524177.6245446,2.829,0.0090000000000003,-0.00402238,0.0015021,0.0,1.0,0.0,321.7414429291966,910.2065420466972
1668524239.647366,2.83,0.0009999999999998,-0.00303332,0.00098906,0.0,1.0,0.0,321.7414429291966,910.5282834896263
1668524298.6428182,2.84,0.0099999999999997,-0.00111909,0.0019142299999999,0.0,1.0,0.0,321.7414429291966,913.7456979189184
1668524358.6114376,2.836,-0.004,-0.00143817,-0.0003190799999999,1.0,0.0,912.4587321472014,0.0,912.4587321472014
1668524419.4741,2.836,0.0,-0.00143817,0.0,1.0,0.0,912.4587321472014,0.0,912.4587321472014
1668524479.2289443,2.833,-0.0029999999999996,-0.00038986,0.0010483099999999,0.0,1.0,0.0,322.0821504225914,912.4587321472014
1668524540.048571,2.84,0.0069999999999996,0.00103975,0.00142961,0.0,1.0,0.0,322.0821504225914,914.7133072001596
1668524600.4770854,2.84,0.0,0.00201842,0.0009786699999999,0.0,1.0,0.0,322.0821504225914,914.7133072001596
1668524660.3420396,2.841,0.0010000000000003,0.00246787,0.00044945,0.0,1.0,0.0,322.0821504225914,915.035389350582
1668524720.5991774,2.841,0.0,0.00279279,0.0003249199999999,0.0,1.0,0.0,322.0821504225914,915.035389350582
1668524781.9097698,2.848,0.0069999999999996,0.00412915,0.00133636,0.0,1.0,0.0,322.0821504225914,917.2899644035402
1668524841.782786,2.838,-0.0099999999999997,0.00327708,-0.0008520699999999,1.0,0.0,914.0691428993144,0.0,914.0691428993144
1668524901.0459025,2.832,-0.0060000000000002,0.00279844,-0.0004786399999999,1.0,0.0,914.0691428993144,0.0,914.0691428993144
1668524961.8717322,2.825,-0.0069999999999996,0.00172806,-0.00107038,1.0,0.0,914.0691428993144,0.0,914.0691428993144
1668525021.8680096,2.825,0.0,0.00105453,-0.00067353,1.0,0.0,914.0691428993144,0.0,914.0691428993144
1668525083.3731694,2.825,0.0,0.00020413,-0.0008503999999999,1.0,0.0,914.0691428993144,0.0,914.0691428993144
1668525143.5126815,2.824,-0.0010000000000003,-0.00094949,-0.00115362,1.0,0.0,914.0691428993144,0.0,914.0691428993144
1668525202.9478648,2.82,-0.004,-0.00187131,-0.00092182,1.0,0.0,914.0691428993144,0.0,914.0691428993144
1668525263.008274,2.818,-0.0019999999999997,-0.00260493,-0.00073362,1.0,0.0,914.0691428993144,0.0,914.0691428993144
1668525324.0815952,2.82,0.0019999999999997,-0.00280389,-0.0001989599999999,1.0,0.0,914.0691428993144,0.0,914.0691428993144
1668525384.515503,2.823,0.0030000000000001,-0.00256458,0.0002393099999999,0.0,1.0,0.0,323.79353273089424,914.0691428993144
1668525444.7510903,2.826,0.0030000000000001,-0.00211419,0.0004503899999999,0.0,1.0,0.0,323.79353273089424,915.0405234975073
1668525504.9868832,2.833,0.0070000000000001,-0.00105708,0.00105711,0.0,1.0,0.0,323.79353273089424,917.3070782266236
1668525564.6293778,2.835,0.0019999999999997,-0.00089754,0.00015954,0.0,1.0,0.0,323.79353273089424,917.9546652920852
1668525624.9989953,2.829,-0.0059999999999997,-0.00010417,0.00079337,0.0,1.0,0.0,323.79353273089424,916.0119040956998
1668525685.9655576,2.831,0.0019999999999997,5.537e-05,0.00015954,0.0,1.0,0.0,323.79353273089424,916.6594911611616
1668525746.627975,2.831,0.0,0.00018057,0.0001251999999999,0.0,1.0,0.0,323.79353273089424,916.6594911611616
1668525805.6755369,2.836,0.0049999999999998,0.00067546,0.00049489,0.0,1.0,0.0,323.79353273089424,918.278458824816
1668525866.5375834,2.836,0.0,0.00121803,0.0005425699999999,0.0,1.0,0.0,323.79353273089424,918.278458824816
1668525926.568976,2.837,0.0010000000000003,0.0012978,7.977000000000006e-05,0.0,1.0,0.0,323.79353273089424,918.6022523575472
1668525986.5983803,2.838,0.0009999999999998,0.00184786,0.00055006,0.0,1.0,0.0,323.79353273089424,918.926045890278
1668526047.7295845,2.84,0.0019999999999997,0.00223048,0.0003826199999999,0.0,1.0,0.0,323.79353273089424,919.5736329557396
1668526107.4655588,2.841,0.0010000000000003,0.00264619,0.00041571,0.0,1.0,0.0,323.79353273089424,919.8974264884706
1668526167.3925512,2.841,0.0,0.00287923,0.0002330399999999,0.0,1.0,0.0,323.79353273089424,919.8974264884706
1668526228.1493864,2.841,0.0,0.00287923,0.0,0.0,1.0,0.0,323.79353273089424,919.8974264884706
1668526288.2370486,2.84,-0.0010000000000003,0.00260093,-0.0002783,1.0,0.0,919.5736329557396,0.0,919.5736329557396
1668526348.4145775,2.843,0.0030000000000001,0.00315907,0.0005581399999999,0.0,1.0,0.0,323.451858232761,919.5736329557396
1668526409.122472,2.85,0.0070000000000001,0.00436149,0.00120242,0.0,1.0,0.0,323.451858232761,921.837795963369
1668526469.381029,2.854,0.004,0.00507295,0.0007114599999999,0.0,1.0,0.0,323.451858232761,923.1316033963
1668526529.3112552,2.851,-0.0030000000000001,0.00471733,-0.00035562,1.0,0.0,922.1612478216016,0.0,922.1612478216016
1668526590.4390025,2.851,0.0,0.00488676,0.00016943,0.0,1.0,0.0,323.45185823276097,922.1612478216016
1668526650.4271054,2.85,-0.0009999999999998,0.00482427,-6.249000000000011e-05,1.0,0.0,921.8377959633688,0.0,921.8377959633688
1668526710.6391723,2.859,0.0089999999999998,0.00611851,0.0012942399999999,0.0,1.0,0.0,322.43364671681314,921.8377959633688
1668526771.2441523,2.863,0.004,0.0067587,0.00064019,0.0,1.0,0.0,322.43364671681314,923.127530550236
1668526831.239471,2.866,0.0030000000000001,0.00736279,0.0006040899999999,0.0,1.0,0.0,322.43364671681314,924.0948314903864
1668526891.3566833,2.861,-0.0049999999999998,0.00735604,-6.749999999999812e-06,1.0,0.0,922.4826632568024,0.0,922.4826632568024
1668526951.9566402,2.866,0.0049999999999998,0.00791488,0.0005588399999999,0.0,1.0,0.0,321.8711316318222,922.4826632568024
1668527012.2558968,2.871,0.0049999999999998,0.00915319,0.00123831,0.0,1.0,0.0,321.8711316318222,924.0920189149616
1668527072.6911664,2.872,0.0009999999999998,0.00923296,7.976999999999984e-05,0.0,1.0,0.0,321.8711316318222,924.4138900465932
1668527132.9671202,2.87,-0.0019999999999997,0.00973813,0.0005051699999999,0.0,1.0,0.0,321.8711316318222,923.7701477833298
1668527192.9021547,2.865,-0.0049999999999998,0.00921314,-0.0005249899999999,1.0,0.0,922.1607921251708,0.0,922.1607921251708
1668527252.9794054,2.86,-0.0050000000000003,0.00881428,-0.0003988599999999,1.0,0.0,922.1607921251708,0.0,922.1607921251708
1668527313.701108,2.859,-0.0009999999999998,0.00717341,-0.00164087,1.0,0.0,922.1607921251708,0.0,922.1607921251708
1668527373.7520094,2.859,0.0,0.00632868,-0.00084473,1.0,0.0,922.1607921251708,0.0,922.1607921251708
1668527433.7782254,2.855,-0.004,0.00540065,-0.0009280299999999,1.0,0.0,922.1607921251708,0.0,922.1607921251708
1668527494.5684748,2.848,-0.0070000000000001,0.00374565,-0.0016549999999999,1.0,0.0,922.1607921251708,0.0,922.1607921251708
1668527555.6085353,2.846,-0.0019999999999997,0.0023745,-0.00137115,1.0,0.0,922.1607921251708,0.0,922.1607921251708
1668527614.4582314,2.844,-0.0020000000000002,0.00130113,-0.00107337,1.0,0.0,922.1607921251708,0.0,922.1607921251708
1668527675.5293536,2.855,0.0110000000000001,0.0015692,0.00026807,0.0,1.0,0.0,322.9985261384136,922.1607921251708
1668527735.4815767,2.853,-0.0019999999999997,0.00153657,-3.263000000000007e-05,1.0,0.0,921.514795072894,0.0,921.514795072894
1668527795.408922,2.853,0.0,0.00105963,-0.0004769399999999,1.0,0.0,921.514795072894,0.0,921.514795072894
1668527856.379001,2.852,-0.0010000000000003,0.00084412,-0.00021551,1.0,0.0,921.514795072894,0.0,921.514795072894
1668527916.2910402,2.854,0.0020000000000002,0.00094837,0.00010425,0.0,1.0,0.0,322.88535216289205,921.514795072894
1668527976.33366,2.849,-0.0049999999999998,0.00018743,-0.00076094,1.0,0.0,919.9003683120796,0.0,919.9003683120796
1668528037.0286758,2.846,-0.0030000000000001,-0.00015293,-0.00034036,1.0,0.0,919.9003683120796,0.0,919.9003683120796
1668528097.690489,2.856,0.0099999999999997,0.00074668,0.00089961,0.0,1.0,0.0,322.09396649582624,919.9003683120796
1668528157.1395135,2.844,-0.012,-0.00063107,-0.00137775,1.0,0.0,916.0352407141298,0.0,916.0352407141298
1668528218.0815835,2.834,-0.0099999999999997,-0.00255445,-0.00192338,1.0,0.0,916.0352407141298,0.0,916.0352407141298
1668528278.0409796,2.842,0.008,-0.00215318,0.00040127,0.0,1.0,0.0,322.3206336080682,916.0352407141298
1668528338.117691,2.85,0.008,-0.00155472,0.00059846,0.0,1.0,0.0,322.3206336080682,918.6138057829944
1668528399.1435487,2.855,0.0049999999999998,-0.00061131,0.00094341,0.0,1.0,0.0,322.3206336080682,920.2254089510346
1668528459.2072396,2.85,-0.0049999999999998,-0.0009461,-0.0003347899999999,1.0,0.0,918.6138057829944,0.0,918.6138057829944
1668528519.2136085,2.854,0.004,-0.00062701,0.0003190899999999,0.0,1.0,0.0,321.8688878006287,918.6138057829944
1668528580.0439548,2.854,0.0,-0.00062701,0.0,0.0,1.0,0.0,321.8688878006287,918.6138057829944
1668528640.0659676,2.85,-0.004,-0.00057626,5.0750000000000014e-05,0.0,1.0,0.0,321.8688878006287,917.326330231792
1668528699.9249024,2.85,0.0,-0.00057626,0.0,0.0,1.0,0.0,321.8688878006287,917.326330231792
1668528760.8823452,2.855,0.0049999999999998,-0.00013107,0.00044519,0.0,1.0,0.0,321.8688878006287,918.935674670795
1668528820.9622188,2.85,-0.0049999999999998,-0.00017964,-4.857e-05,1.0,0.0,917.326330231792,0.0,917.326330231792
1668528882.50751,2.856,0.0059999999999997,0.00038616,0.0005658,0.0,1.0,0.0,321.1926926581905,917.326330231792
1668528943.2352254,2.854,-0.0019999999999997,0.00060211,0.00021595,0.0,1.0,0.0,321.1926926581905,916.6839448464756
1668529003.0401218,2.86,0.0059999999999997,0.00142692,0.0008248099999999,0.0,1.0,0.0,321.1926926581905,918.6111010024248
1668529063.6300635,2.86,0.0,0.00193007,0.00050315,0.0,1.0,0.0,321.1926926581905,918.6111010024248
1668529124.6664336,2.866,0.0060000000000002,0.00284068,0.0009106099999999,0.0,1.0,0.0,321.1926926581905,920.538257158374
1668529183.01066,2.872,0.0059999999999997,0.00418243,0.00134175,0.0,1.0,0.0,321.1926926581905,922.465413314323
1668529243.705062,2.871,-0.0009999999999998,0.00442327,0.0002408399999999,0.0,1.0,0.0,321.1926926581905,922.1442206216648
1668529304.7753575,2.867,-0.004,0.0043702,-5.306999999999968e-05,1.0,0.0,920.859449851032,0.0,920.859449851032
1668529368.1002164,2.866,-0.0009999999999998,0.00429043,-7.977000000000071e-05,1.0,0.0,920.859449851032,0.0,920.859449851032
1668529425.6464863,2.869,0.0030000000000001,0.00472679,0.00043636,0.0,1.0,0.0,320.96878698188635,920.859449851032
1668529485.5469625,2.866,-0.0030000000000001,0.00456095,-0.0001658399999999,1.0,0.0,919.8965434900864,0.0,919.8965434900864
1668529544.5617197,2.863,-0.0030000000000001,0.00395495,-0.000606,1.0,0.0,919.8965434900864,0.0,919.8965434900864
1668529604.802832,2.856,-0.0070000000000001,0.00269465,-0.0012602999999999,1.0,0.0,919.8965434900864,0.0,919.8965434900864
1668529668.1155832,2.856,0.0,0.00269465,0.0,1.0,0.0,919.8965434900864,0.0,919.8965434900864
1668529728.237458,2.86,0.004,0.00208971,-0.00060494,1.0,0.0,919.8965434900864,0.0,919.8965434900864
1668529789.4277852,2.855,-0.0049999999999998,0.0012006,-0.0008891099999999,1.0,0.0,919.8965434900864,0.0,919.8965434900864
1668529847.2112908,2.857,0.0020000000000002,0.00083828,-0.00036232,1.0,0.0,919.8965434900864,0.0,919.8965434900864
1668529909.072923,2.863,0.0059999999999997,0.0016403,0.00080202,0.0,1.0,0.0,321.3051147363208,919.8965434900864
1668529966.0162663,2.865,0.0020000000000002,0.00197019,0.00032989,0.0,1.0,0.0,321.3051147363208,920.5391537195592
1668530026.696415,2.866,0.0009999999999998,0.0020378,6.761000000000007e-05,0.0,1.0,0.0,321.3051147363208,920.8604588342954
1668530086.6918194,2.864,-0.0020000000000002,0.002033,-4.800000000000117e-06,1.0,0.0,920.2178486048226,0.0,920.2178486048226
1668530146.6204505,2.864,0.0,0.00212926,9.625999999999992e-05,0.0,1.0,0.0,321.3051147363208,920.2178486048226
1668530207.6076152,2.868,0.004,0.00243608,0.00030682,0.0,1.0,0.0,321.3051147363208,921.503069063768
1668530267.6313205,2.86,-0.008,0.0015169,-0.00091918,1.0,0.0,918.9326281458774,0.0,918.9326281458774
1668530327.6813123,2.852,-0.008,0.00039401,-0.00112289,1.0,0.0,918.9326281458774,0.0,918.9326281458774
1668530388.5107558,2.853,0.0010000000000003,-0.00016138,-0.00055539,1.0,0.0,918.9326281458774,0.0,918.9326281458774
1668530448.6454048,2.851,-0.0020000000000002,-0.0009399,-0.00077852,1.0,0.0,918.9326281458774,0.0,918.9326281458774
1668530508.4762588,2.846,-0.0049999999999998,-0.001813,-0.0008730999999999,1.0,0.0,918.9326281458774,0.0,918.9326281458774
1668530569.2173731,2.844,-0.0020000000000002,-0.00282071,-0.00100771,1.0,0.0,918.9326281458774,0.0,918.9326281458774
1668530629.2547772,2.838,-0.0059999999999997,-0.00411557,-0.0012948599999999,1.0,0.0,918.9326281458774,0.0,918.9326281458774
1668530689.217077,2.846,0.008,-0.00370227,0.0004132999999999,0.0,1.0,0.0,322.8856739795774,918.9326281458772
1668530750.244768,2.833,-0.0129999999999999,-0.00524284,-0.00154057,1.0,0.0,914.7351143841428,0.0,914.7351143841428
1668530810.1480825,2.839,0.0059999999999997,-0.0052901,-4.725999999999949e-05,1.0,0.0,914.7351143841428,0.0,914.7351143841428
1668530870.3051274,2.847,0.008,-0.00465193,0.0006381699999999,0.0,1.0,0.0,321.2978975708264,914.7351143841428
1668530930.9927778,2.847,0.0,-0.00465193,0.0,0.0,1.0,0.0,321.2978975708264,914.7351143841428
1668530990.88522,2.845,-0.0019999999999997,-0.00454549,0.00010644,0.0,1.0,0.0,321.2978975708264,914.0925185890012
1668531050.9736495,2.841,-0.004,-0.00472938,-0.0001838899999999,1.0,0.0,912.807326998718,0.0,912.807326998718
1668531111.686892,2.846,0.0049999999999998,-0.0044207,0.00030868,0.0,1.0,0.0,320.7334248062959,912.8073269987182
1668531171.6196873,2.85,0.004,-0.00350144,0.0009192599999999,0.0,1.0,0.0,320.7334248062959,914.0902606979432
1668531232.6734197,2.85,0.0,-0.00305382,0.00044762,0.0,1.0,0.0,320.7334248062959,914.0902606979432
1668531292.6410437,2.847,-0.0030000000000001,-0.00290763,0.00014619,0.0,1.0,0.0,320.7334248062959,913.1280604235244
1668531352.633479,2.847,0.0,-0.00275996,0.0001476699999999,0.0,1.0,0.0,320.7334248062959,913.1280604235244
1668531412.791389,2.849,0.0020000000000002,-0.00245327,0.00030669,0.0,1.0,0.0,320.7334248062959,913.7695272731372
1668531473.5382135,2.855,0.0059999999999997,-0.00152162,0.00093165,0.0,1.0,0.0,320.7334248062959,915.6939278219749
1668531533.4769058,2.857,0.0020000000000002,-0.0008639,0.00065772,0.0,1.0,0.0,320.7334248062959,916.3353946715874
1668531593.4456346,2.858,0.0009999999999998,-0.00078413,7.977000000000006e-05,0.0,1.0,0.0,320.7334248062959,916.6561280963936
1668531654.309543,2.86,0.0019999999999997,2.465e-05,0.0008087799999999,0.0,1.0,0.0,320.7334248062959,917.297594946006
1668531714.9513245,2.856,-0.004,-3.059e-05,-5.523999999999999e-05,1.0,0.0,916.014661246781,0.0,916.014661246781
1668531774.9413235,2.854,-0.0019999999999997,1.874e-05,4.933e-05,0.0,1.0,0.0,320.95818544035774,916.014661246781
1668531835.8667345,2.857,0.0030000000000001,0.00066786,0.00064912,0.0,1.0,0.0,320.95818544035774,916.977535803102
1668531896.3789682,2.855,-0.0020000000000002,0.00050831,-0.00015955,1.0,0.0,916.3356194322214,0.0,916.3356194322214
1668531955.7840922,2.856,0.0009999999999998,0.00093191,0.0004236,0.0,1.0,0.0,320.84580512332684,916.3356194322214
1668532016.6748238,2.853,-0.0029999999999996,0.00072714,-0.0002047699999999,1.0,0.0,915.3730820168516,0.0,915.3730820168516
1668532076.728207,2.858,0.0049999999999998,0.001126,0.00039886,0.0,1.0,0.0,320.2844933578907,915.3730820168516
1668532136.707776,2.855,-0.0030000000000001,0.00080022,-0.00032578,1.0,0.0,914.412228536778,0.0,914.412228536778
1668532197.8996296,2.862,0.0070000000000001,0.0020512,0.00125098,0.0,1.0,0.0,319.501128070153,914.412228536778
1668532257.8403506,2.863,0.0009999999999998,0.00264657,0.00059537,0.0,1.0,0.0,319.501128070153,914.731729664848
1668532317.9925144,2.859,-0.004,0.00232748,-0.00031909,1.0,0.0,913.4537251525676,0.0,913.4537251525676
1668532379.380703,2.861,0.0020000000000002,0.00242696,9.948000000000031e-05,0.0,1.0,0.0,319.2777788020159,913.4537251525676
1668532439.8585184,2.862,0.0009999999999998,0.00255702,0.0001300599999999,0.0,1.0,0.0,319.2777788020159,913.7730029313695
1668532499.2043347,2.862,0.0,0.00262978,7.275999999999984e-05,0.0,1.0,0.0,319.2777788020159,913.7730029313695
1668532560.6648378,2.855,-0.0070000000000001,0.00185205,-0.0007777299999999,1.0,0.0,911.5380584797556,0.0,911.5380584797556
1668532620.4438822,2.856,0.0009999999999998,0.00155138,-0.00030067,1.0,0.0,911.5380584797556,0.0,911.5380584797556
1668532680.3865347,2.862,0.0060000000000002,0.00208471,0.00053333,0.0,1.0,0.0,318.49687577909,911.5380584797556
1668532741.4129045,2.861,-0.0009999999999998,0.00184018,-0.0002445299999999,1.0,0.0,911.2195616039764,0.0,911.2195616039764
1668532801.1658168,2.858,-0.0030000000000001,0.00133036,-0.00050982,1.0,0.0,911.2195616039764,0.0,911.2195616039764
1668532861.0935383,2.856,-0.0020000000000002,0.0011303,-0.0002000599999999,1.0,0.0,911.2195616039764,0.0,911.2195616039764
1668532921.9332275,2.864,0.008,0.00176848,0.0006381799999999,0.0,1.0,0.0,318.1632547499918,911.2195616039764
1668532982.1729398,2.866,0.0020000000000002,0.00218863,0.00042015,0.0,1.0,0.0,318.1632547499918,911.8558881134765
1668533042.1372864,2.866,0.0,0.00218863,0.0,0.0,1.0,0.0,318.1632547499918,911.8558881134765
1668533104.1508226,2.856,-0.0100000000000002,0.00169515,-0.0004934799999999,1.0,0.0,908.6742555659764,0.0,908.6742555659764
1668533164.3551288,2.864,0.008,0.00242009,0.00072494,0.0,1.0,0.0,317.27453057471246,908.6742555659764
1668533224.5361683,2.868,0.004,0.00277959,0.0003595,0.0,1.0,0.0,317.27453057471246,909.9433536882752
1668533284.9511838,2.863,-0.0049999999999998,0.00219957,-0.00058002,1.0,0.0,908.3569810354018,0.0,908.3569810354018
1668533345.0793035,2.861,-0.0019999999999997,0.00204003,-0.00015954,1.0,0.0,908.3569810354018,0.0,908.3569810354018
1668533405.0866663,2.861,0.0,0.00204003,0.0,1.0,0.0,908.3569810354018,0.0,908.3569810354018
1668533466.4461071,2.862,0.0009999999999998,0.00195462,-8.541000000000017e-05,1.0,0.0,908.3569810354018,0.0,908.3569810354018
1668533526.13422,2.862,0.0,0.00186543,-8.918999999999984e-05,1.0,0.0,908.3569810354018,0.0,908.3569810354018
1668533585.986927,2.87,0.008,0.00198134,0.0001159099999999,0.0,1.0,0.0,316.50069025623753,908.3569810354018
1668533648.7716317,2.866,-0.004,0.00216798,0.00018664,0.0,1.0,0.0,316.50069025623753,907.0909782743768
1668533708.132237,2.867,0.0009999999999998,0.00224775,7.977000000000027e-05,0.0,1.0,0.0,316.50069025623753,907.407478964633
1668533767.9937322,2.868,0.0009999999999998,0.00251063,0.0002628799999999,0.0,1.0,0.0,316.50069025623753,907.7239796548891
1668533831.218825,2.869,0.0010000000000003,0.0025214,1.0770000000000224e-05,0.0,1.0,0.0,316.50069025623753,908.0404803451456
1668533890.8807049,2.864,-0.0050000000000003,0.00210587,-0.0004155299999999,1.0,0.0,906.4579768938644,0.0,906.4579768938644
1668533950.8726091,2.866,0.0020000000000002,0.00226542,0.00015955,0.0,1.0,0.0,316.2798244570357,906.4579768938644
1668534012.3704464,2.871,0.0049999999999998,0.0026879,0.0004224799999999,0.0,1.0,0.0,316.2798244570357,908.0393760161496
1668534072.811338,2.867,-0.004,0.00254601,-0.0001418899999999,1.0,0.0,906.7742567183212,0.0,906.7742567183212
1668534131.9344234,2.867,0.0,0.00254601,0.0,1.0,0.0,906.7742567183212,0.0,906.7742567183212
1668534192.6323316,2.862,-0.0049999999999998,0.00213196,-0.00041405,1.0,0.0,906.7742567183212,0.0,906.7742567183212
1668534252.607804,2.861,-0.0009999999999998,0.0013484,-0.00078356,1.0,0.0,906.7742567183212,0.0,906.7742567183212
1668534312.915792,2.857,-0.004,0.00067414,-0.00067426,1.0,0.0,906.7742567183212,0.0,906.7742567183212
1668534373.8242366,2.856,-0.0010000000000003,0.00059437,-7.977000000000006e-05,1.0,0.0,906.7742567183212,0.0,906.7742567183212
1668534433.9724529,2.857,0.0010000000000003,7.751e-05,-0.00051686,1.0,0.0,906.7742567183212,0.0,906.7742567183212
1668534493.842321,2.857,0.0,-0.00026582,-0.00034333,1.0,0.0,906.7742567183212,0.0,906.7742567183212
1668534554.8114336,2.857,0.0,-0.00026582,0.0,1.0,0.0,906.7742567183212,0.0,906.7742567183212
1668534615.074406,2.858,0.0009999999999998,-0.00045201,-0.0001861899999999,1.0,0.0,906.7742567183212,0.0,906.7742567183212
1668534675.010537,2.852,-0.0060000000000002,-0.00119455,-0.00074254,1.0,0.0,906.7742567183212,0.0,906.7742567183212
1668534735.483496,2.847,-0.0049999999999998,-0.00248827,-0.00129372,1.0,0.0,906.7742567183212,0.0,906.7742567183212
1668534794.687723,2.854,0.0070000000000001,-0.00192986,0.0005584099999999,0.0,1.0,0.0,317.7204823820326,906.7742567183212
1668534854.7379365,2.858,0.004,-0.00154917,0.0003806899999999,0.0,1.0,0.0,317.7204823820326,908.0451386478492
1668534916.8479,2.862,0.004,-0.00123008,0.00031909,0.0,1.0,0.0,317.7204823820326,909.3160205773776
1668534974.6730862,2.854,-0.008,-0.00206542,-0.00083534,1.0,0.0,906.7742567183212,0.0,906.7742567183212
1668535035.0894108,2.854,0.0,-0.00206542,0.0,1.0,0.0,906.7742567183212,0.0,906.7742567183212
1668535094.9478693,2.853,-0.0009999999999998,-0.00210901,-4.359000000000004e-05,1.0,0.0,906.7742567183212,0.0,906.7742567183212
1668535155.135861,2.852,-0.0010000000000003,-0.00224426,-0.0001352499999999,1.0,0.0,906.7742567183212,0.0,906.7742567183212
1668535214.7378244,2.851,-0.0009999999999998,-0.00232403,-7.976999999999984e-05,1.0,0.0,906.7742567183212,0.0,906.7742567183212
1668535274.9692123,2.851,0.0,-0.00232403,0.0,1.0,0.0,906.7742567183212,0.0,906.7742567183212
1668535335.248134,2.853,0.0020000000000002,-0.00195686,0.00036717,0.0,1.0,0.0,317.8318460281532,906.7742567183212
1668535395.106085,2.842,-0.0110000000000001,-0.00283435,-0.0008774899999999,1.0,0.0,903.2781064120117,0.0,903.2781064120117
1668535455.2248511,2.843,0.0009999999999998,-0.00331694,-0.00048259,1.0,0.0,903.2781064120117,0.0,903.2781064120117
1668535515.1697142,2.846,0.0030000000000001,-0.00348043,-0.00016349,1.0,0.0,903.2781064120117,0.0,903.2781064120117
1668535574.75106,2.846,0.0,-0.00356885,-8.842000000000008e-05,1.0,0.0,903.2781064120117,0.0,903.2781064120117
1668535635.648532,2.844,-0.0020000000000002,-0.00372839,-0.0001595399999999,1.0,0.0,903.2781064120117,0.0,903.2781064120117
1668535694.9859123,2.844,0.0,-0.00372839,0.0,1.0,0.0,903.2781064120117,0.0,903.2781064120117
1668535755.094761,2.848,0.004,-0.00356109,0.0001673,0.0,1.0,0.0,317.1622564648917,903.2781064120117
1668535815.081804,2.847,-0.0009999999999998,-0.00359239,-3.1300000000000164e-05,1.0,0.0,902.9609441555466,0.0,902.9609441555466
1668535875.1425776,2.846,-0.0009999999999998,-0.00353074,6.16499999999999e-05,0.0,1.0,0.0,317.27369787615834,902.9609441555466
1668535935.546986,2.844,-0.0020000000000002,-0.00360175,-7.100999999999982e-05,1.0,0.0,902.3263967597944,0.0,902.3263967597944
1668535994.990525,2.839,-0.0049999999999998,-0.00452478,-0.00092303,1.0,0.0,902.3263967597944,0.0,902.3263967597944
1668536054.9434855,2.843,0.004,-0.00420569,0.00031909,0.0,1.0,0.0,317.38529608153164,902.3263967597944
1668536115.2038896,2.842,-0.0009999999999998,-0.00415103,5.465999999999978e-05,0.0,1.0,0.0,317.38529608153164,902.0090114637128
1668536174.9816396,2.836,-0.0060000000000002,-0.00453953,-0.0003884999999999,1.0,0.0,900.1046996872236,0.0,900.1046996872236
1668536235.092745,2.836,0.0,-0.00453953,0.0,1.0,0.0,900.1046996872236,0.0,900.1046996872236
1668536295.1399417,2.835,-0.0009999999999998,-0.004564,-2.44700000000004e-05,1.0,0.0,900.1046996872236,0.0,900.1046996872236
1668536355.0985222,2.834,-0.0009999999999998,-0.00530381,-0.0007398099999999,1.0,0.0,900.1046996872236,0.0,900.1046996872236
1668536415.2433734,2.831,-0.0030000000000001,-0.00580646,-0.00050265,1.0,0.0,900.1046996872236,0.0,900.1046996872236
1668536474.9449377,2.834,0.0030000000000001,-0.00556714,0.00023932,0.0,1.0,0.0,317.6092800590062,900.1046996872236
1668536535.0675726,2.834,0.0,-0.00556714,0.0,0.0,1.0,0.0,317.6092800590062,900.1046996872236
1668536594.9761958,2.82,-0.0140000000000002,-0.00728051,-0.0017133699999999,1.0,0.0,895.6581697663975,0.0,895.6581697663975
1668536655.0112133,2.82,0.0,-0.00728051,0.0,1.0,0.0,895.6581697663975,0.0,895.6581697663975
1668536715.1869838,2.823,0.0030000000000001,-0.00777035,-0.00048984,1.0,0.0,895.6581697663975,0.0,895.6581697663975
1668536774.5885797,2.827,0.004,-0.00755899,0.0002113599999999,0.0,1.0,0.0,316.8228403842934,895.6581697663974
1668536834.5519755,2.817,-0.0099999999999997,-0.00867359,-0.0011146,1.0,0.0,892.4899413625545,0.0,892.4899413625545
1668536894.6533854,2.812,-0.0050000000000003,-0.00930101,-0.00062742,1.0,0.0,892.4899413625545,0.0,892.4899413625545
1668536954.7516096,2.808,-0.004,-0.0096201,-0.0003190899999999,1.0,0.0,892.4899413625545,0.0,892.4899413625545
1668537014.506518,2.807,-0.0009999999999998,-0.01055017,-0.0009300699999999,1.0,0.0,892.4899413625545,0.0,892.4899413625545
1668537074.76747,2.815,0.008,-0.00991199,0.0006381799999999,0.0,1.0,0.0,317.04793654087194,892.4899413625545
1668537134.644611,2.797,-0.0179999999999997,-0.01161089,-0.0016988999999999,1.0,0.0,886.7830785048188,0.0,886.7830785048188
1668537194.5762274,2.787,-0.0100000000000002,-0.01349272,-0.0018818299999999,1.0,0.0,886.7830785048188,0.0,886.7830785048188
1668537254.3387775,2.792,0.0049999999999998,-0.01309386,0.0003988599999999,0.0,1.0,0.0,317.6157157968549,886.7830785048188
1668537367.5622458,2.788,-0.004,-0.01396383,-0.0008699699999999,1.0,0.0,885.5126156416313,0.0,885.5126156416313
1668537375.3467872,2.788,0.0,-0.01396383,0.0,1.0,0.0,885.5126156416313,0.0,885.5126156416313
1668537435.3370411,2.788,0.0,-0.01380553,0.0001583,0.0,1.0,0.0,317.6157157968549,885.5126156416313
1668537495.1168606,2.775,-0.0129999999999999,-0.01557786,-0.00177233,1.0,0.0,881.3836113362722,0.0,881.3836113362722
1668537555.1172976,2.764,-0.0110000000000001,-0.017593,-0.00201514,1.0,0.0,881.3836113362722,0.0,881.3836113362722
1668537615.258459,2.767,0.0030000000000001,-0.01779724,-0.0002042399999999,1.0,0.0,881.3836113362722,0.0,881.3836113362722
1668537675.2046263,2.76,-0.0070000000000001,-0.01911625,-0.00131901,1.0,0.0,881.3836113362722,0.0,881.3836113362722
1668537735.2354314,2.754,-0.0059999999999997,-0.02015499,-0.0010387399999999,1.0,0.0,881.3836113362722,0.0,881.3836113362722
1668537795.187672,2.76,0.0059999999999997,-0.01967636,0.00047863,0.0,1.0,0.0,319.34188816531605,881.3836113362722
1668537855.108181,2.771,0.0110000000000001,-0.01798244,0.00169392,0.0,1.0,0.0,319.34188816531605,884.8963721060908
1668537915.2201846,2.768,-0.0030000000000001,-0.01706626,0.0009161799999999,0.0,1.0,0.0,319.34188816531605,883.9383464415947
1668537975.0740356,2.777,0.0090000000000003,-0.01634831,0.0007179499999999,0.0,1.0,0.0,319.34188816531605,886.8124234350827
1668538035.090181,2.785,0.008,-0.01278928,0.00355903,0.0,1.0,0.0,319.34188816531605,889.3671585404053
1668538095.1494615,2.784,-0.0010000000000003,-0.01286906,-7.977999999999978e-05,1.0,0.0,889.0478166522398,0.0,889.0478166522398
1668538155.4808228,2.776,-0.008,-0.01090897,0.0019600899999999,0.0,1.0,0.0,320.26218179115267,889.0478166522397
1668538215.2434452,2.772,-0.004,-0.01063407,0.0002748999999999,0.0,1.0,0.0,320.26218179115267,887.7667679250751
1668538275.276884,2.77,-0.0019999999999997,-0.01079361,-0.0001595399999999,1.0,0.0,887.1262435614929,0.0,887.1262435614929
1668538335.1080377,2.775,0.0049999999999998,-0.00962524,0.00116837,0.0,1.0,0.0,319.6851328149524,887.1262435614929
1668538395.1100335,2.774,-0.0009999999999998,-0.00849248,0.00113276,0.0,1.0,0.0,319.6851328149524,886.8065584286779
1668538455.1463425,2.762,-0.012,-0.00972743,-0.00123495,1.0,0.0,882.9703368348985,0.0,882.9703368348985
1668538515.1348536,2.768,0.0059999999999997,-0.00924879,0.00047864,0.0,1.0,0.0,318.99217371202985,882.9703368348986
1668538575.372219,2.768,0.0,-0.0087392,0.0005095899999999,0.0,1.0,0.0,318.99217371202985,882.9703368348986
1668538635.2589705,2.77,0.0020000000000002,-0.00810107,0.00063813,0.0,1.0,0.0,318.99217371202985,883.6083211823227
1668538695.2490213,2.78,0.0099999999999997,-0.00622016,0.00188091,0.0,1.0,0.0,318.99217371202985,886.7982429194429
1668538755.1650417,2.774,-0.0059999999999997,-0.00669879,-0.0004786299999999,1.0,0.0,884.8842898771708,0.0,884.8842898771708
1668538815.151194,2.78,0.0059999999999997,-0.00473805,0.00196074,0.0,1.0,0.0,318.3037013946658,884.8842898771708
1668538875.2788775,2.777,-0.0029999999999996,-0.00497737,-0.00023932,1.0,0.0,883.9293787729869,0.0,883.9293787729869
1668538935.598635,2.777,0.0,-0.004194,0.00078337,0.0,1.0,0.0,318.3037013946658,883.9293787729869
1668538995.2624948,2.769,-0.008,-0.00466698,-0.00047298,1.0,0.0,881.3829491618296,0.0,881.3829491618296
1668539055.1106434,2.754,-0.0150000000000001,-0.00704023,-0.0023732499999999,1.0,0.0,881.3829491618296,0.0,881.3829491618296
1668539115.1893022,2.75,-0.004,-0.00832471,-0.00128448,1.0,0.0,881.3829491618296,0.0,881.3829491618296
1668539175.165125,2.755,0.0049999999999998,-0.00792585,0.00039886,0.0,1.0,0.0,319.92121566672586,881.3829491618297
1668539235.2296922,2.756,0.0009999999999998,-0.00809915,-0.0001732999999999,1.0,0.0,881.7028703774964,0.0,881.7028703774964
1668539295.2768323,2.759,0.0030000000000001,-0.00785983,0.0002393199999999,0.0,1.0,0.0,319.57334917633074,881.7028703774964
1668539355.3397796,2.759,0.0,-0.00785983,0.0,0.0,1.0,0.0,319.57334917633074,881.7028703774964
1668539415.4203274,2.769,0.0100000000000002,-0.00626925,0.00159058,0.0,1.0,0.0,319.57334917633074,884.8986038692599
1668539475.251675,2.776,0.0069999999999996,-0.00571085,0.0005583999999999,0.0,1.0,0.0,319.57334917633074,887.1356173134941
1668539535.2720468,2.782,0.0060000000000002,-0.00266949,0.00304136,0.0,1.0,0.0,319.57334917633074,889.0530574085521
1668539595.3425505,2.782,0.0,-0.00141235,0.00125714,0.0,1.0,0.0,319.57334917633074,889.0530574085521
1668539655.2513,2.785,0.0030000000000001,1.186e-05,0.00142421,0.0,1.0,0.0,319.57334917633074,890.0117774560812
1668539715.368167,2.785,0.0,1.186e-05,0.0,0.0,1.0,0.0,319.57334917633074,890.0117774560812
1668539775.2239122,2.782,-0.0030000000000001,0.00116837,0.00115651,0.0,1.0,0.0,319.57334917633074,889.0530574085521
1668539836.3247757,2.785,0.0030000000000001,0.00116837,0.0,0.0,1.0,0.0,319.57334917633074,890.0117774560812
1668539895.178179,2.79,0.0049999999999998,0.00216032,0.00099195,0.0,1.0,0.0,319.57334917633074,891.6096442019627
1668539955.2728136,2.789,-0.0009999999999998,0.00208055,-7.976999999999984e-05,1.0,0.0,891.2900708527865,0.0,891.2900708527865
1668540015.2413015,2.788,-0.0010000000000003,0.00313991,0.00105936,0.0,1.0,0.0,319.68797376355326,891.2900708527865
1668540075.3027835,2.794,0.0060000000000002,0.00361854,0.0004786299999999,0.0,1.0,0.0,319.68797376355326,893.2081986953679
1668540135.3649478,2.801,0.0070000000000001,0.00473866,0.0011201199999999,0.0,1.0,0.0,319.68797376355326,895.4460145117127
1668540195.2610912,2.792,-0.0090000000000003,0.00527813,0.00053947,0.0,1.0,0.0,319.68797376355326,892.5688227478406
1668540255.2471476,2.791,-0.0009999999999998,0.00513108,-0.00014705,1.0,0.0,892.2491347740771,0.0,892.2491347740771
1668540316.4937756,2.794,0.0030000000000001,0.00550558,0.0003745,0.0,1.0,0.0,319.34471538084364,892.2491347740771
1668540375.3781602,2.791,-0.0030000000000001,0.00493898,-0.0005666,1.0,0.0,891.2911006279346,0.0,891.2911006279346
1668540435.1995432,2.783,-0.008,0.00430081,-0.0006381699999999,1.0,0.0,891.2911006279346,0.0,891.2911006279346
1668540495.2450964,2.786,0.0030000000000001,0.00398288,-0.00031793,1.0,0.0,891.2911006279346,0.0,891.2911006279346
1668540555.2132747,2.789,0.0030000000000001,0.00386431,-0.00011857,1.0,0.0,891.2911006279346,0.0,891.2911006279346
1668540615.277393,2.789,0.0,0.00386431,0.0,1.0,0.0,891.2911006279346,0.0,891.2911006279346
1668540675.197581,2.785,-0.004,0.00334578,-0.00051853,1.0,0.0,891.2911006279346,0.0,891.2911006279346
1668540735.3716187,2.789,0.004,0.00276273,-0.0005830499999999,1.0,0.0,891.2911006279346,0.0,891.2911006279346
1668540796.6854165,2.793,0.004,0.00308182,0.0003190899999999,0.0,1.0,0.0,319.116040325075,891.2911006279345
1668540855.3507829,2.79,-0.0030000000000001,0.00294686,-0.0001349599999999,1.0,0.0,890.3337525069593,0.0,890.3337525069593
1668540915.52661,2.781,-0.0089999999999998,0.00145623,-0.00149063,1.0,0.0,890.3337525069593,0.0,890.3337525069593
1668540975.3251724,2.783,0.0019999999999997,0.00161578,0.00015955,0.0,1.0,0.0,319.9187037394751,890.3337525069593
1668541035.329198,2.792,0.0089999999999998,0.00232948,0.0007137,0.0,1.0,0.0,319.9187037394751,893.2130208406145
1668541095.3264945,2.788,-0.004,0.00216802,-0.00016146,1.0,0.0,891.9333460256565,0.0,891.9333460256565
1668541155.329654,2.794,0.0060000000000002,0.00249544,0.0003274199999999,0.0,1.0,0.0,319.23169149092934,891.9333460256565
1668541215.3283334,2.795,0.0009999999999998,0.00280331,0.00030787,0.0,1.0,0.0,319.23169149092934,892.2525777171475
1668541276.4320986,2.793,-0.0019999999999997,0.00304423,0.00024092,0.0,1.0,0.0,319.23169149092934,891.6141143341657
1668541335.2781014,2.794,0.0009999999999998,0.003124,7.976999999999984e-05,0.0,1.0,0.0,319.23169149092934,891.9333460256565
1668541395.3586297,2.794,0.0,0.0031132,-1.0800000000000046e-05,1.0,0.0,891.9333460256565,0.0,891.9333460256565
1668541455.4448805,2.794,0.0,0.0031132,0.0,1.0,0.0,891.9333460256565,0.0,891.9333460256565
1668541515.2856483,2.796,0.0019999999999997,0.00322881,0.0001156099999999,0.0,1.0,0.0,319.0033426415081,891.9333460256565
1668541575.3960044,2.797,0.0010000000000003,0.00336237,0.00013356,0.0,1.0,0.0,319.0033426415081,892.2523493682982
1668541635.3554428,2.793,-0.004,0.00317119,-0.00019118,1.0,0.0,890.9763359977321,0.0,890.9763359977321
1668541695.4925416,2.794,0.0009999999999998,0.00325096,7.976999999999984e-05,0.0,1.0,0.0,318.8891682167975,890.9763359977322
1668541755.9145174,2.799,0.0049999999999998,0.00346299,0.00021203,0.0,1.0,0.0,318.8891682167975,892.5707818388162
1668541815.412248,2.799,0.0,0.00346299,0.0,0.0,1.0,0.0,318.8891682167975,892.5707818388162
1668541875.470421,2.8,0.0009999999999998,0.00366941,0.00020642,0.0,1.0,0.0,318.8891682167975,892.8896710070329
1668541935.3758264,2.801,0.0010000000000003,0.0038691,0.0001996899999999,0.0,1.0,0.0,318.8891682167975,893.2085601752498
1668541995.3350775,2.801,0.0,0.00398145,0.00011235,0.0,1.0,0.0,318.8891682167975,893.2085601752498
1668542055.314639,2.797,-0.004,0.00370502,-0.00027643,1.0,0.0,891.9330035023826,0.0,891.9330035023826
1668542115.4196138,2.796,-0.0010000000000003,0.00336645,-0.0003385699999999,1.0,0.0,891.9330035023826,0.0,891.9330035023826
1668542175.663386,2.802,0.0060000000000002,0.00339185,2.5400000000000075e-05,0.0,1.0,0.0,318.3201297296155,891.9330035023826
1668542235.4041023,2.808,0.0059999999999997,0.00387048,0.0004786299999999,0.0,1.0,0.0,318.3201297296155,893.8429242807601
1668542295.396926,2.815,0.0070000000000001,0.00560768,0.0017372,0.0,1.0,0.0,318.3201297296155,896.0711651888676
1668542355.3730702,2.813,-0.0019999999999997,0.00603459,0.0004269099999999,0.0,1.0,0.0,318.3201297296155,895.4345249294083
1668542415.4029772,2.814,0.0009999999999998,0.00594803,-8.656000000000028e-05,1.0,0.0,895.7528450591379,0.0,895.7528450591379
1668542475.2981324,2.825,0.0110000000000001,0.00768082,0.0017327899999999,0.0,1.0,0.0,317.0806531182789,895.752845059138
1668542535.3878677,2.826,0.0009999999999998,0.00834407,0.00066325,0.0,1.0,0.0,317.0806531182789,896.0699257122562
1668542595.4903212,2.825,-0.0009999999999998,0.0082643,-7.976999999999984e-05,1.0,0.0,895.752845059138,0.0,895.752845059138
1668542655.5734096,2.829,0.004,0.00907044,0.00080614,0.0,1.0,0.0,316.63232416371085,895.752845059138
1668542715.5407157,2.827,-0.0020000000000002,0.00937662,0.0003061799999999,0.0,1.0,0.0,316.63232416371085,895.1195804108105
1668542775.556142,2.815,-0.012,0.00842921,-0.00094741,1.0,0.0,891.319992520846,0.0,891.319992520846
1668542837.6041963,2.813,-0.0019999999999997,0.00678633,-0.0016428799999999,1.0,0.0,891.319992520846,0.0,891.319992520846
1668542895.6975002,2.809,-0.004,0.00646725,-0.00031908,1.0,0.0,891.319992520846,0.0,891.319992520846
1668542955.533226,2.816,0.0069999999999996,0.00555565,-0.0009116,1.0,0.0,891.319992520846,0.0,891.319992520846
1668543015.5880258,2.817,0.0010000000000003,0.00533415,-0.0002214999999999,1.0,0.0,891.319992520846,0.0,891.319992520846
1668543075.7451422,2.819,0.0019999999999997,0.00538255,4.839999999999966e-05,0.0,1.0,0.0,316.1830409793707,891.3199925208459
1668543135.6344352,2.81,-0.0089999999999998,0.0046646,-0.00071795,1.0,0.0,888.4743451520316,0.0,888.4743451520316
1668543195.5975318,2.81,0.0,0.00390028,-0.0007643199999999,1.0,0.0,888.4743451520316,0.0,888.4743451520316
1668543255.5225852,2.812,0.0019999999999997,0.00347905,-0.0004212299999999,1.0,0.0,888.4743451520316,0.0,888.4743451520316
1668543315.5125668,2.81,-0.0019999999999997,0.00294983,-0.00052922,1.0,0.0,888.4743451520316,0.0,888.4743451520316
1668543375.696104,2.809,-0.0009999999999998,0.00242182,-0.00052801,1.0,0.0,888.4743451520316,0.0,888.4743451520316
1668543435.6089127,2.809,0.0,0.00179576,-0.0006260599999999,1.0,0.0,888.4743451520316,0.0,888.4743451520316
1668543495.5393796,2.807,-0.0020000000000002,0.00163621,-0.00015955,1.0,0.0,888.4743451520316,0.0,888.4743451520316
1668543556.0243354,2.808,0.0009999999999998,0.00126934,-0.0003668699999999,1.0,0.0,888.4743451520316,0.0,888.4743451520316
1668543615.683871,2.808,0.0,0.00071987,-0.00054947,1.0,0.0,888.4743451520316,0.0,888.4743451520316
1668543675.9311595,2.805,-0.0029999999999996,0.0002784,-0.0004414699999999,1.0,0.0,888.4743451520316,0.0,888.4743451520316
1668543735.549774,2.805,0.0,0.0002784,0.0,1.0,0.0,888.4743451520316,0.0,888.4743451520316
1668543795.5935638,2.804,-0.0010000000000003,-0.00015043,-0.00042883,1.0,0.0,888.4743451520316,0.0,888.4743451520316
1668546144.176532,2.811,0.0070000000000001,0.00185524,0.00200567,0.0,1.0,0.0,316.07056035291055,888.4743451520316
1668546203.9053235,2.809,-0.0019999999999997,0.0016957,-0.0001595399999999,1.0,0.0,887.8422040313258,0.0,887.8422040313258
1668546263.9271257,2.809,0.0,0.0016957,0.0,1.0,0.0,887.8422040313258,0.0,887.8422040313258
1668546324.8976011,2.809,0.0,0.0016957,0.0,1.0,0.0,887.8422040313258,0.0,887.8422040313258
1668546384.8298187,2.808,-0.0010000000000003,0.00211883,0.0004231299999999,0.0,1.0,0.0,316.183121093777,887.8422040313258
1668546444.8973444,2.803,-0.0049999999999998,0.00124213,-0.0008767,1.0,0.0,886.261288425857,0.0,886.261288425857
1668546506.4382305,2.804,0.0009999999999998,0.0013219,7.977000000000006e-05,0.0,1.0,0.0,316.0703596383228,886.261288425857
1668546565.7031646,2.804,0.0,0.0013219,0.0,0.0,1.0,0.0,316.0703596383228,886.2612884258572
1668546625.7537386,2.8,-0.004,0.00060504,-0.0007168599999999,1.0,0.0,884.9970069873038,0.0,884.9970069873038
1668546686.372501,2.798,-0.0019999999999997,0.0004455,-0.00015954,1.0,0.0,884.9970069873038,0.0,884.9970069873038
1668546746.5537596,2.8,0.0019999999999997,0.00034679,-9.871e-05,1.0,0.0,884.9970069873038,0.0,884.9970069873038
1668546806.6297655,2.792,-0.008,-0.00099041,-0.0013372,1.0,0.0,884.9970069873038,0.0,884.9970069873038
1668546867.977126,2.791,-0.0009999999999998,-0.00107018,-7.977000000000006e-05,1.0,0.0,884.9970069873038,0.0,884.9970069873038
1668546927.967583,2.796,0.0049999999999998,-0.00126928,-0.0001991,1.0,0.0,884.9970069873038,0.0,884.9970069873038
1668546988.741722,2.799,0.0030000000000001,-0.00117149,9.778999999999994e-05,0.0,1.0,0.0,316.1832822391225,884.9970069873038
1668547048.7734177,2.799,0.0,-0.00117149,0.0,0.0,1.0,0.0,316.1832822391225,884.9970069873038
1668547108.8281546,2.8,0.0009999999999998,-0.00100176,0.00016973,0.0,1.0,0.0,316.1832822391225,885.3131902695429
1668547168.921314,2.8,0.0,-0.00079576,0.000206,0.0,1.0,0.0,316.1832822391225,885.3131902695429
1668547229.5856423,2.802,0.0020000000000002,-0.00063622,0.00015954,0.0,1.0,0.0,316.1832822391225,885.9455568340212
1668547289.6555784,2.801,-0.0009999999999998,-0.00023756,0.0003986599999999,0.0,1.0,0.0,316.1832822391225,885.6293735517821
1668547349.6213305,2.8,-0.0010000000000003,-0.00031733,-7.977e-05,1.0,0.0,885.3131902695429,0.0,885.3131902695429
1668547410.596618,2.796,-0.004,-0.00062655,-0.00030922,1.0,0.0,885.3131902695429,0.0,885.3131902695429
1668547470.5808876,2.796,0.0,-0.00086167,-0.00023512,1.0,0.0,885.3131902695429,0.0,885.3131902695429
1668547531.0519266,2.797,0.0010000000000003,-0.00095629,-9.462e-05,1.0,0.0,885.3131902695429,0.0,885.3131902695429
1668547591.5420089,2.796,-0.0010000000000003,-0.00116089,-0.0002045999999999,1.0,0.0,885.3131902695429,0.0,885.3131902695429
1668547651.4375136,2.796,0.0,-0.00116089,0.0,1.0,0.0,885.3131902695429,0.0,885.3131902695429
1668547711.4008417,2.798,0.0020000000000002,-0.00108592,7.496999999999994e-05,0.0,1.0,0.0,316.4092888740325,885.3131902695429
1668547772.1818013,2.798,0.0,-0.00108592,0.0,0.0,1.0,0.0,316.4092888740325,885.3131902695429
1668547832.1638258,2.805,0.0070000000000001,-0.0004564,0.00062952,0.0,1.0,0.0,316.4092888740325,887.5280552916612
1668547892.2698731,2.808,0.0029999999999996,0.00058929,0.00104569,0.0,1.0,0.0,316.4092888740325,888.4772831582832
1668547953.1230843,2.807,-0.0009999999999998,0.00050951,-7.978e-05,1.0,0.0,888.1608738694092,0.0,888.1608738694092
1668548014.090895,2.8,-0.0070000000000001,0.00032798,-0.00018153,1.0,0.0,888.1608738694092,0.0,888.1608738694092
1668548073.0241632,2.812,0.012,0.00120179,0.00087381,0.0,1.0,0.0,315.84668345284825,888.1608738694092
1668548134.168457,2.81,-0.0019999999999997,0.00134361,0.0001418199999999,0.0,1.0,0.0,315.84668345284825,887.5291805025037
1668548194.0871334,2.814,0.004,0.00219508,0.0008514699999999,0.0,1.0,0.0,315.84668345284825,888.792567236315
1668548254.04488,2.817,0.0030000000000001,0.0024344,0.00023932,0.0,1.0,0.0,315.84668345284825,889.7401072866736
1668548314.8451886,2.817,0.0,0.00319877,0.0007643699999999,0.0,1.0,0.0,315.84668345284825,889.7401072866736
1668548374.9507632,2.817,0.0,0.00319877,0.0,0.0,1.0,0.0,315.84668345284825,889.7401072866736
1668548434.9656684,2.818,0.0009999999999998,0.00384095,0.00064218,0.0,1.0,0.0,315.84668345284825,890.0559539701264
1668548496.1268098,2.811,-0.0070000000000001,0.00331078,-0.00053017,1.0,0.0,887.8450271859564,0.0,887.8450271859564
1668548555.7252493,2.819,0.008,0.00394895,0.0006381699999999,0.0,1.0,0.0,314.9503466427657,887.8450271859564
1668548615.889652,2.816,-0.0030000000000001,0.00418675,0.0002378,0.0,1.0,0.0,314.9503466427657,886.9001761460281
1668548676.770542,2.811,-0.0049999999999998,0.00378789,-0.00039886,1.0,0.0,885.3254244128143,0.0,885.3254244128143
1668548736.7033527,2.808,-0.0030000000000001,0.0031437,-0.0006441899999999,1.0,0.0,885.3254244128143,0.0,885.3254244128143
1668548796.9933124,2.805,-0.0029999999999996,0.00255904,-0.00058466,1.0,0.0,885.3254244128143,0.0,885.3254244128143
1668548857.569206,2.805,0.0,0.00225658,-0.00030246,1.0,0.0,885.3254244128143,0.0,885.3254244128143
1668548917.630528,2.807,0.0019999999999997,0.00241612,0.00015954,0.0,1.0,0.0,315.39915369177567,885.3254244128143
1668548977.605469,2.819,0.012,0.00338228,0.00096616,0.0,1.0,0.0,315.39915369177567,889.1102142571156
1668549039.2704473,2.815,-0.004,0.00328963,-9.265000000000012e-05,1.0,0.0,887.8486176423485,0.0,887.8486176423485
1668549098.4728055,2.82,0.0049999999999998,0.00368849,0.00039886,0.0,1.0,0.0,314.83993533416617,887.8486176423486
1668549158.5274534,2.82,0.0,0.00421862,0.00053013,0.0,1.0,0.0,314.83993533416617,887.8486176423486
1668549219.2741947,2.82,0.0,0.00421862,0.0,0.0,1.0,0.0,314.83993533416617,887.8486176423486
1668549279.2992089,2.822,0.0020000000000002,0.00449247,0.0002738499999999,0.0,1.0,0.0,314.83993533416617,888.478297513017
1668549339.251989,2.825,0.0030000000000001,0.00524812,0.00075565,0.0,1.0,0.0,314.83993533416617,889.4228173190195
1668549400.3727465,2.824,-0.0010000000000003,0.00516835,-7.976999999999984e-05,1.0,0.0,889.1079773836852,0.0,889.1079773836852
1668549460.245776,2.825,0.0010000000000003,0.00507669,-9.166000000000037e-05,1.0,0.0,889.1079773836852,0.0,889.1079773836852
1668549520.654325,2.823,-0.0020000000000002,0.00483985,-0.00023684,1.0,0.0,889.1079773836852,0.0,889.1079773836852
1668549581.13947,2.822,-0.0009999999999998,0.00476008,-7.976999999999984e-05,1.0,0.0,889.1079773836852,0.0,889.1079773836852
1668549641.0313349,2.821,-0.0009999999999998,0.004503,-0.0002570799999999,1.0,0.0,889.1079773836852,0.0,889.1079773836852
1668549701.0290802,2.824,0.0029999999999996,0.00448959,-1.3410000000000158e-05,1.0,0.0,889.1079773836852,0.0,889.1079773836852
1668549761.9534135,2.817,-0.0069999999999996,0.00326126,-0.0012283299999999,1.0,0.0,889.1079773836852,0.0,889.1079773836852
1668549822.0338268,2.821,0.004,0.00327208,1.0819999999999929e-05,0.0,1.0,0.0,315.17475270602097,889.1079773836852
1668549881.9753065,2.821,0.0,0.00327208,0.0,0.0,1.0,0.0,315.17475270602097,889.1079773836852
1668549943.236008,2.821,0.0,0.00327208,0.0,0.0,1.0,0.0,315.17475270602097,889.1079773836852
1668550002.9294314,2.821,0.0,0.00327208,0.0,0.0,1.0,0.0,315.17475270602097,889.1079773836852
1668550062.8495023,2.817,-0.004,0.00279918,-0.0004729,1.0,0.0,887.8472783728611,0.0,887.8472783728611
1668550123.9321704,2.815,-0.0020000000000002,0.00263963,-0.00015955,1.0,0.0,887.8472783728611,0.0,887.8472783728611
1668550183.7088292,2.816,0.0009999999999998,0.00219382,-0.00044581,1.0,0.0,887.8472783728611,0.0,887.8472783728611
1668550243.6579149,2.823,0.0070000000000001,0.00275222,0.0005584,0.0,1.0,0.0,314.50488075552994,887.847278372861
1668550304.3959565,2.819,-0.004,0.00248998,-0.0002622399999999,1.0,0.0,886.5892588498389,0.0,886.5892588498389
1668550364.4825163,2.819,0.0,0.00225615,-0.0002338299999999,1.0,0.0,886.5892588498389,0.0,886.5892588498389
1668550424.4373312,2.82,0.0009999999999998,0.00233592,7.976999999999984e-05,0.0,1.0,0.0,314.3933542020705,886.5892588498389
1668550485.3914137,2.821,0.0010000000000003,0.00226837,-6.754999999999999e-05,1.0,0.0,886.9036522040409,0.0,886.9036522040409
1668550545.5803838,2.821,0.0,0.00218959,-7.878000000000008e-05,1.0,0.0,886.9036522040409,0.0,886.9036522040409
1668550605.3769622,2.821,0.0,0.00210292,-8.667000000000006e-05,1.0,0.0,886.9036522040409,0.0,886.9036522040409
1668550666.3971908,2.817,-0.004,0.00169196,-0.0004109599999999,1.0,0.0,886.9036522040409,0.0,886.9036522040409
1668550726.2126124,2.817,0.0,0.0013507,-0.0003412599999999,1.0,0.0,886.9036522040409,0.0,886.9036522040409
1668550786.209732,2.818,0.0009999999999998,0.00114771,-0.00020299,1.0,0.0,886.9036522040409,0.0,886.9036522040409
1668550846.8898747,2.819,0.0009999999999998,0.00105537,-9.234e-05,1.0,0.0,886.9036522040409,0.0,886.9036522040409
1668550906.8948567,2.816,-0.0030000000000001,0.00054691,-0.00050846,1.0,0.0,886.9036522040409,0.0,886.9036522040409
1668550966.9800093,2.817,0.0010000000000003,0.00062668,7.977000000000006e-05,0.0,1.0,0.0,314.8397771402346,886.903652204041
1668551027.913682,2.817,0.0,0.00062668,0.0,0.0,1.0,0.0,314.8397771402346,886.903652204041
1668551087.8371515,2.813,-0.004,0.00015208,-0.0004746,1.0,0.0,885.6442930954801,0.0,885.6442930954801
1668551147.800649,2.815,0.0019999999999997,-6.195e-05,-0.0002140299999999,1.0,0.0,885.6442930954801,0.0,885.6442930954801
1668551208.8772426,2.815,0.0,-6.195e-05,0.0,1.0,0.0,885.6442930954801,0.0,885.6442930954801
1668551268.783919,2.813,-0.0019999999999997,-0.00038847,-0.00032652,1.0,0.0,885.6442930954801,0.0,885.6442930954801
1668551328.9821017,2.813,0.0,-0.00038847,0.0,1.0,0.0,885.6442930954801,0.0,885.6442930954801
1668551389.615243,2.813,0.0,-0.00063987,-0.0002513999999999,1.0,0.0,885.6442930954801,0.0,885.6442930954801
1668551449.8991928,2.813,0.0,-0.00063987,0.0,1.0,0.0,885.6442930954801,0.0,885.6442930954801
1668551509.688841,2.813,0.0,-0.00063987,0.0,1.0,0.0,885.6442930954801,0.0,885.6442930954801
1668551570.5356688,2.818,0.0049999999999998,-0.00043068,0.0002091899999999,0.0,1.0,0.0,314.2811543986799,885.6442930954801
1668551630.471012,2.818,0.0,-0.00026188,0.0001688,0.0,1.0,0.0,314.2811543986799,885.6442930954801
1668551690.577719,2.818,0.0,-0.00026188,0.0,0.0,1.0,0.0,314.2811543986799,885.6442930954801
1668551751.5397692,2.817,-0.0009999999999998,-0.00020641,5.546999999999998e-05,0.0,1.0,0.0,314.2811543986799,885.3300119410814
1668551811.5694482,2.818,0.0009999999999998,-1.924e-05,0.00018717,0.0,1.0,0.0,314.2811543986799,885.6442930954801
1668551871.5155106,2.818,0.0,-1.924e-05,0.0,0.0,1.0,0.0,314.2811543986799,885.6442930954801
1668551932.3057525,2.813,-0.0049999999999998,-0.00051474,-0.0004955,1.0,0.0,884.0728873234866,0.0,884.0728873234866
1668551992.2437155,2.81,-0.0030000000000001,-0.00095251,-0.00043777,1.0,0.0,884.0728873234866,0.0,884.0728873234866
1668552052.2113044,2.811,0.0009999999999998,-0.00102009,-6.757999999999992e-05,1.0,0.0,884.0728873234866,0.0,884.0728873234866
1668552113.016747,2.811,0.0,-0.00102009,0.0,1.0,0.0,884.0728873234866,0.0,884.0728873234866
1668552172.986005,2.812,0.0009999999999998,-0.00116914,-0.0001490499999999,1.0,0.0,884.0728873234866,0.0,884.0728873234866
1668552232.9627445,2.812,0.0,-0.00127259,-0.00010345,1.0,0.0,884.0728873234866,0.0,884.0728873234866
1668552294.0683737,2.812,0.0,-0.00127259,0.0,1.0,0.0,884.0728873234866,0.0,884.0728873234866
1668552354.2332113,2.813,0.0010000000000003,-0.00125937,1.3219999999999984e-05,0.0,1.0,0.0,314.2811543986799,884.0728873234866
1668552414.059347,2.812,-0.0010000000000003,-0.00133914,-7.976999999999984e-05,1.0,0.0,883.7586061690879,0.0,883.7586061690879
1668552474.8304484,2.815,0.0030000000000001,-0.0011367,0.0002024399999999,0.0,1.0,0.0,313.94621888777544,883.7586061690879
1668552535.1286695,2.815,0.0,-0.00096514,0.00017156,0.0,1.0,0.0,313.94621888777544,883.7586061690879
1668552594.8241525,2.815,0.0,-0.00096514,0.0,0.0,1.0,0.0,313.94621888777544,883.7586061690879
1668552655.6882606,2.814,-0.0009999999999998,-0.00089951,6.563000000000001e-05,0.0,1.0,0.0,313.94621888777544,883.4446599502002
1668552715.5963306,2.815,0.0009999999999998,-0.00069647,0.0002030399999999,0.0,1.0,0.0,313.94621888777544,883.7586061690879
1668552775.7112849,2.815,0.0,-0.00069647,0.0,0.0,1.0,0.0,313.94621888777544,883.7586061690879
1668552836.3783176,2.815,0.0,-0.00069647,0.0,0.0,1.0,0.0,313.94621888777544,883.7586061690879
1668552896.2974129,2.817,0.0020000000000002,2.576e-05,0.00072223,0.0,1.0,0.0,313.94621888777544,884.3864986068635
1668552956.596448,2.821,0.004,0.00045353,0.00042777,0.0,1.0,0.0,313.94621888777544,885.6422834824145
1668553018.0184977,2.821,0.0,0.00045353,0.0,0.0,1.0,0.0,313.94621888777544,885.6422834824145
1668553078.310038,2.821,0.0,0.00045353,0.0,0.0,1.0,0.0,313.94621888777544,885.6422834824145
1668553137.7302616,2.818,-0.0030000000000001,0.00054419,9.065999999999996e-05,0.0,1.0,0.0,313.94621888777544,884.7004448257512
1668553198.6259005,2.818,0.0,0.00054419,0.0,0.0,1.0,0.0,313.94621888777544,884.7004448257512
1668553258.312851,2.815,-0.0030000000000001,0.00022877,-0.0003154199999999,1.0,0.0,883.7586061690879,0.0,883.7586061690879
1668553318.7018151,2.815,0.0,0.00011576,-0.0001130099999999,1.0,0.0,883.7586061690879,0.0,883.7586061690879
1668553379.2651713,2.82,0.0049999999999998,0.00042476,0.000309,0.0,1.0,0.0,313.38957665570496,883.7586061690879
1668553439.3091755,2.815,-0.0049999999999998,7.837e-05,-0.00034639,1.0,0.0,882.1916582858095,0.0,882.1916582858095
1668553499.1749892,2.81,-0.0049999999999998,-0.00032049,-0.00039886,1.0,0.0,882.1916582858095,0.0,882.1916582858095
1668553560.3410645,2.81,0.0,-0.00071321,-0.00039272,1.0,0.0,882.1916582858095,0.0,882.1916582858095
1668553620.1814158,2.809,-0.0009999999999998,-0.00115414,-0.0004409299999999,1.0,0.0,882.1916582858095,0.0,882.1916582858095
1668553680.0180962,2.809,0.0,-0.00115414,0.0,1.0,0.0,882.1916582858095,0.0,882.1916582858095
1668553740.786024,2.809,0.0,-0.00115414,0.0,1.0,0.0,882.1916582858095,0.0,882.1916582858095
1668553800.965395,2.809,0.0,-0.00115414,0.0,1.0,0.0,882.1916582858095,0.0,882.1916582858095
1668553861.0903022,2.809,0.0,-0.00115414,0.0,1.0,0.0,882.1916582858095,0.0,882.1916582858095
1668553921.7010102,2.809,0.0,-0.00115414,0.0,1.0,0.0,882.1916582858095,0.0,882.1916582858095
1668553980.960333,2.809,0.0,-0.00115414,0.0,1.0,0.0,882.1916582858095,0.0,882.1916582858095
1668554040.953202,2.809,0.0,-0.00115414,0.0,1.0,0.0,882.1916582858095,0.0,882.1916582858095
1668554102.4479997,2.813,0.004,-0.00110486,4.927999999999985e-05,0.0,1.0,0.0,313.6123918541804,882.1916582858095
1668554160.8094246,2.813,0.0,-0.00105365,5.12100000000001e-05,0.0,1.0,0.0,313.6123918541804,882.1916582858095
1668554220.9936664,2.813,0.0,-0.00105365,0.0,0.0,1.0,0.0,313.6123918541804,882.1916582858095
1668554281.017212,2.813,0.0,-0.00105365,0.0,0.0,1.0,0.0,313.6123918541804,882.1916582858095
1668554341.129811,2.818,0.0049999999999998,-0.00030405,0.0007496,0.0,1.0,0.0,313.6123918541804,883.7597202450803
1668554400.997417,2.818,0.0,-0.00030405,0.0,0.0,1.0,0.0,313.6123918541804,883.7597202450803
1668554461.025856,2.818,0.0,-0.00030405,0.0,0.0,1.0,0.0,313.6123918541804,883.7597202450803
1668554520.8424046,2.818,0.0,-0.00030405,0.0,0.0,1.0,0.0,313.6123918541804,883.7597202450803
1668554581.4442365,2.818,0.0,-0.00030405,0.0,0.0,1.0,0.0,313.6123918541804,883.7597202450803
1668554640.9424627,2.815,-0.0030000000000001,-0.00024345,6.059999999999998e-05,0.0,1.0,0.0,313.6123918541804,882.8188830695177
1668554700.9741497,2.815,0.0,-0.00024345,0.0,0.0,1.0,0.0,313.6123918541804,882.8188830695177
1668554760.964538,2.815,0.0,-0.00024345,0.0,0.0,1.0,0.0,313.6123918541804,882.8188830695177
1668554821.0531442,2.813,-0.0019999999999997,-0.00035274,-0.0001092899999999,1.0,0.0,882.1916582858095,0.0,882.1916582858095
1668554881.0148132,2.81,-0.0030000000000001,-0.00059205,-0.00023931,1.0,0.0,882.1916582858095,0.0,882.1916582858095
1668554940.9437325,2.81,0.0,-0.00085843,-0.00026638,1.0,0.0,882.1916582858095,0.0,882.1916582858095
1668555001.0903907,2.808,-0.0020000000000002,-0.00121689,-0.00035846,1.0,0.0,882.1916582858095,0.0,882.1916582858095
1668555061.877205,2.808,0.0,-0.00121689,0.0,1.0,0.0,882.1916582858095,0.0,882.1916582858095
1668555121.0641005,2.809,0.0010000000000003,-0.00140409,-0.0001872,1.0,0.0,882.1916582858095,0.0,882.1916582858095
1668555180.951151,2.809,0.0,-0.00140409,0.0,1.0,0.0,882.1916582858095,0.0,882.1916582858095
1668555240.9986768,2.809,0.0,-0.00140409,0.0,1.0,0.0,882.1916582858095,0.0,882.1916582858095
1668555300.9747806,2.81,0.0009999999999998,-0.00145499,-5.089999999999999e-05,1.0,0.0,882.1916582858095,0.0,882.1916582858095
1668555360.9710286,2.809,-0.0009999999999998,-0.00153476,-7.977000000000006e-05,1.0,0.0,882.1916582858095,0.0,882.1916582858095
1668555421.0604925,2.806,-0.0030000000000001,-0.00185897,-0.0003242099999999,1.0,0.0,882.1916582858095,0.0,882.1916582858095
1668555481.1693058,2.808,0.0019999999999997,-0.00193224,-7.327000000000006e-05,1.0,0.0,882.1916582858095,0.0,882.1916582858095
1668555542.074691,2.808,0.0,-0.00193224,0.0,1.0,0.0,882.1916582858095,0.0,882.1916582858095
1668555601.0337284,2.808,0.0,-0.00193224,0.0,1.0,0.0,882.1916582858095,0.0,882.1916582858095
1668555661.065862,2.808,0.0,-0.00193224,0.0,1.0,0.0,882.1916582858095,0.0,882.1916582858095
1668555721.085764,2.808,0.0,-0.00193224,0.0,1.0,0.0,882.1916582858095,0.0,882.1916582858095
1668555781.2455258,2.812,0.004,-0.00164854,0.0002837,0.0,1.0,0.0,313.7239183093206,882.1916582858095
1668555841.0268638,2.811,-0.0009999999999998,-0.00148726,0.0001612799999999,0.0,1.0,0.0,313.7239183093206,881.8779343675002
1668555901.021615,2.811,0.0,-0.00148726,0.0,0.0,1.0,0.0,313.7239183093206,881.8779343675002
1668555960.9925723,2.815,0.004,-0.00102486,0.0004623999999999,0.0,1.0,0.0,313.7239183093206,883.1328300407374
1668556022.107968,2.817,0.0020000000000002,-0.00042977,0.00059509,0.0,1.0,0.0,313.7239183093206,883.7602778773562
1668556080.9941154,2.819,0.0019999999999997,0.00013842,0.00056819,0.0,1.0,0.0,313.7239183093206,884.3877257139748
1668556141.1306756,2.819,0.0,0.000582,0.00044358,0.0,1.0,0.0,313.7239183093206,884.3877257139748
1668556201.4503376,2.819,0.0,0.000582,0.0,0.0,1.0,0.0,313.7239183093206,884.3877257139748
1668556261.045079,2.819,0.0,0.000582,0.0,0.0,1.0,0.0,313.7239183093206,884.3877257139748
1668556321.1353838,2.816,-0.0030000000000001,0.00068359,0.0001015899999999,0.0,1.0,0.0,313.7239183093206,883.4465539590467
1668556381.0299158,2.816,0.0,0.00068359,0.0,0.0,1.0,0.0,313.7239183093206,883.4465539590467
1668556440.9944556,2.811,-0.0049999999999998,3.463e-05,-0.00064896,1.0,0.0,881.8779343675002,0.0,881.8779343675002
1668556501.4827406,2.819,0.008,0.00048271,0.00044808,0.0,1.0,0.0,312.8336056642427,881.8779343675002
1668556561.0802078,2.818,-0.0009999999999998,0.0007485,0.00026579,0.0,1.0,0.0,312.8336056642427,881.565100761836
1668556621.3336344,2.822,0.004,0.0012673,0.0005188,0.0,1.0,0.0,312.8336056642427,882.816435184493
1668556681.102116,2.824,0.0019999999999997,0.00181886,0.00055156,0.0,1.0,0.0,312.8336056642427,883.4421023958214
1668556741.024853,2.825,0.0010000000000003,0.00231005,0.00049119,0.0,1.0,0.0,312.8336056642427,883.7549360014857
1668556801.179024,2.825,0.0,0.00231005,0.0,0.0,1.0,0.0,312.8336056642427,883.7549360014857
1668556861.291919,2.825,0.0,0.00266855,0.0003584999999999,0.0,1.0,0.0,312.8336056642427,883.7549360014857
1668556921.263401,2.818,-0.0070000000000001,0.00192949,-0.0007390599999999,1.0,0.0,881.565100761836,0.0,881.565100761836
1668556981.472851,2.826,0.008,0.00240413,0.0004746399999999,0.0,1.0,0.0,311.9480186701472,881.565100761836
1668557041.154581,2.827,0.0009999999999998,0.00313633,0.0007322,0.0,1.0,0.0,311.9480186701472,881.877048780506
1668557101.1411228,2.827,0.0,0.00313633,0.0,0.0,1.0,0.0,311.9480186701472,881.877048780506
1668557161.053321,2.827,0.0,0.00313633,0.0,0.0,1.0,0.0,311.9480186701472,881.877048780506
1668557221.2120173,2.822,-0.0049999999999998,0.00296289,-0.0001734399999999,1.0,0.0,880.3173086871553,0.0,880.3173086871553
1668557281.2018514,2.826,0.004,0.00311232,0.0001494299999999,0.0,1.0,0.0,311.5064786578752,880.3173086871554
1668557341.1301064,2.827,0.0009999999999998,0.00327371,0.0001613899999999,0.0,1.0,0.0,311.5064786578752,880.6288151658132
1668557400.9992473,2.822,-0.0049999999999998,0.00296398,-0.0003097299999999,1.0,0.0,879.0712827725239,0.0,879.0712827725239
1668557461.3252206,2.822,0.0,0.00296398,0.0,1.0,0.0,879.0712827725239,0.0,879.0712827725239
1668557521.6140058,2.819,-0.0030000000000001,0.00244822,-0.00051576,1.0,0.0,879.0712827725239,0.0,879.0712827725239
1668557581.2212684,2.817,-0.0019999999999997,0.00179511,-0.00065311,1.0,0.0,879.0712827725239,0.0,879.0712827725239
1668557641.1424942,2.814,-0.0030000000000001,0.00108613,-0.0007089799999999,1.0,0.0,879.0712827725239,0.0,879.0712827725239
1668557701.1503968,2.815,0.0009999999999998,0.00059806,-0.00048807,1.0,0.0,879.0712827725239,0.0,879.0712827725239
1668557761.1678898,2.813,-0.0019999999999997,4.931e-05,-0.00054875,1.0,0.0,879.0712827725239,0.0,879.0712827725239
1668557821.394326,2.812,-0.0010000000000003,-0.00046096,-0.00051027,1.0,0.0,879.0712827725239,0.0,879.0712827725239
1668557881.3455791,2.812,0.0,-0.00046096,0.0,1.0,0.0,879.0712827725239,0.0,879.0712827725239
1668557941.1921167,2.816,0.004,-0.0005364,-7.544000000000002e-05,1.0,0.0,879.0712827725239,0.0,879.0712827725239
1668558001.4293184,2.82,0.004,-0.00027031,0.00026609,0.0,1.0,0.0,311.72740523848364,879.0712827725238
1668558061.1005,2.82,0.0,-0.00027031,0.0,0.0,1.0,0.0,311.72740523848364,879.0712827725238
1668558121.1324148,2.82,0.0,-0.00027031,0.0,0.0,1.0,0.0,311.72740523848364,879.0712827725238
1668558181.124404,2.811,-0.0089999999999998,-0.0007767,-0.00050639,1.0,0.0,876.2657361253775,0.0,876.2657361253775
1668558241.0237494,2.814,0.0030000000000001,-0.00080209,-2.5390000000000023e-05,1.0,0.0,876.2657361253775,0.0,876.2657361253775
1668558301.1468503,2.811,-0.0030000000000001,-0.00117716,-0.00037507,1.0,0.0,876.2657361253775,0.0,876.2657361253775
1668558361.177643,2.802,-0.0089999999999998,-0.00189511,-0.00071795,1.0,0.0,876.2657361253775,0.0,876.2657361253775
1668558421.1423495,2.802,0.0,-0.00272987,-0.00083476,1.0,0.0,876.2657361253775,0.0,876.2657361253775
1668558481.3913217,2.802,0.0,-0.00335277,-0.0006229,1.0,0.0,876.2657361253775,0.0,876.2657361253775
1668558541.9214947,2.802,0.0,-0.00380259,-0.0004498199999999,1.0,0.0,876.2657361253775,0.0,876.2657361253775
1668558601.3092768,2.801,-0.0009999999999998,-0.00419145,-0.00038886,1.0,0.0,876.2657361253775,0.0,876.2657361253775
1668558661.1774633,2.797,-0.004,-0.00507539,-0.0008839399999999,1.0,0.0,876.2657361253775,0.0,876.2657361253775
1668558721.3758416,2.799,0.0019999999999997,-0.00523806,-0.00016267,1.0,0.0,876.2657361253775,0.0,876.2657361253775
1668558781.2321892,2.796,-0.0030000000000001,-0.00554512,-0.0003070599999999,1.0,0.0,876.2657361253775,0.0,876.2657361253775
1668558841.2046373,2.801,0.0050000000000003,-0.00532365,0.0002214699999999,0.0,1.0,0.0,312.8403199305168,876.2657361253775
1668558901.1982849,2.801,0.0,-0.00532365,0.0,0.0,1.0,0.0,312.8403199305168,876.2657361253775
1668558961.1683712,2.801,0.0,-0.00503275,0.0002909,0.0,1.0,0.0,312.8403199305168,876.2657361253775
1668559021.8373528,2.801,0.0,-0.00474347,0.00028928,0.0,1.0,0.0,312.8403199305168,876.2657361253775
1668559081.123847,2.801,0.0,-0.00474347,0.0,0.0,1.0,0.0,312.8403199305168,876.2657361253775
1668559141.333728,2.797,-0.004,-0.00478186,-3.8390000000000125e-05,1.0,0.0,875.0143748456555,0.0,875.0143748456555
1668559201.167663,2.8,0.0029999999999996,-0.00457971,0.0002021499999999,0.0,1.0,0.0,312.5051338734484,875.0143748456555
1668559261.2850437,2.801,0.0010000000000003,-0.00422687,0.00035284,0.0,1.0,0.0,312.5051338734484,875.326879979529
1668559321.3353114,2.801,0.0,-0.00422687,0.0,0.0,1.0,0.0,312.5051338734484,875.326879979529
1668559381.1566007,2.801,0.0,-0.00422687,0.0,0.0,1.0,0.0,312.5051338734484,875.326879979529
1668559441.2013726,2.794,-0.0070000000000001,-0.00459301,-0.00036614,1.0,0.0,873.1393440424149,0.0,873.1393440424149
1668559501.6554108,2.798,0.004,-0.00426367,0.00032934,0.0,1.0,0.0,312.05837885718904,873.1393440424149
1668559561.3795905,2.798,0.0,-0.00426367,0.0,0.0,1.0,0.0,312.05837885718904,873.1393440424149
1668559621.2663114,2.793,-0.0049999999999998,-0.00441842,-0.00015475,1.0,0.0,871.579052148129,0.0,871.579052148129
1668559681.2912412,2.796,0.0029999999999996,-0.0041268,0.00029162,0.0,1.0,0.0,311.72355227043244,871.579052148129
1668559741.311894,2.805,0.0090000000000003,-0.00325836,0.0008684399999999,0.0,1.0,0.0,311.72355227043244,874.384564118563
1668559801.4451158,2.802,-0.0030000000000001,-0.00278013,0.00047823,0.0,1.0,0.0,311.72355227043244,873.4493934617517
1668559861.3312302,2.802,0.0,-0.00237377,0.00040636,0.0,1.0,0.0,311.72355227043244,873.4493934617517
1668559921.228256,2.802,0.0,-0.00237377,0.0,0.0,1.0,0.0,311.72355227043244,873.4493934617517
1668559982.0955112,2.802,0.0,-0.00237377,0.0,0.0,1.0,0.0,311.72355227043244,873.4493934617517
1668560041.2494664,2.797,-0.0049999999999998,-0.00242721,-5.3440000000000085e-05,1.0,0.0,871.8907757003996,0.0,871.8907757003996
1668560101.33952,2.798,0.0009999999999998,-0.00217687,0.0002503399999999,0.0,1.0,0.0,311.61214285217994,871.8907757003994
1668560161.2226455,2.796,-0.0020000000000002,-0.00236456,-0.0001876899999999,1.0,0.0,871.267551414695,0.0,871.267551414695
1668560221.7678957,2.793,-0.0029999999999996,-0.00266148,-0.00029692,1.0,0.0,871.267551414695,0.0,871.267551414695
1668560281.3832831,2.791,-0.0020000000000002,-0.00339287,-0.00073139,1.0,0.0,871.267551414695,0.0,871.267551414695
1668560341.261182,2.79,-0.0009999999999998,-0.00344723,-5.435999999999983e-05,1.0,0.0,871.267551414695,0.0,871.267551414695
1668560401.3652172,2.79,0.0,-0.00344723,0.0,1.0,0.0,871.267551414695,0.0,871.267551414695
1668560461.7787042,2.791,0.0009999999999998,-0.00355827,-0.00011104,1.0,0.0,871.267551414695,0.0,871.267551414695
1668560521.3955183,2.794,0.0030000000000001,-0.00336539,0.00019288,0.0,1.0,0.0,311.835200935825,871.267551414695
1668560581.3252835,2.791,-0.0030000000000001,-0.00335365,1.1739999999999667e-05,0.0,1.0,0.0,311.835200935825,870.3320458118876
1668560641.3225555,2.791,0.0,-0.00335365,0.0,0.0,1.0,0.0,311.835200935825,870.3320458118876
1668560701.3997152,2.792,0.0009999999999998,-0.00328897,6.468000000000012e-05,0.0,1.0,0.0,311.835200935825,870.6438810128234
1668560761.2330463,2.795,0.0030000000000001,-0.00296149,0.0003274799999999,0.0,1.0,0.0,311.835200935825,871.5793866156309
1668560821.24925,2.79,-0.0049999999999998,-0.00307003,-0.0001085399999999,1.0,0.0,870.0202106109518,0.0,870.0202106109518
1668560881.3054843,2.796,0.0059999999999997,-0.00264145,0.00042858,0.0,1.0,0.0,311.1660266848898,870.0202106109518
1668560941.8595812,2.797,0.0010000000000003,-0.00219579,0.00044566,0.0,1.0,0.0,311.1660266848898,870.3313766376368
1668561001.253276,2.799,0.0019999999999997,-0.00203625,0.00015954,0.0,1.0,0.0,311.1660266848898,870.9537086910066
1668561061.2692502,2.803,0.004,-0.00121979,0.00081646,0.0,1.0,0.0,311.1660266848898,872.1983727977461
1668561121.3313367,2.803,0.0,-0.00121979,0.0,0.0,1.0,0.0,311.1660266848898,872.1983727977461
1668561181.362526,2.803,0.0,-0.00121979,0.0,0.0,1.0,0.0,311.1660266848898,872.1983727977461
1668561241.3781216,2.796,-0.0070000000000001,-0.00112463,9.515999999999996e-05,0.0,1.0,0.0,311.1660266848898,870.0202106109518
1668561301.3776736,2.795,-0.0009999999999998,-0.00111702,7.609999999999907e-06,0.0,1.0,0.0,311.1660266848898,869.709044584267
1668561361.2655332,2.796,0.0009999999999998,-0.00101856,9.846000000000008e-05,0.0,1.0,0.0,311.1660266848898,870.0202106109518
1668561421.9115908,2.797,0.0010000000000003,-0.00103481,-1.624999999999999e-05,1.0,0.0,870.3313766376368,0.0,870.3313766376368
1668561481.468767,2.797,0.0,-0.00103481,0.0,1.0,0.0,870.3313766376368,0.0,870.3313766376368
1668561541.3029249,2.797,0.0,-0.00084825,0.0001865599999999,0.0,1.0,0.0,311.1660266848898,870.3313766376368
1668561601.4023747,2.797,0.0,-0.00084825,0.0,0.0,1.0,0.0,311.1660266848898,870.3313766376368
1668561661.2517505,2.797,0.0,-0.00084825,0.0,0.0,1.0,0.0,311.1660266848898,870.3313766376368
1668561721.4496226,2.794,-0.0030000000000001,-0.00093174,-8.348999999999997e-05,1.0,0.0,869.3978785575821,0.0,869.3978785575821
1668561781.3624034,2.796,0.0019999999999997,-0.00082698,0.00010476,0.0,1.0,0.0,310.94344726666026,869.397878557582
1668561841.282572,2.797,0.0010000000000003,-0.00059412,0.00023286,0.0,1.0,0.0,310.94344726666026,869.7088220048488
1668561901.663008,2.803,0.0059999999999997,0.00038076,0.00097488,0.0,1.0,0.0,310.94344726666026,871.5744826884487
1668561961.5183694,2.804,0.0009999999999998,0.00046054,7.978e-05,0.0,1.0,0.0,310.94344726666026,871.8854261357153
1668562021.3336833,2.804,0.0,0.00046054,0.0,0.0,1.0,0.0,310.94344726666026,871.8854261357153
1668562081.525046,2.805,0.0010000000000003,0.00098636,0.00052582,0.0,1.0,0.0,310.94344726666026,872.196369582982
1668562141.3543594,2.804,-0.0010000000000003,0.00130732,0.00032096,0.0,1.0,0.0,310.94344726666026,871.8854261357153
1668562201.3598714,2.802,-0.0019999999999997,0.00138434,7.701999999999991e-05,0.0,1.0,0.0,310.94344726666026,871.263539241182
1668562261.4477882,2.799,-0.0030000000000001,0.00118959,-0.00019475,1.0,0.0,870.330708899382,0.0,870.330708899382
1668562321.2793324,2.794,-0.0049999999999998,0.00080937,-0.0003802199999999,1.0,0.0,870.330708899382,0.0,870.330708899382
1668562381.2808893,2.801,0.0070000000000001,0.00087315,6.377999999999993e-05,0.0,1.0,0.0,310.7214240983156,870.330708899382
1668562441.4023025,2.796,-0.0050000000000003,0.00032954,-0.0005436099999999,1.0,0.0,868.7771017788904,0.0,868.7771017788904
1668562501.6190438,2.798,0.0020000000000002,0.00024693,-8.261e-05,1.0,0.0,868.7771017788904,0.0,868.7771017788904
1668562561.4384234,2.803,0.0049999999999998,0.00057824,0.00033131,0.0,1.0,0.0,309.94545193681427,868.7771017788904
1668562621.369229,2.803,0.0,0.00057824,0.0,0.0,1.0,0.0,309.94545193681427,868.7771017788904
1668562681.324699,2.803,0.0,0.00057824,0.0,0.0,1.0,0.0,309.94545193681427,868.7771017788904
1668562741.2961257,2.803,0.0,0.00057824,0.0,0.0,1.0,0.0,309.94545193681427,868.7771017788904
1668562801.2949588,2.803,0.0,0.00083123,0.0002529899999999,0.0,1.0,0.0,309.94545193681427,868.7771017788904
1668562861.3928382,2.803,0.0,0.00101997,0.00018874,0.0,1.0,0.0,309.94545193681427,868.7771017788904
1668562921.3063967,2.802,-0.0009999999999998,0.00107645,5.648000000000003e-05,0.0,1.0,0.0,309.94545193681427,868.4671563269536
1668562981.301169,2.8,-0.0020000000000002,0.00082571,-0.00025074,1.0,0.0,867.8472654230799,0.0,867.8472654230799
1668563041.4144857,2.8,0.0,0.00082571,0.0,1.0,0.0,867.8472654230799,0.0,867.8472654230799
1668563101.433814,2.802,0.0020000000000002,0.00090439,7.868000000000003e-05,0.0,1.0,0.0,309.7242203508493,867.8472654230799
1668563161.4180098,2.8,-0.0020000000000002,0.00079618,-0.00010821,1.0,0.0,867.2278169823779,0.0,867.2278169823779
1668563221.4243462,2.8,0.0,0.00070233,-9.384999999999992e-05,1.0,0.0,867.2278169823779,0.0,867.2278169823779
1668563281.4998026,2.8,0.0,0.00070233,0.0,1.0,0.0,867.2278169823779,0.0,867.2278169823779
1668563341.3345318,2.8,0.0,0.0006208,-8.153000000000001e-05,1.0,0.0,867.2278169823779,0.0,867.2278169823779
1668563401.413773,2.8,0.0,0.00054985,-7.095000000000007e-05,1.0,0.0,867.2278169823779,0.0,867.2278169823779
1668563461.6897783,2.8,0.0,0.00054985,0.0,1.0,0.0,867.2278169823779,0.0,867.2278169823779
1668563521.500665,2.8,0.0,0.00054985,0.0,1.0,0.0,867.2278169823779,0.0,867.2278169823779
1668563581.4074728,2.799,-0.0009999999999998,0.00040822,-0.0001416299999999,1.0,0.0,867.2278169823779,0.0,867.2278169823779
1668563641.4427066,2.8,0.0009999999999998,0.00037237,-3.584999999999998e-05,1.0,0.0,867.2278169823779,0.0,867.2278169823779
1668563701.4729106,2.801,0.0010000000000003,0.00041982,4.744999999999999e-05,0.0,1.0,0.0,309.61364404940304,867.2278169823779
1668563761.3977008,2.804,0.0029999999999996,0.00069153,0.00027171,0.0,1.0,0.0,309.61364404940304,868.156657914526
1668563821.397817,2.808,0.004,0.00121561,0.00052408,0.0,1.0,0.0,309.61364404940304,869.3951124907237
1668563881.92528,2.809,0.0010000000000003,0.00169213,0.00047652,0.0,1.0,0.0,309.61364404940304,869.7047261347732
1668563941.399756,2.809,0.0,0.0020462,0.00035407,0.0,1.0,0.0,309.61364404940304,869.7047261347732
1668564001.3905158,2.812,0.0029999999999996,0.00253959,0.0004933899999999,0.0,1.0,0.0,309.61364404940304,870.6335670669213
1668564061.3550184,2.811,-0.0009999999999998,0.00281744,0.00027785,0.0,1.0,0.0,309.61364404940304,870.3239534228719
1668564121.449731,2.815,0.004,0.00350688,0.0006894399999999,0.0,1.0,0.0,309.61364404940304,871.5624079990695
1668564181.3617744,2.809,-0.0059999999999997,0.00334095,-0.0001659299999999,1.0,0.0,869.7047261347732,0.0,869.7047261347732
1668564241.7714744,2.807,-0.0020000000000002,0.00295174,-0.00038921,1.0,0.0,869.7047261347732,0.0,869.7047261347732
1668564301.520799,2.8,-0.0070000000000001,0.00211725,-0.0008344899999999,1.0,0.0,869.7047261347732,0.0,869.7047261347732
1668564361.8503926,2.8,0.0,0.0016241,-0.00049315,1.0,0.0,869.7047261347732,0.0,869.7047261347732
1668564421.6383586,2.802,0.0020000000000002,0.00178364,0.0001595399999999,0.0,1.0,0.0,310.3871256726528,869.7047261347732
1668564481.7934792,2.802,0.0,0.00178364,0.0,0.0,1.0,0.0,310.3871256726528,869.7047261347732
1668564541.8055882,2.802,0.0,0.00178364,0.0,0.0,1.0,0.0,310.3871256726528,869.7047261347732
1668564602.6671853,2.802,0.0,0.00178364,0.0,0.0,1.0,0.0,310.3871256726528,869.7047261347732
1668564662.492381,2.803,0.0009999999999998,0.00139422,-0.0003894199999999,1.0,0.0,870.0151132604458,0.0,870.0151132604458
1668564722.4649384,2.803,0.0,0.00107322,-0.000321,1.0,0.0,870.0151132604458,0.0,870.0151132604458
1668564783.2536733,2.804,0.0009999999999998,0.00115299,7.977000000000006e-05,0.0,1.0,0.0,310.27643126264115,870.0151132604458
1668564843.5431657,2.804,0.0,0.00115299,0.0,0.0,1.0,0.0,310.27643126264115,870.0151132604458
1668564903.3732886,2.805,0.0010000000000003,0.00103063,-0.0001223599999999,1.0,0.0,870.3253896917084,0.0,870.3253896917084
1668564964.2580397,2.812,0.0069999999999996,0.00148142,0.0004507899999999,0.0,1.0,0.0,309.50405038823203,870.3253896917084
1668565024.3259652,2.814,0.0020000000000002,0.00197727,0.00049585,0.0,1.0,0.0,309.50405038823203,870.944397792485
1668565084.1695962,2.816,0.0019999999999997,0.00256436,0.0005870899999999,0.0,1.0,0.0,309.50405038823203,871.5634058932613
1668565144.8754792,2.815,-0.0009999999999998,0.00248459,-7.976999999999984e-05,1.0,0.0,871.2539018428731,0.0,871.2539018428731
1668565204.9294293,2.817,0.0020000000000002,0.00295078,0.00046619,0.0,1.0,0.0,309.2843102033628,871.253901842873
1668565264.8928487,2.815,-0.0020000000000002,0.00312287,0.0001720899999999,0.0,1.0,0.0,309.2843102033628,870.6353332224662
1668565325.7975752,2.815,0.0,0.00312287,0.0,0.0,1.0,0.0,309.2843102033628,870.6353332224662
1668565386.177485,2.82,0.0049999999999998,0.00362096,0.00049809,0.0,1.0,0.0,309.2843102033628,872.181754773483
1668565445.879359,2.819,-0.0009999999999998,0.00354119,-7.976999999999984e-05,1.0,0.0,871.8724704632797,0.0,871.8724704632797
1668565506.5568442,2.815,-0.004,0.00350949,-3.169999999999996e-05,1.0,0.0,871.8724704632797,0.0,871.8724704632797
1668565566.5301752,2.822,0.0070000000000001,0.00387989,0.0003703999999999,0.0,1.0,0.0,308.95551752773906,871.8724704632797
1668565626.647622,2.824,0.0019999999999997,0.00403943,0.00015954,0.0,1.0,0.0,308.95551752773906,872.4903814983351
1668565687.338777,2.824,0.0,0.00403943,0.0,0.0,1.0,0.0,308.95551752773906,872.4903814983351
1668565747.4662554,2.824,0.0,0.00403943,0.0,0.0,1.0,0.0,308.95551752773906,872.4903814983351
1668565807.3483655,2.824,0.0,0.00403943,0.0,0.0,1.0,0.0,308.95551752773906,872.4903814983351
1668565868.1294038,2.824,0.0,0.00453359,0.0004941599999999,0.0,1.0,0.0,308.95551752773906,872.4903814983351
1668565928.1266963,2.83,0.0060000000000002,0.00540931,0.00087572,0.0,1.0,0.0,308.95551752773906,874.3441146035016
1668565988.1354966,2.851,0.0209999999999999,0.00764649,0.00223718,0.0,1.0,0.0,308.95551752773906,880.832180471584
1668566049.5382695,2.851,0.0,0.00900417,0.00135768,0.0,1.0,0.0,308.95551752773906,880.832180471584
1668566109.7288191,2.845,-0.0059999999999997,0.00992232,0.0009181499999999,0.0,1.0,0.0,308.95551752773906,878.9784473664176
1668566169.5654645,2.847,0.0019999999999997,0.01056313,0.00064081,0.0,1.0,0.0,308.95551752773906,879.5963584014731
1668566230.4282138,2.851,0.004,0.01175663,0.0011935,0.0,1.0,0.0,308.95551752773906,880.832180471584
1668566290.4637527,2.851,0.0,0.01175663,0.0,0.0,1.0,0.0,308.95551752773906,880.832180471584
1668566350.356455,2.851,0.0,0.01175663,0.0,0.0,1.0,0.0,308.95551752773906,880.832180471584
1668566412.1481853,2.851,0.0,0.01175663,0.0,0.0,1.0,0.0,308.95551752773906,880.832180471584
1668566471.2024624,2.851,0.0,0.01175663,0.0,0.0,1.0,0.0,308.95551752773906,880.832180471584
1668566531.1654856,2.845,-0.0059999999999997,0.0115791,-0.00017753,1.0,0.0,878.9784473664176,0.0,878.9784473664176
1668566591.8519096,2.845,0.0,0.011616,3.689999999999943e-05,0.0,1.0,0.0,308.95551752773906,878.9784473664176
1668566651.8699894,2.852,0.0069999999999996,0.01175845,0.00014245,0.0,1.0,0.0,308.95551752773906,881.1411359891117
1668566712.473161,2.849,-0.0029999999999996,0.01151913,-0.0002393199999999,1.0,0.0,880.2142694365286,0.0,880.2142694365286
1668566772.7469585,2.84,-0.0090000000000003,0.01059401,-0.00092512,1.0,0.0,880.2142694365286,0.0,880.2142694365286
1668566832.88832,2.84,0.0,0.01059401,0.0,1.0,0.0,880.2142694365286,0.0,880.2142694365286
1668566893.2700217,2.838,-0.0019999999999997,0.00958893,-0.0010050799999999,1.0,0.0,880.2142694365286,0.0,880.2142694365286
1668566953.5333898,2.836,-0.0020000000000002,0.00840948,-0.00117945,1.0,0.0,880.2142694365286,0.0,880.2142694365286
1668567013.6535811,2.84,0.004,0.0081416,-0.0002678799999999,1.0,0.0,880.2142694365286,0.0,880.2142694365286
1668567073.63728,2.84,0.0,0.0081416,0.0,1.0,0.0,880.2142694365286,0.0,880.2142694365286
1668567134.3095918,2.84,0.0,0.0081416,0.0,1.0,0.0,880.2142694365286,0.0,880.2142694365286
1668567194.8899386,2.84,0.0,0.0081416,0.0,1.0,0.0,880.2142694365286,0.0,880.2142694365286
1668567254.209503,2.842,0.0020000000000002,0.00724145,-0.00090015,1.0,0.0,880.2142694365286,0.0,880.2142694365286
1668567315.2314315,2.843,0.0009999999999998,0.00732123,7.977999999999978e-05,0.0,1.0,0.0,309.60755168361896,880.2142694365288
1668567375.3328962,2.842,-0.0009999999999998,0.00687223,-0.0004489999999999,1.0,0.0,879.9046618848452,0.0,879.9046618848452
1668567435.533548,2.844,0.0019999999999997,0.00678645,-8.577999999999971e-05,1.0,0.0,879.9046618848452,0.0,879.9046618848452
1668567496.0405684,2.844,0.0,0.00678645,0.0,1.0,0.0,879.9046618848452,0.0,879.9046618848452
1668567556.0320673,2.839,-0.0049999999999998,0.00605555,-0.0007309,1.0,0.0,879.9046618848452,0.0,879.9046618848452
1668567615.9826703,2.839,0.0,0.00605555,0.0,1.0,0.0,879.9046618848452,0.0,879.9046618848452
1668567676.7818916,2.834,-0.0049999999999998,0.00501503,-0.0010405199999999,1.0,0.0,879.9046618848452,0.0,879.9046618848452
1668567736.8551824,2.834,0.0,0.00408108,-0.00093395,1.0,0.0,879.9046618848452,0.0,879.9046618848452
1668567796.8165872,2.835,0.0009999999999998,0.00416085,7.976999999999984e-05,0.0,1.0,0.0,310.3720147741958,879.904661884845
1668567858.155,2.835,0.0,0.00416085,0.0,0.0,1.0,0.0,310.3720147741958,879.904661884845
1668567918.602424,2.835,0.0,0.0035067,-0.0006541499999999,1.0,0.0,879.904661884845,0.0,879.904661884845
1668567978.2406013,2.835,0.0,0.0035067,0.0,1.0,0.0,879.904661884845,0.0,879.904661884845
1668568038.917127,2.835,0.0,0.0035067,0.0,1.0,0.0,879.904661884845,0.0,879.904661884845
1668568098.9457643,2.835,0.0,0.0035067,0.0,1.0,0.0,879.904661884845,0.0,879.904661884845
1668568158.9703853,2.835,0.0,0.00295422,-0.00055248,1.0,0.0,879.904661884845,0.0,879.904661884845
1668568219.7724147,2.838,0.0030000000000001,0.00291179,-4.242999999999999e-05,1.0,0.0,879.904661884845,0.0,879.904661884845
1668568279.7614586,2.838,0.0,0.00265787,-0.0002539199999999,1.0,0.0,879.904661884845,0.0,879.904661884845
1668568339.696359,2.839,0.0009999999999998,0.00250841,-0.00014946,1.0,0.0,879.904661884845,0.0,879.904661884845
1668568400.5310302,2.838,-0.0009999999999998,0.00222136,-0.00028705,1.0,0.0,879.904661884845,0.0,879.904661884845
1668568460.6950612,2.838,0.0,0.00203365,-0.0001877099999999,1.0,0.0,879.904661884845,0.0,879.904661884845
1668568520.5813563,2.834,-0.004,0.00154432,-0.00048933,1.0,0.0,879.904661884845,0.0,879.904661884845
1668568581.460175,2.834,0.0,0.00154432,0.0,1.0,0.0,879.904661884845,0.0,879.904661884845
1668568641.416824,2.834,0.0,0.00154432,0.0,1.0,0.0,879.904661884845,0.0,879.904661884845
1668568701.5805054,2.838,0.004,0.00146243,-8.189000000000004e-05,1.0,0.0,879.904661884845,0.0,879.904661884845
1668568762.21453,2.839,0.0009999999999998,0.00146138,-1.0500000000000526e-06,1.0,0.0,879.904661884845,0.0,879.904661884845
1668568822.4760995,2.835,-0.004,0.00112481,-0.00033657,1.0,0.0,879.904661884845,0.0,879.904661884845
1668568882.1591337,2.834,-0.0009999999999998,0.00076853,-0.0003562799999999,1.0,0.0,879.904661884845,0.0,879.904661884845
1668568943.0532744,2.836,0.0019999999999997,0.00064018,-0.00012835,1.0,0.0,879.904661884845,0.0,879.904661884845
1668569002.9695766,2.835,-0.0009999999999998,0.00056041,-7.976999999999995e-05,1.0,0.0,879.904661884845,0.0,879.904661884845
1668569063.169615,2.834,-0.0009999999999998,0.00031119,-0.00024922,1.0,0.0,879.904661884845,0.0,879.904661884845
1668569124.056725,2.834,0.0,0.00031119,0.0,1.0,0.0,879.904661884845,0.0,879.904661884845
1668569184.0395305,2.833,-0.0009999999999998,0.00023142,-7.976999999999998e-05,1.0,0.0,879.904661884845,0.0,879.904661884845
1668569243.997224,2.832,-0.0010000000000003,-0.00010875,-0.00034017,1.0,0.0,879.904661884845,0.0,879.904661884845
1668569304.771225,2.832,0.0,-0.00010875,0.0,1.0,0.0,879.904661884845,0.0,879.904661884845
1668569364.7977502,2.832,0.0,-0.00010875,0.0,1.0,0.0,879.904661884845,0.0,879.904661884845
1668569424.8893006,2.835,0.0030000000000001,-0.00046146,-0.00035271,1.0,0.0,879.904661884845,0.0,879.904661884845
1668569485.9305532,2.832,-0.0030000000000001,-0.00063902,-0.00017756,1.0,0.0,879.904661884845,0.0,879.904661884845
1668569545.7589269,2.838,0.0060000000000002,-0.00010745,0.00053157,0.0,1.0,0.0,310.0439259636522,879.904661884845
1668569605.5253518,2.841,0.0030000000000001,0.00013187,0.00023932,0.0,1.0,0.0,310.0439259636522,880.834793662736
1668569666.3771195,2.84,-0.0010000000000003,5.209e-05,-7.978e-05,1.0,0.0,880.5247497367723,0.0,880.5247497367723
1668569726.403589,2.835,-0.0049999999999998,-0.00015228,-0.00020437,1.0,0.0,880.5247497367723,0.0,880.5247497367723
1668569786.4584794,2.835,0.0,-0.00015228,0.0,1.0,0.0,880.5247497367723,0.0,880.5247497367723
1668569847.188371,2.839,0.004,0.00016906,0.00032134,0.0,1.0,0.0,310.15313481393883,880.5247497367724
1668569907.205764,2.84,0.0009999999999998,0.00024883,7.977e-05,0.0,1.0,0.0,310.15313481393883,880.8349028715862
1668569967.1613092,2.84,0.0,0.00056025,0.0003114199999999,0.0,1.0,0.0,310.15313481393883,880.8349028715862
1668570028.376466,2.84,0.0,0.00056025,0.0,0.0,1.0,0.0,310.15313481393883,880.8349028715862
1668570088.0672514,2.84,0.0,0.00056025,0.0,0.0,1.0,0.0,310.15313481393883,880.8349028715862
1668570147.9056196,2.84,0.0,0.00056025,0.0,0.0,1.0,0.0,310.15313481393883,880.8349028715862
1668570208.6175635,2.84,0.0,0.00056025,0.0,0.0,1.0,0.0,310.15313481393883,880.8349028715862
1668570268.629214,2.84,0.0,0.00056025,0.0,0.0,1.0,0.0,310.15313481393883,880.8349028715862
1668570328.6829956,2.843,0.0030000000000001,0.00139902,0.00083877,0.0,1.0,0.0,310.15313481393883,881.7653622760281
1668570390.064442,2.843,0.0,0.00139902,0.0,0.0,1.0,0.0,310.15313481393883,881.7653622760281
1668570449.6574695,2.84,-0.0030000000000001,0.00142725,2.8229999999999965e-05,0.0,1.0,0.0,310.15313481393883,880.8349028715862
1668570509.7181811,2.834,-0.0059999999999997,0.00057318,-0.00085407,1.0,0.0,878.9739840627027,0.0,878.9739840627027
1668570570.8254187,2.834,0.0,0.00057318,0.0,1.0,0.0,878.9739840627027,0.0,878.9739840627027
1668570630.5264904,2.835,0.0009999999999998,0.00034769,-0.0002254899999999,1.0,0.0,878.9739840627027,0.0,878.9739840627027
1668570690.943073,2.835,0.0,0.00034769,0.0,1.0,0.0,878.9739840627027,0.0,878.9739840627027
1668570751.2646775,2.835,0.0,0.00034769,0.0,1.0,0.0,878.9739840627027,0.0,878.9739840627027
1668570811.2753394,2.835,0.0,0.00034769,0.0,1.0,0.0,878.9739840627027,0.0,878.9739840627027
1668570871.2781868,2.835,0.0,0.00034769,0.0,1.0,0.0,878.9739840627027,0.0,878.9739840627027
1668570932.2744994,2.835,0.0,0.00034769,0.0,1.0,0.0,878.9739840627027,0.0,878.9739840627027
1668570992.238035,2.835,0.0,0.00034769,0.0,1.0,0.0,878.9739840627027,0.0,878.9739840627027
1668571053.1265218,2.843,0.008,0.00080524,0.00045755,0.0,1.0,0.0,309.1712923189246,878.9739840627026
1668571113.1028588,2.841,-0.0019999999999997,0.00093341,0.0001281699999999,0.0,1.0,0.0,309.1712923189246,878.3556414780649
1668571173.2975142,2.841,0.0,0.00093341,0.0,0.0,1.0,0.0,309.1712923189246,878.3556414780649
1668571233.3652782,2.841,0.0,0.00093341,0.0,0.0,1.0,0.0,309.1712923189246,878.3556414780649
1668571293.8615007,2.841,0.0,0.00093341,0.0,0.0,1.0,0.0,309.1712923189246,878.3556414780649
1668571353.8893166,2.841,0.0,0.00093341,0.0,0.0,1.0,0.0,309.1712923189246,878.3556414780649
1668571413.8871796,2.837,-0.004,0.00087353,-5.988e-05,1.0,0.0,877.1189563087892,0.0,877.1189563087892
1668571474.857647,2.834,-0.0030000000000001,0.00045805,-0.0004154799999999,1.0,0.0,877.1189563087892,0.0,877.1189563087892
1668571534.9975386,2.835,0.0009999999999998,0.00014548,-0.0003125699999999,1.0,0.0,877.1189563087892,0.0,877.1189563087892
1668571594.8377805,2.835,0.0,0.00014548,0.0,1.0,0.0,877.1189563087892,0.0,877.1189563087892
1668571656.1716812,2.835,0.0,0.00014548,0.0,1.0,0.0,877.1189563087892,0.0,877.1189563087892
1668571715.620549,2.835,0.0,0.00014548,0.0,1.0,0.0,877.1189563087892,0.0,877.1189563087892
1668571775.6566207,2.836,0.0009999999999998,4.121e-05,-0.00010427,1.0,0.0,877.1189563087892,0.0,877.1189563087892
1668571836.7814274,2.835,-0.0009999999999998,-3.856e-05,-7.977e-05,1.0,0.0,877.1189563087892,0.0,877.1189563087892
1668571896.4000692,2.839,0.004,0.00013677,0.00017533,0.0,1.0,0.0,308.95348936554745,877.1189563087892
1668571956.410076,2.839,0.0,0.00013677,0.0,0.0,1.0,0.0,308.95348936554745,877.1189563087892
1668572017.2217443,2.838,-0.0009999999999998,0.00019281,5.603999999999999e-05,0.0,1.0,0.0,308.95348936554745,876.8100028194237
1668572077.1527953,2.836,-0.0020000000000002,-1.82e-05,-0.00021101,1.0,0.0,876.1920958406926,0.0,876.1920958406926
1668572137.2673044,2.836,0.0,-1.82e-05,0.0,1.0,0.0,876.1920958406926,0.0,876.1920958406926
1668572198.255276,2.838,0.0020000000000002,6.855e-05,8.675e-05,0.0,1.0,0.0,308.73576315739695,876.1920958406926
1668572258.1888747,2.836,-0.0020000000000002,-2.381e-05,-9.236e-05,1.0,0.0,875.5746243143777,0.0,875.5746243143777
1668572318.2015822,2.838,0.0020000000000002,0.00031,0.00033381,0.0,1.0,0.0,308.5181903856158,875.5746243143777
1668572379.005318,2.838,0.0,0.00031,0.0,0.0,1.0,0.0,308.5181903856158,875.5746243143777
1668572439.02142,2.837,-0.0009999999999998,0.00023824,-7.176e-05,1.0,0.0,875.2661061239921,0.0,875.2661061239921
1668572499.0883942,2.835,-0.0020000000000002,1.975e-05,-0.00021849,1.0,0.0,875.2661061239921,0.0,875.2661061239921
1668572559.7287376,2.831,-0.004,-0.00047074,-0.00049049,1.0,0.0,875.2661061239921,0.0,875.2661061239921
1668572619.7452493,2.829,-0.0019999999999997,-0.00063028,-0.00015954,1.0,0.0,875.2661061239921,0.0,875.2661061239921
1668572679.8416002,2.823,-0.0060000000000002,-0.00161102,-0.00098074,1.0,0.0,875.2661061239921,0.0,875.2661061239921
1668572740.917506,2.825,0.0020000000000002,-0.00270063,-0.00108961,1.0,0.0,875.2661061239921,0.0,875.2661061239921
1668572800.7693603,2.825,0.0,-0.00270063,0.0,1.0,0.0,875.2661061239921,0.0,875.2661061239921
1668572860.8308232,2.825,0.0,-0.00270063,0.0,1.0,0.0,875.2661061239921,0.0,875.2661061239921
1668572921.5841062,2.822,-0.0030000000000001,-0.00323773,-0.0005371,1.0,0.0,875.2661061239921,0.0,875.2661061239921
1668572981.598026,2.821,-0.0009999999999998,-0.0033175,-7.977000000000027e-05,1.0,0.0,875.2661061239921,0.0,875.2661061239921
1668573041.6837258,2.826,0.0049999999999998,-0.00291864,0.00039886,0.0,1.0,0.0,309.71907506156833,875.2661061239921
1668573102.429134,2.825,-0.0009999999999998,-0.00351684,-0.0005981999999999,1.0,0.0,874.9563870489307,0.0,874.9563870489307
1668573163.1663206,2.829,0.004,-0.00320609,0.0003107499999999,0.0,1.0,0.0,309.28115484232256,874.9563870489305
1668573222.3764951,2.829,0.0,-0.00320609,0.0,0.0,1.0,0.0,309.28115484232256,874.9563870489305
1668573283.7015345,2.827,-0.0020000000000002,-0.00308563,0.00012046,0.0,1.0,0.0,309.28115484232256,874.3378247392459
1668573343.6612892,2.827,0.0,-0.00295609,0.0001295399999999,0.0,1.0,0.0,309.28115484232256,874.3378247392459
1668573403.411276,2.827,0.0,-0.00295609,0.0,0.0,1.0,0.0,309.28115484232256,874.3378247392459
1668573464.1665106,2.823,-0.004,-0.00314,-0.0001839099999999,1.0,0.0,873.1007001198766,0.0,873.1007001198766
1668573524.2626374,2.823,0.0,-0.00314,0.0,1.0,0.0,873.1007001198766,0.0,873.1007001198766
1668573584.18701,2.826,0.0030000000000001,-0.00300899,0.0001310099999999,0.0,1.0,0.0,308.95283089875323,873.1007001198767
1668573645.0161693,2.826,0.0,-0.00287206,0.0001369299999999,0.0,1.0,0.0,308.95283089875323,873.1007001198767
1668573705.0395086,2.827,0.0009999999999998,-0.00279228,7.978000000000022e-05,0.0,1.0,0.0,308.95283089875323,873.4096529507754
1668573765.0312812,2.827,0.0,-0.00279228,0.0,0.0,1.0,0.0,308.95283089875323,873.4096529507754
1668573825.8535218,2.827,0.0,-0.00279228,0.0,0.0,1.0,0.0,308.95283089875323,873.4096529507754
1668573885.8635874,2.827,0.0,-0.00279228,0.0,0.0,1.0,0.0,308.95283089875323,873.4096529507754
1668573945.854293,2.827,0.0,-0.00279228,0.0,0.0,1.0,0.0,308.95283089875323,873.4096529507754
1668574007.0351284,2.824,-0.0030000000000001,-0.00288888,-9.660000000000008e-05,1.0,0.0,872.4827944580791,0.0,872.4827944580791
1668574066.9717865,2.827,0.0030000000000001,-0.00264956,0.0002393199999999,0.0,1.0,0.0,308.6249715097556,872.4827944580791
1668574126.8674026,2.828,0.0009999999999998,-0.00233574,0.0003138199999999,0.0,1.0,0.0,308.6249715097556,872.7914194295888
1668574187.8014884,2.83,0.0020000000000002,-0.00217619,0.00015955,0.0,1.0,0.0,308.6249715097556,873.4086693726084
1668574248.3777547,2.828,-0.0020000000000002,-0.00185613,0.00032006,0.0,1.0,0.0,308.6249715097556,872.7914194295888
1668574307.8081565,2.824,-0.004,-0.00217522,-0.0003190899999999,1.0,0.0,871.5569195435497,0.0,871.5569195435497
1668574368.6433113,2.824,0.0,-0.00217522,0.0,1.0,0.0,871.5569195435497,0.0,871.5569195435497
1668574428.5491672,2.824,0.0,-0.00217522,0.0,1.0,0.0,871.5569195435497,0.0,871.5569195435497
1668574488.5336576,2.824,0.0,-0.00217522,0.0,1.0,0.0,871.5569195435497,0.0,871.5569195435497
1668574549.633125,2.826,0.0020000000000002,-0.00205012,0.0001250999999999,0.0,1.0,0.0,308.4065532708952,871.5569195435496
1668574609.6702845,2.826,0.0,-0.00205012,0.0,0.0,1.0,0.0,308.4065532708952,871.5569195435498
1668574669.6759424,2.826,0.0,-0.00205012,0.0,0.0,1.0,0.0,308.4065532708952,871.5569195435498
1668574730.716417,2.823,-0.0030000000000001,-0.00229736,-0.00024724,1.0,0.0,870.6316998837372,0.0,870.6316998837372
1668574790.553401,2.826,0.0030000000000001,-0.00225543,4.192999999999992e-05,0.0,1.0,0.0,308.07915777910017,870.6316998837372
1668574850.5662558,2.826,0.0,-0.00200938,0.00024605,0.0,1.0,0.0,308.07915777910017,870.6316998837372
1668574911.251123,2.823,-0.0030000000000001,-0.00234097,-0.00033159,1.0,0.0,869.7074624103998,0.0,869.7074624103998
1668574971.316615,2.823,0.0,-0.00226159,7.937999999999999e-05,0.0,1.0,0.0,308.07915777910017,869.7074624103998
1668575031.2529273,2.824,0.0009999999999998,-0.00218182,7.976999999999984e-05,0.0,1.0,0.0,308.07915777910017,870.0155415681788
1668575092.2775517,2.824,0.0,-0.00218182,0.0,0.0,1.0,0.0,308.07915777910017,870.0155415681788
1668575152.4058585,2.824,0.0,-0.00218182,0.0,0.0,1.0,0.0,308.07915777910017,870.0155415681788
1668575212.351752,2.823,-0.0009999999999998,-0.00211204,6.978000000000019e-05,0.0,1.0,0.0,308.07915777910017,869.7074624103998
1668575273.321392,2.818,-0.0049999999999998,-0.00274011,-0.00062807,1.0,0.0,868.1670666215043,0.0,868.1670666215043
1668575333.1109724,2.818,0.0,-0.00274011,0.0,1.0,0.0,868.1670666215043,0.0,868.1670666215043
1668575393.128391,2.821,0.0030000000000001,-0.00264915,9.096000000000016e-05,0.0,1.0,0.0,307.7515301742305,868.1670666215042
1668575453.9601264,2.819,-0.0020000000000002,-0.00270723,-5.808000000000029e-05,1.0,0.0,867.5515635611557,0.0,867.5515635611557
1668575514.246231,2.823,0.004,-0.00238814,0.00031909,0.0,1.0,0.0,307.31546707798645,867.5515635611557
1668575573.9197812,2.822,-0.0009999999999998,-0.0020917,0.0002964399999999,0.0,1.0,0.0,307.31546707798645,867.2442480940778
1668575634.8372931,2.822,0.0,-0.0020917,0.0,0.0,1.0,0.0,307.31546707798645,867.2442480940778
1668575694.9195623,2.825,0.0030000000000001,-0.00140088,0.00069082,0.0,1.0,0.0,307.31546707798645,868.1661944953117
1668575755.218294,2.825,0.0,-0.00140088,0.0,0.0,1.0,0.0,307.31546707798645,868.1661944953117
1668575816.0083957,2.825,0.0,-0.00113857,0.00026231,0.0,1.0,0.0,307.31546707798645,868.1661944953117
1668575875.7851596,2.818,-0.0070000000000001,-0.00166325,-0.00052468,1.0,0.0,866.0149862257658,0.0,866.0149862257658
1668575935.753947,2.825,0.0070000000000001,-0.0011247,0.00053855,0.0,1.0,0.0,306.5539774250498,866.0149862257658
1668575996.6214888,2.826,0.0009999999999998,-0.00073608,0.00038862,0.0,1.0,0.0,306.5539774250498,866.3215402031908
1668576056.6159906,2.825,-0.0009999999999998,-0.00056548,0.0001705999999999,0.0,1.0,0.0,306.5539774250498,866.0149862257658
1668576116.8314664,2.829,0.004,0.00014007,0.00070555,0.0,1.0,0.0,306.5539774250498,867.241202135466
1668576177.68079,2.83,0.0009999999999998,0.00052103,0.00038096,0.0,1.0,0.0,306.5539774250498,867.547756112891
1668576237.4095995,2.827,-0.0030000000000001,0.00032788,-0.00019315,1.0,0.0,866.6280941806158,0.0,866.6280941806158
1668576297.5276906,2.828,0.0009999999999998,0.00050259,0.00017471,0.0,1.0,0.0,306.4455778573606,866.6280941806158
1668576358.4750135,2.828,0.0,0.00063375,0.0001311599999999,0.0,1.0,0.0,306.4455778573606,866.6280941806158
1668576418.5083306,2.828,0.0,0.00063375,0.0,0.0,1.0,0.0,306.4455778573606,866.6280941806158
1668576478.379594,2.828,0.0,0.00063375,0.0,0.0,1.0,0.0,306.4455778573606,866.6280941806158
1668576539.3979485,2.831,0.0030000000000001,0.0009686,0.00033485,0.0,1.0,0.0,306.4455778573606,867.5474309141879
1668576599.2723696,2.832,0.0009999999999998,0.00104837,7.977000000000006e-05,0.0,1.0,0.0,306.4455778573606,867.8538764920452
1668576659.3220952,2.832,0.0,0.00152931,0.00048094,0.0,1.0,0.0,306.4455778573606,867.8538764920452
1668576720.126606,2.832,0.0,0.00152931,0.0,0.0,1.0,0.0,306.4455778573606,867.8538764920452
1668576780.4439106,2.832,0.0,0.00152931,0.0,0.0,1.0,0.0,306.4455778573606,867.8538764920452
1668576840.1438406,2.832,0.0,0.00170605,0.0001767399999999,0.0,1.0,0.0,306.4455778573606,867.8538764920452
1668576901.5139797,2.832,0.0,0.00170189,-4.160000000000014e-06,1.0,0.0,867.8538764920452,0.0,867.8538764920452
1668576961.3827567,2.831,-0.0009999999999998,0.00172446,2.256999999999997e-05,0.0,1.0,0.0,306.5538242642335,867.8538764920451
1668577021.2468088,2.828,-0.0030000000000001,0.00129841,-0.0004260499999999,1.0,0.0,866.9342150192524,0.0,866.9342150192524
1668577082.42058,2.828,0.0,0.00129841,0.0,1.0,0.0,866.9342150192524,0.0,866.9342150192524
1668577142.224046,2.824,-0.004,0.00081822,-0.00048019,1.0,0.0,866.9342150192524,0.0,866.9342150192524
1668577202.7359946,2.827,0.0030000000000001,0.00105754,0.00023932,0.0,1.0,0.0,306.6622621221268,866.9342150192524
1668577263.0243225,2.831,0.004,0.00117585,0.0001183099999999,0.0,1.0,0.0,306.6622621221268,868.1608640677409
1668577323.0809386,2.829,-0.0019999999999997,0.00109561,-8.024000000000009e-05,1.0,0.0,867.5475395434967,0.0,867.5475395434967
1668577383.0489843,2.831,0.0019999999999997,0.0011798,8.419000000000005e-05,0.0,1.0,0.0,306.4456162287166,867.5475395434966
1668577444.5373583,2.828,-0.0030000000000001,0.000993,-0.0001868,1.0,0.0,866.6282026948104,0.0,866.6282026948104
1668577503.9028337,2.834,0.0060000000000002,0.00131396,0.00032096,0.0,1.0,0.0,305.7968252275266,866.6282026948104
1668577563.8297372,2.835,0.0009999999999998,0.00139373,7.976999999999984e-05,0.0,1.0,0.0,305.7968252275266,866.9339995200379
1668577624.9646244,2.835,0.0,0.00169181,0.00029808,0.0,1.0,0.0,305.7968252275266,866.9339995200379
1668577684.8323758,2.835,0.0,0.00169181,0.0,0.0,1.0,0.0,305.7968252275266,866.9339995200379
1668577745.0878005,2.835,0.0,0.00190607,0.0002142599999999,0.0,1.0,0.0,305.7968252275266,866.9339995200379
1668577806.0084448,2.835,0.0,0.00190607,0.0,0.0,1.0,0.0,305.7968252275266,866.9339995200379
1668577865.6974683,2.835,0.0,0.00190607,0.0,0.0,1.0,0.0,305.7968252275266,866.9339995200379
1668577925.6720805,2.83,-0.0049999999999998,0.00165336,-0.0002527099999999,1.0,0.0,865.4050153939003,0.0,865.4050153939003
1668577986.7156937,2.827,-0.0030000000000001,0.00119721,-0.00045615,1.0,0.0,865.4050153939003,0.0,865.4050153939003
1668578046.4991784,2.831,0.004,0.00114527,-5.1939999999999886e-05,1.0,0.0,865.4050153939003,0.0,865.4050153939003
1668578106.5537238,2.831,0.0,0.00114527,0.0,1.0,0.0,865.4050153939003,0.0,865.4050153939003
1668578167.6490371,2.827,-0.004,0.00077243,-0.00037284,1.0,0.0,865.4050153939003,0.0,865.4050153939003
1668578227.5657482,2.825,-0.0019999999999997,0.0001888,-0.0005836299999999,1.0,0.0,865.4050153939003,0.0,865.4050153939003
1668578288.4869895,2.825,0.0,0.0001888,0.0,1.0,0.0,865.4050153939003,0.0,865.4050153939003
1668578348.5742874,2.83,0.0049999999999998,0.00025324,6.444e-05,0.0,1.0,0.0,305.7968252275266,865.4050153939003
1668578408.7257457,2.83,0.0,0.00025324,0.0,0.0,1.0,0.0,305.7968252275266,865.4050153939003
1668578468.9497938,2.83,0.0,0.00025324,0.0,0.0,1.0,0.0,305.7968252275266,865.4050153939003
1668578529.354959,2.827,-0.0030000000000001,6.153e-05,-0.00019171,1.0,0.0,864.4876249182176,0.0,864.4876249182176
1668578589.4443693,2.827,0.0,6.153e-05,0.0,1.0,0.0,864.4876249182176,0.0,864.4876249182176
1668578649.320979,2.828,0.0009999999999998,-9.6e-06,-7.113e-05,1.0,0.0,864.4876249182176,0.0,864.4876249182176
1668578710.462108,2.828,0.0,-9.6e-06,0.0,1.0,0.0,864.4876249182176,0.0,864.4876249182176
1668578770.4816155,2.831,0.0030000000000001,0.0001741,0.0001837,0.0,1.0,0.0,305.36475624098114,864.4876249182175
1668578830.5015004,2.829,-0.0019999999999997,0.00015649,-1.7610000000000016e-05,1.0,0.0,863.8768954057357,0.0,863.8768954057357
1668578891.7451766,2.831,0.0019999999999997,0.00030046,0.00014397,0.0,1.0,0.0,305.14902698895645,863.8768954057357
1668578951.3216422,2.831,0.0,0.00030046,0.0,0.0,1.0,0.0,305.14902698895645,863.8768954057357
1668579011.2864134,2.827,-0.004,9.074e-05,-0.00020972,1.0,0.0,862.6562992977799,0.0,862.6562992977799
1668579072.2495985,2.822,-0.0049999999999998,-0.00047346,-0.0005641999999999,1.0,0.0,862.6562992977799,0.0,862.6562992977799
1668579132.3097637,2.817,-0.0049999999999998,-0.00171723,-0.00124377,1.0,0.0,862.6562992977799,0.0,862.6562992977799
1668579192.2227871,2.806,-0.0110000000000001,-0.00350032,-0.00178309,1.0,0.0,862.6562992977799,0.0,862.6562992977799
1668579253.882748,2.814,0.008,-0.00335153,0.0001487899999999,0.0,1.0,0.0,306.5587417547192,862.6562992977799
1668579313.801292,2.811,-0.0030000000000001,-0.00359085,-0.0002393199999999,1.0,0.0,861.7366230725157,0.0,861.7366230725157
1668579374.8915882,2.806,-0.0049999999999998,-0.00570723,-0.0021163799999999,1.0,0.0,861.7366230725157,0.0,861.7366230725157
1668579434.6402397,2.806,0.0,-0.00570723,0.0,1.0,0.0,861.7366230725157,0.0,861.7366230725157
1668579494.7534497,2.81,0.004,-0.00586414,-0.00015691,1.0,0.0,861.7366230725157,0.0,861.7366230725157
1668579554.7719738,2.806,-0.004,-0.00615858,-0.00029444,1.0,0.0,861.7366230725157,0.0,861.7366230725157
1668579615.5825334,2.804,-0.0020000000000002,-0.00647681,-0.00031823,1.0,0.0,861.7366230725157,0.0,861.7366230725157
1668579675.645598,2.8,-0.004,-0.00703119,-0.0005543799999999,1.0,0.0,861.7366230725157,0.0,861.7366230725157
1668579735.6090753,2.798,-0.0019999999999997,-0.00748062,-0.00044943,1.0,0.0,861.7366230725157,0.0,861.7366230725157
1668579796.322345,2.8,0.0019999999999997,-0.00733978,0.00014084,0.0,1.0,0.0,307.7630796687556,861.7366230725156
1668579856.3930068,2.803,0.0030000000000001,-0.00710046,0.0002393199999999,0.0,1.0,0.0,307.7630796687556,862.6599123115219
1668579916.5523264,2.803,0.0,-0.00684669,0.00025377,0.0,1.0,0.0,307.7630796687556,862.6599123115219
1668579977.4153445,2.801,-0.0019999999999997,-0.00665228,0.0001944099999999,0.0,1.0,0.0,307.7630796687556,862.0443861521845
1668580037.3274798,2.802,0.0009999999999998,-0.00657251,7.976999999999984e-05,0.0,1.0,0.0,307.7630796687556,862.3521492318532
1668580097.498206,2.802,0.0,-0.00628371,0.0002888,0.0,1.0,0.0,307.7630796687556,862.3521492318532
1668580158.2333925,2.802,0.0,-0.00628371,0.0,0.0,1.0,0.0,307.7630796687556,862.3521492318532
1668580218.2390606,2.802,0.0,-0.00598583,0.0002978799999999,0.0,1.0,0.0,307.7630796687556,862.3521492318532
1668580278.352667,2.801,-0.0009999999999998,-0.00576401,0.00022182,0.0,1.0,0.0,307.7630796687556,862.0443861521845
1668580338.983308,2.801,0.0,-0.00576401,0.0,0.0,1.0,0.0,307.7630796687556,862.0443861521845
1668580399.0279355,2.801,0.0,-0.00576401,0.0,0.0,1.0,0.0,307.7630796687556,862.0443861521845
1668580459.1372669,2.801,0.0,-0.00576401,0.0,0.0,1.0,0.0,307.7630796687556,862.0443861521845
1668580520.609638,2.802,0.0009999999999998,-0.00544476,0.00031925,0.0,1.0,0.0,307.7630796687556,862.3521492318532
1668580580.1213102,2.802,0.0,-0.00513258,0.0003121799999999,0.0,1.0,0.0,307.7630796687556,862.3521492318532
1668580640.149787,2.798,-0.004,-0.00510248,3.009999999999992e-05,0.0,1.0,0.0,307.7630796687556,861.1210969131782
1668580700.9044244,2.804,0.0059999999999997,-0.00416001,0.00094247,0.0,1.0,0.0,307.7630796687556,862.9676753911907
1668580760.873193,2.808,0.004,-0.00318376,0.0009762499999999,0.0,1.0,0.0,307.7630796687556,864.1987277098657
1668580820.9203076,2.806,-0.0019999999999997,-0.0033433,-0.00015954,1.0,0.0,863.5832015505282,0.0,863.5832015505282
1668580881.7078402,2.806,0.0,-0.00291533,0.00042797,0.0,1.0,0.0,307.7630796687556,863.5832015505282
1668580941.8324118,2.806,0.0,-0.0025468,0.0003685299999999,0.0,1.0,0.0,307.7630796687556,863.5832015505282
1668581001.665368,2.808,0.0019999999999997,-0.00206949,0.00047731,0.0,1.0,0.0,307.7630796687556,864.1987277098657
1668581063.1174002,2.805,-0.0029999999999996,-0.00191127,0.0001582199999999,0.0,1.0,0.0,307.7630796687556,863.2754384708595
1668581123.0619075,2.805,0.0,-0.00191127,0.0,0.0,1.0,0.0,307.7630796687556,863.2754384708595
1668581183.2067716,2.81,0.0049999999999998,-0.00136666,0.00054461,0.0,1.0,0.0,307.7630796687556,864.8142538692033
1668581244.0826151,2.81,0.0,-0.00136666,0.0,0.0,1.0,0.0,307.7630796687556,864.8142538692033
1668581303.9226544,2.81,0.0,-0.00136666,0.0,0.0,1.0,0.0,307.7630796687556,864.8142538692033
1668581363.9265883,2.814,0.004,-0.00060532,0.00076134,0.0,1.0,0.0,307.7630796687556,866.0453061878783
1668581424.7184951,2.814,0.0,-0.00060532,0.0,0.0,1.0,0.0,307.7630796687556,866.0453061878783
1668581544.6942863,2.815,0.0009999999999998,7.785e-05,0.00068317,0.0,1.0,0.0,307.7630796687556,866.353069267547
1668581605.5785596,2.814,-0.0009999999999998,0.00053244,0.00045459,0.0,1.0,0.0,307.7630796687556,866.0453061878783
1668581665.4218557,2.813,-0.0009999999999998,0.00080276,0.00027032,0.0,1.0,0.0,307.7630796687556,865.7375431082096
1668581725.4426646,2.813,0.0,0.00080276,0.0,0.0,1.0,0.0,307.7630796687556,865.7375431082096
1668581786.4259262,2.813,0.0,0.00080276,0.0,0.0,1.0,0.0,307.7630796687556,865.7375431082096
1668581846.534372,2.815,0.0019999999999997,0.00116494,0.0003621799999999,0.0,1.0,0.0,307.7630796687556,866.353069267547
1668581906.443091,2.817,0.0020000000000002,0.00177974,0.0006148,0.0,1.0,0.0,307.7630796687556,866.9685954268846
1668581967.6633935,2.817,0.0,0.00177974,0.0,0.0,1.0,0.0,307.7630796687556,866.9685954268846
1668582027.353516,2.817,0.0,0.00177974,0.0,0.0,1.0,0.0,307.7630796687556,866.9685954268846
1668582087.4541018,2.817,0.0,0.00177974,0.0,0.0,1.0,0.0,307.7630796687556,866.9685954268846
1668582148.0913815,2.818,0.0009999999999998,0.00220143,0.0004216899999999,0.0,1.0,0.0,307.7630796687556,867.2763585065534
1668582208.0760405,2.82,0.0019999999999997,0.00236097,0.00015954,0.0,1.0,0.0,307.7630796687556,867.8918846658908
1668582268.0543642,2.824,0.004,0.00301894,0.0006579699999999,0.0,1.0,0.0,307.7630796687556,869.1229369845657
1668582329.3271008,2.825,0.0010000000000003,0.0035798,0.00056086,0.0,1.0,0.0,307.7630796687556,869.4307000642347
1668582389.045362,2.826,0.0009999999999998,0.0041198,0.0005399999999999,0.0,1.0,0.0,307.7630796687556,869.7384631439033
1668582449.1713033,2.819,-0.0070000000000001,0.00344388,-0.00067592,1.0,0.0,867.5841215862221,0.0,867.5841215862221
1668582509.7489386,2.817,-0.0019999999999997,0.00315303,-0.00029085,1.0,0.0,867.5841215862221,0.0,867.5841215862221
1668582569.835375,2.814,-0.0030000000000001,0.0026499,-0.0005031299999999,1.0,0.0,867.5841215862221,0.0,867.5841215862221
1668582630.007937,2.813,-0.0009999999999998,0.00257013,-7.977000000000027e-05,1.0,0.0,867.5841215862221,0.0,867.5841215862221
1668582690.8886173,2.813,0.0,0.00257013,0.0,1.0,0.0,867.5841215862221,0.0,867.5841215862221
1668582750.5760818,2.812,-0.0010000000000003,0.00178465,-0.0007854799999999,1.0,0.0,867.5841215862221,0.0,867.5841215862221
1668582810.5623815,2.808,-0.004,0.00146556,-0.0003190899999999,1.0,0.0,867.5841215862221,0.0,867.5841215862221
1668582871.671199,2.807,-0.0009999999999998,0.00138579,-7.977000000000006e-05,1.0,0.0,867.5841215862221,0.0,867.5841215862221
1668582931.6741345,2.811,0.004,0.0006056,-0.00078019,1.0,0.0,867.5841215862221,0.0,867.5841215862221
1668582991.755865,2.808,-0.0030000000000001,8.608e-05,-0.00051952,1.0,0.0,867.5841215862221,0.0,867.5841215862221
1668583052.523815,2.808,0.0,-0.00019875,-0.00028483,1.0,0.0,867.5841215862221,0.0,867.5841215862221
1668583113.106033,2.81,0.0020000000000002,-0.0003851,-0.0001863499999999,1.0,0.0,867.5841215862221,0.0,867.5841215862221
1668583172.6233754,2.81,0.0,-0.0003851,0.0,1.0,0.0,867.5841215862221,0.0,867.5841215862221
1668583233.3232622,2.811,0.0009999999999998,-0.00067506,-0.00028996,1.0,0.0,867.5841215862221,0.0,867.5841215862221
1668583293.4895625,2.809,-0.0019999999999997,-0.0008346,-0.00015954,1.0,0.0,867.5841215862221,0.0,867.5841215862221
1668583353.315183,2.809,0.0,-0.0008346,0.0,1.0,0.0,867.5841215862221,0.0,867.5841215862221
1668583414.0852432,2.809,0.0,-0.0008346,0.0,1.0,0.0,867.5841215862221,0.0,867.5841215862221
1668583474.0136726,2.806,-0.0030000000000001,-0.00118064,-0.0003460399999999,1.0,0.0,867.5841215862221,0.0,867.5841215862221
1668583534.017814,2.81,0.004,-0.00111921,6.14299999999999e-05,0.0,1.0,0.0,308.7487977175168,867.5841215862222
1668583594.9709947,2.812,0.0019999999999997,-0.00083719,0.00028202,0.0,1.0,0.0,308.7487977175168,868.2016191816573
1668583655.1339514,2.809,-0.0029999999999996,-0.00109328,-0.00025609,1.0,0.0,867.2753727885048,0.0,867.2753727885048
1668583715.133341,2.809,0.0,-0.00109328,0.0,1.0,0.0,867.2753727885048,0.0,867.2753727885048
1668583775.9211442,2.809,0.0,-0.00109328,0.0,1.0,0.0,867.2753727885048,0.0,867.2753727885048
1668583835.8016105,2.809,0.0,-0.00109397,-6.900000000000222e-07,1.0,0.0,867.2753727885048,0.0,867.2753727885048
1668583895.8113277,2.809,0.0,-0.00109397,0.0,1.0,0.0,867.2753727885048,0.0,867.2753727885048
1668583956.524858,2.809,0.0,-0.00109397,0.0,1.0,0.0,867.2753727885048,0.0,867.2753727885048
1668584016.5980184,2.809,0.0,-0.00109397,0.0,1.0,0.0,867.2753727885048,0.0,867.2753727885048
1668584076.6768117,2.809,0.0,-0.00108204,1.1930000000000055e-05,0.0,1.0,0.0,308.7487977175168,867.2753727885048
1668584137.80562,2.81,0.0009999999999998,-0.00100226,7.978e-05,0.0,1.0,0.0,308.7487977175168,867.5841215862223
1668584197.60087,2.811,0.0009999999999998,-0.00057874,0.00042352,0.0,1.0,0.0,308.7487977175168,867.8928703839398
1668584257.5449507,2.81,-0.0009999999999998,-0.00065851,-7.976999999999995e-05,1.0,0.0,867.5841215862223,0.0,867.5841215862223
1668584318.2283227,2.81,0.0,-0.00065851,0.0,1.0,0.0,867.5841215862223,0.0,867.5841215862223
1668584378.2433844,2.806,-0.004,-0.00095351,-0.000295,1.0,0.0,867.5841215862223,0.0,867.5841215862223
1668584438.2735744,2.804,-0.0020000000000002,-0.00111306,-0.0001595499999999,1.0,0.0,867.5841215862223,0.0,867.5841215862223
1668584499.095686,2.804,0.0,-0.00111306,0.0,1.0,0.0,867.5841215862223,0.0,867.5841215862223
1668584559.3657098,2.807,0.0030000000000001,-0.00121718,-0.00010412,1.0,0.0,867.5841215862223,0.0,867.5841215862223
1668584619.2547183,2.808,0.0009999999999998,-0.00113741,7.977000000000006e-05,0.0,1.0,0.0,308.9687042685977,867.5841215862223
1668584681.031206,2.808,0.0,-0.00114352,-6.110000000000143e-06,1.0,0.0,867.5841215862223,0.0,867.5841215862223
1668584740.3089862,2.808,0.0,-0.00114352,0.0,1.0,0.0,867.5841215862223,0.0,867.5841215862223
1668584800.2291727,2.808,0.0,-0.00114352,0.0,1.0,0.0,867.5841215862223,0.0,867.5841215862223
1668584861.135462,2.814,0.0060000000000002,-0.00065665,0.00048687,0.0,1.0,0.0,308.30992238316355,867.5841215862223
1668584920.987385,2.813,-0.0009999999999998,-0.00073643,-7.978e-05,1.0,0.0,867.2758116638391,0.0,867.2758116638391
1668584981.0395234,2.814,0.0009999999999998,-0.00065665,7.978e-05,0.0,1.0,0.0,308.2003595109592,867.2758116638391
1668585042.1919198,2.816,0.0019999999999997,0.00050755,0.0011642,0.0,1.0,0.0,308.2003595109592,867.892212382861
1668585102.3399644,2.816,0.0,0.00050755,0.0,0.0,1.0,0.0,308.2003595109592,867.892212382861
1668585162.9507482,2.814,-0.0019999999999997,0.00063713,0.00012958,0.0,1.0,0.0,308.2003595109592,867.2758116638391
1668585223.0663905,2.814,0.0,0.00097775,0.00034062,0.0,1.0,0.0,308.2003595109592,867.2758116638391
1668585282.8406596,2.81,-0.004,0.00066439,-0.00031336,1.0,0.0,866.0430102257953,0.0,866.0430102257953
1668585342.9310331,2.817,0.0070000000000001,0.00096972,0.00030533,0.0,1.0,0.0,307.43450842236257,866.0430102257955
1668585404.384301,2.817,0.0,0.00096972,0.0,0.0,1.0,0.0,307.43450842236257,866.0430102257955
1668585464.246344,2.817,0.0,0.00096972,0.0,0.0,1.0,0.0,307.43450842236257,866.0430102257955
1668585524.1392765,2.81,-0.0070000000000001,0.00063947,-0.00033025,1.0,0.0,863.8909686668388,0.0,863.8909686668388
1668585584.6127048,2.805,-0.0049999999999998,-2.541e-05,-0.00066488,1.0,0.0,863.8909686668388,0.0,863.8909686668388
1668585644.8463976,2.806,0.0009999999999998,-0.00046627,-0.00044086,1.0,0.0,863.8909686668388,0.0,863.8909686668388
1668585704.912701,2.797,-0.0089999999999998,-0.00232498,-0.00185871,1.0,0.0,863.8909686668388,0.0,863.8909686668388
1668585765.493458,2.8,0.0029999999999996,-0.00264134,-0.0003163599999999,1.0,0.0,863.8909686668388,0.0,863.8909686668388
1668585825.4509597,2.8,0.0,-0.00316796,-0.00052662,1.0,0.0,863.8909686668388,0.0,863.8909686668388
1668585885.4144175,2.805,0.0050000000000003,-0.00277242,0.00039554,0.0,1.0,0.0,307.98252002382844,863.8909686668388
1668585947.101923,2.805,0.0,-0.00249433,0.0002780899999999,0.0,1.0,0.0,307.98252002382844,863.8909686668388
1668586006.7616389,2.798,-0.0070000000000001,-0.00317689,-0.00068256,1.0,0.0,861.735091026672,0.0,861.735091026672
1668586066.792956,2.803,0.0049999999999998,-0.00271773,0.00045916,0.0,1.0,0.0,307.43313985967603,861.7350910266719
1668586127.463615,2.803,0.0,-0.00271773,0.0,0.0,1.0,0.0,307.43313985967603,861.7350910266719
1668586187.511089,2.803,0.0,-0.00243741,0.0002803199999999,0.0,1.0,0.0,307.43313985967603,861.7350910266719
1668586247.589613,2.807,0.004,-0.00185798,0.00057943,0.0,1.0,0.0,307.43313985967603,862.9648235861106
1668586308.4271035,2.8,-0.0070000000000001,-0.00237419,-0.00051621,1.0,0.0,860.8127916070929,0.0,860.8127916070929
1668586368.380479,2.802,0.0020000000000002,-0.00227954,9.464999999999994e-05,0.0,1.0,0.0,307.2137015014607,860.812791607093
1668586428.325652,2.796,-0.0060000000000002,-0.00290439,-0.00062485,1.0,0.0,858.9695093980841,0.0,858.9695093980841
1668586489.1016555,2.794,-0.0019999999999997,-0.00345517,-0.0005507799999999,1.0,0.0,858.9695093980841,0.0,858.9695093980841
1668586549.3811011,2.792,-0.0020000000000002,-0.00394254,-0.0004873699999999,1.0,0.0,858.9695093980841,0.0,858.9695093980841
1668586609.15144,2.79,-0.0019999999999997,-0.00462195,-0.00067941,1.0,0.0,858.9695093980841,0.0,858.9695093980841
1668586669.947193,2.794,0.004,-0.00440841,0.0002135399999999,0.0,1.0,0.0,307.4336110945183,858.9695093980841
1668586730.529497,2.799,0.0049999999999998,-0.00400955,0.00039886,0.0,1.0,0.0,307.4336110945183,860.5066774535568
1668586790.0557914,2.8,0.0009999999999998,-0.00346678,0.0005427699999999,0.0,1.0,0.0,307.4336110945183,860.8141110646512
1668586850.9768426,2.806,0.0060000000000002,-0.00194028,0.0015265,0.0,1.0,0.0,307.4336110945183,862.6587127312184
1668586910.8078403,2.8,-0.0060000000000002,-0.00241892,-0.00047864,1.0,0.0,860.8141110646512,0.0,860.8141110646512
1668586970.7692327,2.8,0.0,-0.00241892,0.0,1.0,0.0,860.8141110646512,0.0,860.8141110646512
1668587031.4730492,2.8,0.0,-0.00241892,0.0,1.0,0.0,860.8141110646512,0.0,860.8141110646512
1668587091.4370334,2.8,0.0,-0.00241892,0.0,1.0,0.0,860.8141110646512,0.0,860.8141110646512
1668587151.4657283,2.799,-0.0009999999999998,-0.00220177,0.00021715,0.0,1.0,0.0,307.543448040247,860.8141110646512
1668587212.8730438,2.799,0.0,-0.00220177,0.0,0.0,1.0,0.0,307.543448040247,860.8141110646512
1668587272.370156,2.799,0.0,-0.00220177,0.0,0.0,1.0,0.0,307.543448040247,860.8141110646512
1668587332.3813,2.791,-0.008,-0.00264473,-0.00044296,1.0,0.0,858.3537634803292,0.0,858.3537634803292
1668587393.090855,2.794,0.0030000000000001,-0.00272232,-7.758999999999978e-05,1.0,0.0,858.3537634803292,0.0,858.3537634803292
1668587453.0460236,2.79,-0.004,-0.00307118,-0.00034886,1.0,0.0,858.3537634803292,0.0,858.3537634803292
1668587512.9972413,2.796,0.0059999999999997,-0.00264609,0.00042509,0.0,1.0,0.0,306.9934776396028,858.3537634803292
1668587574.2134082,2.791,-0.0049999999999998,-0.00304495,-0.00039886,1.0,0.0,856.8187960921314,0.0,856.8187960921314
1668587634.1586814,2.788,-0.0030000000000001,-0.00341652,-0.00037157,1.0,0.0,856.8187960921314,0.0,856.8187960921314
1668587694.3945606,2.78,-0.008,-0.00473801,-0.0013214899999999,1.0,0.0,856.8187960921314,0.0,856.8187960921314
1668587755.0397604,2.775,-0.0049999999999998,-0.00549597,-0.00075796,1.0,0.0,856.8187960921314,0.0,856.8187960921314
1668587814.8528042,2.779,0.004,-0.00571081,-0.00021484,1.0,0.0,856.8187960921314,0.0,856.8187960921314
1668587874.984014,2.78,0.0009999999999998,-0.00555224,0.00015857,0.0,1.0,0.0,308.2082000331408,856.8187960921315
1668587935.896793,2.78,0.0,-0.00555224,0.0,0.0,1.0,0.0,308.2082000331408,856.8187960921315
1668587995.6174922,2.775,-0.0049999999999998,-0.00613859,-0.00058635,1.0,0.0,855.2777550919658,0.0,855.2777550919658
1668588055.9809642,2.776,0.0009999999999998,-0.00605882,7.976999999999984e-05,0.0,1.0,0.0,308.09717402448337,855.2777550919658
1668588116.5212717,2.781,0.0050000000000003,-0.00604869,1.0130000000000555e-05,0.0,1.0,0.0,308.09717402448337,856.8182409620882
1668588176.4753914,2.782,0.0009999999999998,-0.00563702,0.0004116699999999,0.0,1.0,0.0,308.09717402448337,857.1263381361127
1668588236.467842,2.78,-0.0020000000000002,-0.00553479,0.00010223,0.0,1.0,0.0,308.09717402448337,856.5101437880637
1668588297.453377,2.78,0.0,-0.00539162,0.00014317,0.0,1.0,0.0,308.09717402448337,856.5101437880637
1668588357.6362762,2.788,0.008,-0.00414869,0.0012429299999999,0.0,1.0,0.0,308.09717402448337,858.9749211802596
1668588417.5327277,2.793,0.0050000000000003,-0.00341261,0.00073608,0.0,1.0,0.0,308.09717402448337,860.5154070503821
1668588478.447565,2.793,0.0,-0.00254702,0.0008655899999999,0.0,1.0,0.0,308.09717402448337,860.5154070503821
1668588538.1442387,2.794,0.0009999999999998,-0.00169847,0.00084855,0.0,1.0,0.0,308.09717402448337,860.8235042244065
1668588598.2299497,2.792,-0.0020000000000002,-0.00123633,0.00046214,0.0,1.0,0.0,308.09717402448337,860.2073098763575
1668588658.9448154,2.793,0.0010000000000003,-0.0007804,0.0004559299999999,0.0,1.0,0.0,308.09717402448337,860.5154070503821
1668588718.8398862,2.791,-0.0020000000000002,-0.00069701,8.339000000000003e-05,0.0,1.0,0.0,308.09717402448337,859.8992127023331
1668588779.0283422,2.792,0.0009999999999998,-0.00048056,0.0002164499999999,0.0,1.0,0.0,308.09717402448337,860.2073098763575
1668588839.981458,2.791,-0.0009999999999998,-0.00056033,-7.977000000000006e-05,1.0,0.0,859.8992127023331,0.0,859.8992127023331
1668588898.850694,2.797,0.0060000000000002,9.427e-05,0.0006546,0.0,1.0,0.0,307.4362576697651,859.899212702333
1668588959.0865216,2.799,0.0019999999999997,0.00095037,0.0008560999999999,0.0,1.0,0.0,307.4362576697651,860.5140852176725
1668589020.7694633,2.791,-0.008,0.00053824,-0.0004121299999999,1.0,0.0,858.0545951563143,0.0,858.0545951563143
1668589078.9565637,2.791,0.0,0.00045922,-7.902000000000007e-05,1.0,0.0,858.0545951563143,0.0,858.0545951563143
1668589138.8444643,2.792,0.0009999999999998,0.00053343,7.421000000000001e-05,0.0,1.0,0.0,307.3261443969608,858.0545951563143
1668589198.987992,2.792,0.0,0.00053343,0.0,0.0,1.0,0.0,307.3261443969608,858.0545951563145
1668589259.0828774,2.792,0.0,0.00053343,0.0,0.0,1.0,0.0,307.3261443969608,858.0545951563145
1668589319.074804,2.792,0.0,0.00052299,-1.0440000000000015e-05,1.0,0.0,858.0545951563145,0.0,858.0545951563145
1668589378.849348,2.8,0.008,0.00096226,0.00043927,0.0,1.0,0.0,306.4480696986837,858.0545951563145
1668589438.7587605,2.8,0.0,0.00148295,0.00052069,0.0,1.0,0.0,306.4480696986837,858.0545951563143
1668589499.049129,2.793,-0.0069999999999996,0.00125401,-0.0002289399999999,1.0,0.0,855.9094586684236,0.0,855.9094586684236
1668589559.7360172,2.79,-0.0030000000000001,0.00076034,-0.00049367,1.0,0.0,855.9094586684236,0.0,855.9094586684236
1668589618.9418094,2.79,0.0,0.00076034,0.0,1.0,0.0,855.9094586684236,0.0,855.9094586684236
1668589678.9373658,2.788,-0.0020000000000002,-1.029e-05,-0.00077063,1.0,0.0,855.9094586684236,0.0,855.9094586684236
1668589739.0511434,2.785,-0.0029999999999996,-0.0002496,-0.0002393099999999,1.0,0.0,855.9094586684236,0.0,855.9094586684236
1668589798.9223382,2.781,-0.004,-0.00102023,-0.00077063,1.0,0.0,855.9094586684236,0.0,855.9094586684236
1668589858.943434,2.783,0.0019999999999997,-0.00145283,-0.0004326,1.0,0.0,855.9094586684236,0.0,855.9094586684236
1668589919.0973682,2.78,-0.0030000000000001,-0.00201452,-0.00056169,1.0,0.0,855.9094586684236,0.0,855.9094586684236
1668589978.9414628,2.783,0.0030000000000001,-0.00177521,0.00023931,0.0,1.0,0.0,307.5492126009427,855.9094586684236
1668590039.1258888,2.783,0.0,-0.00200755,-0.0002323399999999,1.0,0.0,855.9094586684236,0.0,855.9094586684236
1668590098.9872956,2.78,-0.0030000000000001,-0.00240602,-0.00039847,1.0,0.0,855.9094586684236,0.0,855.9094586684236
1668590158.9151366,2.785,0.0050000000000003,-0.00200716,0.00039886,0.0,1.0,0.0,307.3283514069743,855.9094586684236
1668590218.8620858,2.785,0.0,-0.00200716,0.0,0.0,1.0,0.0,307.3283514069743,855.9094586684236
1668590278.8696768,2.785,0.0,-0.00200716,0.0,0.0,1.0,0.0,307.3283514069743,855.9094586684236
1668590339.2637897,2.785,0.0,-0.00198398,2.317999999999981e-05,0.0,1.0,0.0,307.3283514069743,855.9094586684236
1668590398.941265,2.789,0.004,-0.00162413,0.00035985,0.0,1.0,0.0,307.3283514069743,857.1387720740514
1668590460.123235,2.785,-0.004,-0.00164277,-1.863999999999989e-05,1.0,0.0,855.9094586684236,0.0,855.9094586684236
1668590520.3838196,2.783,-0.0020000000000002,-0.0017982,-0.00015543,1.0,0.0,855.9094586684236,0.0,855.9094586684236
1668590578.982538,2.781,-0.0019999999999997,-0.00195774,-0.0001595399999999,1.0,0.0,855.9094586684236,0.0,855.9094586684236
1668590639.0110536,2.78,-0.0010000000000003,-0.00226197,-0.0003042299999999,1.0,0.0,855.9094586684236,0.0,855.9094586684236
1668590699.013649,2.779,-0.0009999999999998,-0.00234175,-7.978000000000022e-05,1.0,0.0,855.9094586684236,0.0,855.9094586684236
1668590759.1331663,2.783,0.004,-0.00229683,4.491999999999994e-05,0.0,1.0,0.0,307.5492126009427,855.9094586684236
1668590819.236532,2.781,-0.0019999999999997,-0.00245638,-0.00015955,1.0,0.0,855.2943602432217,0.0,855.2943602432217
1668590878.9724936,2.779,-0.0020000000000002,-0.00288224,-0.0004258599999999,1.0,0.0,855.2943602432217,0.0,855.2943602432217
1668590939.6791346,2.778,-0.0009999999999998,-0.0029653,-8.306000000000025e-05,1.0,0.0,855.2943602432217,0.0,855.2943602432217
1668590998.9745865,2.77,-0.008,-0.00375885,-0.00079355,1.0,0.0,855.2943602432217,0.0,855.2943602432217
1668591058.9830115,2.763,-0.0070000000000001,-0.00483365,-0.0010747999999999,1.0,0.0,855.2943602432217,0.0,855.2943602432217
1668591119.224997,2.766,0.0030000000000001,-0.00538133,-0.00054768,1.0,0.0,855.2943602432217,0.0,855.2943602432217
1668591179.097581,2.764,-0.0020000000000002,-0.0054775,-9.61699999999996e-05,1.0,0.0,855.2943602432217,0.0,855.2943602432217
1668591239.0821362,2.767,0.0030000000000001,-0.0057502,-0.0002726999999999,1.0,0.0,855.2943602432217,0.0,855.2943602432217
1668591299.0549965,2.768,0.0009999999999998,-0.00563288,0.0001173199999999,0.0,1.0,0.0,308.9936272554992,855.2943602432216
1668591359.7835789,2.768,0.0,-0.00563288,0.0,0.0,1.0,0.0,308.9936272554992,855.2943602432216
1668591419.0389657,2.765,-0.0029999999999996,-0.00556809,6.478999999999947e-05,0.0,1.0,0.0,308.9936272554992,854.3673793614553
1668591479.0688226,2.775,0.0099999999999997,-0.00480644,0.00076165,0.0,1.0,0.0,308.9936272554992,857.4573156340102
1668591538.9312146,2.781,0.0060000000000002,-0.00367721,0.00112923,0.0,1.0,0.0,308.9936272554992,859.3112773975432
1668591598.9529655,2.779,-0.0020000000000002,-0.00303422,0.00064299,0.0,1.0,0.0,308.9936272554992,858.6932901430322
1668591658.9382775,2.778,-0.0009999999999998,-0.00245155,0.00058267,0.0,1.0,0.0,308.9936272554992,858.3842965157767
1668591719.560687,2.778,0.0,-0.0020296,0.0004219499999999,0.0,1.0,0.0,308.9936272554992,858.3842965157767
1668591779.1814437,2.78,0.0019999999999997,-0.00187006,0.0001595399999999,0.0,1.0,0.0,308.9936272554992,859.0022837702877
1668591838.8553882,2.78,0.0,-0.00139317,0.00047689,0.0,1.0,0.0,308.9936272554992,859.0022837702877
1668591898.9602375,2.78,0.0,-0.00139317,0.0,0.0,1.0,0.0,308.9936272554992,859.0022837702877
1668591959.2587128,2.78,0.0,-0.00100366,0.00038951,0.0,1.0,0.0,308.9936272554992,859.0022837702877
1668592019.266518,2.781,0.0010000000000003,-0.00092388,7.978e-05,0.0,1.0,0.0,308.9936272554992,859.3112773975432
1668592079.1796205,2.783,0.0019999999999997,-0.00038614,0.00053774,0.0,1.0,0.0,308.9936272554992,859.9292646520541
1668592139.5582693,2.788,0.0049999999999998,0.00043843,0.00082457,0.0,1.0,0.0,308.9936272554992,861.4742327883316
1668592199.2908573,2.788,0.0,0.00107947,0.0006410399999999,0.0,1.0,0.0,308.9936272554992,861.4742327883316
1668592259.8515308,2.784,-0.004,0.00076038,-0.0003190899999999,1.0,0.0,860.2382582793097,0.0,860.2382582793097
1668592319.3545573,2.784,0.0,0.00076038,0.0,1.0,0.0,860.2382582793097,0.0,860.2382582793097
1668592379.15019,2.783,-0.0009999999999998,0.00092418,0.0001638,0.0,1.0,0.0,309.104656226845,860.2382582793097
1668592495.2925153,2.779,-0.004,0.00080331,-0.00012087,1.0,0.0,859.0018396544023,0.0,859.0018396544023
1668592499.28618,2.779,0.0,0.00080331,0.0,1.0,0.0,859.0018396544023,0.0,859.0018396544023
1668592559.3045402,2.776,-0.0030000000000001,0.00042944,-0.00037387,1.0,0.0,859.0018396544023,0.0,859.0018396544023
1668592622.7817843,2.782,0.0060000000000002,0.00054776,0.0001183199999999,0.0,1.0,0.0,308.77132985420644,859.0018396544024
1668592679.331668,2.78,-0.0020000000000002,0.00047467,-7.308999999999999e-05,1.0,0.0,858.3842969946938,0.0,858.3842969946938
1668592760.3066103,2.784,0.004,0.00079268,0.00031801,0.0,1.0,0.0,308.3276928860251,858.3842969946938
1668592799.1200736,2.784,0.0,0.00079268,0.0,0.0,1.0,0.0,308.3276928860251,858.3842969946938
1668592859.3657198,2.785,0.0010000000000003,0.00148613,0.00069345,0.0,1.0,0.0,308.3276928860251,858.69262468758
1668592919.2059274,2.784,-0.0010000000000003,0.00148106,-5.070000000000031e-06,1.0,0.0,858.3842969946938,0.0,858.3842969946938
1668592979.1972084,2.78,-0.004,0.00116197,-0.0003190899999999,1.0,0.0,858.3842969946938,0.0,858.3842969946938
1668593039.3316991,2.789,0.0090000000000003,0.00161271,0.00045074,0.0,1.0,0.0,307.774936175939,858.3842969946938
1668593099.217964,2.793,0.004,0.00245134,0.00083863,0.0,1.0,0.0,307.774936175939,859.6153967393976
1668593159.170668,2.787,-0.0060000000000002,0.0019727,-0.00047864,1.0,0.0,857.7687471223419,0.0,857.7687471223419
1668593219.1486013,2.788,0.0009999999999998,0.00212454,0.0001518399999999,0.0,1.0,0.0,307.66454344416854,857.7687471223419
1668593279.22213,2.793,0.0050000000000003,0.00255656,0.00043202,0.0,1.0,0.0,307.66454344416854,859.3070698395628
1668593339.140802,2.793,0.0,0.00255656,0.0,0.0,1.0,0.0,307.66454344416854,859.3070698395628
1668593399.4880896,2.793,0.0,0.00255656,0.0,0.0,1.0,0.0,307.66454344416854,859.3070698395628
1668593459.1623907,2.793,0.0,0.00255656,0.0,0.0,1.0,0.0,307.66454344416854,859.3070698395628
1668593519.228052,2.793,0.0,0.00255656,0.0,0.0,1.0,0.0,307.66454344416854,859.3070698395628
1668593579.1380131,2.79,-0.0030000000000001,0.00268908,0.00013252,0.0,1.0,0.0,307.66454344416854,858.3840762092302
1668593639.7207124,2.789,-0.0009999999999998,0.00260931,-7.976999999999984e-05,1.0,0.0,858.0764116657862,0.0,858.0764116657862
1668593699.3593104,2.789,0.0,0.00262091,1.1600000000000063e-05,0.0,1.0,0.0,307.66454344416854,858.0764116657862
1668593759.485709,2.789,0.0,0.00262091,0.0,0.0,1.0,0.0,307.66454344416854,858.0764116657862
1668593819.3858402,2.785,-0.004,0.00228104,-0.00033987,1.0,0.0,856.8457534920094,0.0,856.8457534920094
1668593881.0701714,2.785,0.0,0.00228104,0.0,1.0,0.0,856.8457534920094,0.0,856.8457534920094
1668593939.3714142,2.783,-0.0020000000000002,0.00182922,-0.0004518199999999,1.0,0.0,856.8457534920094,0.0,856.8457534920094
1668593999.3116045,2.783,0.0,0.00182922,0.0,1.0,0.0,856.8457534920094,0.0,856.8457534920094
1668594059.3314,2.778,-0.0049999999999998,0.00105552,-0.0007737,1.0,0.0,856.8457534920094,0.0,856.8457534920094
1668594119.2071545,2.778,0.0,0.00105552,0.0,1.0,0.0,856.8457534920094,0.0,856.8457534920094
1668594179.2215407,2.778,0.0,0.00105552,0.0,1.0,0.0,856.8457534920094,0.0,856.8457534920094
1668594239.258304,2.781,0.0030000000000001,0.00067664,-0.0003788799999999,1.0,0.0,856.8457534920094,0.0,856.8457534920094
1668594299.3663297,2.78,-0.0010000000000003,0.00029231,-0.00038433,1.0,0.0,856.8457534920094,0.0,856.8457534920094
1668594359.2043014,2.774,-0.0059999999999997,-0.00110668,-0.00139899,1.0,0.0,856.8457534920094,0.0,856.8457534920094
1668594419.5312066,2.778,0.004,-0.00124605,-0.00013937,1.0,0.0,856.8457534920094,0.0,856.8457534920094
1668594479.3400486,2.778,0.0,-0.00124605,0.0,1.0,0.0,856.8457534920094,0.0,856.8457534920094
1668594539.761789,2.776,-0.0020000000000002,-0.00150059,-0.0002545399999999,1.0,0.0,856.8457534920094,0.0,856.8457534920094
1668594599.3377788,2.776,0.0,-0.00150059,0.0,1.0,0.0,856.8457534920094,0.0,856.8457534920094
1668594659.1296782,2.776,0.0,-0.00150059,0.0,1.0,0.0,856.8457534920094,0.0,856.8457534920094
1668594719.2513418,2.776,0.0,-0.00150059,0.0,1.0,0.0,856.8457534920094,0.0,856.8457534920094
1668594779.281995,2.777,0.0010000000000003,-0.00160314,-0.00010255,1.0,0.0,856.8457534920094,0.0,856.8457534920094
1668594839.2654266,2.773,-0.004,-0.00198431,-0.0003811699999999,1.0,0.0,856.8457534920094,0.0,856.8457534920094
1668594899.0959158,2.777,0.004,-0.00169488,0.00028943,0.0,1.0,0.0,308.5508654994632,856.8457534920094
1668594959.4140122,2.773,-0.004,-0.00220266,-0.00050778,1.0,0.0,855.6115500300116,0.0,855.6115500300116
1668595019.6422918,2.768,-0.0050000000000003,-0.00309471,-0.00089205,1.0,0.0,855.6115500300116,0.0,855.6115500300116
1668595079.373226,2.771,0.0030000000000001,-0.00320653,-0.0001118199999999,1.0,0.0,855.6115500300116,0.0,855.6115500300116
1668595139.0531173,2.771,0.0,-0.00325759,-5.105999999999991e-05,1.0,0.0,855.6115500300116,0.0,855.6115500300116
1668595199.1695538,2.774,0.0030000000000001,-0.00302116,0.0002364299999999,0.0,1.0,0.0,308.43963591564943,855.6115500300116
1668595259.032782,2.771,-0.0030000000000001,-0.00304081,-1.9649999999999963e-05,1.0,0.0,854.6862311222645,0.0,854.6862311222645
1668595319.4181635,2.773,0.0020000000000002,-0.002862,0.00017881,0.0,1.0,0.0,308.2171767480218,854.6862311222645
1668595379.253682,2.777,0.004,-0.00237021,0.0004917899999999,0.0,1.0,0.0,308.2171767480218,855.9190998292567
1668599640.589608,2.764,-0.0130000000000003,-0.00498173,-0.00261152,1.0,0.0,851.9122765315323,0.0,851.9122765315323
1668599642.0329854,2.764,0.0,-0.00498173,0.0,1.0,0.0,851.9122765315323,0.0,851.9122765315323
1668599644.9453003,2.764,0.0,-0.00498173,0.0,1.0,0.0,851.9122765315323,0.0,851.9122765315323
1668599651.106418,2.763,-0.0009999999999998,-0.00506151,-7.977999999999978e-05,1.0,0.0,851.9122765315323,0.0,851.9122765315323
1668599654.605696,2.763,0.0,-0.00506151,0.0,1.0,0.0,851.9122765315323,0.0,851.9122765315323
1668599659.178632,2.763,0.0,-0.00506151,0.0,1.0,0.0,851.9122765315323,0.0,851.9122765315323
1668599660.7712686,2.763,0.0,-0.00506151,0.0,1.0,0.0,851.9122765315323,0.0,851.9122765315323
1668599661.0274477,2.763,0.0,-0.00506151,0.0,1.0,0.0,851.9122765315323,0.0,851.9122765315323
1668599662.3092704,2.773,0.0100000000000002,-0.00426201,0.0007994999999999,0.0,1.0,0.0,307.2168325032572,851.9122765315323
1668599668.3216524,2.773,0.0,-0.00426201,0.0,0.0,1.0,0.0,307.2168325032572,851.9122765315323
1668599668.7514875,2.773,0.0,-0.00426201,0.0,0.0,1.0,0.0,307.2168325032572,851.9122765315323
1668599668.9337275,2.773,0.0,-0.00426201,0.0,0.0,1.0,0.0,307.2168325032572,851.9122765315323
1668599670.107569,2.773,0.0,-0.00426201,0.0,0.0,1.0,0.0,307.2168325032572,851.9122765315323
1668599672.1395392,2.773,0.0,-0.00426201,0.0,0.0,1.0,0.0,307.2168325032572,851.9122765315323
1668599673.6044867,2.773,0.0,-0.00426201,0.0,0.0,1.0,0.0,307.2168325032572,851.9122765315323
1668599678.4261384,2.773,0.0,-0.00426201,0.0,0.0,1.0,0.0,307.2168325032572,851.9122765315323
1668599679.378037,2.773,0.0,-0.00426201,0.0,0.0,1.0,0.0,307.2168325032572,851.9122765315323
1668599680.8663216,2.773,0.0,-0.00426201,0.0,0.0,1.0,0.0,307.2168325032572,851.9122765315323
1668599682.336216,2.773,0.0,-0.00426201,0.0,0.0,1.0,0.0,307.2168325032572,851.9122765315323
1668599682.746815,2.773,0.0,-0.00426201,0.0,0.0,1.0,0.0,307.2168325032572,851.9122765315323
1668599683.9422622,2.773,0.0,-0.00426201,0.0,0.0,1.0,0.0,307.2168325032572,851.9122765315323
1668599686.9473803,2.773,0.0,-0.00426201,0.0,0.0,1.0,0.0,307.2168325032572,851.9122765315323
1668599687.9366026,2.773,0.0,-0.00426201,0.0,0.0,1.0,0.0,307.2168325032572,851.9122765315323
1668599688.8051205,2.773,0.0,-0.00426201,0.0,0.0,1.0,0.0,307.2168325032572,851.9122765315323
1668599690.0736475,2.773,0.0,-0.00426201,0.0,0.0,1.0,0.0,307.2168325032572,851.9122765315323
1668599691.6762767,2.773,0.0,-0.00426201,0.0,0.0,1.0,0.0,307.2168325032572,851.9122765315323
1668599692.4648457,2.773,0.0,-0.00426201,0.0,0.0,1.0,0.0,307.2168325032572,851.9122765315323
1668599694.24653,2.773,0.0,-0.00426201,0.0,0.0,1.0,0.0,307.2168325032572,851.9122765315323
1668599696.0654013,2.773,0.0,-0.00426201,0.0,0.0,1.0,0.0,307.2168325032572,851.9122765315323
1668599697.0206437,2.773,0.0,-0.00426201,0.0,0.0,1.0,0.0,307.2168325032572,851.9122765315323
1668599701.2000525,2.773,0.0,-0.00426201,0.0,0.0,1.0,0.0,307.2168325032572,851.9122765315323
1668599703.7453744,2.773,0.0,-0.00426201,0.0,0.0,1.0,0.0,307.2168325032572,851.9122765315323
1668599704.0584831,2.773,0.0,-0.00426201,0.0,0.0,1.0,0.0,307.2168325032572,851.9122765315323
1668599705.2958183,2.773,0.0,-0.00426201,0.0,0.0,1.0,0.0,307.2168325032572,851.9122765315323
1668599764.63961,2.774,0.0009999999999998,-0.0037591,0.00050291,0.0,1.0,0.0,307.2168325032572,852.2194933640354
1668599824.9992375,2.773,-0.0009999999999998,-0.00383887,-7.976999999999984e-05,1.0,0.0,851.9122765315323,0.0,851.9122765315323
1668599885.4976456,2.772,-0.0010000000000003,-0.00366837,0.0001705,0.0,1.0,0.0,307.3276610864113,851.9122765315323
1668599945.6905663,2.772,0.0,-0.00349298,0.0001753899999999,0.0,1.0,0.0,307.3276610864113,851.912276531532
1668600005.7315912,2.77,-0.0019999999999997,-0.00347531,1.7670000000000012e-05,0.0,1.0,0.0,307.3276610864113,851.2976212093592
1668600066.5795522,2.77,0.0,-0.00342186,5.3450000000000025e-05,0.0,1.0,0.0,307.3276610864113,851.2976212093592
1668600126.7233047,2.768,-0.0020000000000002,-0.00350053,-7.866999999999987e-05,1.0,0.0,850.6829658871864,0.0,850.6829658871864
1668600186.7278085,2.769,0.0010000000000003,-0.00338092,0.00011961,0.0,1.0,0.0,307.2166724041843,850.6829658871864
1668600248.2989244,2.768,-0.0010000000000003,-0.00320617,0.00017475,0.0,1.0,0.0,307.2166724041843,850.3757492147821
1668600308.157282,2.765,-0.0029999999999996,-0.00345954,-0.00025337,1.0,0.0,849.4540991975696,0.0,849.4540991975696
1668600368.1396642,2.768,0.0029999999999996,-0.00344089,1.8650000000000264e-05,0.0,1.0,0.0,306.88370635750346,849.4540991975695
1668600428.950618,2.761,-0.0069999999999996,-0.00400616,-0.00056527,1.0,0.0,847.305913253067,0.0,847.305913253067
1668600488.9764545,2.761,0.0,-0.00427838,-0.00027222,1.0,0.0,847.305913253067,0.0,847.305913253067
1668600549.1939504,2.753,-0.008,-0.00520426,-0.0009258799999999,1.0,0.0,847.305913253067,0.0,847.305913253067
1668600609.8116558,2.75,-0.0030000000000001,-0.00598467,-0.00078041,1.0,0.0,847.305913253067,0.0,847.305913253067
1668600669.828191,2.759,0.0089999999999998,-0.0055636,0.0004210699999999,0.0,1.0,0.0,307.10616645634906,847.305913253067
1668600730.2400212,2.758,-0.0009999999999998,-0.00556165,1.9500000000005624e-06,0.0,1.0,0.0,307.10616645634906,846.9988070866107
1668600791.0686898,2.755,-0.0030000000000001,-0.00567356,-0.00011191,1.0,0.0,846.0774885872416,0.0,846.0774885872416
1668600851.0313752,2.76,0.0049999999999998,-0.00529772,0.00037584,0.0,1.0,0.0,306.54981470552235,846.0774885872416
1668600911.14861,2.751,-0.0089999999999998,-0.00566084,-0.00036312,1.0,0.0,843.3185402548919,0.0,843.3185402548919
1668600971.874817,2.754,0.0030000000000001,-0.0057031,-4.2259999999999694e-05,1.0,0.0,843.3185402548919,0.0,843.3185402548919
1668601031.837858,2.749,-0.0049999999999998,-0.00617766,-0.0004745599999999,1.0,0.0,843.3185402548919,0.0,843.3185402548919
1668601093.57671,2.75,0.0009999999999998,-0.00609789,7.976999999999984e-05,0.0,1.0,0.0,306.66128736541526,843.318540254892
1668601154.0940125,2.75,0.0,-0.00609789,0.0,0.0,1.0,0.0,306.66128736541526,843.318540254892
1668601214.048365,2.757,0.0070000000000001,-0.00497952,0.0011183699999999,0.0,1.0,0.0,306.66128736541526,845.46516926645
1668601274.0763009,2.758,0.0009999999999998,-0.00489974,7.978000000000065e-05,0.0,1.0,0.0,306.66128736541526,845.7718305538153
1668601335.1198497,2.755,-0.0030000000000001,-0.00464351,0.0002562299999999,0.0,1.0,0.0,306.66128736541526,844.8518466917191
1668601395.2189567,2.755,0.0,-0.00464351,0.0,0.0,1.0,0.0,306.66128736541526,844.8518466917191
1668601454.8435757,2.755,0.0,-0.00438983,0.00025368,0.0,1.0,0.0,306.66128736541526,844.8518466917191
1668601516.402315,2.755,0.0,-0.00414106,0.0002487699999999,0.0,1.0,0.0,306.66128736541526,844.8518466917191
1668601575.4454885,2.754,-0.0009999999999998,-0.00379396,0.0003471,0.0,1.0,0.0,306.66128736541526,844.5451854043537
1668601636.4805732,2.752,-0.0020000000000002,-0.00382583,-3.187000000000025e-05,1.0,0.0,843.9318628296228,0.0,843.9318628296228
1668601697.039398,2.743,-0.0089999999999998,-0.00489829,-0.0010724599999999,1.0,0.0,843.9318628296228,0.0,843.9318628296228
1668601757.265087,2.739,-0.004,-0.00582527,-0.00092698,1.0,0.0,843.9318628296228,0.0,843.9318628296228
1668601816.9830005,2.736,-0.0029999999999996,-0.00647447,-0.0006492,1.0,0.0,843.9318628296228,0.0,843.9318628296228
1668601877.840794,2.74,0.004,-0.00640545,6.902000000000037e-05,0.0,1.0,0.0,308.0043294998623,843.9318628296228
1668601937.929236,2.742,0.0019999999999997,-0.00624591,0.0001595399999999,0.0,1.0,0.0,308.0043294998623,844.5478714886225
1668601998.1442192,2.743,0.0009999999999998,-0.00589048,0.00035543,0.0,1.0,0.0,308.0043294998623,844.8558758181223
1668602059.159111,2.747,0.004,-0.0051251,0.00076538,0.0,1.0,0.0,308.0043294998623,846.0878931361217
1668602118.9595404,2.748,0.0010000000000003,-0.00457567,0.0005494299999999,0.0,1.0,0.0,308.0043294998623,846.3958974656217
1668602178.903765,2.748,0.0,-0.00457567,0.0,0.0,1.0,0.0,308.0043294998623,846.3958974656217
1668602239.8498652,2.74,-0.008,-0.00479374,-0.0002180699999999,1.0,0.0,843.9318628296228,0.0,843.9318628296228
1668602299.541793,2.738,-0.0020000000000002,-0.00500792,-0.0002141799999999,1.0,0.0,843.9318628296228,0.0,843.9318628296228
1668602359.6793387,2.74,0.0020000000000002,-0.00502161,-1.369000000000023e-05,1.0,0.0,843.9318628296228,0.0,843.9318628296228
1668602420.973986,2.74,0.0,-0.00502161,0.0,1.0,0.0,843.9318628296228,0.0,843.9318628296228
1668602481.947024,2.754,0.0139999999999997,-0.00385829,0.00116332,0.0,1.0,0.0,306.4385849054549,843.9318628296228
1668602540.828551,2.752,-0.0020000000000002,-0.00300085,0.00085744,0.0,1.0,0.0,306.4385849054549,843.3189856598118
1668602601.8062294,2.755,0.0030000000000001,-0.00211805,0.0008828,0.0,1.0,0.0,306.4385849054549,844.2383014145282
1668602661.9051323,2.755,0.0,-0.00211805,0.0,0.0,1.0,0.0,306.4385849054549,844.2383014145282
1668602721.8621688,2.759,0.004,-0.0004448,0.0016732499999999,0.0,1.0,0.0,306.4385849054549,845.46405575415
1668602783.402283,2.763,0.004,-0.00012571,0.00031909,0.0,1.0,0.0,306.4385849054549,846.6898100937718
1668602843.2547572,2.763,0.0,0.00081337,0.00093908,0.0,1.0,0.0,306.4385849054549,846.6898100937718
1668602903.6131985,2.763,0.0,0.00141666,0.0006032899999999,0.0,1.0,0.0,306.4385849054549,846.6898100937718
1668602965.067062,2.753,-0.0099999999999997,0.0010174,-0.00039926,1.0,0.0,843.6254242447174,0.0,843.6254242447174
1668603024.0058074,2.764,0.0109999999999996,0.00189489,0.00087749,0.0,1.0,0.0,305.2190391623435,843.6254242447174
1668603084.124227,2.759,-0.0049999999999998,0.00221553,0.0003206399999999,0.0,1.0,0.0,305.2190391623435,842.0993290489057
1668603145.2433388,2.753,-0.0059999999999997,0.00161783,-0.0005976999999999,1.0,0.0,840.2680148139317,0.0,840.2680148139317
1668603205.205319,2.752,-0.0010000000000003,0.00153806,-7.977000000000006e-05,1.0,0.0,840.2680148139317,0.0,840.2680148139317
1668603265.2680402,2.755,0.0030000000000001,0.0010713,-0.0004667599999999,1.0,0.0,840.2680148139317,0.0,840.2680148139317
1668603326.2520776,2.756,0.0009999999999998,0.00085755,-0.00021375,1.0,0.0,840.2680148139317,0.0,840.2680148139317
1668603386.2700508,2.755,-0.0009999999999998,0.00072645,-0.0001311,1.0,0.0,840.2680148139317,0.0,840.2680148139317
1668603446.3239176,2.757,0.0020000000000002,0.00088599,0.00015954,0.0,1.0,0.0,304.77621139424434,840.2680148139317
1668603508.2580664,2.762,0.0049999999999998,0.00135954,0.00047355,0.0,1.0,0.0,304.77621139424434,841.7918958709029
1668603567.6504123,2.762,0.0,0.00135954,0.0,0.0,1.0,0.0,304.77621139424434,841.7918958709029
1668603627.736207,2.759,-0.0030000000000001,0.00173474,0.0003752,0.0,1.0,0.0,304.77621139424434,840.8775672367201
1668603688.602959,2.749,-0.0099999999999997,0.00019358,-0.00154116,1.0,0.0,837.8298051227778,0.0,837.8298051227778
1668603748.1358657,2.73,-0.0190000000000001,-0.00301357,-0.00320715,1.0,0.0,837.8298051227778,0.0,837.8298051227778
1668603808.304945,2.734,0.004,-0.00379969,-0.00078612,1.0,0.0,837.8298051227778,0.0,837.8298051227778
1668603869.335018,2.734,0.0,-0.00462048,-0.0008207899999999,1.0,0.0,837.8298051227778,0.0,837.8298051227778
1668603929.4580016,2.724,-0.0099999999999997,-0.00649951,-0.00187903,1.0,0.0,837.8298051227778,0.0,837.8298051227778
1668603989.5996697,2.728,0.004,-0.00646082,3.869000000000008e-05,0.0,1.0,0.0,307.12236258166337,837.8298051227778
1668604050.338451,2.726,-0.0020000000000002,-0.00662036,-0.0001595399999999,1.0,0.0,837.2155603976144,0.0,837.2155603976144
1668604110.4610317,2.73,0.004,-0.00702277,-0.00040241,1.0,0.0,837.2155603976144,0.0,837.2155603976144
1668604170.552834,2.737,0.0070000000000001,-0.00604826,0.00097451,0.0,1.0,0.0,305.8880381430816,837.2155603976144
1668604231.3544412,2.742,0.0049999999999998,-0.00500719,0.0010410699999999,0.0,1.0,0.0,305.8880381430816,838.7450005883297
1668604291.3210585,2.742,0.0,-0.00432198,0.00068521,0.0,1.0,0.0,305.8880381430816,838.7450005883297
1668604351.5611176,2.731,-0.0110000000000001,-0.00519947,-0.00087749,1.0,0.0,835.3802321687558,0.0,835.3802321687558
1668604412.336853,2.733,0.0020000000000002,-0.00514263,5.684000000000071e-05,0.0,1.0,0.0,305.6641903288532,835.3802321687558
1668604472.579919,2.741,0.008,-0.00450446,0.0006381699999999,0.0,1.0,0.0,305.6641903288532,837.8255456913867
1668604533.4849548,2.737,-0.004,-0.00415608,0.0003483799999999,0.0,1.0,0.0,305.6641903288532,836.6028889300712
1668604593.9742413,2.732,-0.0049999999999998,-0.00424791,-9.182999999999934e-05,1.0,0.0,835.0745679784269,0.0,835.0745679784269
1668604654.0095189,2.738,0.0059999999999997,-0.00376928,0.0004786299999999,0.0,1.0,0.0,304.99436376129546,835.074567978427
1668604714.0773723,2.74,0.0020000000000002,-0.00320219,0.0005670899999999,0.0,1.0,0.0,304.99436376129546,835.6845567059496
1668604775.10646,2.74,0.0,-0.00320219,0.0,0.0,1.0,0.0,304.99436376129546,835.6845567059496
1668604835.1193204,2.74,0.0,-0.0027214,0.00048079,0.0,1.0,0.0,304.99436376129546,835.6845567059496
1668604894.680254,2.74,0.0,-0.00212893,0.00059247,0.0,1.0,0.0,304.99436376129546,835.6845567059496
1668604956.0631752,2.746,0.0059999999999997,-0.00134935,0.0007795799999999,0.0,1.0,0.0,304.99436376129546,837.5145228885174
1668605015.9994094,2.744,-0.0019999999999997,-0.00075955,0.0005898,0.0,1.0,0.0,304.99436376129546,836.9045341609948
1668605084.2172778,2.747,0.0029999999999996,-0.00052023,0.00023932,0.0,1.0,0.0,304.99436376129546,837.8195172522786
1668605149.490952,2.746,-0.0009999999999998,0.00022287,0.0007431,0.0,1.0,0.0,304.99436376129546,837.5145228885174
1668605209.596071,2.741,-0.0049999999999998,-0.00013334,-0.00035621,1.0,0.0,835.9895510697108,0.0,835.9895510697108
1668605338.9786303,2.745,0.004,0.00015818,0.00029152,0.0,1.0,0.0,304.5499275299493,835.9895510697108
1668605388.3365502,2.746,0.0009999999999998,0.00058773,0.0004295499999999,0.0,1.0,0.0,304.5499275299493,836.2941009972408
1668605448.4930902,2.725,-0.0209999999999999,-0.00088264,-0.00147037,1.0,0.0,829.8985525191118,0.0,829.8985525191118
1668605508.9330823,2.734,0.0089999999999998,-0.00130663,-0.00042399,1.0,0.0,829.8985525191118,0.0,829.8985525191118
1668605595.81441,2.761,0.0270000000000001,0.00196278,0.00326941,0.0,1.0,0.0,300.57897592144576,829.8985525191118
1668605630.428089,2.76,-0.0010000000000003,0.00188301,-7.976999999999984e-05,1.0,0.0,829.5979735431903,0.0,829.5979735431903
1668605689.947546,2.756,-0.004,0.00217143,0.0002884199999999,0.0,1.0,0.0,301.0152298777904,829.5979735431902
1668605750.6672382,2.739,-0.0169999999999999,0.00046859,-0.0017028399999999,1.0,0.0,824.4807146352678,0.0,824.4807146352678
1668605810.0188,2.727,-0.012,-0.00107453,-0.00154312,1.0,0.0,824.4807146352678,0.0,824.4807146352678
1668605870.859918,2.728,0.0010000000000003,-0.00212627,-0.00105174,1.0,0.0,824.4807146352678,0.0,824.4807146352678
1668605930.8724253,2.729,0.0009999999999998,-0.00278197,-0.0006557,1.0,0.0,824.4807146352678,0.0,824.4807146352678
1668605990.7892675,2.734,0.0049999999999998,-0.00237059,0.0004113799999999,0.0,1.0,0.0,301.56573322431154,824.4807146352678
1668606051.6463828,2.737,0.0030000000000001,-0.00203377,0.00033682,0.0,1.0,0.0,301.56573322431154,825.3854118349407
1668606111.4698725,2.73,-0.0070000000000001,-0.00292282,-0.00088905,1.0,0.0,823.2744517023705,0.0,823.2744517023705
1668606171.5533648,2.736,0.0060000000000002,-0.00266903,0.0002537899999999,0.0,1.0,0.0,300.90440486197747,823.2744517023705
1668606232.3766267,2.735,-0.0010000000000003,-0.00233387,0.00033516,0.0,1.0,0.0,300.90440486197747,822.9735472975084
1668606292.4444706,2.735,0.0,-0.00216968,0.00016419,0.0,1.0,0.0,300.90440486197747,822.9735472975084
1668606352.326867,2.746,0.0110000000000001,-0.00083087,0.0013388099999999,0.0,1.0,0.0,300.90440486197747,826.2834957509901
1668606413.2422278,2.746,0.0,-8.497e-05,0.0007459,0.0,1.0,0.0,300.90440486197747,826.2834957509901
1668606473.2191503,2.752,0.0059999999999997,0.00128697,0.0013719399999999,0.0,1.0,0.0,300.90440486197747,828.088922180162
1668606533.417211,2.747,-0.0049999999999998,0.00157424,0.00028727,0.0,1.0,0.0,300.90440486197747,826.5844001558521
1668606594.4524822,2.739,-0.008,0.0012057,-0.0003685399999999,1.0,0.0,824.1771649169563,0.0,824.1771649169563
1668606654.1329217,2.738,-0.0009999999999998,0.00070026,-0.00050544,1.0,0.0,824.1771649169563,0.0,824.1771649169563
1668606714.2320497,2.735,-0.0030000000000001,-6.44e-05,-0.0007646599999999,1.0,0.0,824.1771649169563,0.0,824.1771649169563
1668606774.936514,2.734,-0.0009999999999998,-0.00080049,-0.00073609,1.0,0.0,824.1771649169563,0.0,824.1771649169563
1668606834.9422004,2.734,0.0,-0.00136353,-0.00056304,1.0,0.0,824.1771649169563,0.0,824.1771649169563
1668606894.9407403,2.722,-0.012,-0.00249547,-0.00113194,1.0,0.0,824.1771649169563,0.0,824.1771649169563
1668606956.06521,2.72,-0.0019999999999997,-0.00375888,-0.00126341,1.0,0.0,824.1771649169563,0.0,824.1771649169563
1668607015.904894,2.716,-0.004,-0.00538998,-0.0016311,1.0,0.0,824.1771649169563,0.0,824.1771649169563
1668607075.8978815,2.71,-0.0060000000000002,-0.0065208,-0.00113082,1.0,0.0,824.1771649169563,0.0,824.1771649169563
1668607136.771525,2.711,0.0009999999999998,-0.00681974,-0.00029894,1.0,0.0,824.1771649169563,0.0,824.1771649169563
1668607197.5663865,2.715,0.004,-0.00678487,3.487000000000021e-05,0.0,1.0,0.0,303.5643333027463,824.1771649169563
1668607256.9845212,2.719,0.004,-0.00654864,0.00023623,0.0,1.0,0.0,303.5643333027463,825.3914222501672
1668607317.56686,2.722,0.0030000000000001,-0.00586484,0.0006838,0.0,1.0,0.0,303.5643333027463,826.3021152500755
1668607377.7868035,2.719,-0.0030000000000001,-0.00568908,0.0001757599999999,0.0,1.0,0.0,303.5643333027463,825.3914222501672
1668607437.562947,2.717,-0.0019999999999997,-0.00564609,4.2989999999999695e-05,0.0,1.0,0.0,303.5643333027463,824.7842935835617
1668607498.6834908,2.698,-0.0190000000000001,-0.00804918,-0.0024030899999999,1.0,0.0,819.0165712508095,0.0,819.0165712508095
1668607558.7469418,2.71,0.012,-0.0076366,0.0004125799999999,0.0,1.0,0.0,302.22013699291864,819.0165712508095
1668607618.7158291,2.706,-0.004,-0.00791859,-0.0002819899999999,1.0,0.0,817.8076907028378,0.0,817.8076907028378
1668607679.61273,2.69,-0.016,-0.00920064,-0.0012820499999999,1.0,0.0,817.8076907028378,0.0,817.8076907028378
1668607739.3329034,2.695,0.0049999999999998,-0.00951661,-0.00031597,1.0,0.0,817.8076907028378,0.0,817.8076907028378
1668607799.911023,2.698,0.0030000000000001,-0.00923435,0.0002822599999999,0.0,1.0,0.0,303.1162678661371,817.8076907028378
1668607860.3573651,2.701,0.0030000000000001,-0.00885888,0.00037547,0.0,1.0,0.0,303.1162678661371,818.7170395064363
1668607920.1924624,2.707,0.0059999999999997,-0.00817263,0.0006862499999999,0.0,1.0,0.0,303.1162678661371,820.5357371136331
1668607980.408572,2.704,-0.0029999999999996,-0.0080275,0.00014513,0.0,1.0,0.0,303.1162678661371,819.6263883100347
1668608041.0271547,2.701,-0.0030000000000001,-0.00781164,0.00021586,0.0,1.0,0.0,303.1162678661371,818.7170395064363
1668608101.0621314,2.7,-0.0009999999999998,-0.00789141,-7.976999999999984e-05,1.0,0.0,818.4139232385702,0.0,818.4139232385702
1668608160.939075,2.707,0.0069999999999996,-0.00713645,0.0007549599999999,0.0,1.0,0.0,302.3324430138789,818.4139232385702
1668608222.123021,2.707,0.0,-0.00646363,0.00067282,0.0,1.0,0.0,302.3324430138789,818.4139232385702
1668608282.131486,2.704,-0.0029999999999996,-0.00610215,0.0003614799999999,0.0,1.0,0.0,302.3324430138789,817.5069259095286
1668608342.0986412,2.708,0.004,-0.00543031,0.0006718399999999,0.0,1.0,0.0,302.3324430138789,818.7162556815841
1668608403.188446,2.715,0.0069999999999996,-0.00409888,0.0013314299999999,0.0,1.0,0.0,302.3324430138789,820.8325827826811
1668608462.8115008,2.716,0.0010000000000003,-0.00311675,0.00098213,0.0,1.0,0.0,302.3324430138789,821.1349152256952
1668608523.0883408,2.714,-0.0020000000000002,-0.00253289,0.00058386,0.0,1.0,0.0,302.3324430138789,820.5302503396673
1668608583.7657917,2.715,0.0009999999999998,-0.00190432,0.00062857,0.0,1.0,0.0,302.3324430138789,820.8325827826811
1668608643.9784188,2.709,-0.0059999999999997,-0.00186877,3.554999999999986e-05,0.0,1.0,0.0,302.3324430138789,819.018588124598
1668608703.9287271,2.713,0.004,-0.00150054,0.00036823,0.0,1.0,0.0,302.3324430138789,820.2279178966535
1668608764.8709974,2.715,0.0019999999999997,-0.0010354,0.00046514,0.0,1.0,0.0,302.3324430138789,820.8325827826811
1668608824.6916296,2.718,0.0030000000000001,-0.00041985,0.0006155499999999,0.0,1.0,0.0,302.3324430138789,821.7395801117228
1668608885.537635,2.718,0.0,0.00025197,0.00067182,0.0,1.0,0.0,302.3324430138789,821.7395801117228
1668608945.447735,2.721,0.0030000000000001,0.00076568,0.00051371,0.0,1.0,0.0,302.3324430138789,822.6465774407645
1668609005.4180884,2.718,-0.0030000000000001,0.00052636,-0.00023932,1.0,0.0,821.7395801117228,0.0,821.7395801117228
1668609065.6244123,2.718,0.0,0.00079785,0.00027149,0.0,1.0,0.0,302.3324430138789,821.7395801117228
1668609126.2155037,2.714,-0.004,0.00068237,-0.00011548,1.0,0.0,820.5302503396673,0.0,820.5302503396673
1668609186.2527862,2.721,0.0070000000000001,0.00114252,0.00046015,0.0,1.0,0.0,301.55466752652234,820.5302503396673
1668609246.4683328,2.725,0.004,0.00224024,0.00109772,0.0,1.0,0.0,301.55466752652234,821.7364690097734
1668609307.435687,2.73,0.0049999999999998,0.00303611,0.0007958699999999,0.0,1.0,0.0,301.55466752652234,823.2442423474059
1668609368.21248,2.729,-0.0009999999999998,0.00379164,0.00075553,0.0,1.0,0.0,301.55466752652234,822.9426876798794
1668609427.4693053,2.725,-0.004,0.00377129,-2.0350000000000146e-05,1.0,0.0,821.7364690097734,0.0,821.7364690097734
1668609488.2962158,2.72,-0.0049999999999998,0.00331351,-0.00045778,1.0,0.0,821.7364690097734,0.0,821.7364690097734
1668609548.1663022,2.726,0.0059999999999997,0.00339572,8.22100000000001e-05,0.0,1.0,0.0,301.44404585831745,821.7364690097734
1668609608.1185648,2.726,0.0,0.00342143,2.570999999999997e-05,0.0,1.0,0.0,301.44404585831745,821.7364690097734
1668609669.0464232,2.712,-0.0139999999999997,0.00228577,-0.00113566,1.0,0.0,817.516252367757,0.0,817.516252367757
1668609728.9488635,2.712,0.0,0.00228577,0.0,1.0,0.0,817.516252367757,0.0,817.516252367757
1668609789.036281,2.717,0.0049999999999998,0.00176883,-0.0005169399999999,1.0,0.0,817.516252367757,0.0,817.516252367757
1668609850.3089106,2.714,-0.0030000000000001,0.00085797,-0.00091086,1.0,0.0,817.516252367757,0.0,817.516252367757
1668609911.1563542,2.714,0.0,0.00085797,0.0,1.0,0.0,817.516252367757,0.0,817.516252367757
1668609970.250021,2.714,0.0,0.00038457,-0.0004734,1.0,0.0,817.516252367757,0.0,817.516252367757
1668610031.1260345,2.717,0.0030000000000001,0.0002486,-0.0001359699999999,1.0,0.0,817.516252367757,0.0,817.516252367757
1668610091.070151,2.719,0.0019999999999997,0.00029878,5.0179999999999984e-05,0.0,1.0,0.0,300.6679854239636,817.516252367757
1668610151.1219423,2.72,0.0010000000000003,0.00041446,0.00011568,0.0,1.0,0.0,300.6679854239636,817.8169203531811
1668610212.0067923,2.707,-0.0130000000000003,-0.00115255,-0.00156701,1.0,0.0,813.9082365426694,0.0,813.9082365426694
1668610271.9741063,2.704,-0.0029999999999996,-0.00139187,-0.0002393199999999,1.0,0.0,813.9082365426694,0.0,813.9082365426694
1668610332.0115075,2.703,-0.0010000000000003,-0.00314628,-0.00175441,1.0,0.0,813.9082365426694,0.0,813.9082365426694
1668610392.64283,2.701,-0.0019999999999997,-0.00383922,-0.00069294,1.0,0.0,813.9082365426694,0.0,813.9082365426694
1668610452.8963015,2.695,-0.0060000000000002,-0.00499995,-0.00116073,1.0,0.0,813.9082365426694,0.0,813.9082365426694
1668610512.6794088,2.694,-0.0009999999999998,-0.00568124,-0.0006812899999999,1.0,0.0,813.9082365426694,0.0,813.9082365426694
1668610573.9255154,2.696,0.0020000000000002,-0.00580504,-0.0001238,1.0,0.0,813.9082365426694,0.0,813.9082365426694
1668610633.6965537,2.696,0.0,-0.00580504,0.0,1.0,0.0,813.9082365426694,0.0,813.9082365426694
1668610693.7299347,2.701,0.0049999999999998,-0.00556203,0.00024301,0.0,1.0,0.0,301.3358891309402,813.9082365426694
1668610754.4157171,2.712,0.0110000000000001,-0.00443075,0.00113128,0.0,1.0,0.0,301.3358891309402,817.2229313231098
1668610817.7773929,2.711,-0.0010000000000003,-0.00279991,0.0016308399999999,0.0,1.0,0.0,301.3358891309402,816.9215954339788
1668610874.4888265,2.707,-0.004,-0.003119,-0.0003190899999999,1.0,0.0,815.7162518774551,0.0,815.7162518774551
1668610935.0941582,2.708,0.0010000000000003,-0.00235856,0.0007604399999999,0.0,1.0,0.0,301.22461295327,815.7162518774551
1668610994.5433595,2.704,-0.004,-0.00268343,-0.00032487,1.0,0.0,814.5113534256423,0.0,814.5113534256423
1668611054.5266037,2.712,0.008,-0.00146397,0.00121946,0.0,1.0,0.0,300.3360447734669,814.5113534256423
1668611114.5162024,2.718,0.0059999999999997,-0.00098534,0.00047863,0.0,1.0,0.0,300.3360447734669,816.313369694283
1668611174.483616,2.718,0.0,-0.0001437,0.0008416399999999,0.0,1.0,0.0,300.3360447734669,816.313369694283
1668611234.4683597,2.72,0.0020000000000002,0.00067689,0.00082059,0.0,1.0,0.0,300.3360447734669,816.9140417838299
1668611294.4147077,2.716,-0.004,0.00090284,0.00022595,0.0,1.0,0.0,300.3360447734669,815.7126976047361
1668611354.7694397,2.712,-0.004,0.00077901,-0.00012383,1.0,0.0,814.5113534256423,0.0,814.5113534256423
1668611414.5121875,2.713,0.0009999999999998,0.00085879,7.978e-05,0.0,1.0,0.0,300.2253422136536,814.5113534256423
1668611474.3484278,2.713,0.0,0.00085879,0.0,0.0,1.0,0.0,300.2253422136536,814.5113534256423
1668611534.6233964,2.72,0.0070000000000001,0.00168602,0.00082723,0.0,1.0,0.0,300.2253422136536,816.6129308211379
1668611594.4724324,2.721,0.0009999999999998,0.00213044,0.0004444199999999,0.0,1.0,0.0,300.2253422136536,816.9131561633516
1668611654.4652066,2.72,-0.0009999999999998,0.00237457,0.0002441299999999,0.0,1.0,0.0,300.2253422136536,816.6129308211379
1668611714.595728,2.718,-0.0020000000000002,0.00221503,-0.0001595399999999,1.0,0.0,816.0124801367106,0.0,816.0124801367106
1668611774.588511,2.718,0.0,0.00226251,4.747999999999992e-05,0.0,1.0,0.0,300.2253422136536,816.0124801367106
1668611834.5819497,2.713,-0.0049999999999998,0.00186365,-0.00039886,1.0,0.0,814.5113534256423,0.0,814.5113534256423
1668611911.661691,2.713,0.0,0.00186365,0.0,1.0,0.0,814.5113534256423,0.0,814.5113534256423
1668611954.491627,2.719,0.0059999999999997,0.00201359,0.00014994,0.0,1.0,0.0,299.5628368612145,814.5113534256423
1668612014.452979,2.716,-0.0029999999999996,0.00177427,-0.0002393199999999,1.0,0.0,813.6126649150586,0.0,813.6126649150586
1668612074.359429,2.708,-0.008,0.00055313,-0.00122114,1.0,0.0,813.6126649150586,0.0,813.6126649150586
1668612134.4916296,2.712,0.004,0.00053809,-1.504000000000002e-05,1.0,0.0,813.6126649150586,0.0,813.6126649150586
1668612194.6077688,2.71,-0.0020000000000002,0.00016183,-0.00037626,1.0,0.0,813.6126649150586,0.0,813.6126649150586
1668612254.6328282,2.711,0.0009999999999998,0.0002416,7.977e-05,0.0,1.0,0.0,300.1153319494868,813.6126649150586
1668612314.432315,2.717,0.0060000000000002,0.00088949,0.00064789,0.0,1.0,0.0,300.1153319494868,815.4133569067557
1668612374.4216008,2.717,0.0,0.00134434,0.00045485,0.0,1.0,0.0,300.1153319494868,815.4133569067557
1668612434.4840927,2.716,-0.0009999999999998,0.00126457,-7.977000000000006e-05,1.0,0.0,815.1132415748062,0.0,815.1132415748062
1668612494.492717,2.718,0.0019999999999997,0.00122797,-3.659999999999992e-05,1.0,0.0,815.1132415748062,0.0,815.1132415748062
1668612556.8120458,2.718,0.0,0.00122797,0.0,1.0,0.0,815.1132415748062,0.0,815.1132415748062
1668612614.6520646,2.72,0.0020000000000002,0.00168848,0.0004605099999999,0.0,1.0,0.0,299.6739858730905,815.1132415748062
1668612674.6467714,2.72,0.0,0.00168848,0.0,0.0,1.0,0.0,299.6739858730905,815.1132415748062
1668612734.5834613,2.718,-0.0020000000000002,0.0016607,-2.778000000000004e-05,1.0,0.0,814.51389360306,0.0,814.51389360306
1668612794.777406,2.715,-0.0030000000000001,0.00138069,-0.00028001,1.0,0.0,814.51389360306,0.0,814.51389360306
1668612854.631209,2.716,0.0010000000000003,0.00122535,-0.0001553399999999,1.0,0.0,814.51389360306,0.0,814.51389360306
1668612914.5973694,2.716,0.0,0.00122535,0.0,1.0,0.0,814.51389360306,0.0,814.51389360306
1668612974.548911,2.717,0.0009999999999998,0.00135869,0.00013334,0.0,1.0,0.0,299.7842817825027,814.51389360306
1668613034.4955542,2.719,0.0019999999999997,0.00151824,0.0001595499999999,0.0,1.0,0.0,299.7842817825027,815.1134621666248
1668613094.4778051,2.719,0.0,0.0015242,5.960000000000167e-06,0.0,1.0,0.0,299.7842817825027,815.1134621666248
1668613154.9336512,2.719,0.0,0.00145264,-7.156000000000003e-05,1.0,0.0,815.1134621666248,0.0,815.1134621666248
1668613214.5561454,2.719,0.0,0.00145264,0.0,1.0,0.0,815.1134621666248,0.0,815.1134621666248
1668613274.5564938,2.718,-0.0009999999999998,0.00128261,-0.00017003,1.0,0.0,815.1134621666248,0.0,815.1134621666248
1668613334.460729,2.715,-0.0030000000000001,0.00104329,-0.0002393199999999,1.0,0.0,815.1134621666248,0.0,815.1134621666248
1668613394.5649574,2.716,0.0010000000000003,0.00085296,-0.00019033,1.0,0.0,815.1134621666248,0.0,815.1134621666248
1668613454.5571384,2.713,-0.0030000000000001,0.00027003,-0.00058293,1.0,0.0,815.1134621666248,0.0,815.1134621666248
1668613514.617422,2.707,-0.0060000000000002,-0.00094056,-0.00121059,1.0,0.0,815.1134621666248,0.0,815.1134621666248
1668613574.645856,2.706,-0.0009999999999998,-0.00102033,-7.977000000000006e-05,1.0,0.0,815.1134621666248,0.0,815.1134621666248
1668613636.9523551,2.707,0.0009999999999998,-0.00129179,-0.0002714599999999,1.0,0.0,815.1134621666248,0.0,815.1134621666248
1668613694.4531715,2.698,-0.0089999999999998,-0.00335559,-0.0020638,1.0,0.0,815.1134621666248,0.0,815.1134621666248
1668613754.5533302,2.682,-0.016,-0.00657613,-0.00322054,1.0,0.0,815.1134621666248,0.0,815.1134621666248
1668613814.6871204,2.689,0.0070000000000001,-0.00678305,-0.0002069199999999,1.0,0.0,815.1134621666248,0.0,815.1134621666248
1668613875.2151196,2.699,0.0099999999999997,-0.00595152,0.0008315299999999,0.0,1.0,0.0,302.005728850176,815.1134621666249
1668613934.5434277,2.693,-0.0059999999999997,-0.00633311,-0.00038159,1.0,0.0,813.301427793524,0.0,813.301427793524
1668613994.645404,2.692,-0.0009999999999998,-0.00641288,-7.976999999999984e-05,1.0,0.0,813.301427793524,0.0,813.301427793524
1668614054.676124,2.689,-0.0030000000000001,-0.00699945,-0.0005865699999999,1.0,0.0,813.301427793524,0.0,813.301427793524
1668614114.5814114,2.692,0.0030000000000001,-0.00688993,0.00010952,0.0,1.0,0.0,302.1179152279064,813.3014277935241
1668614174.5691404,2.685,-0.0070000000000001,-0.00738657,-0.00049664,1.0,0.0,811.1866023869287,0.0,811.1866023869287
1668614234.560977,2.696,0.0110000000000001,-0.00650908,0.0008774899999999,0.0,1.0,0.0,300.8852382740833,811.1866023869287
1668614294.5718963,2.701,0.0049999999999998,-0.0055539,0.00095518,0.0,1.0,0.0,300.8852382740833,812.691028578299
1668614355.322287,2.698,-0.0030000000000001,-0.00498156,0.0005723399999999,0.0,1.0,0.0,300.8852382740833,811.7883728634768
1668614414.605049,2.689,-0.0089999999999998,-0.00538018,-0.0003986199999999,1.0,0.0,809.08040571901,0.0,809.08040571901
1668614474.8372138,2.689,0.0,-0.0053822,-2.0200000000001467e-06,1.0,0.0,809.08040571901,0.0,809.08040571901
1668614534.5826073,2.683,-0.0060000000000002,-0.00617063,-0.0007884299999999,1.0,0.0,809.08040571901,0.0,809.08040571901
1668614594.764701,2.683,0.0,-0.00634303,-0.0001724,1.0,0.0,809.08040571901,0.0,809.08040571901
1668614654.6515155,2.686,0.0030000000000001,-0.00610371,0.00023932,0.0,1.0,0.0,301.2212977360424,809.0804057190098
1668614714.8227065,2.695,0.0089999999999998,-0.00482197,0.00128174,0.0,1.0,0.0,301.2212977360424,811.7913973986342
1668614774.6666412,2.691,-0.004,-0.00458466,0.00023731,0.0,1.0,0.0,301.2212977360424,810.58651220769
1668614835.1483016,2.691,0.0,-0.00422149,0.00036317,0.0,1.0,0.0,301.2212977360424,810.58651220769
1668614894.7007942,2.69,-0.0009999999999998,-0.00430126,-7.977000000000071e-05,1.0,0.0,810.285290909954,0.0,810.285290909954
1668614955.097777,2.689,-0.0009999999999998,-0.00410998,0.00019128,0.0,1.0,0.0,301.3333175566954,810.285290909954
1668615014.8341022,2.696,0.0070000000000001,-0.00360124,0.00050874,0.0,1.0,0.0,301.3333175566954,812.3946241328509
1668615074.746349,2.694,-0.0020000000000002,-0.00313274,0.0004684999999999,0.0,1.0,0.0,301.3333175566954,811.7919574977375
1668615134.6328516,2.693,-0.0009999999999998,-0.00274726,0.00038548,0.0,1.0,0.0,301.3333175566954,811.4906241801808
1668615194.6323712,2.697,0.004,-0.00209485,0.00065241,0.0,1.0,0.0,301.3333175566954,812.6959574504076
1668615254.9565449,2.697,0.0,-0.00155983,0.00053502,0.0,1.0,0.0,301.3333175566954,812.6959574504076
1668615315.1529295,2.697,0.0,-0.00065951,0.0009003199999999,0.0,1.0,0.0,301.3333175566954,812.6959574504076
1668615374.7766364,2.704,0.0070000000000001,-0.0001011,0.00055841,0.0,1.0,0.0,301.3333175566954,814.8052906733045
1668615434.856526,2.697,-0.0070000000000001,3.143e-05,0.00013253,0.0,1.0,0.0,301.3333175566954,812.6959574504076
1668615494.680547,2.696,-0.0009999999999998,5.513e-05,2.37e-05,0.0,1.0,0.0,301.3333175566954,812.3946241328509
1668615554.6842806,2.699,0.0029999999999996,0.00031239,0.00025726,0.0,1.0,0.0,301.3333175566954,813.2986240855209
1668615614.7711258,2.7,0.0010000000000003,0.00059016,0.0002777699999999,0.0,1.0,0.0,301.3333175566954,813.5999574030777
1668615674.6522925,2.702,0.0019999999999997,0.00096061,0.00037045,0.0,1.0,0.0,301.3333175566954,814.2026240381911
1668615734.5825496,2.701,-0.0009999999999998,0.00103694,7.63300000000001e-05,0.0,1.0,0.0,301.3333175566954,813.9012907206344
1668615795.290387,2.705,0.004,0.00177538,0.0007384399999999,0.0,1.0,0.0,301.3333175566954,815.1066239908612
1668615854.624568,2.701,-0.004,0.00164143,-0.00013395,1.0,0.0,813.9012907206344,0.0,813.9012907206344
1668615914.5362475,2.7,-0.0009999999999998,0.00156165,-7.978e-05,1.0,0.0,813.9012907206344,0.0,813.9012907206344
1668615974.6937518,2.7,0.0,0.00137551,-0.00018614,1.0,0.0,813.9012907206344,0.0,813.9012907206344
1668616034.7913623,2.698,-0.0020000000000002,0.00121596,-0.0001595499999999,1.0,0.0,813.9012907206344,0.0,813.9012907206344
1668616094.7107687,2.701,0.0030000000000001,0.00128028,6.431999999999987e-05,0.0,1.0,0.0,301.3333175566954,813.9012907206344
1668616154.7618873,2.702,0.0009999999999998,0.00134732,6.703999999999998e-05,0.0,1.0,0.0,301.3333175566954,814.2026240381911
1668616215.7658803,2.703,0.0009999999999998,0.00142709,7.977000000000006e-05,0.0,1.0,0.0,301.3333175566954,814.5039573557477
1668616275.0299942,2.695,-0.008,0.00092212,-0.00050497,1.0,0.0,812.0932908152942,0.0,812.0932908152942
1668616334.8014145,2.697,0.0020000000000002,0.00067553,-0.00024659,1.0,0.0,812.0932908152942,0.0,812.0932908152942
1668616394.6690512,2.705,0.008,0.00113476,0.00045923,0.0,1.0,0.0,300.2193311701642,812.0932908152942
1668616455.0666134,2.705,0.0,0.00113476,0.0,0.0,1.0,0.0,300.2193311701642,812.0932908152942
1668616514.688924,2.705,0.0,0.00113476,0.0,0.0,1.0,0.0,300.2193311701642,812.0932908152942
1668616575.071727,2.705,0.0,0.00145154,0.00031678,0.0,1.0,0.0,300.2193311701642,812.0932908152942
1668616634.8433146,2.71,0.0049999999999998,0.00242911,0.0009775699999999,0.0,1.0,0.0,300.2193311701642,813.594387471145
1668616694.6686792,2.705,-0.0049999999999998,0.00203025,-0.00039886,1.0,0.0,812.0932908152942,0.0,812.0932908152942
1668616754.8279324,2.702,-0.0030000000000001,0.00138369,-0.00064656,1.0,0.0,812.0932908152942,0.0,812.0932908152942
1668616814.7854414,2.703,0.0009999999999998,0.00146346,7.977000000000006e-05,0.0,1.0,0.0,300.4414690400644,812.093290815294
1668616874.6766078,2.712,0.0090000000000003,0.00268856,0.0012251,0.0,1.0,0.0,300.4414690400644,814.7972640366547
1668616934.9140174,2.718,0.0059999999999997,0.00417091,0.00148235,0.0,1.0,0.0,300.4414690400644,816.5999128508951
1668616994.917777,2.718,0.0,0.00417091,0.0,0.0,1.0,0.0,300.4414690400644,816.5999128508951
1668617054.790339,2.718,0.0,0.00498968,0.0008187699999999,0.0,1.0,0.0,300.4414690400644,816.5999128508951
1668617114.693447,2.72,0.0020000000000002,0.00514922,0.00015954,0.0,1.0,0.0,300.4414690400644,817.2007957889753
1668617174.7316313,2.72,0.0,0.00541242,0.0002631999999999,0.0,1.0,0.0,300.4414690400644,817.2007957889753
1668617234.8579698,2.715,-0.0050000000000003,0.0052206,-0.00019182,1.0,0.0,815.6985884437748,0.0,815.6985884437748
1668617295.3798938,2.714,-0.0009999999999998,0.00514082,-7.977999999999978e-05,1.0,0.0,815.6985884437748,0.0,815.6985884437748
1668617355.080828,2.724,0.0100000000000002,0.00595337,0.00081255,0.0,1.0,0.0,299.4488210146016,815.6985884437748
1668617414.7785127,2.725,0.0009999999999998,0.00603314,7.976999999999984e-05,0.0,1.0,0.0,299.4488210146016,815.9980372647894
1668617474.6345253,2.729,0.004,0.00678051,0.0007473699999999,0.0,1.0,0.0,299.4488210146016,817.1958325488478
1668617534.7317705,2.716,-0.0129999999999999,0.00574347,-0.00103704,1.0,0.0,813.302997875658,0.0,813.302997875658
1668617595.017253,2.718,0.0019999999999997,0.00492999,-0.0008134799999999,1.0,0.0,813.302997875658,0.0,813.302997875658
1668617654.7073948,2.716,-0.0019999999999997,0.00477045,-0.00015954,1.0,0.0,813.302997875658,0.0,813.302997875658
1668617714.831107,2.716,0.0,0.004355,-0.0004154499999999,1.0,0.0,813.302997875658,0.0,813.302997875658
1668617775.508644,2.716,0.0,0.004355,0.0,1.0,0.0,813.302997875658,0.0,813.302997875658
1668617834.7837915,2.716,0.0,0.00397987,-0.00037513,1.0,0.0,813.302997875658,0.0,813.302997875658
1668617894.7954662,2.717,0.0009999999999998,0.00372039,-0.0002594799999999,1.0,0.0,813.302997875658,0.0,813.302997875658
1668617954.8634942,2.713,-0.004,0.00334038,-0.00038001,1.0,0.0,813.302997875658,0.0,813.302997875658
1668618014.894875,2.713,0.0,0.00237499,-0.00096539,1.0,0.0,813.302997875658,0.0,813.302997875658
1668618074.798632,2.714,0.0009999999999998,0.00214292,-0.00023207,1.0,0.0,813.302997875658,0.0,813.302997875658
1668618134.8607428,2.723,0.0089999999999998,0.00302325,0.0008803299999999,0.0,1.0,0.0,298.6790297009394,813.302997875658
1668618194.83961,2.72,-0.0029999999999996,0.00275535,-0.0002678999999999,1.0,0.0,812.4069607865553,0.0,812.4069607865553
1668618255.1832302,2.72,0.0,0.00275535,0.0,1.0,0.0,812.4069607865553,0.0,812.4069607865553
1668618314.6863155,2.717,-0.0030000000000001,0.0021921,-0.00056325,1.0,0.0,812.4069607865553,0.0,812.4069607865553
1668618374.815164,2.717,0.0,0.0021921,0.0,1.0,0.0,812.4069607865553,0.0,812.4069607865553
1668618434.600014,2.723,0.0059999999999997,0.00251014,0.0003180399999999,0.0,1.0,0.0,298.349967237075,812.4069607865553
1668618494.6861746,2.724,0.0010000000000003,0.00289059,0.00038045,0.0,1.0,0.0,298.349967237075,812.7053107537924
1668618554.948794,2.724,0.0,0.00289059,0.0,0.0,1.0,0.0,298.349967237075,812.7053107537924
1668618614.825127,2.724,0.0,0.00313199,0.0002413999999999,0.0,1.0,0.0,298.349967237075,812.7053107537924
1668618674.9178772,2.718,-0.0060000000000002,0.00265336,-0.0004786299999999,1.0,0.0,810.9152109503699,0.0,810.9152109503699
1668618734.948146,2.718,0.0,0.00265336,0.0,1.0,0.0,810.9152109503699,0.0,810.9152109503699
1668618794.6928942,2.719,0.0009999999999998,0.00210501,-0.00054835,1.0,0.0,810.9152109503699,0.0,810.9152109503699
1668618854.862848,2.714,-0.0049999999999998,0.00170615,-0.00039886,1.0,0.0,810.9152109503699,0.0,810.9152109503699
1668618914.9234102,2.714,0.0,0.00170615,0.0,1.0,0.0,810.9152109503699,0.0,810.9152109503699
1668618974.8686757,2.717,0.0030000000000001,0.00122967,-0.00047648,1.0,0.0,810.9152109503699,0.0,810.9152109503699
1668619034.9757743,2.717,0.0,0.00122967,0.0,1.0,0.0,810.9152109503699,0.0,810.9152109503699
1668619094.7978787,2.719,0.0019999999999997,0.00120396,-2.570999999999997e-05,1.0,0.0,810.9152109503699,0.0,810.9152109503699
1668619154.722433,2.719,0.0,0.00117009,-3.387000000000008e-05,1.0,0.0,810.9152109503699,0.0,810.9152109503699
1668619214.8434367,2.72,0.0010000000000003,0.00110429,-6.579999999999997e-05,1.0,0.0,810.9152109503699,0.0,810.9152109503699
1668619275.2450902,2.718,-0.0020000000000002,0.00103594,-6.835000000000001e-05,1.0,0.0,810.9152109503699,0.0,810.9152109503699
1668619334.8555727,2.721,0.0030000000000001,0.00133216,0.00029622,0.0,1.0,0.0,298.02102570759644,810.9152109503699
1668619394.9700763,2.721,0.0,0.00111521,-0.00021695,1.0,0.0,810.9152109503699,0.0,810.9152109503699
1668619454.965199,2.718,-0.0030000000000001,0.00087589,-0.0002393199999999,1.0,0.0,810.9152109503699,0.0,810.9152109503699
1668619514.8927138,2.723,0.0049999999999998,0.00130298,0.00042709,0.0,1.0,0.0,297.8021340251084,810.9152109503699
1668619574.83821,2.722,-0.0009999999999998,0.00120023,-0.0001027499999999,1.0,0.0,810.617408816345,0.0,810.617408816345
1668619634.8819287,2.72,-0.0019999999999997,0.00104069,-0.00015954,1.0,0.0,810.617408816345,0.0,810.617408816345
1668619694.857505,2.719,-0.0010000000000003,0.0008812,-0.0001594899999999,1.0,0.0,810.617408816345,0.0,810.617408816345
1668619754.8373518,2.719,0.0,0.0008812,0.0,1.0,0.0,810.617408816345,0.0,810.617408816345
1668619814.8545015,2.719,0.0,0.0008812,0.0,1.0,0.0,810.617408816345,0.0,810.617408816345
1668619874.8748991,2.719,0.0,0.0008812,0.0,1.0,0.0,810.617408816345,0.0,810.617408816345
1668619934.81257,2.723,0.004,0.00110292,0.00022172,0.0,1.0,0.0,297.69276857008634,810.6174088163451
1668619995.1129074,2.726,0.0030000000000001,0.00150339,0.00040047,0.0,1.0,0.0,297.69276857008634,811.5104871220553
1668620071.3741288,2.727,0.0009999999999998,0.00187978,0.0003763899999999,0.0,1.0,0.0,297.69276857008634,811.8081798906254
1668620115.2168405,2.725,-0.0019999999999997,0.00199371,0.00011393,0.0,1.0,0.0,297.69276857008634,811.2127943534853
1668620175.3673337,2.724,-0.0009999999999998,0.0018573,-0.00013641,1.0,0.0,810.9151015849153,0.0,810.9151015849153
1668620241.727993,2.724,0.0,0.00183074,-2.6560000000000125e-05,1.0,0.0,810.9151015849153,0.0,810.9151015849153
1668620295.13296,2.738,0.0139999999999997,0.00401689,0.00218615,0.0,1.0,0.0,296.1705995562145,810.9151015849153
1668620355.0780654,2.733,-0.0049999999999998,0.00361803,-0.00039886,1.0,0.0,809.4342485871342,0.0,809.4342485871342
1668620415.100326,2.723,-0.0100000000000002,0.00286961,-0.00074842,1.0,0.0,809.4342485871342,0.0,809.4342485871342
1668620475.260924,2.723,0.0,0.00238009,-0.0004895199999999,1.0,0.0,809.4342485871342,0.0,809.4342485871342
1668620535.4436796,2.726,0.0030000000000001,0.0021112,-0.0002688899999999,1.0,0.0,809.4342485871342,0.0,809.4342485871342
1668620595.2543664,2.727,0.0009999999999998,0.00219097,7.976999999999984e-05,0.0,1.0,0.0,296.8222400392865,809.4342485871342
1668620655.4205368,2.735,0.008,0.002781,0.00059003,0.0,1.0,0.0,296.8222400392865,811.8088265074485
1668620715.2585292,2.734,-0.0009999999999998,0.00313182,0.0003508199999999,0.0,1.0,0.0,296.8222400392865,811.5120042674093
1668620775.132504,2.734,0.0,0.00312462,-7.200000000000175e-06,1.0,0.0,811.5120042674093,0.0,811.5120042674093
1668620835.1951053,2.739,0.0049999999999998,0.00373223,0.00060761,0.0,1.0,0.0,296.280395862508,811.5120042674093
1668620899.4280837,2.739,0.0,0.00447287,0.00074064,0.0,1.0,0.0,296.280395862508,811.5120042674093
1668620972.662356,2.737,-0.0019999999999997,0.00431333,-0.00015954,1.0,0.0,810.9194434756844,0.0,810.9194434756844
1668621015.6098852,2.734,-0.0030000000000001,0.00407401,-0.0002393199999999,1.0,0.0,810.9194434756844,0.0,810.9194434756844
1668621088.1881382,2.735,0.0009999999999998,0.00387247,-0.00020154,1.0,0.0,810.9194434756844,0.0,810.9194434756844
1668621138.0589807,2.735,0.0,0.00395906,8.659000000000054e-05,0.0,1.0,0.0,296.4970542872704,810.9194434756845
1668621196.6170332,2.731,-0.004,0.00322883,-0.00073023,1.0,0.0,809.7334552585354,0.0,809.7334552585354
1668621258.4348776,2.729,-0.0019999999999997,0.00306929,-0.0001595399999999,1.0,0.0,809.7334552585354,0.0,809.7334552585354
1668621318.1279514,2.731,0.0019999999999997,0.00274674,-0.00032255,1.0,0.0,809.7334552585354,0.0,809.7334552585354
1668621381.7906437,2.732,0.0010000000000003,0.00282651,7.976999999999984e-05,0.0,1.0,0.0,296.38852681498366,809.7334552585354
1668621439.295509,2.732,0.0,0.00282651,0.0,0.0,1.0,0.0,296.38852681498366,809.7334552585354
1668621499.4365046,2.732,0.0,0.00282651,0.0,0.0,1.0,0.0,296.38852681498366,809.7334552585354
1668621559.4136665,2.733,0.0009999999999998,0.00268386,-0.0001426499999999,1.0,0.0,810.0298437853504,0.0,810.0298437853504
1668621620.4015744,2.733,0.0,0.00254151,-0.00014235,1.0,0.0,810.0298437853504,0.0,810.0298437853504
1668621681.0630426,2.73,-0.0030000000000001,0.00216171,-0.0003798,1.0,0.0,810.0298437853504,0.0,810.0298437853504
1668621746.7181523,2.73,0.0,0.00216171,0.0,1.0,0.0,810.0298437853504,0.0,810.0298437853504
1668621801.0662353,2.736,0.0060000000000002,0.00231814,0.0001564299999999,0.0,1.0,0.0,296.0635393952304,810.0298437853504
1668621860.954762,2.736,0.0,0.00231814,0.0,0.0,1.0,0.0,296.0635393952304,810.0298437853504
1668621920.958039,2.735,-0.0010000000000003,0.00244391,0.00012577,0.0,1.0,0.0,296.0635393952304,809.7337802459551
1668621981.9662402,2.738,0.0030000000000001,0.00267768,0.0002337699999999,0.0,1.0,0.0,296.0635393952304,810.6219708641408
1668622041.8140662,2.738,0.0,0.00267768,0.0,0.0,1.0,0.0,296.0635393952304,810.6219708641408
1668622101.9879963,2.737,-0.0009999999999998,0.00272713,4.944999999999993e-05,0.0,1.0,0.0,296.0635393952304,810.3259073247457
1668622163.8125048,2.737,0.0,0.00272713,0.0,0.0,1.0,0.0,296.0635393952304,810.3259073247457
1668622222.744952,2.737,0.0,0.00266417,-6.295999999999993e-05,1.0,0.0,810.3259073247457,0.0,810.3259073247457
1668622282.5640478,2.742,0.0049999999999998,0.00338417,0.00072,0.0,1.0,0.0,295.52367152616546,810.3259073247457
1668622343.4659443,2.743,0.0009999999999998,0.00346395,7.977999999999978e-05,0.0,1.0,0.0,295.52367152616546,810.6214309962718
1668622403.3695242,2.743,0.0,0.00346395,0.0,0.0,1.0,0.0,295.52367152616546,810.6214309962718
1668622463.4552395,2.743,0.0,0.00361352,0.0001495699999999,0.0,1.0,0.0,295.52367152616546,810.6214309962718
1668622524.6560571,2.747,0.004,0.00400861,0.00039509,0.0,1.0,0.0,295.52367152616546,811.8035256823765
1668622584.4052913,2.743,-0.004,0.00386507,-0.00014354,1.0,0.0,810.6214309962718,0.0,810.6214309962718
1668622644.40821,2.744,0.0010000000000003,0.00413955,0.0002744799999999,0.0,1.0,0.0,295.4159733951428,810.6214309962718
1668622705.7873776,2.748,0.004,0.00445864,0.00031909,0.0,1.0,0.0,295.4159733951428,811.8030948898526
1668622764.688468,2.748,0.0,0.00445864,0.0,0.0,1.0,0.0,295.4159733951428,811.8030948898526
1668622824.4749775,2.744,-0.004,0.00420744,-0.0002512,1.0,0.0,810.621430996272,0.0,810.621430996272
1668622944.4421835,2.742,-0.0020000000000002,0.00355247,-0.0006549699999999,1.0,0.0,810.621430996272,0.0,810.621430996272
1668623020.8522654,2.744,0.0020000000000002,0.00340545,-0.0001470199999999,1.0,0.0,810.621430996272,0.0,810.621430996272
1668623064.447878,2.741,-0.0030000000000001,0.00282646,-0.00057899,1.0,0.0,810.621430996272,0.0,810.621430996272
1668623124.3528872,2.742,0.0009999999999998,0.00260698,-0.0002194799999999,1.0,0.0,810.621430996272,0.0,810.621430996272
1668623184.4537966,2.738,-0.004,0.00228789,-0.00031909,1.0,0.0,810.621430996272,0.0,810.621430996272
1668623244.3501956,2.741,0.0030000000000001,0.00201669,-0.0002712,1.0,0.0,810.621430996272,0.0,810.621430996272
1668623304.3576677,2.741,0.0,0.00178122,-0.0002354699999999,1.0,0.0,810.621430996272,0.0,810.621430996272
1668623364.3327763,2.742,0.0009999999999998,0.00186099,7.977000000000006e-05,0.0,1.0,0.0,295.63144821162365,810.621430996272
1668623424.2624602,2.744,0.0020000000000002,0.00186876,7.769999999999826e-06,0.0,1.0,0.0,295.63144821162365,811.2126938926954
1668623484.392493,2.74,-0.004,0.00152165,-0.0003471099999999,1.0,0.0,810.0301680998489,0.0,810.0301680998489
1668623544.295468,2.738,-0.0020000000000002,0.00136211,-0.00015954,1.0,0.0,810.0301680998489,0.0,810.0301680998489
1668623604.366393,2.738,0.0,0.00061565,-0.0007464599999999,1.0,0.0,810.0301680998489,0.0,810.0301680998489
1668623664.879193,2.735,-0.0030000000000001,-7.712e-05,-0.00069277,1.0,0.0,810.0301680998489,0.0,810.0301680998489
1668623724.571869,2.734,-0.0009999999999998,-0.00075765,-0.00068053,1.0,0.0,810.0301680998489,0.0,810.0301680998489
1668623784.1674118,2.73,-0.004,-0.00107674,-0.00031909,1.0,0.0,810.0301680998489,0.0,810.0301680998489
1668623844.5177972,2.73,0.0,-0.00107674,0.0,1.0,0.0,810.0301680998489,0.0,810.0301680998489
1668623904.2410192,2.726,-0.004,-0.002553,-0.00147626,1.0,0.0,810.0301680998489,0.0,810.0301680998489
1668623964.5270967,2.721,-0.0049999999999998,-0.00295186,-0.00039886,1.0,0.0,810.0301680998489,0.0,810.0301680998489
1668624024.4380908,2.728,0.0070000000000001,-0.00355259,-0.0006007299999999,1.0,0.0,810.0301680998489,0.0,810.0301680998489
1668624084.501646,2.728,0.0,-0.00343804,0.00011455,0.0,1.0,0.0,296.9318798019973,810.0301680998489
1668624144.9703968,2.726,-0.0020000000000002,-0.00377843,-0.00034039,1.0,0.0,809.4363043402446,0.0,809.4363043402446
1668624204.355863,2.728,0.0020000000000002,-0.00361888,0.00015955,0.0,1.0,0.0,296.7141878080075,809.4363043402445
1668624264.2539196,2.733,0.0049999999999998,-0.00313297,0.00048591,0.0,1.0,0.0,296.7141878080075,810.9198752792846
1668624324.3555644,2.732,-0.0009999999999998,-0.00321274,-7.976999999999984e-05,1.0,0.0,810.6231610914766,0.0,810.6231610914766
1668624384.677292,2.733,0.0009999999999998,-0.00277815,0.0004345899999999,0.0,1.0,0.0,296.60562059695445,810.6231610914765
1668624444.4839766,2.733,0.0,-0.00277815,0.0,0.0,1.0,0.0,296.60562059695445,810.6231610914765
1668624504.5611002,2.728,-0.0049999999999998,-0.00280486,-2.6710000000000105e-05,1.0,0.0,809.1401329884918,0.0,809.1401329884918
1668624564.362797,2.726,-0.0020000000000002,-0.00307655,-0.0002716899999999,1.0,0.0,809.1401329884918,0.0,809.1401329884918
1668624624.8335032,2.726,0.0,-0.00307655,0.0,1.0,0.0,809.1401329884918,0.0,809.1401329884918
1668624684.7647712,2.722,-0.004,-0.0037621,-0.00068555,1.0,0.0,809.1401329884918,0.0,809.1401329884918
1668624744.2765152,2.723,0.0009999999999998,-0.00368233,7.976999999999984e-05,0.0,1.0,0.0,297.15025082206824,809.1401329884918
1668624804.3590646,2.723,0.0,-0.00376111,-7.877999999999965e-05,1.0,0.0,809.1401329884918,0.0,809.1401329884918
1668624864.4352748,2.723,0.0,-0.00376111,0.0,1.0,0.0,809.1401329884918,0.0,809.1401329884918
1668624924.3201833,2.725,0.0020000000000002,-0.00362043,0.0001406799999999,0.0,1.0,0.0,296.93215889485936,809.1401329884918
1668624984.3525443,2.721,-0.004,-0.00391122,-0.0002907899999999,1.0,0.0,807.9524043529124,0.0,807.9524043529124
1668625044.3306243,2.723,0.0019999999999997,-0.00375167,0.00015955,0.0,1.0,0.0,296.7140669676505,807.9524043529124
1668625105.068059,2.723,0.0,-0.00375167,0.0,0.0,1.0,0.0,296.7140669676505,807.9524043529124
1668625164.3281927,2.723,0.0,-0.00375167,0.0,0.0,1.0,0.0,296.7140669676505,807.9524043529124
1668625224.5051384,2.723,0.0,-0.00375167,0.0,0.0,1.0,0.0,296.7140669676505,807.9524043529124
1668625284.4942248,2.723,0.0,-0.00368675,6.492e-05,0.0,1.0,0.0,296.7140669676505,807.9524043529124
1668625344.4630768,2.72,-0.0029999999999996,-0.00383318,-0.0001464299999999,1.0,0.0,807.0622621520095,0.0,807.0622621520095
1668625404.2220042,2.72,0.0,-0.00390422,-7.104000000000008e-05,1.0,0.0,807.0622621520095,0.0,807.0622621520095
1668625464.5055852,2.72,0.0,-0.00390422,0.0,1.0,0.0,807.0622621520095,0.0,807.0622621520095
1668625524.4607449,2.72,0.0,-0.00390422,0.0,1.0,0.0,807.0622621520095,0.0,807.0622621520095
1668625584.855698,2.711,-0.0090000000000003,-0.00527497,-0.00137075,1.0,0.0,807.0622621520095,0.0,807.0622621520095
1668625644.3524387,2.71,-0.0009999999999998,-0.00535474,-7.976999999999984e-05,1.0,0.0,807.0622621520095,0.0,807.0622621520095
1668625704.497362,2.716,0.0060000000000002,-0.00525528,9.946e-05,0.0,1.0,0.0,297.1510538114909,807.0622621520095
1668625764.3295815,2.715,-0.0010000000000003,-0.00515414,0.00010114,0.0,1.0,0.0,297.1510538114909,806.7651110981977
1668625824.3430126,2.714,-0.0009999999999998,-0.00526367,-0.00010953,1.0,0.0,806.4679600443862,0.0,806.4679600443862
1668625884.368653,2.71,-0.004,-0.00542109,-0.00015742,1.0,0.0,806.4679600443862,0.0,806.4679600443862
1668625944.3382194,2.706,-0.004,-0.00604809,-0.000627,1.0,0.0,806.4679600443862,0.0,806.4679600443862
1668626004.6326363,2.7,-0.0059999999999997,-0.00713018,-0.00108209,1.0,0.0,806.4679600443862,0.0,806.4679600443862
1668626065.0382457,2.703,0.0029999999999996,-0.00703513,9.505000000000016e-05,0.0,1.0,0.0,298.36032558060907,806.4679600443862
1668626124.4311943,2.703,0.0,-0.0070064,2.872999999999938e-05,0.0,1.0,0.0,298.36032558060907,806.4679600443862
1668626184.6619835,2.704,0.0010000000000003,-0.00692663,7.977000000000071e-05,0.0,1.0,0.0,298.36032558060907,806.7663203699669
1668626244.5331657,2.703,-0.0010000000000003,-0.00680928,0.0001173499999999,0.0,1.0,0.0,298.36032558060907,806.4679600443862
1668626304.4285738,2.704,0.0010000000000003,-0.00672951,7.976999999999984e-05,0.0,1.0,0.0,298.36032558060907,806.7663203699669
1668626364.5115333,2.711,0.0069999999999996,-0.00542192,0.00130759,0.0,1.0,0.0,298.36032558060907,808.8548426490312
1668626424.4266832,2.711,0.0,-0.00542192,0.0,0.0,1.0,0.0,298.36032558060907,808.8548426490312
1668626484.2975852,2.712,0.0010000000000003,-0.00472193,0.00069999,0.0,1.0,0.0,298.36032558060907,809.1532029746119
1668626544.4862792,2.715,0.0029999999999996,-0.00357243,0.0011495,0.0,1.0,0.0,298.36032558060907,810.0482839513536
1668626604.4280624,2.712,-0.0029999999999996,-0.00308784,0.00048459,0.0,1.0,0.0,298.36032558060907,809.1532029746119
1668626664.4548302,2.715,0.0029999999999996,-0.00248885,0.00059899,0.0,1.0,0.0,298.36032558060907,810.0482839513536
1668626724.744434,2.711,-0.004,-0.00231028,0.0001785699999999,0.0,1.0,0.0,298.36032558060907,808.8548426490312
1668626784.308695,2.711,0.0,-0.00231028,0.0,0.0,1.0,0.0,298.36032558060907,808.8548426490312
1668626844.5293684,2.717,0.0060000000000002,-0.00095642,0.00135386,0.0,1.0,0.0,298.36032558060907,810.6450046025149
1668626904.5050716,2.72,0.0030000000000001,-0.0007171,0.00023932,0.0,1.0,0.0,298.36032558060907,811.5400855792567
1668626964.5863893,2.713,-0.0070000000000001,-0.00071186,5.239999999999997e-06,0.0,1.0,0.0,298.36032558060907,809.4515633001924
1668627024.5030596,2.718,0.0049999999999998,-0.00030078,0.00041108,0.0,1.0,0.0,298.36032558060907,810.9433649280954
1668627085.505881,2.713,-0.0049999999999998,-0.00042735,-0.00012657,1.0,0.0,809.4515633001924,0.0,809.4515633001924
1668627144.5006738,2.713,0.0,-0.00042735,0.0,1.0,0.0,809.4515633001924,0.0,809.4515633001924
1668627204.5625377,2.714,0.0009999999999998,-0.00053114,-0.00010379,1.0,0.0,809.4515633001924,0.0,809.4515633001924
1668627264.672802,2.72,0.0060000000000002,-5.251e-05,0.00047863,0.0,1.0,0.0,297.5924865074237,809.4515633001926
1668627324.4412222,2.721,0.0009999999999998,0.00047539,0.0005279,0.0,1.0,0.0,297.5924865074237,809.7491557866999
1668627384.5817308,2.719,-0.0020000000000002,0.00091057,0.0004351799999999,0.0,1.0,0.0,297.5924865074237,809.153970813685
1668627444.5232933,2.721,0.0020000000000002,0.0012059,0.00029533,0.0,1.0,0.0,297.5924865074237,809.7491557866999
1668627504.6930833,2.72,-0.0009999999999998,0.00134376,0.00013786,0.0,1.0,0.0,297.5924865074237,809.4515633001926
1668627564.624513,2.726,0.0059999999999997,0.00222305,0.0008792899999999,0.0,1.0,0.0,297.5924865074237,811.237118219237
1668627624.632831,2.726,0.0,0.00222305,0.0,0.0,1.0,0.0,297.5924865074237,811.237118219237
1668627684.4077182,2.728,0.0020000000000002,0.00273366,0.00051061,0.0,1.0,0.0,297.5924865074237,811.832303192252
1668627744.484799,2.729,0.0009999999999998,0.00330551,0.0005718499999999,0.0,1.0,0.0,297.5924865074237,812.1298956787593
1668627804.695328,2.731,0.0019999999999997,0.00346505,0.00015954,0.0,1.0,0.0,297.5924865074237,812.7250806517741
1668627864.8111813,2.729,-0.0019999999999997,0.00330551,-0.00015954,1.0,0.0,812.1298956787593,0.0,812.1298956787593
1668627924.663098,2.729,0.0,0.00330551,0.0,1.0,0.0,812.1298956787593,0.0,812.1298956787593
1668627985.0193024,2.729,0.0,0.00330551,0.0,1.0,0.0,812.1298956787593,0.0,812.1298956787593
1668628044.7047002,2.729,0.0,0.00330551,0.0,1.0,0.0,812.1298956787593,0.0,812.1298956787593
1668628104.4913568,2.729,0.0,0.00330551,0.0,1.0,0.0,812.1298956787593,0.0,812.1298956787593
1668628164.593572,2.729,0.0,0.00330551,0.0,1.0,0.0,812.1298956787593,0.0,812.1298956787593
1668628224.4207456,2.726,-0.0030000000000001,0.00335155,4.604000000000023e-05,0.0,1.0,0.0,297.91999107804816,812.1298956787592
1668628284.4790282,2.726,0.0,0.00335155,0.0,0.0,1.0,0.0,297.91999107804816,812.1298956787592
1668628344.5884268,2.726,0.0,0.00335155,0.0,0.0,1.0,0.0,297.91999107804816,812.1298956787592
1668628404.5310342,2.727,0.0009999999999998,0.00342921,7.76599999999998e-05,0.0,1.0,0.0,297.91999107804816,812.4278156698373
1668628465.4806154,2.727,0.0,0.00345097,2.176000000000001e-05,0.0,1.0,0.0,297.91999107804816,812.4278156698373
1668628524.7370453,2.729,0.0020000000000002,0.00361051,0.00015954,0.0,1.0,0.0,297.91999107804816,813.0236556519934
1668628584.7522385,2.731,0.0019999999999997,0.00399414,0.00038363,0.0,1.0,0.0,297.91999107804816,813.6194956341495
1668628644.6754937,2.73,-0.0009999999999998,0.00391437,-7.976999999999984e-05,1.0,0.0,813.3215756430715,0.0,813.3215756430715
1668628704.7806003,2.73,0.0,0.00399107,7.669999999999986e-05,0.0,1.0,0.0,297.91999107804816,813.3215756430715
1668628764.7707582,2.73,0.0,0.00399107,0.0,0.0,1.0,0.0,297.91999107804816,813.3215756430715
1668628824.8968277,2.729,-0.0009999999999998,0.00387228,-0.00011879,1.0,0.0,813.0236556519934,0.0,813.0236556519934
1668628884.6561005,2.73,0.0009999999999998,0.00387644,4.160000000000014e-06,0.0,1.0,0.0,297.8108628761881,813.0236556519934
1668628945.1928875,2.729,-0.0009999999999998,0.00369325,-0.00018319,1.0,0.0,812.7258447891173,0.0,812.7258447891173
1668629004.588163,2.727,-0.0020000000000002,0.00353371,-0.00015954,1.0,0.0,812.7258447891173,0.0,812.7258447891173
1668629064.5777366,2.727,0.0,0.00322492,-0.0003087899999999,1.0,0.0,812.7258447891173,0.0,812.7258447891173
1668629124.615684,2.727,0.0,0.00322492,0.0,1.0,0.0,812.7258447891173,0.0,812.7258447891173
1668629184.9776826,2.727,0.0,0.00322492,0.0,1.0,0.0,812.7258447891173,0.0,812.7258447891173
1668629245.0211754,2.722,-0.0049999999999998,0.00254737,-0.0006775499999999,1.0,0.0,812.7258447891173,0.0,812.7258447891173
1668629304.561144,2.72,-0.0019999999999997,0.00182796,-0.00071941,1.0,0.0,812.7258447891173,0.0,812.7258447891173
1668629364.634019,2.72,0.0,0.00182796,0.0,1.0,0.0,812.7258447891173,0.0,812.7258447891173
1668629425.1246772,2.72,0.0,0.00124349,-0.0005844699999999,1.0,0.0,812.7258447891173,0.0,812.7258447891173
1668629484.7154677,2.719,-0.0010000000000003,0.00069162,-0.00055187,1.0,0.0,812.7258447891173,0.0,812.7258447891173
1668629544.5537796,2.719,0.0,0.00069162,0.0,1.0,0.0,812.7258447891173,0.0,812.7258447891173
1668629604.7856617,2.722,0.0030000000000001,0.00049069,-0.00020093,1.0,0.0,812.7258447891173,0.0,812.7258447891173
1668629664.8430574,2.722,0.0,0.00032767,-0.00016302,1.0,0.0,812.7258447891173,0.0,812.7258447891173
1668629724.6028695,2.722,0.0,0.00032767,0.0,1.0,0.0,812.7258447891173,0.0,812.7258447891173
1668629784.7033806,2.723,0.0009999999999998,0.00027598,-5.1690000000000015e-05,1.0,0.0,812.7258447891173,0.0,812.7258447891173
1668629844.6994388,2.723,0.0,0.0001955,-8.047999999999999e-05,1.0,0.0,812.7258447891173,0.0,812.7258447891173
1668629905.3693402,2.72,-0.0029999999999996,-4.381e-05,-0.00023931,1.0,0.0,812.7258447891173,0.0,812.7258447891173
1668629964.7499588,2.72,0.0,-0.00025967,-0.0002158599999999,1.0,0.0,812.7258447891173,0.0,812.7258447891173
1668630024.635433,2.719,-0.0010000000000003,-0.00033945,-7.978e-05,1.0,0.0,812.7258447891173,0.0,812.7258447891173
1668630084.713622,2.722,0.0030000000000001,-0.00032788,1.1569999999999972e-05,0.0,1.0,0.0,298.57672475720693,812.7258447891172
1668630144.7308412,2.723,0.0009999999999998,-0.00024811,7.977e-05,0.0,1.0,0.0,298.57672475720693,813.0244215138745
1668630204.6236038,2.719,-0.004,-0.00049281,-0.0002447,1.0,0.0,811.8301146148456,0.0,811.8301146148456
1668630264.736671,2.719,0.0,-0.00067891,-0.0001861,1.0,0.0,811.8301146148456,0.0,811.8301146148456
1668630324.8691535,2.719,0.0,-0.00067891,0.0,1.0,0.0,811.8301146148456,0.0,811.8301146148456
1668630384.7368743,2.719,0.0,-0.00067891,0.0,1.0,0.0,811.8301146148456,0.0,811.8301146148456
1668630444.7545917,2.719,0.0,-0.00067891,0.0,1.0,0.0,811.8301146148456,0.0,811.8301146148456
1668630504.5291414,2.727,0.008,-9.29e-05,0.00058601,0.0,1.0,0.0,297.70081210665404,811.8301146148456
1668630564.7134984,2.728,0.0010000000000003,0.00042933,0.00052223,0.0,1.0,0.0,297.70081210665404,812.1278154269523
1668630624.7643623,2.728,0.0,0.00042933,0.0,0.0,1.0,0.0,297.70081210665404,812.1278154269523
1668630684.7227118,2.732,0.004,0.00153392,0.00110459,0.0,1.0,0.0,297.70081210665404,813.318618675379
1668630744.6751482,2.732,0.0,0.00153392,0.0,0.0,1.0,0.0,297.70081210665404,813.318618675379
1668630804.9902618,2.731,-0.0010000000000003,0.00219412,0.0006601999999999,0.0,1.0,0.0,297.70081210665404,813.0209178632722
1668630864.828129,2.726,-0.0049999999999998,0.00179526,-0.00039886,1.0,0.0,811.5324138027389,0.0,811.5324138027389
1668630924.7461016,2.725,-0.0009999999999998,0.00171548,-7.978e-05,1.0,0.0,811.5324138027389,0.0,811.5324138027389
1668630984.7717445,2.73,0.0049999999999998,0.00186689,0.00015141,0.0,1.0,0.0,297.2646204405637,811.5324138027389
1668631044.7359776,2.731,0.0009999999999998,0.00204402,0.00017713,0.0,1.0,0.0,297.2646204405637,811.8296784231794
1668631104.800039,2.731,0.0,0.00204402,0.0,0.0,1.0,0.0,297.2646204405637,811.8296784231794
1668631164.6383674,2.731,0.0,0.00215949,0.0001154699999999,0.0,1.0,0.0,297.2646204405637,811.8296784231794
1668631224.7246735,2.731,0.0,0.00215949,0.0,0.0,1.0,0.0,297.2646204405637,811.8296784231794
1668631285.6433945,2.731,0.0,0.00222536,6.586999999999999e-05,0.0,1.0,0.0,297.2646204405637,811.8296784231794
1668631344.7619612,2.731,0.0,0.00222536,0.0,0.0,1.0,0.0,297.2646204405637,811.8296784231794
1668631404.535637,2.731,0.0,0.00222536,0.0,0.0,1.0,0.0,297.2646204405637,811.8296784231794
1668631464.8129897,2.735,0.004,0.00257069,0.00034533,0.0,1.0,0.0,297.2646204405637,813.0187369049416
1668631524.5693736,2.735,0.0,0.00257069,0.0,0.0,1.0,0.0,297.2646204405637,813.0187369049416
1668631584.7352886,2.726,-0.0089999999999998,0.00169667,-0.00087402,1.0,0.0,810.3433553209767,0.0,810.3433553209767
1668631644.8009856,2.726,0.0,0.00169667,0.0,1.0,0.0,810.3433553209767,0.0,810.3433553209767
1668631704.8919098,2.73,0.004,0.00168512,-1.1549999999999928e-05,1.0,0.0,810.3433553209767,0.0,810.3433553209767
1668631765.9175453,2.734,0.004,0.00235293,0.00066781,0.0,1.0,0.0,296.39478980284446,810.3433553209768
1668631824.5640812,2.74,0.0060000000000002,0.00292132,0.0005683899999999,0.0,1.0,0.0,296.39478980284446,812.1217240597939
1668631884.7540882,2.74,0.0,0.00292132,0.0,0.0,1.0,0.0,296.39478980284446,812.1217240597939
1668631944.7254338,2.74,0.0,0.00333335,0.00041203,0.0,1.0,0.0,296.39478980284446,812.1217240597939
1668632004.6948254,2.74,0.0,0.00333335,0.0,0.0,1.0,0.0,296.39478980284446,812.1217240597939
1668632064.7078097,2.74,0.0,0.00333335,0.0,0.0,1.0,0.0,296.39478980284446,812.1217240597939
1668632124.4896991,2.74,0.0,0.00333335,0.0,0.0,1.0,0.0,296.39478980284446,812.1217240597939
1668632184.6877804,2.738,-0.0020000000000002,0.00345864,0.0001252899999999,0.0,1.0,0.0,296.39478980284446,811.5289344801881
1668632245.5269313,2.738,0.0,0.00345864,0.0,0.0,1.0,0.0,296.39478980284446,811.5289344801881
1668632304.786722,2.737,-0.0009999999999998,0.00343761,-2.1030000000000007e-05,1.0,0.0,811.2325396903854,0.0,811.2325396903854
1668632364.783271,2.738,0.0009999999999998,0.00356436,0.00012675,0.0,1.0,0.0,296.2865375056192,811.2325396903854
1668632424.6871912,2.738,0.0,0.00356436,0.0,0.0,1.0,0.0,296.2865375056192,811.2325396903854
1668632484.711444,2.738,0.0,0.00356436,0.0,0.0,1.0,0.0,296.2865375056192,811.2325396903854
1668632544.871263,2.738,0.0,0.00356436,0.0,0.0,1.0,0.0,296.2865375056192,811.2325396903854
1668632664.793049,2.738,0.0,0.00355751,-6.850000000000085e-06,1.0,0.0,811.2325396903854,0.0,811.2325396903854
1668632904.6608286,2.739,0.0009999999999998,0.00342065,-0.0001368599999999,1.0,0.0,811.2325396903854,0.0,811.2325396903854
1668633024.7513568,2.737,-0.0019999999999997,0.00259159,-0.00082906,1.0,0.0,811.2325396903854,0.0,811.2325396903854
1668633566.0939448,2.734,-0.0030000000000001,0.00126652,-0.00132507,1.0,0.0,811.2325396903854,0.0,811.2325396903854
1668633626.142261,2.725,-0.0089999999999998,0.00018312,-0.0010834,1.0,0.0,811.2325396903854,0.0,811.2325396903854
1668633686.2278447,2.732,0.0070000000000001,0.00026107,7.795000000000002e-05,0.0,1.0,0.0,296.9372400038014,811.2325396903855
1668633746.881903,2.738,0.0059999999999997,0.00356436,0.00330329,0.0,1.0,0.0,296.9372400038014,813.0141631304082
1668633806.8388731,2.732,-0.0059999999999997,-0.0001781,-0.00374246,1.0,0.0,811.2325396903855,0.0,811.2325396903855
1668633867.2021298,2.732,0.0,-0.0001781,0.0,1.0,0.0,811.2325396903855,0.0,811.2325396903855
1668633927.8677864,2.745,0.0129999999999999,0.00303688,0.00321498,0.0,1.0,0.0,295.53097985077795,811.2325396903855
1668633987.9802814,2.732,-0.0129999999999999,-0.0001781,-0.00321498,1.0,0.0,807.3906369523254,0.0,807.3906369523254
1668634047.7770882,2.728,-0.004,-0.00065174,-0.00047364,1.0,0.0,807.3906369523254,0.0,807.3906369523254
1668634108.844091,2.73,0.0019999999999997,-0.0004922,0.00015954,0.0,1.0,0.0,295.74748606312284,807.3906369523253
1668634168.8267803,2.73,0.0,-0.0004922,0.0,0.0,1.0,0.0,295.74748606312284,807.3906369523253
1668634228.676762,2.729,-0.0009999999999998,-0.00081245,-0.00032025,1.0,0.0,807.0948894662622,0.0,807.0948894662622
1668634289.7644577,2.729,0.0,-0.00081245,0.0,1.0,0.0,807.0948894662622,0.0,807.0948894662622
1668634349.5177438,2.73,0.0009999999999998,-0.00097433,-0.00016188,1.0,0.0,807.0948894662622,0.0,807.0948894662622
1668634409.6758437,2.729,-0.0009999999999998,-0.0010541,-7.977000000000006e-05,1.0,0.0,807.0948894662622,0.0,807.0948894662622
1668634471.4845192,2.729,0.0,-0.0010541,0.0,1.0,0.0,807.0948894662622,0.0,807.0948894662622
1668634531.6539502,2.729,0.0,-0.0010541,0.0,1.0,0.0,807.0948894662622,0.0,807.0948894662622
1668634591.4334383,2.729,0.0,-0.00123141,-0.0001773099999999,1.0,0.0,807.0948894662622,0.0,807.0948894662622
1668634652.2839055,2.731,0.0019999999999997,-0.00119676,3.465e-05,0.0,1.0,0.0,295.5309005735123,807.0948894662621
1668634711.8686318,2.732,0.0010000000000003,-0.00107619,0.0001205699999999,0.0,1.0,0.0,295.5309005735123,807.3904203668358
1668634771.7646296,2.732,0.0,-0.00107619,0.0,0.0,1.0,0.0,295.5309005735123,807.3904203668358
1668634832.986556,2.733,0.0009999999999998,-0.0008897,0.00018649,0.0,1.0,0.0,295.5309005735123,807.6859512674092
1668634892.8222077,2.733,0.0,-0.0008897,0.0,0.0,1.0,0.0,295.5309005735123,807.6859512674092
1668634952.7877884,2.731,-0.0020000000000002,-0.00107016,-0.0001804599999999,1.0,0.0,807.0948894662621,0.0,807.0948894662621
1668635013.5708616,2.729,-0.0019999999999997,-0.00122971,-0.00015955,1.0,0.0,807.0948894662621,0.0,807.0948894662621
1668635073.711331,2.729,0.0,-0.00122971,0.0,1.0,0.0,807.0948894662621,0.0,807.0948894662621
1668635133.7889116,2.729,0.0,-0.00122971,0.0,1.0,0.0,807.0948894662621,0.0,807.0948894662621
1668635194.7405288,2.729,0.0,-0.00122971,0.0,1.0,0.0,807.0948894662621,0.0,807.0948894662621
1668635254.7135298,2.729,0.0,-0.00122971,0.0,1.0,0.0,807.0948894662621,0.0,807.0948894662621
1668635315.2964995,2.729,0.0,-0.00122971,0.0,1.0,0.0,807.0948894662621,0.0,807.0948894662621
1668635375.44038,2.723,-0.0060000000000002,-0.00177064,-0.00054093,1.0,0.0,807.0948894662621,0.0,807.0948894662621
1668635435.5042725,2.721,-0.0019999999999997,-0.00233381,-0.00056317,1.0,0.0,807.0948894662621,0.0,807.0948894662621
1668635495.593123,2.723,0.0019999999999997,-0.00265049,-0.00031668,1.0,0.0,807.0948894662621,0.0,807.0948894662621
1668635556.2423012,2.723,0.0,-0.0028059,-0.0001554099999999,1.0,0.0,807.0948894662621,0.0,807.0948894662621
1668635616.4125943,2.722,-0.0009999999999998,-0.00288567,-7.976999999999984e-05,1.0,0.0,807.0948894662621,0.0,807.0948894662621
1668635676.2328691,2.723,0.0009999999999998,-0.00295727,-7.160000000000022e-05,1.0,0.0,807.0948894662621,0.0,807.0948894662621
1668635737.2962327,2.722,-0.0009999999999998,-0.00305944,-0.0001021699999999,1.0,0.0,807.0948894662621,0.0,807.0948894662621
1668635797.198098,2.722,0.0,-0.00305944,0.0,1.0,0.0,807.0948894662621,0.0,807.0948894662621
1668635857.7932348,2.728,0.0060000000000002,-0.00262601,0.00043343,0.0,1.0,0.0,295.8558978981899,807.0948894662621
1668635918.0418468,2.728,0.0,-0.0022211,0.0004049099999999,0.0,1.0,0.0,295.8558978981899,807.0948894662621
1668635978.105758,2.728,0.0,-0.00187855,0.00034255,0.0,1.0,0.0,295.8558978981899,807.0948894662621
1668636038.0210743,2.728,0.0,-0.00158876,0.00028979,0.0,1.0,0.0,295.8558978981899,807.0948894662621
1668636098.8517857,2.728,0.0,-0.00158876,0.0,0.0,1.0,0.0,295.8558978981899,807.0948894662621
1668636158.963169,2.728,0.0,-0.00134362,0.00024514,0.0,1.0,0.0,295.8558978981899,807.0948894662621
1668636218.7635295,2.728,0.0,-0.00134362,0.0,0.0,1.0,0.0,295.8558978981899,807.0948894662621
1668636280.019603,2.728,0.0,-0.00134362,0.0,0.0,1.0,0.0,295.8558978981899,807.0948894662621
1668636339.8882256,2.726,-0.0020000000000002,-0.00129578,4.783999999999995e-05,0.0,1.0,0.0,295.8558978981899,806.5031776704656
1668636400.6366937,2.72,-0.0059999999999997,-0.00177442,-0.00047864,1.0,0.0,804.7280422830765,0.0,804.7280422830765
1668636460.482756,2.728,0.008,-0.00141699,0.00035743,0.0,1.0,0.0,294.9882852943829,804.7280422830765
1668636520.7044787,2.729,0.0009999999999998,-0.00105668,0.0003603099999999,0.0,1.0,0.0,294.9882852943829,805.0230305683709
1668636580.6347778,2.731,0.0019999999999997,-0.00089714,0.0001595399999999,0.0,1.0,0.0,294.9882852943829,805.6130071389596
1668636641.3994818,2.731,0.0,-0.00089714,0.0,0.0,1.0,0.0,294.9882852943829,805.6130071389596
1668636701.407609,2.731,0.0,-0.00089714,0.0,0.0,1.0,0.0,294.9882852943829,805.6130071389596
1668636761.5019488,2.731,0.0,-0.00089714,0.0,0.0,1.0,0.0,294.9882852943829,805.6130071389596
1668636822.2314837,2.729,-0.0019999999999997,-0.00063917,0.00025797,0.0,1.0,0.0,294.9882852943829,805.0230305683709
1668636883.050422,2.73,0.0009999999999998,-0.00055939,7.978e-05,0.0,1.0,0.0,294.9882852943829,805.3180188536652
1668636942.3053198,2.73,0.0,-0.00055939,0.0,0.0,1.0,0.0,294.9882852943829,805.3180188536652
1668637003.2417326,2.73,0.0,-0.00055939,0.0,0.0,1.0,0.0,294.9882852943829,805.3180188536652
1668637063.3543012,2.727,-0.0030000000000001,-0.00052772,3.167000000000003e-05,0.0,1.0,0.0,294.9882852943829,804.433053997782
1668637123.204345,2.727,0.0,-0.00052772,0.0,0.0,1.0,0.0,294.9882852943829,804.433053997782
1668637183.8426583,2.727,0.0,-0.00049689,3.082999999999992e-05,0.0,1.0,0.0,294.9882852943829,804.433053997782
1668637244.2015913,2.727,0.0,-0.00049689,0.0,0.0,1.0,0.0,294.9882852943829,804.433053997782
1668637304.0887709,2.727,0.0,-0.00049689,0.0,0.0,1.0,0.0,294.9882852943829,804.433053997782
1668637364.9821172,2.717,-0.0099999999999997,-0.0012977,-0.0008008099999999,1.0,0.0,801.4831711448383,0.0,801.4831711448383
1668637424.7066894,2.717,0.0,-0.0012977,0.0,1.0,0.0,801.4831711448383,0.0,801.4831711448383
1668637484.8640218,2.72,0.0030000000000001,-0.00175191,-0.00045421,1.0,0.0,801.4831711448383,0.0,801.4831711448383
1668637545.57802,2.716,-0.004,-0.00251645,-0.00076454,1.0,0.0,801.4831711448383,0.0,801.4831711448383
1668637605.6319685,2.716,0.0,-0.00251645,0.0,1.0,0.0,801.4831711448383,0.0,801.4831711448383
1668637665.7119188,2.716,0.0,-0.00251645,0.0,1.0,0.0,801.4831711448383,0.0,801.4831711448383
1668637726.4411943,2.717,0.0009999999999998,-0.00275699,-0.00024054,1.0,0.0,801.4831711448383,0.0,801.4831711448383
1668637786.5738032,2.718,0.0009999999999998,-0.00283426,-7.726999999999994e-05,1.0,0.0,801.4831711448383,0.0,801.4831711448383
1668637846.4568875,2.715,-0.0030000000000001,-0.00307358,-0.0002393199999999,1.0,0.0,801.4831711448383,0.0,801.4831711448383
1668637907.185305,2.715,0.0,-0.00307358,0.0,1.0,0.0,801.4831711448383,0.0,801.4831711448383
1668637967.4273727,2.715,0.0,-0.00307358,0.0,1.0,0.0,801.4831711448383,0.0,801.4831711448383
1668638027.2723987,2.715,0.0,-0.00328659,-0.00021301,1.0,0.0,801.4831711448383,0.0,801.4831711448383
1668638088.3768485,2.715,0.0,-0.00328659,0.0,1.0,0.0,801.4831711448383,0.0,801.4831711448383
1668638148.2683702,2.715,0.0,-0.00328659,0.0,1.0,0.0,801.4831711448383,0.0,801.4831711448383
1668638208.4201171,2.715,0.0,-0.00328659,0.0,1.0,0.0,801.4831711448383,0.0,801.4831711448383
1668638269.098802,2.717,0.0020000000000002,-0.00325648,3.010999999999986e-05,0.0,1.0,0.0,294.9882852943829,801.4831711448383
1668638329.1843717,2.72,0.0030000000000001,-0.00301716,0.0002393199999999,0.0,1.0,0.0,294.9882852943829,802.3681360007215
1668638389.0235753,2.72,0.0,-0.00301716,0.0,0.0,1.0,0.0,294.9882852943829,802.3681360007215
1668638449.9537268,2.72,0.0,-0.00301716,0.0,0.0,1.0,0.0,294.9882852943829,802.3681360007215
1668638510.0180874,2.72,0.0,-0.00301716,0.0,0.0,1.0,0.0,294.9882852943829,802.3681360007215
1668638570.1754825,2.72,0.0,-0.00301716,0.0,0.0,1.0,0.0,294.9882852943829,802.3681360007215
1668638630.719851,2.72,0.0,-0.00301716,0.0,0.0,1.0,0.0,294.9882852943829,802.3681360007215
1668638690.6432743,2.72,0.0,-0.00301716,0.0,0.0,1.0,0.0,294.9882852943829,802.3681360007215
1668638750.608076,2.72,0.0,-0.00301716,0.0,0.0,1.0,0.0,294.9882852943829,802.3681360007215
1668638811.7102838,2.72,0.0,-0.00301716,0.0,0.0,1.0,0.0,294.9882852943829,802.3681360007215
1668638871.821192,2.72,0.0,-0.00301716,0.0,0.0,1.0,0.0,294.9882852943829,802.3681360007215
1668638931.7072573,2.716,-0.004,-0.00309078,-7.361999999999994e-05,1.0,0.0,801.188182859544,0.0,801.188182859544
1668638992.6966372,2.72,0.004,-0.00260937,0.0004814099999999,0.0,1.0,0.0,294.5544789924794,801.188182859544
1668639052.480366,2.72,0.0,-0.00260937,0.0,0.0,1.0,0.0,294.5544789924794,801.188182859544
1668639112.711224,2.725,0.0049999999999998,-0.00199111,0.00061826,0.0,1.0,0.0,294.5544789924794,802.6609552545063
1668639173.3973906,2.725,0.0,-0.00148402,0.00050709,0.0,1.0,0.0,294.5544789924794,802.6609552545063
1668639233.432881,2.735,0.0099999999999997,-8.732e-05,0.0013966999999999,0.0,1.0,0.0,294.5544789924794,805.6065000444312
1668639293.8132615,2.734,-0.0009999999999998,0.00067909,0.00076641,0.0,1.0,0.0,294.5544789924794,805.3119455654387
1668639354.413296,2.733,-0.0009999999999998,0.00131613,0.00063704,0.0,1.0,0.0,294.5544789924794,805.0173910864462
1668639414.3556974,2.733,0.0,0.00198411,0.0006679799999999,0.0,1.0,0.0,294.5544789924794,805.0173910864462
1668639474.956341,2.738,0.0049999999999998,0.0026337,0.00064959,0.0,1.0,0.0,294.5544789924794,806.4901634814086
1668639535.2001932,2.738,0.0,0.00311262,0.0004789199999999,0.0,1.0,0.0,294.5544789924794,806.4901634814086
1668639595.3063354,2.743,0.0049999999999998,0.00391283,0.00080021,0.0,1.0,0.0,294.5544789924794,807.9629358763709
1668639655.1347315,2.765,0.0220000000000002,0.00711152,0.0031986899999999,0.0,1.0,0.0,294.5544789924794,814.4431344142056
1668639716.0971968,2.774,0.0089999999999998,0.00968658,0.00257506,0.0,1.0,0.0,294.5544789924794,817.0941247251378
1668639776.1225977,2.774,0.0,0.01128027,0.00159369,0.0,1.0,0.0,294.5544789924794,817.0941247251378
1668639835.9550471,2.78,0.0059999999999997,0.01281648,0.0015362099999999,0.0,1.0,0.0,294.5544789924794,818.8614515990927
1668639897.050623,2.774,-0.0059999999999997,0.0132106,0.0003941199999999,0.0,1.0,0.0,294.5544789924794,817.0941247251378
1668639957.0007465,2.762,-0.012,0.01235271,-0.00085789,1.0,0.0,813.5594709772281,0.0,813.5594709772281
1668640017.4768798,2.769,0.0070000000000001,0.01240979,5.708000000000102e-05,0.0,1.0,0.0,293.8098486736107,813.5594709772281
1668640077.8093648,2.775,0.0059999999999997,0.01266764,0.00025785,0.0,1.0,0.0,293.8098486736107,815.3223300692697
1668640137.7099526,2.771,-0.004,0.0124687,-0.00019894,1.0,0.0,814.1470906745752,0.0,814.1470906745752
1668640197.8258407,2.771,0.0,0.01223234,-0.0002363599999999,1.0,0.0,814.1470906745752,0.0,814.1470906745752
1668640258.720667,2.771,0.0,0.01184525,-0.0003870899999999,1.0,0.0,814.1470906745752,0.0,814.1470906745752
1668640318.4146369,2.759,-0.012,0.009957,-0.0018882499999999,1.0,0.0,814.1470906745752,0.0,814.1470906745752
1668640378.5924902,2.764,0.0049999999999998,0.00950936,-0.00044764,1.0,0.0,814.1470906745752,0.0,814.1470906745752
1668640439.242634,2.758,-0.0059999999999997,0.00826004,-0.00124932,1.0,0.0,814.1470906745752,0.0,814.1470906745752
1668640499.3591833,2.761,0.0030000000000001,0.00748892,-0.00077112,1.0,0.0,814.1470906745752,0.0,814.1470906745752
1668640560.3312705,2.761,0.0,0.0069226,-0.0005663199999999,1.0,0.0,814.1470906745752,0.0,814.1470906745752
1668640620.480649,2.76,-0.0010000000000003,0.00619525,-0.0007273499999999,1.0,0.0,814.1470906745752,0.0,814.1470906745752
1668640680.2304013,2.752,-0.008,0.00460865,-0.0015866,1.0,0.0,814.1470906745752,0.0,814.1470906745752
1668640740.4027088,2.75,-0.0019999999999997,0.00340443,-0.0012042199999999,1.0,0.0,814.1470906745752,0.0,814.1470906745752
1668640800.959974,2.752,0.0019999999999997,0.00356398,0.00015955,0.0,1.0,0.0,295.83833236721483,814.1470906745751
1668640860.8867238,2.763,0.0110000000000001,0.00342036,-0.00014362,1.0,0.0,817.4013123306146,0.0,817.4013123306146
1668640921.0078115,2.76,-0.0030000000000001,0.00303139,-0.0003889699999999,1.0,0.0,817.4013123306146,0.0,817.4013123306146
1668640981.787356,2.764,0.004,0.00319869,0.0001673,0.0,1.0,0.0,295.7312996854612,817.4013123306146
1668641042.3434837,2.758,-0.0059999999999997,0.00256831,-0.00063038,1.0,0.0,815.6269245325019,0.0,815.6269245325019
1668641101.63613,2.761,0.0030000000000001,0.00253447,-3.3839999999999825e-05,1.0,0.0,815.6269245325019,0.0,815.6269245325019
1668641162.6731727,2.767,0.0059999999999997,0.0030193,0.0004848299999999,0.0,1.0,0.0,294.7693980963144,815.6269245325019
1668641222.9362338,2.766,-0.0009999999999998,0.0030377,1.8400000000000014e-05,0.0,1.0,0.0,294.7693980963144,815.3321551344055
1668641282.5599203,2.771,0.0049999999999998,0.00360386,0.00056616,0.0,1.0,0.0,294.7693980963144,816.8060021248871
1668641343.5870855,2.773,0.0020000000000002,0.0041659,0.00056204,0.0,1.0,0.0,294.7693980963144,817.3955409210798
1668641403.4313684,2.773,0.0,0.00443559,0.0002696899999999,0.0,1.0,0.0,294.7693980963144,817.3955409210798
1668641463.319519,2.768,-0.0050000000000003,0.00432248,-0.0001131099999999,1.0,0.0,815.9216939305982,0.0,815.9216939305982
1668641524.5387886,2.768,0.0,0.00432248,0.0,1.0,0.0,815.9216939305982,0.0,815.9216939305982
1668641584.7081196,2.773,0.0050000000000003,0.00458346,0.00026098,0.0,1.0,0.0,294.23789900129754,815.921693930598
1668641644.313291,2.773,0.0,0.00458346,0.0,0.0,1.0,0.0,294.23789900129754,815.921693930598
1668641705.064464,2.769,-0.004,0.00441661,-0.00016685,1.0,0.0,814.744742334593,0.0,814.744742334593
1668641765.462767,2.77,0.0009999999999998,0.00431533,-0.0001012799999999,1.0,0.0,814.744742334593,0.0,814.744742334593
1668641824.9708796,2.764,-0.0060000000000002,0.00364658,-0.00066875,1.0,0.0,814.744742334593,0.0,814.744742334593
1668641885.9393113,2.764,0.0,0.00364658,0.0,1.0,0.0,814.744742334593,0.0,814.744742334593
1668641945.9227092,2.764,0.0,0.00314357,-0.0005030099999999,1.0,0.0,814.744742334593,0.0,814.744742334593
1668642005.9711127,2.766,0.0020000000000002,0.00305797,-8.559999999999991e-05,1.0,0.0,814.744742334593,0.0,814.744742334593
1668642066.6608117,2.766,0.0,0.00305797,0.0,1.0,0.0,814.744742334593,0.0,814.744742334593
1668642127.1447277,2.766,0.0,0.00305797,0.0,1.0,0.0,814.744742334593,0.0,814.744742334593
1668642186.6490984,2.759,-0.0070000000000001,0.00221015,-0.00084782,1.0,0.0,814.744742334593,0.0,814.744742334593
1668642247.992598,2.759,0.0,0.00152072,-0.00068943,1.0,0.0,814.744742334593,0.0,814.744742334593
1668642308.0283303,2.759,0.0,0.00152072,0.0,1.0,0.0,814.744742334593,0.0,814.744742334593
1668642368.0444329,2.76,0.0009999999999998,0.001043,-0.0004777199999999,1.0,0.0,814.744742334593,0.0,814.744742334593
1668642428.6691878,2.755,-0.0049999999999998,0.0001348,-0.0009082,1.0,0.0,814.744742334593,0.0,814.744742334593
1668642488.6916544,2.752,-0.0030000000000001,-0.00069261,-0.00082741,1.0,0.0,814.744742334593,0.0,814.744742334593
1668642549.108209,2.751,-0.0009999999999998,-0.00077238,-7.977000000000006e-05,1.0,0.0,814.744742334593,0.0,814.744742334593
1668642609.5836558,2.751,0.0,-0.00077238,0.0,1.0,0.0,814.744742334593,0.0,814.744742334593
1668642669.4715912,2.75,-0.0009999999999998,-0.00155411,-0.00078173,1.0,0.0,814.744742334593,0.0,814.744742334593
1668642729.9107063,2.756,0.0059999999999997,-0.00107547,0.00047864,0.0,1.0,0.0,295.6258136192282,814.7447423345928
1668642790.24512,2.759,0.0030000000000001,-0.00106137,1.4099999999999963e-05,0.0,1.0,0.0,295.6258136192282,815.6316197754506
1668642850.609264,2.759,0.0,-0.00106137,0.0,0.0,1.0,0.0,295.6258136192282,815.6316197754506
1668642910.5591395,2.759,0.0,-0.00106137,0.0,0.0,1.0,0.0,295.6258136192282,815.6316197754506
1668642971.426081,2.752,-0.0070000000000001,-0.00181302,-0.00075165,1.0,0.0,813.562239080116,0.0,813.562239080116
1668643031.204474,2.753,0.0010000000000003,-0.00173324,7.978e-05,0.0,1.0,0.0,295.51843046862183,813.5622390801159
1668643091.3157945,2.757,0.004,-0.00181976,-8.651999999999987e-05,1.0,0.0,814.7443128019904,0.0,814.7443128019904
1668643152.6423209,2.755,-0.0020000000000002,-0.00199674,-0.0001769799999999,1.0,0.0,814.7443128019904,0.0,814.7443128019904
1668643212.20534,2.755,0.0,-0.00199674,0.0,1.0,0.0,814.7443128019904,0.0,814.7443128019904
1668643272.2427995,2.758,0.0030000000000001,-0.00174832,0.0002484199999999,0.0,1.0,0.0,295.4112809289305,814.7443128019904
1668643332.9154162,2.755,-0.0030000000000001,-0.00183388,-8.555999999999993e-05,1.0,0.0,813.8580789592036,0.0,813.8580789592036
1668643392.9506814,2.756,0.0009999999999998,-0.00175411,7.977000000000006e-05,0.0,1.0,0.0,295.3040925105964,813.8580789592036
1668643452.938078,2.758,0.0020000000000002,-0.0014972,0.0002569099999999,0.0,1.0,0.0,295.3040925105964,814.4486871442248
1668643514.0153682,2.767,0.0089999999999998,-0.00025296,0.00124424,0.0,1.0,0.0,295.3040925105964,817.1064239768201
1668643574.1230795,2.764,-0.0030000000000001,-0.00049228,-0.00023932,1.0,0.0,816.2205116992883,0.0,816.2205116992883
1668643633.8234456,2.764,0.0,-0.00049228,0.0,1.0,0.0,816.2205116992883,0.0,816.2205116992883
1668643694.6835082,2.764,0.0,-0.00049228,0.0,1.0,0.0,816.2205116992883,0.0,816.2205116992883
1668643754.5825195,2.764,0.0,-1.183e-05,0.00048045,0.0,1.0,0.0,295.3040925105964,816.2205116992883
1668643814.7808058,2.766,0.0020000000000002,0.00014772,0.00015955,0.0,1.0,0.0,295.3040925105964,816.8111198843096
1668643875.4273002,2.761,-0.0049999999999998,0.00024859,0.0001008699999999,0.0,1.0,0.0,295.3040925105964,815.3345994217566
1668643935.580286,2.759,-0.0020000000000002,0.00016525,-8.333999999999997e-05,1.0,0.0,814.7439912367354,0.0,814.7439912367354
1668643995.2195165,2.762,0.0030000000000001,0.00040456,0.0002393099999999,0.0,1.0,0.0,294.983342229086,814.7439912367354
1668644056.3298025,2.762,0.0,0.00040456,0.0,0.0,1.0,0.0,294.983342229086,814.7439912367356
1668644116.458465,2.767,0.0049999999999998,0.00092101,0.00051645,0.0,1.0,0.0,294.983342229086,816.218907947881
1668644176.2975192,2.766,-0.0009999999999998,0.0013444,0.0004233899999999,0.0,1.0,0.0,294.983342229086,815.9239246056519
1668644237.86769,2.767,0.0009999999999998,0.00142418,7.978e-05,0.0,1.0,0.0,294.983342229086,816.218907947881
1668644297.0384936,2.772,0.0049999999999998,0.00202847,0.00060429,0.0,1.0,0.0,294.983342229086,817.6938246590264
1668644356.9625475,2.766,-0.0059999999999997,0.00154984,-0.00047863,1.0,0.0,815.9239246056519,0.0,815.9239246056519
1668644417.8336415,2.762,-0.004,0.0013517,-0.00019814,1.0,0.0,815.9239246056519,0.0,815.9239246056519
1668644477.839142,2.761,-0.0009999999999998,0.0010397,-0.000312,1.0,0.0,815.9239246056519,0.0,815.9239246056519
1668644537.8126678,2.751,-0.0100000000000002,-0.00013659,-0.00117629,1.0,0.0,815.9239246056519,0.0,815.9239246056519
1668644598.598914,2.751,0.0,-0.00013659,0.0,1.0,0.0,815.9239246056519,0.0,815.9239246056519
1668644658.492658,2.751,0.0,-0.00086913,-0.00073254,1.0,0.0,815.9239246056519,0.0,815.9239246056519
1668644719.8924098,2.755,0.004,-0.00099088,-0.00012175,1.0,0.0,815.9239246056519,0.0,815.9239246056519
1668644779.7221985,2.764,0.0089999999999998,-0.00023567,0.00075521,0.0,1.0,0.0,295.19678893113314,815.9239246056519
1668644839.589092,2.765,0.0010000000000003,-0.0001559,7.977e-05,0.0,1.0,0.0,295.19678893113314,816.2191213945832
1668644899.526055,2.756,-0.0090000000000003,-0.00027584,-0.00011994,1.0,0.0,813.5623502942029,0.0,813.5623502942029
1668644960.4158924,2.76,0.004,4.325e-05,0.00031909,0.0,1.0,0.0,294.7689674978996,813.5623502942028
1668645020.4961233,2.759,-0.0009999999999998,-0.00019724,-0.00024049,1.0,0.0,813.267581326705,0.0,813.267581326705
1668645080.410207,2.758,-0.0009999999999998,-0.00027701,-7.977e-05,1.0,0.0,813.267581326705,0.0,813.267581326705
1668645141.1836448,2.755,-0.0030000000000001,-0.00063909,-0.00036208,1.0,0.0,813.267581326705,0.0,813.267581326705
1668645201.1645768,2.755,0.0,-0.00091548,-0.0002763899999999,1.0,0.0,813.267581326705,0.0,813.267581326705
1668645261.1291142,2.759,0.004,-0.00061774,0.00029774,0.0,1.0,0.0,294.7689674978996,813.267581326705
1668645322.4552605,2.76,0.0009999999999998,-0.00053797,7.976999999999995e-05,0.0,1.0,0.0,294.7689674978996,813.5623502942028
1668645382.292136,2.755,-0.0049999999999998,-0.00082242,-0.00028445,1.0,0.0,812.0885054567134,0.0,812.0885054567134
1668645442.1771965,2.763,0.008,-0.00039773,0.00042469,0.0,1.0,0.0,293.9154923838992,812.0885054567134
1668645502.963302,2.762,-0.0009999999999998,-0.00047751,-7.978e-05,1.0,0.0,811.7945899643297,0.0,811.7945899643297
1668645563.0222783,2.761,-0.0009999999999998,-0.0002816,0.0001959099999999,0.0,1.0,0.0,294.02194493456346,811.7945899643298
1668645622.7873278,2.758,-0.0030000000000001,-0.00030163,-2.0029999999999983e-05,1.0,0.0,810.912524129526,0.0,810.912524129526
1668645683.604101,2.765,0.0070000000000001,0.00018426,0.00048589,0.0,1.0,0.0,293.2775855802987,810.912524129526
1668645743.9606276,2.768,0.0029999999999996,0.00042358,0.00023932,0.0,1.0,0.0,293.2775855802987,811.7923568862667
1668645803.8837917,2.769,0.0010000000000003,0.0010667,0.00064312,0.0,1.0,0.0,293.2775855802987,812.0856344718471
1668645865.1329367,2.768,-0.0010000000000003,0.00098693,-7.977000000000006e-05,1.0,0.0,811.7923568862667,0.0,811.7923568862667
1668645925.5970037,2.768,0.0,0.00098693,0.0,1.0,0.0,811.7923568862667,0.0,811.7923568862667
1668645985.5696723,2.767,-0.0009999999999998,0.00133728,0.0003503499999999,0.0,1.0,0.0,293.3835767568727,811.7923568862667
1668646046.279111,2.767,0.0,0.00133728,0.0,0.0,1.0,0.0,293.3835767568727,811.7923568862667
1668646106.4291725,2.766,-0.0009999999999998,0.00151676,0.00017948,0.0,1.0,0.0,293.3835767568727,811.4989733095099
1668646166.3017006,2.767,0.0009999999999998,0.00171987,0.00020311,0.0,1.0,0.0,293.3835767568727,811.7923568862667
1668646226.9178565,2.774,0.0070000000000001,0.00299866,0.00127879,0.0,1.0,0.0,293.3835767568727,813.8460419235648
1668646287.3612418,2.772,-0.0020000000000002,0.00288957,-0.00010909,1.0,0.0,813.259274770051,0.0,813.259274770051
1668646346.8730824,2.775,0.0030000000000001,0.00312889,0.0002393199999999,0.0,1.0,0.0,293.0664053225409,813.259274770051
1668646407.6606,2.772,-0.0030000000000001,0.00320685,7.795999999999975e-05,0.0,1.0,0.0,293.0664053225409,812.3800755540833
1668646467.442685,2.767,-0.0049999999999998,0.00289503,-0.00031182,1.0,0.0,810.9147435274706,0.0,810.9147435274706
1668646527.4205556,2.762,-0.0049999999999998,0.0020341,-0.0008609299999999,1.0,0.0,810.9147435274706,0.0,810.9147435274706
1668646589.9081626,2.762,0.0,0.0020341,0.0,1.0,0.0,810.9147435274706,0.0,810.9147435274706
1668646648.6521032,2.766,0.004,0.00148749,-0.00054661,1.0,0.0,810.9147435274706,0.0,810.9147435274706
1668646708.6571298,2.763,-0.0030000000000001,0.00124817,-0.0002393199999999,1.0,0.0,810.9147435274706,0.0,810.9147435274706
1668646769.438177,2.763,0.0,0.00124817,0.0,1.0,0.0,810.9147435274706,0.0,810.9147435274706
1668646829.3012178,2.768,0.0049999999999998,0.00135428,0.0001061099999999,0.0,1.0,0.0,292.96052873102263,810.9147435274706
1668646889.284776,2.768,0.0,0.00135428,0.0,0.0,1.0,0.0,292.96052873102263,810.9147435274706
1668646950.1562407,2.763,-0.0049999999999998,0.00102312,-0.00033116,1.0,0.0,809.4499408838155,0.0,809.4499408838155
1668647009.9873247,2.768,0.0049999999999998,0.00121246,0.00018934,0.0,1.0,0.0,292.43133702449984,809.4499408838155
1668647071.152335,2.765,-0.0029999999999996,0.00097314,-0.00023932,1.0,0.0,808.5726468727421,0.0,808.5726468727421
1668647131.2417333,2.765,0.0,0.00097314,0.0,1.0,0.0,808.5726468727421,0.0,808.5726468727421
1668647191.373562,2.764,-0.0010000000000003,0.00078062,-0.00019252,1.0,0.0,808.5726468727421,0.0,808.5726468727421
1668647251.3714886,2.764,0.0,0.00078062,0.0,1.0,0.0,808.5726468727421,0.0,808.5726468727421
1668647312.089816,2.768,0.004,0.00093997,0.00015935,0.0,1.0,0.0,292.1143955465109,808.5726468727421
1668647372.4746685,2.768,0.0,0.00093997,0.0,0.0,1.0,0.0,292.1143955465109,808.5726468727421
1668647432.068397,2.769,0.0010000000000003,0.00113389,0.00019392,0.0,1.0,0.0,292.1143955465109,808.8647612682887
1668647493.2423444,2.773,0.004,0.00159198,0.00045809,0.0,1.0,0.0,292.1143955465109,810.0332188504747
1668647554.0355926,2.773,0.0,0.00193274,0.00034076,0.0,1.0,0.0,292.1143955465109,810.0332188504747
1668647612.8811712,2.773,0.0,0.00193274,0.0,0.0,1.0,0.0,292.1143955465109,810.0332188504747
1668647674.1190886,2.773,0.0,0.00193274,0.0,0.0,1.0,0.0,292.1143955465109,810.0332188504747
1668647733.9975247,2.773,0.0,0.00217769,0.0002449499999999,0.0,1.0,0.0,292.1143955465109,810.0332188504747
1668647793.7336867,2.777,0.004,0.00272547,0.0005477799999999,0.0,1.0,0.0,292.1143955465109,811.2016764326607
1668647854.7213988,2.777,0.0,0.00306108,0.00033561,0.0,1.0,0.0,292.1143955465109,811.2016764326607
1668647914.613491,2.773,-0.004,0.00274199,-0.0003190899999999,1.0,0.0,810.0332188504747,0.0,810.0332188504747
1668647974.7628362,2.772,-0.0010000000000003,0.00264392,-9.807e-05,1.0,0.0,810.0332188504747,0.0,810.0332188504747
1668648035.888326,2.772,0.0,0.00253695,-0.00010697,1.0,0.0,810.0332188504747,0.0,810.0332188504747
1668648095.090779,2.775,0.0030000000000001,0.00267079,0.00013384,0.0,1.0,0.0,291.9038626488197,810.0332188504747
1668648155.3516133,2.775,0.0,0.00267079,0.0,0.0,1.0,0.0,291.9038626488197,810.0332188504747
1668648216.301733,2.775,0.0,0.00267079,0.0,0.0,1.0,0.0,291.9038626488197,810.0332188504747
1668648276.13393,2.775,0.0,0.00267079,0.0,0.0,1.0,0.0,291.9038626488197,810.0332188504747
1668648336.0058522,2.775,0.0,0.00267079,0.0,0.0,1.0,0.0,291.9038626488197,810.0332188504747
1668648396.8647988,2.771,-0.004,0.001957,-0.00071379,1.0,0.0,808.8656033998794,0.0,808.8656033998794
1668648457.111985,2.772,0.0009999999999998,0.00203677,7.976999999999984e-05,0.0,1.0,0.0,291.7985582250648,808.8656033998794
1668648518.0086265,2.772,0.0,0.00192476,-0.0001120099999999,1.0,0.0,808.8656033998797,0.0,808.8656033998797
1668648577.6952374,2.777,0.0050000000000003,0.00227552,0.00035076,0.0,1.0,0.0,291.2731737125962,808.8656033998797
1668648637.8280785,2.773,-0.004,0.00189644,-0.0003790799999999,1.0,0.0,807.7005107050293,0.0,807.7005107050293
1668648697.6289668,2.773,0.0,0.00182784,-6.860000000000004e-05,1.0,0.0,807.7005107050293,0.0,807.7005107050293
1668648758.3701942,2.772,-0.0010000000000003,0.00161189,-0.00021595,1.0,0.0,807.7005107050293,0.0,807.7005107050293
1668648818.3755362,2.772,0.0,0.00148683,-0.0001250599999999,1.0,0.0,807.7005107050293,0.0,807.7005107050293
1668648878.369239,2.772,0.0,0.00148683,0.0,1.0,0.0,807.7005107050293,0.0,807.7005107050293
1668648939.3054788,2.772,0.0,0.00148683,0.0,1.0,0.0,807.7005107050293,0.0,807.7005107050293
1668649000.1305077,2.775,0.0030000000000001,0.00156714,8.03100000000001e-05,0.0,1.0,0.0,291.06324710091144,807.7005107050293
1668649059.272524,2.777,0.0020000000000002,0.00172669,0.0001595499999999,0.0,1.0,0.0,291.06324710091144,808.2826371992311
1668649120.067453,2.777,0.0,0.00172669,0.0,0.0,1.0,0.0,291.06324710091144,808.2826371992311
1668649180.2804844,2.776,-0.0010000000000003,0.0018427,0.00011601,0.0,1.0,0.0,291.06324710091144,807.9915739521301
1668649240.1954606,2.777,0.0010000000000003,0.00192247,7.976999999999984e-05,0.0,1.0,0.0,291.06324710091144,808.2826371992311
1668649300.900206,2.777,0.0,0.00192247,0.0,0.0,1.0,0.0,291.06324710091144,808.2826371992311
1668649360.4781952,2.777,0.0,0.00192247,0.0,0.0,1.0,0.0,291.06324710091144,808.2826371992311
1668649420.3617344,2.776,-0.0010000000000003,0.00197418,5.170999999999995e-05,0.0,1.0,0.0,291.06324710091144,807.9915739521301
1668649481.904858,2.776,0.0,0.00197418,0.0,0.0,1.0,0.0,291.06324710091144,807.9915739521301
1668649540.492653,2.773,-0.0029999999999996,0.00175288,-0.0002212999999999,1.0,0.0,807.1183842108275,0.0,807.1183842108275
1668649600.1554282,2.766,-0.0070000000000001,0.00119447,-0.00055841,1.0,0.0,807.1183842108275,0.0,807.1183842108275
1668649660.1966991,2.767,0.0009999999999998,0.00064975,-0.00054472,1.0,0.0,807.1183842108275,0.0,807.1183842108275
1668649720.1287992,2.766,-0.0009999999999998,0.00056998,-7.977000000000006e-05,1.0,0.0,807.1183842108275,0.0,807.1183842108275
1668649780.8224735,2.766,0.0,7.421e-05,-0.00049577,1.0,0.0,807.1183842108275,0.0,807.1183842108275
1668649840.0332267,2.766,0.0,-0.00031506,-0.00038927,1.0,0.0,807.1183842108275,0.0,807.1183842108275
1668649900.381708,2.766,0.0,-0.00031506,0.0,1.0,0.0,807.1183842108275,0.0,807.1183842108275
1668649960.1653893,2.766,0.0,-0.00031506,0.0,1.0,0.0,807.1183842108275,0.0,807.1183842108275
1668650020.541143,2.766,0.0,-0.00061645,-0.00030139,1.0,0.0,807.1183842108275,0.0,807.1183842108275
1668650080.0422833,2.766,0.0,-0.00061645,0.0,1.0,0.0,807.1183842108275,0.0,807.1183842108275
1668650140.278425,2.766,0.0,-0.00061645,0.0,1.0,0.0,807.1183842108275,0.0,807.1183842108275
1668650200.151189,2.766,0.0,-0.00084556,-0.0002291099999999,1.0,0.0,807.1183842108275,0.0,807.1183842108275
1668650260.21673,2.766,0.0,-0.00084556,0.0,1.0,0.0,807.1183842108275,0.0,807.1183842108275
1668650319.9596603,2.766,0.0,-0.00084556,0.0,1.0,0.0,807.1183842108275,0.0,807.1183842108275
1668650380.1310892,2.766,0.0,-0.00101543,-0.0001698699999999,1.0,0.0,807.1183842108275,0.0,807.1183842108275
1668650440.152532,2.766,0.0,-0.00101543,0.0,1.0,0.0,807.1183842108275,0.0,807.1183842108275
1668650500.262026,2.766,0.0,-0.00101543,0.0,1.0,0.0,807.1183842108275,0.0,807.1183842108275
1668650560.2251828,2.767,0.0009999999999998,-0.00105717,-4.174000000000018e-05,1.0,0.0,807.1183842108275,0.0,807.1183842108275
1668650620.4513144,2.767,0.0,-0.00070828,0.00034889,0.0,1.0,0.0,291.69439255902694,807.1183842108275
1668650680.339555,2.763,-0.004,-0.00102737,-0.00031909,1.0,0.0,805.9516066405914,0.0,805.9516066405914
1668650740.385186,2.763,0.0,-0.00102737,0.0,1.0,0.0,805.9516066405914,0.0,805.9516066405914
1668650800.298899,2.763,0.0,-0.00136731,-0.0003399399999999,1.0,0.0,805.9516066405914,0.0,805.9516066405914
1668650860.466631,2.763,0.0,-0.00136731,0.0,1.0,0.0,805.9516066405914,0.0,805.9516066405914
1668650920.538134,2.763,0.0,-0.00136731,0.0,1.0,0.0,805.9516066405914,0.0,805.9516066405914
1668650980.3982365,2.76,-0.0030000000000001,-0.00185738,-0.00049007,1.0,0.0,805.9516066405914,0.0,805.9516066405914
1668651040.4649453,2.755,-0.0049999999999998,-0.00261904,-0.0007616599999999,1.0,0.0,805.9516066405914,0.0,805.9516066405914
1668651100.2900844,2.751,-0.004,-0.00293812,-0.0003190799999999,1.0,0.0,805.9516066405914,0.0,805.9516066405914
1668651160.5535488,2.751,0.0,-0.00293812,0.0,1.0,0.0,805.9516066405914,0.0,805.9516066405914
1668651220.142817,2.751,0.0,-0.00375138,-0.00081326,1.0,0.0,805.9516066405914,0.0,805.9516066405914
1668651280.1516106,2.751,0.0,-0.00434579,-0.00059441,1.0,0.0,805.9516066405914,0.0,805.9516066405914
1668651340.1624656,2.752,0.0009999999999998,-0.00426602,7.977000000000071e-05,0.0,1.0,0.0,292.8603221804475,805.9516066405914
1668651400.220097,2.752,0.0,-0.00426602,0.0,0.0,1.0,0.0,292.8603221804475,805.9516066405914
1668651460.420545,2.752,0.0,-0.00462061,-0.00035459,1.0,0.0,805.9516066405914,0.0,805.9516066405914
1668651520.5620792,2.751,-0.0009999999999998,-0.00521655,-0.00059594,1.0,0.0,805.9516066405914,0.0,805.9516066405914
1668651580.1846223,2.751,0.0,-0.00521655,0.0,1.0,0.0,805.9516066405914,0.0,805.9516066405914
1668651640.2881198,2.751,0.0,-0.00513634,8.02100000000007e-05,0.0,1.0,0.0,292.9667781318035,805.9516066405914
1668651700.4061005,2.751,0.0,-0.00513634,0.0,0.0,1.0,0.0,292.9667781318035,805.9516066405914
1668651760.44063,2.751,0.0,-0.00513634,0.0,0.0,1.0,0.0,292.9667781318035,805.9516066405914
1668651820.0254352,2.751,0.0,-0.00509468,4.165999999999979e-05,0.0,1.0,0.0,292.9667781318035,805.9516066405914
1668651880.412236,2.753,0.0020000000000002,-0.00493513,0.0001595499999999,0.0,1.0,0.0,292.9667781318035,806.537540196855
1668651940.2654376,2.754,0.0009999999999998,-0.00464148,0.00029365,0.0,1.0,0.0,292.9667781318035,806.8305069749869
1668652000.279398,2.754,0.0,-0.00464148,0.0,0.0,1.0,0.0,292.9667781318035,806.8305069749869
1668652060.4643214,2.753,-0.0009999999999998,-0.00443829,0.0002031899999999,0.0,1.0,0.0,292.9667781318035,806.537540196855
1668652120.281246,2.758,0.0049999999999998,-0.00403943,0.00039886,0.0,1.0,0.0,292.9667781318035,808.002374087514
1668652180.4518826,2.758,0.0,-0.00403943,0.0,0.0,1.0,0.0,292.9667781318035,808.002374087514
1668652240.2468195,2.755,-0.0030000000000001,-0.00376102,0.00027841,0.0,1.0,0.0,292.9667781318035,807.1234737531186
1668652300.2886918,2.753,-0.0019999999999997,-0.00392057,-0.00015955,1.0,0.0,806.537540196855,0.0,806.537540196855
1668652360.3488908,2.753,0.0,-0.00392057,0.0,1.0,0.0,806.537540196855,0.0,806.537540196855
1668652420.328344,2.757,0.004,-0.00346367,0.0004569,0.0,1.0,0.0,292.54172658572907,806.537540196855
1668652481.5876005,2.757,0.0,-0.00346367,0.0,0.0,1.0,0.0,292.54172658572907,806.537540196855
1668652540.573371,2.757,0.0,-0.00346367,0.0,0.0,1.0,0.0,292.54172658572907,806.537540196855
1668652600.8277962,2.755,-0.0020000000000002,-0.00300263,0.0004610399999999,0.0,1.0,0.0,292.54172658572907,805.9524567436836
1668652660.5682108,2.755,0.0,-0.00300263,0.0,0.0,1.0,0.0,292.54172658572907,805.9524567436836
1668652720.2147155,2.755,0.0,-0.00279358,0.00020905,0.0,1.0,0.0,292.54172658572907,805.9524567436836
1668652780.582214,2.756,0.0009999999999998,-0.00251819,0.0002753899999999,0.0,1.0,0.0,292.54172658572907,806.2449984702693
1668652840.4129186,2.758,0.0020000000000002,-0.00235865,0.00015954,0.0,1.0,0.0,292.54172658572907,806.8300819234407
1668652900.3393807,2.758,0.0,-0.00235865,0.0,0.0,1.0,0.0,292.54172658572907,806.8300819234407
1668652960.9803512,2.759,0.0009999999999998,-0.00191124,0.0004474099999999,0.0,1.0,0.0,292.54172658572907,807.1226236500264
1668653020.8785803,2.759,0.0,-0.00191124,0.0,0.0,1.0,0.0,292.54172658572907,807.1226236500264
1668653080.260867,2.759,0.0,-0.00191124,0.0,0.0,1.0,0.0,292.54172658572907,807.1226236500264
1668653140.4418907,2.756,-0.0030000000000001,-0.00177824,0.000133,0.0,1.0,0.0,292.54172658572907,806.2449984702693
1668653200.6997657,2.757,0.0010000000000003,-0.00169846,7.978e-05,0.0,1.0,0.0,292.54172658572907,806.537540196855
1668653260.3703568,2.757,0.0,-0.00151241,0.0001860499999999,0.0,1.0,0.0,292.54172658572907,806.537540196855
1668653320.5547323,2.753,-0.004,-0.00179167,-0.0002792599999999,1.0,0.0,805.3673732905122,0.0,805.3673732905122
1668653380.2774549,2.751,-0.0020000000000002,-0.00202459,-0.00023292,1.0,0.0,805.3673732905122,0.0,805.3673732905122
1668653441.1879156,2.746,-0.0049999999999998,-0.00258287,-0.00055828,1.0,0.0,805.3673732905122,0.0,805.3673732905122
1668653500.339392,2.747,0.0009999999999998,-0.00250309,7.978000000000022e-05,0.0,1.0,0.0,293.1806965018246,805.3673732905122
1668653560.5307186,2.747,0.0,-0.00284947,-0.00034638,1.0,0.0,805.3673732905122,0.0,805.3673732905122
1668653620.2986498,2.742,-0.0049999999999998,-0.00348723,-0.0006377599999999,1.0,0.0,805.3673732905122,0.0,805.3673732905122
1668653680.542892,2.745,0.0030000000000001,-0.00324791,0.0002393199999999,0.0,1.0,0.0,293.39430720965834,805.3673732905122
1668653740.4743338,2.739,-0.0060000000000002,-0.0044235,-0.00117559,1.0,0.0,803.6070074472542,0.0,803.6070074472542
1668653800.0848842,2.74,0.0010000000000003,-0.00434372,7.978000000000065e-05,0.0,1.0,0.0,293.28722899534824,803.6070074472542
1668653860.4635792,2.74,0.0,-0.00434372,0.0,0.0,1.0,0.0,293.28722899534824,803.6070074472542
1668653920.4597542,2.74,0.0,-0.00434372,0.0,0.0,1.0,0.0,293.28722899534824,803.6070074472542
1668653980.2930143,2.741,0.0009999999999998,-0.00460741,-0.00026369,1.0,0.0,803.9002946762496,0.0,803.9002946762496
1668654040.4693134,2.731,-0.0100000000000002,-0.00623672,-0.00162931,1.0,0.0,803.9002946762496,0.0,803.9002946762496
1668654100.322565,2.729,-0.0019999999999997,-0.00639626,-0.0001595399999999,1.0,0.0,803.9002946762496,0.0,803.9002946762496
1668654160.6048462,2.735,0.0059999999999997,-0.00655876,-0.0001625,1.0,0.0,803.9002946762496,0.0,803.9002946762496
1668654220.235211,2.735,0.0,-0.00655876,0.0,1.0,0.0,803.9002946762496,0.0,803.9002946762496
1668654279.972943,2.734,-0.0009999999999998,-0.00669111,-0.0001323499999999,1.0,0.0,803.9002946762496,0.0,803.9002946762496
1668654340.6610034,2.734,0.0,-0.00684173,-0.0001506199999999,1.0,0.0,803.9002946762496,0.0,803.9002946762496
1668654400.4612482,2.736,0.0020000000000002,-0.00653563,0.0003061,0.0,1.0,0.0,293.82320711851224,803.9002946762496
1668654460.2341506,2.735,-0.0010000000000003,-0.00624042,0.0002952099999999,0.0,1.0,0.0,293.82320711851224,803.606471469131
1668654520.3848858,2.735,0.0,-0.00624042,0.0,0.0,1.0,0.0,293.82320711851224,803.606471469131
1668654580.2836585,2.729,-0.0059999999999997,-0.00654165,-0.00030123,1.0,0.0,801.8435322264199,0.0,801.8435322264199
1668654640.2430882,2.733,0.004,-0.00622256,0.00031909,0.0,1.0,0.0,293.3931694937504,801.8435322264199
1668654700.336919,2.735,0.0019999999999997,-0.00597811,0.00024445,0.0,1.0,0.0,293.3931694937504,802.4303185654073
1668654760.3518295,2.739,0.004,-0.00539937,0.00057874,0.0,1.0,0.0,293.3931694937504,803.6038912433823
1668654820.2782257,2.732,-0.0069999999999996,-0.00595778,-0.00055841,1.0,0.0,801.5501390569261,0.0,801.5501390569261
1668654880.329847,2.732,0.0,-0.00595778,0.0,1.0,0.0,801.5501390569261,0.0,801.5501390569261
1668654941.3372414,2.734,0.0019999999999997,-0.00521225,0.00074553,0.0,1.0,0.0,293.17854391255526,801.550139056926
1668655000.3901782,2.734,0.0,-0.00521225,0.0,0.0,1.0,0.0,293.17854391255526,801.550139056926
1668655060.669285,2.733,-0.0009999999999998,-0.00508919,0.0001230599999999,0.0,1.0,0.0,293.17854391255526,801.2569605130135
1668655120.7120848,2.737,0.004,-0.00477011,0.00031908,0.0,1.0,0.0,293.17854391255526,802.4296746886638
1668655180.6820652,2.737,0.0,-0.00477011,0.0,0.0,1.0,0.0,293.17854391255526,802.4296746886638
1668655240.3316495,2.737,0.0,-0.00477011,0.0,0.0,1.0,0.0,293.17854391255526,802.4296746886638
1668655300.1960125,2.737,0.0,-0.00436934,0.0004007699999999,0.0,1.0,0.0,293.17854391255526,802.4296746886638
1668655360.7734594,2.732,-0.0049999999999998,-0.00440441,-3.506999999999989e-05,1.0,0.0,800.963781969101,0.0,800.963781969101
1668655420.6374905,2.732,0.0,-0.00440441,0.0,1.0,0.0,800.963781969101,0.0,800.963781969101
1668655480.442326,2.738,0.0059999999999997,-0.00390306,0.00050135,0.0,1.0,0.0,292.5360781479551,800.9637819691011
1668655540.423902,2.734,-0.004,-0.00378488,0.0001181799999999,0.0,1.0,0.0,292.5360781479551,799.7936376565092
1668655600.327145,2.733,-0.0009999999999998,-0.00372893,5.594999999999992e-05,0.0,1.0,0.0,292.5360781479551,799.5011015783613
1668655660.276691,2.733,0.0,-0.00372893,0.0,0.0,1.0,0.0,292.5360781479551,799.5011015783613
1668655720.5893517,2.733,0.0,-0.00372893,0.0,0.0,1.0,0.0,292.5360781479551,799.5011015783613
1668655780.2156854,2.733,0.0,-0.00372893,0.0,0.0,1.0,0.0,292.5360781479551,799.5011015783613
1668655840.4740033,2.733,0.0,-0.00372893,0.0,0.0,1.0,0.0,292.5360781479551,799.5011015783613
1668655900.4735425,2.73,-0.0030000000000001,-0.00388191,-0.00015298,1.0,0.0,798.6234933439174,0.0,798.6234933439174
1668655961.179325,2.728,-0.0019999999999997,-0.00404145,-0.00015954,1.0,0.0,798.6234933439174,0.0,798.6234933439174
1668656020.5614436,2.732,0.004,-0.00392117,0.00012028,0.0,1.0,0.0,292.3219228930884,798.6234933439174
1668656080.5033293,2.731,-0.0010000000000003,-0.00373883,0.00018234,0.0,1.0,0.0,292.3219228930884,798.3311714210245
1668656140.4005997,2.731,0.0,-0.00373883,0.0,0.0,1.0,0.0,292.3219228930884,798.3311714210245
1668656200.3595746,2.728,-0.0029999999999996,-0.00391768,-0.0001788499999999,1.0,0.0,797.4542056523452,0.0,797.4542056523452
1668656260.358033,2.727,-0.0010000000000003,-0.00409293,-0.00017525,1.0,0.0,797.4542056523452,0.0,797.4542056523452
1668656320.463174,2.724,-0.0029999999999996,-0.00442291,-0.00032998,1.0,0.0,797.4542056523452,0.0,797.4542056523452
1668656380.5277233,2.725,0.0009999999999998,-0.00434314,7.977000000000071e-05,0.0,1.0,0.0,292.6437451935212,797.4542056523452
1668656441.0058668,2.725,0.0,-0.00434314,0.0,0.0,1.0,0.0,292.6437451935212,797.4542056523454
1668656500.473237,2.725,0.0,-0.00434314,0.0,0.0,1.0,0.0,292.6437451935212,797.4542056523454
1668656560.4811847,2.73,0.0049999999999998,-0.00409081,0.0002523299999999,0.0,1.0,0.0,292.6437451935212,798.917424378313
1668656620.3533094,2.73,0.0,-0.00409081,0.0,0.0,1.0,0.0,292.6437451935212,798.917424378313
1668656680.3604348,2.73,0.0,-0.00409081,0.0,0.0,1.0,0.0,292.6437451935212,798.917424378313
1668656740.3937757,2.73,0.0,-0.00409081,0.0,0.0,1.0,0.0,292.6437451935212,798.917424378313
1668656800.5054886,2.73,0.0,-0.00409081,0.0,0.0,1.0,0.0,292.6437451935212,798.917424378313
1668656860.3479278,2.73,0.0,-0.00409081,0.0,0.0,1.0,0.0,292.6437451935212,798.917424378313
1668656920.5531456,2.733,0.0030000000000001,-0.00360719,0.00048362,0.0,1.0,0.0,292.6437451935212,799.7953556138935
1668656980.3091838,2.73,-0.0030000000000001,-0.0033649,0.00024229,0.0,1.0,0.0,292.6437451935212,798.917424378313
1668657040.4169638,2.721,-0.0089999999999998,-0.00397876,-0.0006138599999999,1.0,0.0,796.2836306715712,0.0,796.2836306715712
1668657100.5825086,2.72,-0.0009999999999998,-0.00405854,-7.978000000000065e-05,1.0,0.0,796.2836306715712,0.0,796.2836306715712
1668657160.4179175,2.72,0.0,-0.00449323,-0.0004346899999999,1.0,0.0,796.2836306715712,0.0,796.2836306715712
1668657220.5536854,2.716,-0.004,-0.00481232,-0.00031909,1.0,0.0,796.2836306715712,0.0,796.2836306715712
1668657280.663075,2.721,0.0049999999999998,-0.00494919,-0.0001368699999999,1.0,0.0,796.2836306715712,0.0,796.2836306715712
1668657340.7547123,2.721,0.0,-0.00500002,-5.082999999999997e-05,1.0,0.0,796.2836306715712,0.0,796.2836306715712
1668657400.551623,2.716,-0.0049999999999998,-0.00539888,-0.00039886,1.0,0.0,796.2836306715712,0.0,796.2836306715712
1668657460.2948818,2.716,0.0,-0.00591427,-0.00051539,1.0,0.0,796.2836306715712,0.0,796.2836306715712
1668657520.3329206,2.719,0.0029999999999996,-0.00559783,0.00031644,0.0,1.0,0.0,292.85900355703245,796.2836306715712
1668657580.4369516,2.719,0.0,-0.00553429,6.353999999999995e-05,0.0,1.0,0.0,292.85900355703245,796.2836306715712
1668657640.445289,2.715,-0.004,-0.00561553,-8.123999999999978e-05,1.0,0.0,795.112194657343,0.0,795.112194657343
1668657700.570599,2.714,-0.0009999999999998,-0.00569496,-7.943000000000013e-05,1.0,0.0,795.112194657343,0.0,795.112194657343
1668657760.4794788,2.713,-0.0009999999999998,-0.00577473,-7.976999999999984e-05,1.0,0.0,795.112194657343,0.0,795.112194657343
1668657820.4423723,2.707,-0.0060000000000002,-0.00652339,-0.00074866,1.0,0.0,795.112194657343,0.0,795.112194657343
1668657880.360842,2.702,-0.0049999999999998,-0.00746049,-0.0009371,1.0,0.0,795.112194657343,0.0,795.112194657343
1668657940.9524033,2.695,-0.0070000000000001,-0.0088483,-0.0013878099999999,1.0,0.0,795.112194657343,0.0,795.112194657343
1668658000.6593647,2.689,-0.0059999999999997,-0.01042932,-0.00158102,1.0,0.0,795.112194657343,0.0,795.112194657343
1668658060.5939674,2.692,0.0030000000000001,-0.01062326,-0.00019394,1.0,0.0,795.112194657343,0.0,795.112194657343
1668658120.3470154,2.696,0.004,-0.01039755,0.00022571,0.0,1.0,0.0,294.922920866967,795.112194657343
1668658180.5297554,2.691,-0.0050000000000003,-0.01050109,-0.0001035399999999,1.0,0.0,793.6375800530082,0.0,793.6375800530082
1668658240.4666824,2.695,0.004,-0.01014344,0.0003576499999999,0.0,1.0,0.0,294.4851874037136,793.6375800530082
1668658300.5076728,2.696,0.0010000000000003,-0.01006367,7.976999999999984e-05,0.0,1.0,0.0,294.4851874037136,793.9320652404119
1668658360.5325043,2.696,0.0,-0.00960628,0.00045739,0.0,1.0,0.0,294.4851874037136,793.9320652404119
1668658420.619089,2.696,0.0,-0.00960628,0.0,0.0,1.0,0.0,294.4851874037136,793.9320652404119
1668658480.702329,2.69,-0.0060000000000002,-0.00961709,-1.0809999999999986e-05,1.0,0.0,792.1651541159896,0.0,792.1651541159896
1668658540.500508,2.693,0.0030000000000001,-0.00909187,0.0005252199999999,0.0,1.0,0.0,294.15713112365006,792.1651541159896
1668658600.459531,2.696,0.0030000000000001,-0.00852495,0.00056692,0.0,1.0,0.0,294.15713112365006,793.0476255093606
1668658660.4927297,2.698,0.0019999999999997,-0.0083654,0.0001595499999999,0.0,1.0,0.0,294.15713112365006,793.6359397716078
1668658720.6566648,2.693,-0.0049999999999998,-0.00809976,0.00026564,0.0,1.0,0.0,294.15713112365006,792.1651541159896
1668658780.5807736,2.7,0.0070000000000001,-0.00673189,0.0013678699999999,0.0,1.0,0.0,294.15713112365006,794.2242540338552
1668658840.5883238,2.7,0.0,-0.00673189,0.0,0.0,1.0,0.0,294.15713112365006,794.2242540338552
1668658900.5977347,2.699,-0.0010000000000003,-0.00608614,0.0006457499999999,0.0,1.0,0.0,294.15713112365006,793.9300969027315
1668658960.5302908,2.7,0.0010000000000003,-0.00501083,0.00107531,0.0,1.0,0.0,294.15713112365006,794.2242540338552
1668659020.5973542,2.704,0.004,-0.0040232,0.0009876299999999,0.0,1.0,0.0,294.15713112365006,795.4008825583498
1668659080.5607843,2.703,-0.0010000000000003,-0.00410297,-7.976999999999984e-05,1.0,0.0,795.106725427226,0.0,795.106725427226
1668659140.3689618,2.703,0.0,-0.00410297,0.0,1.0,0.0,795.106725427226,0.0,795.106725427226
1668659200.7179585,2.703,0.0,-0.00410297,0.0,1.0,0.0,795.106725427226,0.0,795.106725427226
1668659260.5816588,2.7,-0.0029999999999996,-0.00370925,0.00039372,0.0,1.0,0.0,294.4839723804541,795.106725427226
1668659320.6938736,2.694,-0.0060000000000002,-0.00418788,-0.0004786299999999,1.0,0.0,793.3398215929433,0.0,793.3398215929433
1668659380.4653988,2.699,0.0049999999999998,-0.00380781,0.0003800699999999,0.0,1.0,0.0,293.93842963799307,793.3398215929433
1668659440.503333,2.703,0.004,-0.00314756,0.0006602499999999,0.0,1.0,0.0,293.93842963799307,794.5155753114952
1668659500.7363026,2.704,0.0010000000000003,-0.00245304,0.00069452,0.0,1.0,0.0,293.93842963799307,794.8095137411333
1668659561.0575774,2.705,0.0009999999999998,-0.00186366,0.00058938,0.0,1.0,0.0,293.93842963799307,795.1034521707712
1668659620.476899,2.71,0.0049999999999998,-0.00067386,0.0011898,0.0,1.0,0.0,293.93842963799307,796.5731443189612
1668659680.6451373,2.712,0.0020000000000002,-1.012e-05,0.00066374,0.0,1.0,0.0,293.93842963799307,797.1610211782372
1668659740.7338774,2.713,0.0009999999999998,6.965e-05,7.977e-05,0.0,1.0,0.0,293.93842963799307,797.4549596078753
1668659800.933069,2.709,-0.004,0.00081736,0.00074771,0.0,1.0,0.0,293.93842963799307,796.2792058893233
1668659860.9054844,2.709,0.0,0.00102766,0.0002102999999999,0.0,1.0,0.0,293.93842963799307,796.2792058893233
1668659920.8704526,2.711,0.0019999999999997,0.00140185,0.00037419,0.0,1.0,0.0,293.93842963799307,796.8670827485992
1668659981.9200854,2.713,0.0020000000000002,0.00177609,0.0003742399999999,0.0,1.0,0.0,293.93842963799307,797.4549596078753
1668660041.6011484,2.71,-0.0030000000000001,0.00168656,-8.952999999999999e-05,1.0,0.0,796.5731443189612,0.0,796.5731443189612
1668660101.700931,2.711,0.0009999999999998,0.00198673,0.00030017,0.0,1.0,0.0,293.83000528180054,796.5731443189612
1668660162.569425,2.714,0.0030000000000001,0.00225109,0.0002643599999999,0.0,1.0,0.0,293.83000528180054,797.4546343348067
1668660222.589535,2.715,0.0009999999999998,0.00233086,7.977000000000027e-05,0.0,1.0,0.0,293.83000528180054,797.7484643400884
1668660282.4767134,2.718,0.0030000000000001,0.00281323,0.0004823699999999,0.0,1.0,0.0,293.83000528180054,798.6299543559338
1668660344.023286,2.719,0.0009999999999998,0.00323887,0.00042564,0.0,1.0,0.0,293.83000528180054,798.9237843612157
1668660403.3961852,2.72,0.0010000000000003,0.0036768,0.00043793,0.0,1.0,0.0,293.83000528180054,799.2176143664975
1668660463.43602,2.72,0.0,0.0036768,0.0,0.0,1.0,0.0,293.83000528180054,799.2176143664975
1668660524.354226,2.718,-0.0020000000000002,0.00375597,7.916999999999993e-05,0.0,1.0,0.0,293.83000528180054,798.6299543559338
1668660584.2054813,2.717,-0.0009999999999998,0.00363382,-0.00012215,1.0,0.0,798.3361243506521,0.0,798.3361243506521
1668660644.322333,2.717,0.0,0.00363382,0.0,1.0,0.0,798.3361243506521,0.0,798.3361243506521
1668660705.1040075,2.717,0.0,0.00363382,0.0,1.0,0.0,798.3361243506521,0.0,798.3361243506521
1668660764.765919,2.717,0.0,0.00363382,0.0,1.0,0.0,798.3361243506521,0.0,798.3361243506521
1668660825.0554852,2.717,0.0,0.00363382,0.0,1.0,0.0,798.3361243506521,0.0,798.3361243506521
1668660886.5768712,2.715,-0.0020000000000002,0.00339967,-0.0002341499999999,1.0,0.0,798.3361243506521,0.0,798.3361243506521
1668660946.1587524,2.715,0.0,0.00339967,0.0,1.0,0.0,798.3361243506521,0.0,798.3361243506521
1668661006.3675818,2.715,0.0,0.00317747,-0.0002222,1.0,0.0,798.3361243506521,0.0,798.3361243506521
1668661066.8552132,2.715,0.0,0.00317747,0.0,1.0,0.0,798.3361243506521,0.0,798.3361243506521
1668661126.859339,2.715,0.0,0.00317747,0.0,1.0,0.0,798.3361243506521,0.0,798.3361243506521
1668661187.008149,2.71,-0.0049999999999998,0.00256832,-0.00060915,1.0,0.0,798.3361243506521,0.0,798.3361243506521
1668661247.2631772,2.71,0.0,0.00206179,-0.0005065299999999,1.0,0.0,798.3361243506521,0.0,798.3361243506521
1668661306.9149208,2.713,0.0030000000000001,0.00230111,0.0002393199999999,0.0,1.0,0.0,294.2632231296174,798.3361243506521
1668661366.9576428,2.72,0.0070000000000001,0.00262394,0.00032283,0.0,1.0,0.0,294.2632231296174,800.3959669125594
1668661427.873784,2.721,0.0009999999999998,0.00292673,0.00030279,0.0,1.0,0.0,294.2632231296174,800.690230135689
1668661487.1507287,2.721,0.0,0.00313061,0.0002038799999999,0.0,1.0,0.0,294.2632231296174,800.690230135689
1668661546.9449117,2.721,0.0,0.00313061,0.0,0.0,1.0,0.0,294.2632231296174,800.690230135689
1668661607.0368676,2.721,0.0,0.00313061,0.0,0.0,1.0,0.0,294.2632231296174,800.690230135689
1668661666.8976195,2.721,0.0,0.00313061,0.0,0.0,1.0,0.0,294.2632231296174,800.690230135689
1668661726.8126032,2.721,0.0,0.00325467,0.00012406,0.0,1.0,0.0,294.2632231296174,800.690230135689
1668661787.055879,2.721,0.0,0.00325467,0.0,0.0,1.0,0.0,294.2632231296174,800.690230135689
1668661846.8296125,2.721,0.0,0.00325467,0.0,0.0,1.0,0.0,294.2632231296174,800.690230135689
1668661907.3851502,2.721,0.0,0.00331478,6.010999999999994e-05,0.0,1.0,0.0,294.2632231296174,800.690230135689
1668661966.7033932,2.721,0.0,0.0033241,9.32000000000016e-06,0.0,1.0,0.0,294.2632231296174,800.690230135689
1668662027.053901,2.723,0.0019999999999997,0.00339147,6.737000000000019e-05,0.0,1.0,0.0,294.2632231296174,801.2787565819482
1668662086.7664468,2.723,0.0,0.00339147,0.0,0.0,1.0,0.0,294.2632231296174,801.2787565819482
1668662146.9275591,2.723,0.0,0.00339147,0.0,0.0,1.0,0.0,294.2632231296174,801.2787565819482
1668662206.9986048,2.725,0.0020000000000002,0.00362765,0.0002361799999999,0.0,1.0,0.0,294.2632231296174,801.8672830282075
1668662266.7574766,2.728,0.0030000000000001,0.00413385,0.0005061999999999,0.0,1.0,0.0,294.2632231296174,802.7500726975964
1668662326.9277291,2.728,0.0,0.00413385,0.0,0.0,1.0,0.0,294.2632231296174,802.7500726975964
1668662388.0763216,2.728,0.0,0.00435833,0.00022448,0.0,1.0,0.0,294.2632231296174,802.7500726975964
1668662446.7351482,2.728,0.0,0.00435833,0.0,0.0,1.0,0.0,294.2632231296174,802.7500726975964
1668662507.1508472,2.728,0.0,0.00435833,0.0,0.0,1.0,0.0,294.2632231296174,802.7500726975964
1668662566.8041482,2.728,0.0,0.00448454,0.00012621,0.0,1.0,0.0,294.2632231296174,802.7500726975964
1668662626.898238,2.726,-0.0020000000000002,0.00437278,-0.00011176,1.0,0.0,802.1615462513371,0.0,802.1615462513371
1668662686.8890283,2.724,-0.0019999999999997,0.00421323,-0.0001595499999999,1.0,0.0,802.1615462513371,0.0,802.1615462513371
1668662747.240662,2.724,0.0,0.00421323,0.0,1.0,0.0,802.1615462513371,0.0,802.1615462513371
1668662807.0910077,2.724,0.0,0.00421323,0.0,1.0,0.0,802.1615462513371,0.0,802.1615462513371
1668662867.6532643,2.724,0.0,0.00421323,0.0,1.0,0.0,802.1615462513371,0.0,802.1615462513371
1668662926.8352506,2.724,0.0,0.00421323,0.0,1.0,0.0,802.1615462513371,0.0,802.1615462513371
1668662986.7390518,2.724,0.0,0.00395265,-0.0002605799999999,1.0,0.0,802.1615462513371,0.0,802.1615462513371
1668663046.8050506,2.724,0.0,0.00395265,0.0,1.0,0.0,802.1615462513371,0.0,802.1615462513371
1668663106.8536386,2.724,0.0,0.00395265,0.0,1.0,0.0,802.1615462513371,0.0,802.1615462513371
1668663166.829136,2.724,0.0,0.00395265,0.0,1.0,0.0,802.1615462513371,0.0,802.1615462513371
1668663227.0010417,2.728,0.004,0.00378509,-0.00016756,1.0,0.0,802.1615462513371,0.0,802.1615462513371
1668663286.9958143,2.724,-0.004,0.003466,-0.00031909,1.0,0.0,802.1615462513371,0.0,802.1615462513371
1668663347.7630763,2.724,0.0,0.003466,0.0,1.0,0.0,802.1615462513371,0.0,802.1615462513371
1668663407.071973,2.724,0.0,0.003466,0.0,1.0,0.0,802.1615462513371,0.0,802.1615462513371
1668663466.888049,2.724,0.0,0.003466,0.0,1.0,0.0,802.1615462513371,0.0,802.1615462513371
1668663527.1162984,2.724,0.0,0.003466,0.0,1.0,0.0,802.1615462513371,0.0,802.1615462513371
1668663586.962864,2.724,0.0,0.003466,0.0,1.0,0.0,802.1615462513371,0.0,802.1615462513371
1668663647.052661,2.728,0.004,0.00355955,9.354999999999996e-05,0.0,1.0,0.0,294.0474876287892,802.1615462513371
1668663706.7821925,2.729,0.0009999999999998,0.00367206,0.00011251,0.0,1.0,0.0,294.0474876287892,802.4555937389658
1668663767.4157553,2.729,0.0,0.00367206,0.0,0.0,1.0,0.0,294.0474876287892,802.4555937389658
1668663827.4640284,2.729,0.0,0.00371226,4.020000000000022e-05,0.0,1.0,0.0,294.0474876287892,802.4555937389658
1668663887.5726917,2.73,0.0009999999999998,0.00379203,7.976999999999984e-05,0.0,1.0,0.0,294.0474876287892,802.7496412265946
1668663947.0965664,2.73,0.0,0.00379203,0.0,0.0,1.0,0.0,294.0474876287892,802.7496412265946
1668664007.3376076,2.73,0.0,0.00379203,0.0,0.0,1.0,0.0,294.0474876287892,802.7496412265946
1668664066.872989,2.73,0.0,0.00379203,0.0,0.0,1.0,0.0,294.0474876287892,802.7496412265946
1668664127.0614102,2.73,0.0,0.00379203,0.0,0.0,1.0,0.0,294.0474876287892,802.7496412265946
1668664186.9792886,2.729,-0.0009999999999998,0.00372676,-6.527000000000008e-05,1.0,0.0,802.4555937389658,0.0,802.4555937389658
1668664246.96821,2.729,0.0,0.00363316,-9.36000000000001e-05,1.0,0.0,802.4555937389658,0.0,802.4555937389658
1668664307.2063098,2.73,0.0009999999999998,0.00371293,7.977000000000027e-05,0.0,1.0,0.0,293.9397779263611,802.4555937389658
1668664367.383028,2.73,0.0,0.00371293,0.0,0.0,1.0,0.0,293.9397779263611,802.4555937389658
1668664427.0245223,2.728,-0.0019999999999997,0.00350023,-0.0002127,1.0,0.0,801.8677141831131,0.0,801.8677141831131
1668664487.2828765,2.726,-0.0020000000000002,0.00313416,-0.00036607,1.0,0.0,801.8677141831131,0.0,801.8677141831131
1668664547.0405066,2.726,0.0,0.00313416,0.0,1.0,0.0,801.8677141831131,0.0,801.8677141831131
1668664607.1399007,2.73,0.004,0.00313072,-3.439999999999953e-06,1.0,0.0,801.8677141831131,0.0,801.8677141831131
1668664666.9510405,2.731,0.0009999999999998,0.00321049,7.976999999999984e-05,0.0,1.0,0.0,293.6168854570169,801.8677141831131
1668664727.5002377,2.729,-0.0019999999999997,0.00307417,-0.0001363199999999,1.0,0.0,801.2804804121992,0.0,801.2804804121992
1668664787.6136098,2.727,-0.0020000000000002,0.00271119,-0.00036298,1.0,0.0,801.2804804121992,0.0,801.2804804121992
1668664846.9600887,2.73,0.0030000000000001,0.00294409,0.0002328999999999,0.0,1.0,0.0,293.50933348432204,801.2804804121992
1668664906.8421862,2.723,-0.0070000000000001,0.00197666,-0.00096743,1.0,0.0,799.2259150778088,0.0,799.2259150778088
1668664966.9474225,2.723,0.0,0.00197666,0.0,1.0,0.0,799.2259150778088,0.0,799.2259150778088
1668665027.1284702,2.726,0.0030000000000001,0.00174798,-0.0002286799999999,1.0,0.0,799.2259150778088,0.0,799.2259150778088
1668665087.053274,2.73,0.004,0.00199117,0.0002431899999999,0.0,1.0,0.0,292.75674544974686,799.225915077809
1668665146.9511287,2.731,0.0009999999999998,0.00223696,0.00024579,0.0,1.0,0.0,292.75674544974686,799.5186718232586
1668665207.0286295,2.726,-0.0049999999999998,0.00188019,-0.00035677,1.0,0.0,798.0548880960099,0.0,798.0548880960099
1668665266.9201212,2.727,0.0009999999999998,0.00147423,-0.0004059599999999,1.0,0.0,798.0548880960099,0.0,798.0548880960099
1668665327.1191847,2.727,0.0,0.00147423,0.0,1.0,0.0,798.0548880960099,0.0,798.0548880960099
1668665386.9984217,2.727,0.0,0.00132688,-0.00014735,1.0,0.0,798.0548880960099,0.0,798.0548880960099
1668665446.8046098,2.729,0.0020000000000002,0.00148642,0.00015954,0.0,1.0,0.0,292.4349168545291,798.0548880960099
1668665506.7797637,2.729,0.0,0.00148642,0.0,0.0,1.0,0.0,292.4349168545291,798.0548880960099
1668665567.1035218,2.732,0.0030000000000001,0.00171835,0.0002319299999999,0.0,1.0,0.0,292.4349168545291,798.9321928465736
1668665627.2617805,2.735,0.0029999999999996,0.00195766,0.0002393099999999,0.0,1.0,0.0,292.4349168545291,799.809497597137
1668665687.1216354,2.734,-0.0009999999999998,0.00222479,0.0002671299999999,0.0,1.0,0.0,292.4349168545291,799.5170626802825
1668665747.3008518,2.734,0.0,0.00222479,0.0,0.0,1.0,0.0,292.4349168545291,799.5170626802825
1668665807.0804992,2.729,-0.0049999999999998,0.00200986,-0.0002149299999999,1.0,0.0,798.0548880960099,0.0,798.0548880960099
1668665867.239395,2.729,0.0,0.00200986,0.0,1.0,0.0,798.0548880960099,0.0,798.0548880960099
1668665927.0620062,2.733,0.004,0.00213765,0.00012779,0.0,1.0,0.0,292.00691112184774,798.0548880960099
1668665987.511439,2.738,0.0049999999999998,0.00261228,0.0004746299999999,0.0,1.0,0.0,292.00691112184774,799.5149226516191
1668666046.9913578,2.738,0.0,0.00261228,0.0,0.0,1.0,0.0,292.00691112184774,799.5149226516191
1668666107.0814214,2.738,0.0,0.00261228,0.0,0.0,1.0,0.0,292.00691112184774,799.5149226516191
1668666166.8908768,2.741,0.0030000000000001,0.00319368,0.0005814,0.0,1.0,0.0,292.00691112184774,800.3909433849847
1668666227.3391852,2.744,0.0030000000000001,0.003433,0.0002393199999999,0.0,1.0,0.0,292.00691112184774,801.2669641183503
1668666286.931364,2.744,0.0,0.003433,0.0,0.0,1.0,0.0,292.00691112184774,801.2669641183503
1668666347.202247,2.741,-0.0030000000000001,0.00379757,0.00036457,0.0,1.0,0.0,292.00691112184774,800.3909433849847
1668666406.914031,2.739,-0.0020000000000002,0.00363803,-0.00015954,1.0,0.0,799.806929562741,0.0,799.806929562741
1668666466.936592,2.736,-0.0029999999999996,0.00351789,-0.0001201399999999,1.0,0.0,799.806929562741,0.0,799.806929562741
1668666527.3442411,2.737,0.0009999999999998,0.00346344,-5.445000000000016e-05,1.0,0.0,799.806929562741,0.0,799.806929562741
1668666586.8874109,2.737,0.0,0.00346344,0.0,1.0,0.0,799.806929562741,0.0,799.806929562741
1668666647.1971345,2.737,0.0,0.00346344,0.0,1.0,0.0,799.806929562741,0.0,799.806929562741
1668666707.9554677,2.736,-0.0009999999999998,0.00330155,-0.00016189,1.0,0.0,799.806929562741,0.0,799.806929562741
1668666767.163132,2.736,0.0,0.00319867,-0.00010288,1.0,0.0,799.806929562741,0.0,799.806929562741
1668666827.128342,2.736,0.0,0.00301912,-0.0001795499999999,1.0,0.0,799.806929562741,0.0,799.806929562741
1668666886.995118,2.736,0.0,0.00284403,-0.00017509,1.0,0.0,799.806929562741,0.0,799.806929562741
1668666947.0507522,2.736,0.0,0.00284403,0.0,1.0,0.0,799.806929562741,0.0,799.806929562741
1668667007.6087267,2.736,0.0,0.00284403,0.0,1.0,0.0,799.806929562741,0.0,799.806929562741
1668667067.147477,2.736,0.0,0.00284403,0.0,1.0,0.0,799.806929562741,0.0,799.806929562741
1668667127.209825,2.735,-0.0010000000000003,0.00259468,-0.00024935,1.0,0.0,799.806929562741,0.0,799.806929562741
1668667187.87051,2.735,0.0,0.00259468,0.0,1.0,0.0,799.806929562741,0.0,799.806929562741
1668667247.3104565,2.734,-0.0009999999999998,0.00228998,-0.0003046999999999,1.0,0.0,799.806929562741,0.0,799.806929562741
1668667306.953793,2.73,-0.004,0.00170606,-0.00058392,1.0,0.0,799.806929562741,0.0,799.806929562741
1668667367.3736346,2.727,-0.0030000000000001,0.00086664,-0.0008394199999999,1.0,0.0,799.806929562741,0.0,799.806929562741
1668667427.679809,2.728,0.0010000000000003,0.00094641,7.976999999999995e-05,0.0,1.0,0.0,293.1843583441132,799.8069295627408
1668667487.1741478,2.727,-0.0010000000000003,0.00038569,-0.00056072,1.0,0.0,799.5137452043966,0.0,799.5137452043966
1668667546.942647,2.726,-0.0009999999999998,0.00030592,-7.977e-05,1.0,0.0,799.5137452043966,0.0,799.5137452043966
1668667607.37233,2.728,0.0020000000000002,-0.00049505,-0.00080097,1.0,0.0,799.5137452043966,0.0,799.5137452043966
1668667667.4966877,2.728,0.0,-0.00049505,0.0,1.0,0.0,799.5137452043966,0.0,799.5137452043966
1668667727.0177996,2.728,0.0,-0.00049505,0.0,1.0,0.0,799.5137452043966,0.0,799.5137452043966
1668667786.8964174,2.726,-0.0020000000000002,-0.0008181,-0.0003230499999999,1.0,0.0,799.5137452043966,0.0,799.5137452043966
1668667846.932258,2.726,0.0,-0.0008181,0.0,1.0,0.0,799.5137452043966,0.0,799.5137452043966
1668667906.9587195,2.722,-0.004,-0.00138096,-0.00056286,1.0,0.0,799.5137452043966,0.0,799.5137452043966
1668667967.1213746,2.725,0.0030000000000001,-0.00162849,-0.0002475299999999,1.0,0.0,799.5137452043966,0.0,799.5137452043966
1668668027.2075684,2.726,0.0009999999999998,-0.00190796,-0.00027947,1.0,0.0,799.5137452043966,0.0,799.5137452043966
1668668087.0617564,2.726,0.0,-0.00190796,0.0,1.0,0.0,799.5137452043966,0.0,799.5137452043966
1668668148.0026271,2.731,0.0049999999999998,-0.00114745,0.00076051,0.0,1.0,0.0,292.75494148824487,799.5137452043967
1668668206.967686,2.732,0.0010000000000003,-0.00081171,0.0003357399999999,0.0,1.0,0.0,292.75494148824487,799.806500145885
1668668267.058609,2.727,-0.0050000000000003,-0.00118372,-0.00037201,1.0,0.0,798.3427254384437,0.0,798.3427254384437
1668668326.911005,2.724,-0.0029999999999996,-0.00157329,-0.0003895699999999,1.0,0.0,798.3427254384437,0.0,798.3427254384437
1668668387.0951257,2.727,0.0029999999999996,-0.00131058,0.00026271,0.0,1.0,0.0,292.75494148824487,798.3427254384437
1668668446.9604373,2.731,0.004,-0.00058778,0.0007228,0.0,1.0,0.0,292.75494148824487,799.5137452043967
1668668507.033286,2.736,0.0050000000000003,0.00031794,0.00090572,0.0,1.0,0.0,292.75494148824487,800.977519911838
1668668566.795262,2.738,0.0019999999999997,0.00087189,0.0005539499999999,0.0,1.0,0.0,292.75494148824487,801.5630297948145
1668668627.437587,2.738,0.0,0.00087189,0.0,0.0,1.0,0.0,292.75494148824487,801.5630297948145
1668668687.0530863,2.738,0.0,0.00087189,0.0,0.0,1.0,0.0,292.75494148824487,801.5630297948145
1668668747.1751184,2.738,0.0,0.00087189,0.0,0.0,1.0,0.0,292.75494148824487,801.5630297948145
1668668807.044269,2.738,0.0,0.00087189,0.0,0.0,1.0,0.0,292.75494148824487,801.5630297948145
1668668866.7672346,2.74,0.0020000000000002,0.001518,0.00064611,0.0,1.0,0.0,292.75494148824487,802.148539677791
1668668926.9756577,2.745,0.0049999999999998,0.00277531,0.00125731,0.0,1.0,0.0,292.75494148824487,803.6123143852321
1668668987.042156,2.743,-0.0020000000000002,0.00261577,-0.00015954,1.0,0.0,803.0268045022557,0.0,803.0268045022557
1668669046.964771,2.743,0.0,0.00261577,0.0,1.0,0.0,803.0268045022557,0.0,803.0268045022557
1668669108.3998983,2.743,0.0,0.00307104,0.00045527,0.0,1.0,0.0,292.75494148824487,803.0268045022557
1668669166.8722656,2.743,0.0,0.00307104,0.0,0.0,1.0,0.0,292.75494148824487,803.0268045022557
1668669227.0860698,2.735,-0.008,0.00247521,-0.00059583,1.0,0.0,800.6847649703496,0.0,800.6847649703496
1668669287.009941,2.737,0.0020000000000002,0.00220291,-0.0002722999999999,1.0,0.0,800.6847649703496,0.0,800.6847649703496
1668669346.9559016,2.738,0.0009999999999998,0.00223174,2.882999999999965e-05,0.0,1.0,0.0,292.4341727430057,800.6847649703496
1668669406.9899986,2.737,-0.0009999999999998,0.00202594,-0.0002057999999999,1.0,0.0,800.3923307976066,0.0,800.3923307976066
1668669466.9470084,2.734,-0.0030000000000001,0.00178889,-0.0002370499999999,1.0,0.0,800.3923307976066,0.0,800.3923307976066
1668669527.3492818,2.733,-0.0009999999999998,0.00170912,-7.977000000000006e-05,1.0,0.0,800.3923307976066,0.0,800.3923307976066
1668669587.7362142,2.731,-0.0020000000000002,0.00121937,-0.00048975,1.0,0.0,800.3923307976066,0.0,800.3923307976066
1668669646.9109795,2.727,-0.004,0.00090028,-0.0003190899999999,1.0,0.0,800.3923307976066,0.0,800.3923307976066
1668669706.940694,2.727,0.0,0.00090028,0.0,1.0,0.0,800.3923307976066,0.0,800.3923307976066
1668669766.950355,2.727,0.0,0.00025632,-0.00064396,1.0,0.0,800.3923307976066,0.0,800.3923307976066
1668669827.007723,2.723,-0.004,-6.277e-05,-0.0003190899999999,1.0,0.0,800.3923307976066,0.0,800.3923307976066
1668669886.9599578,2.723,0.0,-6.277e-05,0.0,1.0,0.0,800.3923307976066,0.0,800.3923307976066
1668669947.0690696,2.723,0.0,-6.277e-05,0.0,1.0,0.0,800.3923307976066,0.0,800.3923307976066
1668670007.0366237,2.723,0.0,-6.277e-05,0.0,1.0,0.0,800.3923307976066,0.0,800.3923307976066
1668670067.4392588,2.728,0.0050000000000003,-0.00069105,-0.00062828,1.0,0.0,800.3923307976066,0.0,800.3923307976066
1668670126.922685,2.735,0.0069999999999996,0.00021539,0.00090644,0.0,1.0,0.0,292.64801857316513,800.3923307976066
1668670186.9178314,2.732,-0.0029999999999996,0.0001213,-9.409000000000002e-05,1.0,0.0,799.5143867418872,0.0,799.5143867418872
1668670247.04168,2.732,0.0,0.0001213,0.0,1.0,0.0,799.5143867418872,0.0,799.5143867418872
1668670307.020993,2.738,0.0059999999999997,0.00052483,0.00040353,0.0,1.0,0.0,292.00671539148544,799.5143867418872
1668670367.1587176,2.735,-0.0030000000000001,0.00065728,0.00013245,0.0,1.0,0.0,292.00671539148544,798.6383665957127
1668670427.1547325,2.73,-0.0049999999999998,0.00029221,-0.00036507,1.0,0.0,797.1783330187552,0.0,797.1783330187552
1668670487.0325549,2.73,0.0,0.00012603,-0.0001661799999999,1.0,0.0,797.1783330187552,0.0,797.1783330187552
1668670547.3208392,2.73,0.0,0.00012603,0.0,1.0,0.0,797.1783330187552,0.0,797.1783330187552
1668670606.9804814,2.736,0.0060000000000002,0.00034803,0.0002219999999999,0.0,1.0,0.0,291.3663497875567,797.1783330187552
1668670666.9542274,2.738,0.0019999999999997,0.00067754,0.00032951,0.0,1.0,0.0,291.3663497875567,797.7610657183303
1668670726.890862,2.737,-0.0009999999999998,0.00059776,-7.978e-05,1.0,0.0,797.4696993685427,0.0,797.4696993685427
1668670787.0568972,2.737,0.0,0.00078662,0.00018886,0.0,1.0,0.0,291.3663497875567,797.4696993685427
1668670847.1448336,2.737,0.0,0.00078662,0.0,0.0,1.0,0.0,291.3663497875567,797.4696993685427
1668670906.793996,2.737,0.0,0.00078662,0.0,0.0,1.0,0.0,291.3663497875567,797.4696993685427
1668670967.235101,2.736,-0.0009999999999998,0.00084584,5.922000000000002e-05,0.0,1.0,0.0,291.3663497875567,797.1783330187552
1668671027.0203824,2.736,0.0,0.00084584,0.0,0.0,1.0,0.0,291.3663497875567,797.1783330187552
1668671086.8090022,2.736,0.0,0.00084584,0.0,0.0,1.0,0.0,291.3663497875567,797.1783330187552
1668671147.0391023,2.736,0.0,0.0008826,3.675999999999994e-05,0.0,1.0,0.0,291.3663497875567,797.1783330187552
1668671207.3905406,2.732,-0.004,0.00056351,-0.0003190899999999,1.0,0.0,796.012867619605,0.0,796.012867619605
1668671267.238799,2.735,0.0029999999999996,0.00039305,-0.00017046,1.0,0.0,796.012867619605,0.0,796.012867619605
1668671327.159443,2.735,0.0,0.00039305,0.0,1.0,0.0,796.012867619605,0.0,796.012867619605
1668671388.0079255,2.737,0.0020000000000002,0.00068112,0.00028807,0.0,1.0,0.0,290.83407658736024,796.012867619605
1668671447.955908,2.737,0.0,0.00068112,0.0,0.0,1.0,0.0,290.83407658736024,796.012867619605
1668671508.0081625,2.736,-0.0009999999999998,0.00081308,0.0001319599999999,0.0,1.0,0.0,290.83407658736024,795.7220335430177
1668671569.5642347,2.736,0.0,0.00081308,0.0,0.0,1.0,0.0,290.83407658736024,795.7220335430177
1668671628.8704312,2.736,0.0,0.00081308,0.0,0.0,1.0,0.0,290.83407658736024,795.7220335430177
1668671688.959253,2.732,-0.004,0.00049107,-0.0003220099999999,1.0,0.0,794.5586972366682,0.0,794.5586972366682
1668671749.684096,2.732,0.0,0.00049107,0.0,1.0,0.0,794.5586972366682,0.0,794.5586972366682
1668671809.7750502,2.732,0.0,0.00023318,-0.00025789,1.0,0.0,794.5586972366682,0.0,794.5586972366682
1668671869.910375,2.732,0.0,0.00023318,0.0,1.0,0.0,794.5586972366682,0.0,794.5586972366682
1668671930.5564582,2.733,0.0009999999999998,0.00010825,-0.0001249299999999,1.0,0.0,794.5586972366682,0.0,794.5586972366682
1668671990.4542575,2.735,0.0019999999999997,0.00029186,0.00018361,0.0,1.0,0.0,290.5150629750158,794.5586972366681
1668672050.508474,2.736,0.0010000000000003,0.00044875,0.0001568899999999,0.0,1.0,0.0,290.5150629750158,794.8492122996432
1668672111.978528,2.738,0.0019999999999997,0.0007252,0.0002764499999999,0.0,1.0,0.0,290.5150629750158,795.4302424255932
1668672171.2612565,2.741,0.0030000000000001,0.00111033,0.00038513,0.0,1.0,0.0,290.5150629750158,796.3017876145183
1668672231.274791,2.743,0.0019999999999997,0.00162056,0.00051023,0.0,1.0,0.0,290.5150629750158,796.8828177404682
1668672292.9772964,2.742,-0.0009999999999998,0.00154079,-7.977000000000006e-05,1.0,0.0,796.5923026774933,0.0,796.5923026774933
1668672352.5849454,2.745,0.0030000000000001,0.0020373,0.00049651,0.0,1.0,0.0,290.1975601739502,796.5923026774933
1668672412.703715,2.741,-0.004,0.00171821,-0.00031909,1.0,0.0,795.4315124367976,0.0,795.4315124367976
1668672473.42572,2.741,0.0,0.00183764,0.00011943,0.0,1.0,0.0,290.1975601739502,795.4315124367976
1668672533.3205209,2.737,-0.004,0.00159117,-0.0002464699999999,1.0,0.0,794.2707221961017,0.0,794.2707221961017
1668672593.3492465,2.738,0.0009999999999998,0.00167094,7.977000000000006e-05,0.0,1.0,0.0,290.0915712914908,794.2707221961017
1668672654.543916,2.738,0.0,0.00167094,0.0,0.0,1.0,0.0,290.0915712914908,794.2707221961018
1668672714.181563,2.738,0.0,0.00167094,0.0,0.0,1.0,0.0,290.0915712914908,794.2707221961018
1668672774.1511009,2.735,-0.0030000000000001,0.001209,-0.00046194,1.0,0.0,793.4004474822274,0.0,793.4004474822274
1668672834.748666,2.737,0.0020000000000002,0.00098599,-0.00022301,1.0,0.0,793.4004474822274,0.0,793.4004474822274
1668672895.0848591,2.735,-0.0020000000000002,0.00070299,-0.0002829999999999,1.0,0.0,793.4004474822274,0.0,793.4004474822274
1668672955.0395195,2.734,-0.0009999999999998,0.00039349,-0.0003095,1.0,0.0,793.4004474822274,0.0,793.4004474822274
1668673016.818807,2.734,0.0,0.00039349,0.0,1.0,0.0,793.4004474822274,0.0,793.4004474822274
1668673075.8632636,2.734,0.0,0.00039349,0.0,1.0,0.0,793.4004474822274,0.0,793.4004474822274
1668673135.6971126,2.734,0.0,0.00039349,0.0,1.0,0.0,793.4004474822274,0.0,793.4004474822274
1668673196.9649727,2.734,0.0,0.00039349,0.0,1.0,0.0,793.4004474822274,0.0,793.4004474822274
1668673256.523703,2.739,0.0049999999999998,0.00054537,0.00015188,0.0,1.0,0.0,289.6679253312258,793.4004474822274
1668673316.496468,2.735,-0.004,-9.207e-05,-0.00063744,1.0,0.0,792.2417757809025,0.0,792.2417757809025
1668673377.415552,2.736,0.0010000000000003,-1.229e-05,7.978e-05,0.0,1.0,0.0,289.5620525514994,792.2417757809023
1668673437.2958157,2.73,-0.0060000000000002,-0.00049021,-0.00047792,1.0,0.0,790.5044034655933,0.0,790.5044034655933
1668673497.3901052,2.731,0.0009999999999998,-0.00096405,-0.00047384,1.0,0.0,790.5044034655933,0.0,790.5044034655933
1668673558.5102987,2.73,-0.0009999999999998,-0.00104383,-7.977999999999989e-05,1.0,0.0,790.5044034655933,0.0,790.5044034655933
1668673618.1862907,2.732,0.0020000000000002,-0.00111864,-7.481000000000002e-05,1.0,0.0,790.5044034655933,0.0,790.5044034655933
1668673678.7374372,2.729,-0.0030000000000001,-0.00158859,-0.00046995,1.0,0.0,790.5044034655933,0.0,790.5044034655933
1668673739.0434308,2.727,-0.0020000000000002,-0.00174813,-0.00015954,1.0,0.0,790.5044034655933,0.0,790.5044034655933
1668673799.0690746,2.727,0.0,-0.0020339,-0.0002857699999999,1.0,0.0,790.5044034655933,0.0,790.5044034655933
1668673859.1421993,2.724,-0.0029999999999996,-0.00247394,-0.00044004,1.0,0.0,790.5044034655933,0.0,790.5044034655933
1668673919.744291,2.724,0.0,-0.00247394,0.0,1.0,0.0,790.5044034655933,0.0,790.5044034655933
1668673980.857062,2.724,0.0,-0.00247394,0.0,1.0,0.0,790.5044034655933,0.0,790.5044034655933
1668674039.8627362,2.73,0.0059999999999997,-0.00231187,0.0001620699999999,0.0,1.0,0.0,289.5620525514994,790.5044034655933
1668674100.8176556,2.73,0.0,-0.00231187,0.0,0.0,1.0,0.0,289.5620525514994,790.5044034655933
1668674160.7107108,2.732,0.0020000000000002,-0.001999,0.00031287,0.0,1.0,0.0,289.5620525514994,791.0835275706964
1668674221.5209246,2.731,-0.0010000000000003,-0.00181087,0.0001881299999999,0.0,1.0,0.0,289.5620525514994,790.7939655181448
1668674281.3217802,2.731,0.0,-0.00181087,0.0,0.0,1.0,0.0,289.5620525514994,790.7939655181448
1668674341.9428544,2.731,0.0,-0.00181087,0.0,0.0,1.0,0.0,289.5620525514994,790.7939655181448
1668674401.8706455,2.735,0.004,-0.00132375,0.0004871199999999,0.0,1.0,0.0,289.5620525514994,791.9522137283508
1668674462.3721066,2.735,0.0,-0.00092701,0.00039674,0.0,1.0,0.0,289.5620525514994,791.9522137283508
1668674522.3591433,2.735,0.0,-0.00060562,0.00032139,0.0,1.0,0.0,289.5620525514994,791.9522137283508
1668674582.20098,2.735,0.0,-0.00060562,0.0,0.0,1.0,0.0,289.5620525514994,791.9522137283508
1668674643.0602498,2.734,-0.0009999999999998,-0.00042668,0.00017894,0.0,1.0,0.0,289.5620525514994,791.6626516757993
1668674702.9936004,2.734,0.0,-0.00042668,0.0,0.0,1.0,0.0,289.5620525514994,791.6626516757993
1668674763.0083437,2.732,-0.0019999999999997,-0.00044117,-1.4490000000000032e-05,1.0,0.0,791.0835275706964,0.0,791.0835275706964
1668674824.0602767,2.732,0.0,-0.00044117,0.0,1.0,0.0,791.0835275706964,0.0,791.0835275706964
1668674884.3715994,2.731,-0.0010000000000003,-0.00052727,-8.610000000000003e-05,1.0,0.0,791.0835275706964,0.0,791.0835275706964
1668674943.8465345,2.729,-0.0019999999999997,-0.00099462,-0.00046735,1.0,0.0,791.0835275706964,0.0,791.0835275706964
1668675004.715985,2.729,0.0,-0.00099462,0.0,1.0,0.0,791.0835275706964,0.0,791.0835275706964
1668675065.1566558,2.729,0.0,-0.00099462,0.0,1.0,0.0,791.0835275706964,0.0,791.0835275706964
1668675124.8388908,2.731,0.0019999999999997,-0.0009399,5.472000000000007e-05,0.0,1.0,0.0,289.6680803993762,791.0835275706963
1668675195.3800206,2.731,0.0,-0.0009399,0.0,0.0,1.0,0.0,289.6680803993762,791.0835275706963
1668675246.09572,2.727,-0.004,-0.00120541,-0.00026551,1.0,0.0,789.9248552490989,0.0,789.9248552490989
1668675305.392677,2.725,-0.0019999999999997,-0.00155924,-0.0003538299999999,1.0,0.0,789.9248552490989,0.0,789.9248552490989
1668675366.84332,2.724,-0.0009999999999998,-0.00163901,-7.977000000000006e-05,1.0,0.0,789.9248552490989,0.0,789.9248552490989
1668675426.5168293,2.725,0.0009999999999998,-0.00188027,-0.00024126,1.0,0.0,789.9248552490989,0.0,789.9248552490989
1668675486.6139212,2.725,0.0,-0.00188027,0.0,1.0,0.0,789.9248552490989,0.0,789.9248552490989
1668675547.5816066,2.725,0.0,-0.00188027,0.0,1.0,0.0,789.9248552490989,0.0,789.9248552490989
1668675607.2848632,2.725,0.0,-0.00188027,0.0,1.0,0.0,789.9248552490989,0.0,789.9248552490989
1668675666.9995432,2.73,0.0049999999999998,-0.00164901,0.00023126,0.0,1.0,0.0,289.34976382750875,789.9248552490989
1668675728.0373263,2.73,0.0,-0.00164901,0.0,0.0,1.0,0.0,289.34976382750875,789.9248552490989
1668675788.028874,2.73,0.0,-0.00164901,0.0,0.0,1.0,0.0,289.34976382750875,789.9248552490989
1668675848.234097,2.73,0.0,-0.00164901,0.0,0.0,1.0,0.0,289.34976382750875,789.9248552490989
1668675909.066061,2.729,-0.0009999999999998,-0.0015288,0.0001202099999999,0.0,1.0,0.0,289.34976382750875,789.6355054852714
1668675969.0080748,2.729,0.0,-0.0015288,0.0,0.0,1.0,0.0,289.34976382750875,789.6355054852714
1668676029.1042316,2.729,0.0,-0.0015288,0.0,0.0,1.0,0.0,289.34976382750875,789.6355054852714
1668676089.717868,2.729,0.0,-0.0015288,0.0,0.0,1.0,0.0,289.34976382750875,789.6355054852714
1668676149.7236185,2.729,0.0,-0.0015288,0.0,0.0,1.0,0.0,289.34976382750875,789.6355054852714
1668676209.78932,2.729,0.0,-0.0015288,0.0,0.0,1.0,0.0,289.34976382750875,789.6355054852714
1668676270.588738,2.733,0.004,-0.0010981,0.0004307,0.0,1.0,0.0,289.34976382750875,790.7929045405815
1668676330.6324806,2.733,0.0,-0.00074815,0.00034995,0.0,1.0,0.0,289.34976382750875,790.7929045405815
1668676390.6250267,2.733,0.0,-0.00074815,0.0,0.0,1.0,0.0,289.34976382750875,790.7929045405815
1668676451.9202917,2.73,-0.0030000000000001,-0.00070477,4.338000000000009e-05,0.0,1.0,0.0,289.34976382750875,789.9248552490989
1668676512.041238,2.727,-0.0030000000000001,-0.00094408,-0.00023931,1.0,0.0,789.0568059576163,0.0,789.0568059576163
1668676572.081663,2.727,0.0,-0.00108683,-0.0001427499999999,1.0,0.0,789.0568059576163,0.0,789.0568059576163
1668676632.8214295,2.727,0.0,-0.00108683,0.0,1.0,0.0,789.0568059576163,0.0,789.0568059576163
1668676692.8857267,2.718,-0.0089999999999998,-0.00270772,-0.0016208899999999,1.0,0.0,789.0568059576163,0.0,789.0568059576163
1668676752.7758255,2.718,0.0,-0.00270772,0.0,1.0,0.0,789.0568059576163,0.0,789.0568059576163
1668676813.6410053,2.718,0.0,-0.00270772,0.0,1.0,0.0,789.0568059576163,0.0,789.0568059576163
1668676873.686826,2.724,0.0060000000000002,-0.00264024,6.747999999999997e-05,0.0,1.0,0.0,289.6684309682879,789.0568059576163
1668676933.4065754,2.724,0.0,-0.00264024,0.0,0.0,1.0,0.0,289.6684309682879,789.0568059576163
1668676994.485665,2.721,-0.0030000000000001,-0.0027966,-0.00015636,1.0,0.0,788.1878006647114,0.0,788.1878006647114
1668677054.2518623,2.713,-0.008,-0.003587,-0.0007903999999999,1.0,0.0,788.1878006647114,0.0,788.1878006647114
1668677114.2504404,2.714,0.0009999999999998,-0.00421072,-0.00062372,1.0,0.0,788.1878006647114,0.0,788.1878006647114
1668677175.1985147,2.72,0.0060000000000002,-0.00373208,0.00047864,0.0,1.0,0.0,289.7749267149674,788.1878006647114
1668677235.2007732,2.719,-0.0010000000000003,-0.00365206,8.002000000000009e-05,0.0,1.0,0.0,289.7749267149674,787.8980257379964
1668677295.5078287,2.719,0.0,-0.00354775,0.0001043099999999,0.0,1.0,0.0,289.7749267149674,787.8980257379964
1668677355.9748783,2.719,0.0,-0.00354775,0.0,0.0,1.0,0.0,289.7749267149674,787.8980257379964
1668677415.9171166,2.719,0.0,-0.00342559,0.00012216,0.0,1.0,0.0,289.7749267149674,787.8980257379964
1668677475.7978094,2.719,0.0,-0.00342559,0.0,0.0,1.0,0.0,289.7749267149674,787.8980257379964
1668677536.6260967,2.717,-0.0019999999999997,-0.00345039,-2.479999999999973e-05,1.0,0.0,787.3184758845665,0.0,787.3184758845665
1668677596.7243593,2.708,-0.0089999999999998,-0.00464809,-0.0011977,1.0,0.0,787.3184758845665,0.0,787.3184758845665
1668677656.715366,2.704,-0.004,-0.00549043,-0.00084234,1.0,0.0,787.3184758845665,0.0,787.3184758845665
1668677717.5528624,2.703,-0.0010000000000003,-0.0055702,-7.976999999999984e-05,1.0,0.0,787.3184758845665,0.0,787.3184758845665
1668677777.6289842,2.704,0.0010000000000003,-0.00614668,-0.0005764799999999,1.0,0.0,787.3184758845665,0.0,787.3184758845665
1668677837.8297207,2.717,0.0129999999999999,-0.00459604,0.0015506399999999,0.0,1.0,0.0,289.7749267149674,787.3184758845665
1668677898.626173,2.713,-0.004,-0.00491513,-0.00031909,1.0,0.0,786.1593761777067,0.0,786.1593761777067
1668677958.4842343,2.713,0.0,-0.00491513,0.0,1.0,0.0,786.1593761777067,0.0,786.1593761777067
1668678018.4844036,2.71,-0.0030000000000001,-0.00462892,0.00028621,0.0,1.0,0.0,290.09571076668146,786.1593761777068
1668678079.1677074,2.71,0.0,-0.00462892,0.0,0.0,1.0,0.0,290.09571076668146,786.1593761777068
1668678139.108242,2.71,0.0,-0.00462892,0.0,0.0,1.0,0.0,290.09571076668146,786.1593761777068
1668678199.0327373,2.717,0.0070000000000001,-0.00389531,0.00073361,0.0,1.0,0.0,290.09571076668146,788.1900461530736
1668678260.877257,2.715,-0.0020000000000002,-0.00405485,-0.0001595399999999,1.0,0.0,787.6098547315402,0.0,787.6098547315402
1668678320.6889422,2.719,0.004,-0.00323978,0.0008150699999999,0.0,1.0,0.0,289.6689425272307,787.6098547315402
1668678380.820166,2.716,-0.0029999999999996,-0.00280359,0.0004361899999999,0.0,1.0,0.0,289.6689425272307,786.7408479039586
1668678441.5753677,2.721,0.0049999999999998,-0.00203103,0.0007725599999999,0.0,1.0,0.0,289.6689425272307,788.1891926165947
1668678501.618727,2.717,-0.004,-0.00235012,-0.0003190899999999,1.0,0.0,787.0305168464857,0.0,787.0305168464857
1668678561.1645849,2.715,-0.0020000000000002,-0.0021276,0.0002225199999999,0.0,1.0,0.0,289.8823266469561,787.0305168464857
1668678621.9377153,2.71,-0.0049999999999998,-0.00235003,-0.00022243,1.0,0.0,785.5811052132509,0.0,785.5811052132509
1668678682.0332832,2.707,-0.0030000000000001,-0.00281385,-0.00046382,1.0,0.0,785.5811052132509,0.0,785.5811052132509
1668678742.1875389,2.707,0.0,-0.00281385,0.0,1.0,0.0,785.5811052132509,0.0,785.5811052132509
1668678803.061223,2.713,0.0060000000000002,-0.00233522,0.00047863,0.0,1.0,0.0,289.56177855261734,785.5811052132509
1668678862.7288718,2.714,0.0009999999999998,-0.00209223,0.0002429899999999,0.0,1.0,0.0,289.56177855261734,785.8706669918034
1668678922.742874,2.714,0.0,-0.00209223,0.0,0.0,1.0,0.0,289.56177855261734,785.8706669918034
1668678983.697144,2.714,0.0,-0.00209223,0.0,0.0,1.0,0.0,289.56177855261734,785.8706669918034
1668679043.700174,2.714,0.0,-0.00209223,0.0,0.0,1.0,0.0,289.56177855261734,785.8706669918034
1668679103.5567453,2.714,0.0,-0.00209223,0.0,0.0,1.0,0.0,289.56177855261734,785.8706669918034
1668679164.3764043,2.714,0.0,-0.00209223,0.0,0.0,1.0,0.0,289.56177855261734,785.8706669918034
1668679224.339758,2.714,0.0,-0.00209223,0.0,0.0,1.0,0.0,289.56177855261734,785.8706669918034
1668679284.4385223,2.714,0.0,-0.00209223,0.0,0.0,1.0,0.0,289.56177855261734,785.8706669918034
1668679345.0308623,2.714,0.0,-0.00209223,0.0,0.0,1.0,0.0,289.56177855261734,785.8706669918034
1668679405.0973625,2.716,0.0020000000000002,-0.00171847,0.00037376,0.0,1.0,0.0,289.56177855261734,786.4497905489087
1668679465.133323,2.716,0.0,-0.00171847,0.0,0.0,1.0,0.0,289.56177855261734,786.4497905489087
1668679526.5300286,2.715,-0.0010000000000003,-0.00122504,0.00049343,0.0,1.0,0.0,289.56177855261734,786.1602287703561
1668679586.0686357,2.715,0.0,-0.00122504,0.0,0.0,1.0,0.0,289.56177855261734,786.1602287703561
1668679646.0239043,2.715,0.0,-0.00122504,0.0,0.0,1.0,0.0,289.56177855261734,786.1602287703561
1668679706.9013698,2.72,0.0050000000000003,-0.00041297,0.0008120699999999,0.0,1.0,0.0,289.56177855261734,787.6080376631193
1668679766.9089377,2.716,-0.004,-0.00073206,-0.0003190899999999,1.0,0.0,786.4497905489087,0.0,786.4497905489087
1668679826.920349,2.716,0.0,-0.00073206,0.0,1.0,0.0,786.4497905489087,0.0,786.4497905489087
1668679889.0170946,2.716,0.0,-0.00073206,0.0,1.0,0.0,786.4497905489087,0.0,786.4497905489087
1668679947.727788,2.715,-0.0010000000000003,-0.00060365,0.00012841,0.0,1.0,0.0,289.66843114140283,786.4497905489087
1668680007.789152,2.715,0.0,-0.00060365,0.0,0.0,1.0,0.0,289.66843114140283,786.4497905489087
1668680069.0990362,2.716,0.0010000000000003,-0.000359,0.0002446499999999,0.0,1.0,0.0,289.66843114140283,786.7394589800501
1668680128.921486,2.716,0.0,-0.000359,0.0,0.0,1.0,0.0,289.66843114140283,786.7394589800501
1668680188.9314024,2.716,0.0,-0.000359,0.0,0.0,1.0,0.0,289.66843114140283,786.7394589800501
1668680250.1322987,2.716,0.0,-0.000359,0.0,0.0,1.0,0.0,289.66843114140283,786.7394589800501
1668680309.772948,2.716,0.0,-0.00026836,9.064e-05,0.0,1.0,0.0,289.66843114140283,786.7394589800501
1668680369.920946,2.721,0.0049999999999998,0.00080599,0.00107435,0.0,1.0,0.0,289.66843114140283,788.1878011357571
1668680430.3559568,2.721,0.0,0.00080599,0.0,0.0,1.0,0.0,289.66843114140283,788.1878011357571
1668680490.242423,2.72,-0.0009999999999998,0.00094696,0.0001409699999999,0.0,1.0,0.0,289.66843114140283,787.8981327046158
1668680550.3734498,2.72,0.0,0.00094696,0.0,0.0,1.0,0.0,289.66843114140283,787.8981327046158
1668680611.0360675,2.72,0.0,0.00094696,0.0,0.0,1.0,0.0,289.66843114140283,787.8981327046158
1668680671.201182,2.721,0.0009999999999998,0.00112639,0.0001794299999999,0.0,1.0,0.0,289.66843114140283,788.1878011357571
1668680731.2385163,2.724,0.0030000000000001,0.00149344,0.00036705,0.0,1.0,0.0,289.66843114140283,789.0568064291814
1668680792.4878876,2.724,0.0,0.00220224,0.0007087999999999,0.0,1.0,0.0,289.66843114140283,789.0568064291814
1668680852.160961,2.722,-0.0020000000000002,0.00211095,-9.128999999999996e-05,1.0,0.0,788.4774695668985,0.0,788.4774695668985
1668680912.2274072,2.722,0.0,0.00211095,0.0,1.0,0.0,788.4774695668985,0.0,788.4774695668985
1668680972.9159884,2.72,-0.0019999999999997,0.00185582,-0.0002551299999999,1.0,0.0,788.4774695668985,0.0,788.4774695668985
1668681032.9868972,2.717,-0.0030000000000001,0.00139547,-0.00046035,1.0,0.0,788.4774695668985,0.0,788.4774695668985
1668681092.9558327,2.716,-0.0009999999999998,0.00057088,-0.00082459,1.0,0.0,788.4774695668985,0.0,788.4774695668985
1668681153.6641843,2.716,0.0,0.00057088,0.0,1.0,0.0,788.4774695668985,0.0,788.4774695668985
1668681213.6958923,2.715,-0.0010000000000003,0.0001961,-0.0003747799999999,1.0,0.0,788.4774695668985,0.0,788.4774695668985
1668681273.721062,2.714,-0.0009999999999998,-0.00041021,-0.00060631,1.0,0.0,788.4774695668985,0.0,788.4774695668985
1668681334.7116296,2.714,0.0,-0.00077194,-0.00036173,1.0,0.0,788.4774695668985,0.0,788.4774695668985
1668681394.591854,2.713,-0.0009999999999998,-0.00085171,-7.976999999999995e-05,1.0,0.0,788.4774695668985,0.0,788.4774695668985
1668681454.5940504,2.714,0.0009999999999998,-0.00098314,-0.0001314299999999,1.0,0.0,788.4774695668985,0.0,788.4774695668985
1668681515.7206552,2.714,0.0,-0.00098314,0.0,1.0,0.0,788.4774695668985,0.0,788.4774695668985
1668681575.6516583,2.714,0.0,-0.00098314,0.0,1.0,0.0,788.4774695668985,0.0,788.4774695668985
1668681635.4558334,2.714,0.0,-0.00107491,-9.177000000000012e-05,1.0,0.0,788.4774695668985,0.0,788.4774695668985
1668681696.1315818,2.717,0.0030000000000001,-0.00089524,0.00017967,0.0,1.0,0.0,290.2014978163042,788.4774695668985
1668681756.4140708,2.72,0.0030000000000001,-0.00065593,0.0002393099999999,0.0,1.0,0.0,290.2014978163042,789.3480740603475
1668681816.1525576,2.72,0.0,-0.00065593,0.0,0.0,1.0,0.0,290.2014978163042,789.3480740603475
1668681877.2995214,2.721,0.0009999999999998,-0.00024041,0.0004155199999999,0.0,1.0,0.0,290.2014978163042,789.6382755581637
1668681937.248505,2.721,0.0,-0.00024041,0.0,0.0,1.0,0.0,290.2014978163042,789.6382755581637
1668681997.217342,2.721,0.0,-0.00024041,0.0,0.0,1.0,0.0,290.2014978163042,789.6382755581637
1668682058.059857,2.721,0.0,-0.00024041,0.0,0.0,1.0,0.0,290.2014978163042,789.6382755581637
1668682118.0473597,2.721,0.0,-0.00024041,0.0,0.0,1.0,0.0,290.2014978163042,789.6382755581637
1668682178.0392823,2.722,0.0009999999999998,0.00016764,0.0004080499999999,0.0,1.0,0.0,290.2014978163042,789.92847705598
1668682238.886532,2.722,0.0,0.00016764,0.0,0.0,1.0,0.0,290.2014978163042,789.92847705598
1668682298.8313398,2.721,-0.0009999999999998,0.00040566,0.00023802,0.0,1.0,0.0,290.2014978163042,789.6382755581637
1668682358.790547,2.716,-0.0049999999999998,1.649e-05,-0.00038917,1.0,0.0,788.1872680690823,0.0,788.1872680690823
1668682419.6324017,2.716,0.0,1.649e-05,0.0,1.0,0.0,788.1872680690823,0.0,788.1872680690823
1668682479.6402495,2.716,0.0,1.649e-05,0.0,1.0,0.0,788.1872680690823,0.0,788.1872680690823
1668682539.6975424,2.716,0.0,1.649e-05,0.0,1.0,0.0,788.1872680690823,0.0,788.1872680690823
1668682600.573007,2.716,0.0,1.649e-05,0.0,1.0,0.0,788.1872680690823,0.0,788.1872680690823
1668682660.5704074,2.715,-0.0010000000000003,-0.00024124,-0.0002577299999999,1.0,0.0,788.1872680690823,0.0,788.1872680690823
1668682720.628288,2.715,0.0,-0.00039709,-0.00015585,1.0,0.0,788.1872680690823,0.0,788.1872680690823
1668682781.3918653,2.715,0.0,-0.00039709,0.0,1.0,0.0,788.1872680690823,0.0,788.1872680690823
1668682841.4384732,2.715,0.0,-0.00039709,0.0,1.0,0.0,788.1872680690823,0.0,788.1872680690823
1668682901.575822,2.715,0.0,-0.00039709,0.0,1.0,0.0,788.1872680690823,0.0,788.1872680690823
1668682962.121527,2.715,0.0,-0.00039709,0.0,1.0,0.0,788.1872680690823,0.0,788.1872680690823
1668683022.1057816,2.715,0.0,-0.00039709,0.0,1.0,0.0,788.1872680690823,0.0,788.1872680690823
1668683082.528379,2.715,0.0,-0.00039709,0.0,1.0,0.0,788.1872680690823,0.0,788.1872680690823
1668683143.4387453,2.717,0.0020000000000002,-0.00035513,4.196000000000001e-05,0.0,1.0,0.0,290.09468828453527,788.1872680690824
1668683203.135584,2.716,-0.0009999999999998,-0.0004349,-7.977e-05,1.0,0.0,787.8971733807979,0.0,787.8971733807979
1668683263.4486916,2.722,0.0059999999999997,1.907e-05,0.00045397,0.0,1.0,0.0,289.4552437108001,787.8971733807979
1668683324.342645,2.731,0.0089999999999998,0.00109247,0.0010734,0.0,1.0,0.0,289.4552437108001,790.5022705741951
1668683384.0799413,2.728,-0.0029999999999996,0.00174328,0.00065081,0.0,1.0,0.0,289.4552437108001,789.6339048430627
1668683443.9049747,2.729,0.0009999999999998,0.00182305,7.977000000000006e-05,0.0,1.0,0.0,289.4552437108001,789.9233600867735
1668683504.6035435,2.727,-0.0020000000000002,0.00215263,0.0003295799999999,0.0,1.0,0.0,289.4552437108001,789.3444495993518
1668683564.785894,2.731,0.004,0.0027054,0.00055277,0.0,1.0,0.0,289.4552437108001,790.5022705741951
1668683624.7524517,2.731,0.0,0.0027054,0.0,0.0,1.0,0.0,289.4552437108001,790.5022705741951
1668683685.799321,2.728,-0.0029999999999996,0.0029633,0.0002578999999999,0.0,1.0,0.0,289.4552437108001,789.6339048430627
1668683745.5579865,2.728,0.0,0.0029633,0.0,0.0,1.0,0.0,289.4552437108001,789.6339048430627
1668683805.6810784,2.729,0.0009999999999998,0.00308371,0.00012041,0.0,1.0,0.0,289.4552437108001,789.9233600867735
1668683866.337758,2.729,0.0,0.0031429,5.91900000000002e-05,0.0,1.0,0.0,289.4552437108001,789.9233600867735
1668683926.3660977,2.738,0.0089999999999998,0.003933,0.0007900999999999,0.0,1.0,0.0,289.4552437108001,792.5284572801708
1668683986.4531145,2.735,-0.0030000000000001,0.00420539,0.0002723899999999,0.0,1.0,0.0,289.4552437108001,791.6600915490383
1668684047.1576366,2.733,-0.0019999999999997,0.00396497,-0.0002404199999999,1.0,0.0,791.0811810616168,0.0,791.0811810616168
1668684107.1442275,2.73,-0.0030000000000001,0.0037421,-0.00022287,1.0,0.0,791.0811810616168,0.0,791.0811810616168
1668684167.1514904,2.73,0.0,0.0037421,0.0,1.0,0.0,791.0811810616168,0.0,791.0811810616168
1668684228.0903742,2.73,0.0,0.0037421,0.0,1.0,0.0,791.0811810616168,0.0,791.0811810616168
1668684287.9703383,2.729,-0.0009999999999998,0.00344508,-0.0002970199999999,1.0,0.0,791.0811810616168,0.0,791.0811810616168
1668684408.9384756,2.726,-0.0030000000000001,0.00256136,-0.00088372,1.0,0.0,791.0811810616168,0.0,791.0811810616168
1668684468.9120784,2.726,0.0,0.00256136,0.0,1.0,0.0,791.0811810616168,0.0,791.0811810616168
1668684529.1273315,2.725,-0.0009999999999998,0.00209811,-0.00046325,1.0,0.0,791.0811810616168,0.0,791.0811810616168
1668684589.8531754,2.726,0.0009999999999998,0.00179103,-0.0003070799999999,1.0,0.0,791.0811810616168,0.0,791.0811810616168
1668684649.9206574,2.726,0.0,0.00179103,0.0,1.0,0.0,791.0811810616168,0.0,791.0811810616168
1668684709.612447,2.728,0.0020000000000002,0.00168957,-0.00010146,1.0,0.0,791.0811810616168,0.0,791.0811810616168
1668684770.5888014,2.728,0.0,0.00159083,-9.874000000000016e-05,1.0,0.0,791.0811810616168,0.0,791.0811810616168
1668684830.4053764,2.726,-0.0020000000000002,0.00133579,-0.00025504,1.0,0.0,791.0811810616168,0.0,791.0811810616168
1668684890.3432174,2.73,0.004,0.00165488,0.00031909,0.0,1.0,0.0,289.77332639619664,791.0811810616168
1668684951.7373977,2.73,0.0,0.00165488,0.0,0.0,1.0,0.0,289.77332639619664,791.0811810616168
1668685010.7834754,2.73,0.0,0.00165488,0.0,0.0,1.0,0.0,289.77332639619664,791.0811810616168
1668685070.568,2.73,0.0,0.00165488,0.0,0.0,1.0,0.0,289.77332639619664,791.0811810616168
1668685131.977421,2.733,0.0030000000000001,0.00192552,0.0002706399999999,0.0,1.0,0.0,289.77332639619664,791.9505010408054
1668685190.400893,2.732,-0.0009999999999998,0.00203584,0.00011032,0.0,1.0,0.0,289.77332639619664,791.6607277144093
1668685250.414057,2.734,0.0019999999999997,0.00219539,0.00015955,0.0,1.0,0.0,289.77332639619664,792.2402743672016
1668685310.4957333,2.734,0.0,0.00219539,0.0,0.0,1.0,0.0,289.77332639619664,792.2402743672016
1668685370.4512866,2.734,0.0,0.00219539,0.0,0.0,1.0,0.0,289.77332639619664,792.2402743672016
1668685430.6244514,2.729,-0.0049999999999998,0.00198294,-0.00021245,1.0,0.0,790.7914077352207,0.0,790.7914077352207
1668685490.4383645,2.732,0.0030000000000001,0.00222226,0.00023932,0.0,1.0,0.0,289.4551272822916,790.7914077352207
1668685550.523679,2.73,-0.0020000000000002,0.00205844,-0.00016382,1.0,0.0,790.212497480656,0.0,790.212497480656
1668685610.4087095,2.73,0.0,0.00190664,-0.0001517999999999,1.0,0.0,790.212497480656,0.0,790.212497480656
1668685670.6151288,2.729,-0.0009999999999998,0.00182687,-7.977000000000006e-05,1.0,0.0,790.212497480656,0.0,790.212497480656
1668685730.526701,2.729,0.0,0.00182687,0.0,1.0,0.0,790.212497480656,0.0,790.212497480656
1668685790.7922444,2.729,0.0,0.00182687,0.0,1.0,0.0,790.212497480656,0.0,790.212497480656
1668685850.5484908,2.729,0.0,0.00182687,0.0,1.0,0.0,790.212497480656,0.0,790.212497480656
1668685910.906582,2.738,0.0089999999999998,0.00265831,0.00083144,0.0,1.0,0.0,288.60938549330024,790.212497480656
1668685970.5656374,2.738,0.0,0.00265831,0.0,0.0,1.0,0.0,288.60938549330024,790.212497480656
1668686030.3120558,2.739,0.0009999999999998,0.00301767,0.00035936,0.0,1.0,0.0,288.60938549330024,790.5011068661494
1668686090.6606014,2.739,0.0,0.00301767,0.0,0.0,1.0,0.0,288.60938549330024,790.5011068661494
1668686160.4686382,2.731,-0.008,0.00262666,-0.00039101,1.0,0.0,788.192231782203,0.0,788.192231782203
1668686210.3621993,2.734,0.0030000000000001,0.00252969,-9.697000000000004e-05,1.0,0.0,788.192231782203,0.0,788.192231782203
1668686280.443722,2.731,-0.0030000000000001,0.00212398,-0.0004057099999999,1.0,0.0,788.192231782203,0.0,788.192231782203
1668686330.4092233,2.73,-0.0009999999999998,0.00204421,-7.977000000000027e-05,1.0,0.0,788.192231782203,0.0,788.192231782203
1668686400.707656,2.73,0.0,0.00204421,0.0,1.0,0.0,788.192231782203,0.0,788.192231782203
1668686470.757048,2.735,0.0049999999999998,0.00210191,5.769999999999994e-05,0.0,1.0,0.0,288.18728767173786,788.1922317822031
1668686510.613239,2.732,-0.0029999999999996,0.00186259,-0.0002393199999999,1.0,0.0,787.3276699191879,0.0,787.3276699191879
1668686570.5575695,2.732,0.0,0.00186259,0.0,1.0,0.0,787.3276699191879,0.0,787.3276699191879
1668686630.7231245,2.732,0.0,0.00186259,0.0,1.0,0.0,787.3276699191879,0.0,787.3276699191879
1668686690.899368,2.729,-0.0030000000000001,0.00145976,-0.0004028299999999,1.0,0.0,787.3276699191879,0.0,787.3276699191879
1668686750.4266424,2.729,0.0,0.00145976,0.0,1.0,0.0,787.3276699191879,0.0,787.3276699191879
1668686820.7807074,2.728,-0.0009999999999998,0.00120572,-0.00025404,1.0,0.0,787.3276699191879,0.0,787.3276699191879
1668686870.7022204,2.728,0.0,0.00120572,0.0,1.0,0.0,787.3276699191879,0.0,787.3276699191879
1668686930.55581,2.728,0.0,0.00120572,0.0,1.0,0.0,787.3276699191879,0.0,787.3276699191879
1668687000.5969,2.729,0.0009999999999998,0.00089553,-0.00031019,1.0,0.0,787.3276699191879,0.0,787.3276699191879
1668687050.6485095,2.729,0.0,0.00064229,-0.0002532399999999,1.0,0.0,787.3276699191879,0.0,787.3276699191879
1668687110.4911468,2.732,0.0030000000000001,0.00079907,0.00015678,0.0,1.0,0.0,288.18728767173786,787.3276699191879
1668687170.5853138,2.732,0.0,0.00078779,-1.1280000000000014e-05,1.0,0.0,787.3276699191879,0.0,787.3276699191879
1668687230.4210873,2.727,-0.0050000000000003,0.00037112,-0.00041667,1.0,0.0,787.3276699191879,0.0,787.3276699191879
1668687290.5623012,2.725,-0.0019999999999997,-0.0001191,-0.00049022,1.0,0.0,787.3276699191879,0.0,787.3276699191879
1668687350.430424,2.728,0.0030000000000001,-0.00026251,-0.0001434099999999,1.0,0.0,787.3276699191879,0.0,787.3276699191879
1668687410.46023,2.728,0.0,-0.00026251,0.0,1.0,0.0,787.3276699191879,0.0,787.3276699191879
1668687470.5326009,2.728,0.0,-0.00026251,0.0,1.0,0.0,787.3276699191879,0.0,787.3276699191879
1668687530.4243157,2.728,0.0,-0.00026251,0.0,1.0,0.0,787.3276699191879,0.0,787.3276699191879
1668687590.4238708,2.727,-0.0010000000000003,-0.00045165,-0.00018914,1.0,0.0,787.3276699191879,0.0,787.3276699191879
1668687650.9164312,2.726,-0.0009999999999998,-0.00067446,-0.00022281,1.0,0.0,787.3276699191879,0.0,787.3276699191879
1668687710.5737307,2.726,0.0,-0.00067446,0.0,1.0,0.0,787.3276699191879,0.0,787.3276699191879
1668687790.561675,2.727,0.0009999999999998,-0.00051318,0.0001612799999999,0.0,1.0,0.0,288.71568387208947,787.327669919188
1668687830.469107,2.727,0.0,-0.00051318,0.0,0.0,1.0,0.0,288.71568387208947,787.327669919188
1668687890.6170406,2.727,0.0,-0.00051318,0.0,0.0,1.0,0.0,288.71568387208947,787.327669919188
1668687950.817056,2.728,0.0010000000000003,-0.00054545,-3.226999999999993e-05,1.0,0.0,787.6163856030602,0.0,787.6163856030602
1668688010.6930509,2.73,0.0019999999999997,-0.00038591,0.0001595399999999,0.0,1.0,0.0,288.5041705505715,787.6163856030602
1668688070.6515903,2.73,0.0,-0.00038591,0.0,0.0,1.0,0.0,288.5041705505715,787.6163856030602
1668688140.8096538,2.73,0.0,-0.00038591,0.0,0.0,1.0,0.0,288.5041705505715,787.6163856030602
1668688190.7291875,2.725,-0.0049999999999998,-0.00068066,-0.00029475,1.0,0.0,786.1738647503073,0.0,786.1738647503073
1668688250.3481045,2.725,0.0,-0.00068066,0.0,1.0,0.0,786.1738647503073,0.0,786.1738647503073
1668688310.6327047,2.725,0.0,-0.00068066,0.0,1.0,0.0,786.1738647503073,0.0,786.1738647503073
1668688380.637919,2.73,0.0049999999999998,-0.00029998,0.00038068,0.0,1.0,0.0,287.9757746338122,786.1738647503073
1668688430.4938235,2.729,-0.0009999999999998,-0.00037975,-7.977e-05,1.0,0.0,785.8858889756735,0.0,785.8858889756735
1668688490.7400236,2.729,0.0,-0.00033981,3.993999999999997e-05,0.0,1.0,0.0,287.9757746338122,785.8858889756735
1668688550.7115576,2.728,-0.0009999999999998,-0.000415,-7.518999999999999e-05,1.0,0.0,785.5979132010398,0.0,785.5979132010398
1668688610.5100298,2.728,0.0,-0.000415,0.0,1.0,0.0,785.5979132010398,0.0,785.5979132010398
1668688670.5773098,2.726,-0.0020000000000002,-0.00059376,-0.00017876,1.0,0.0,785.5979132010398,0.0,785.5979132010398
1668688730.4251578,2.723,-0.0030000000000001,-0.00096637,-0.00037261,1.0,0.0,785.5979132010398,0.0,785.5979132010398
1668688790.6647336,2.728,0.0050000000000003,-0.00056751,0.00039886,0.0,1.0,0.0,287.9757746338122,785.5979132010398
1668688850.6954317,2.728,0.0,-0.00051314,5.436999999999998e-05,0.0,1.0,0.0,287.9757746338122,785.5979132010398
1668688910.579894,2.726,-0.0020000000000002,-0.00067268,-0.00015954,1.0,0.0,785.021961651772,0.0,785.021961651772
1668688970.5372226,2.725,-0.0009999999999998,-0.00084837,-0.0001756899999999,1.0,0.0,785.021961651772,0.0,785.021961651772
1668689030.7031262,2.724,-0.0009999999999998,-0.00105611,-0.00020774,1.0,0.0,785.021961651772,0.0,785.021961651772
1668689090.8602648,2.721,-0.0030000000000001,-0.00144616,-0.0003900499999999,1.0,0.0,785.021961651772,0.0,785.021961651772
1668689150.920251,2.718,-0.0030000000000001,-0.00222095,-0.00077479,1.0,0.0,785.021961651772,0.0,785.021961651772
1668689210.850077,2.72,0.0020000000000002,-0.00226995,-4.9e-05,1.0,0.0,785.021961651772,0.0,785.021961651772
1668689271.218659,2.72,0.0,-0.00240746,-0.0001375099999999,1.0,0.0,785.021961651772,0.0,785.021961651772
1668689331.5450232,2.722,0.0019999999999997,-0.00226664,0.00014082,0.0,1.0,0.0,288.39895725634534,785.021961651772
1668689390.833005,2.725,0.0030000000000001,-0.00202732,0.0002393199999999,0.0,1.0,0.0,288.39895725634534,785.8871585235411
1668689450.7723858,2.721,-0.004,-0.00208797,-6.06500000000002e-05,1.0,0.0,784.7335626945157,0.0,784.7335626945157
1668689510.948829,2.726,0.0049999999999998,-0.00168911,0.00039886,0.0,1.0,0.0,287.8699789781789,784.7335626945159
1668689570.895658,2.722,-0.004,-0.00148527,0.00020384,0.0,1.0,0.0,287.8699789781789,783.582082778603
1668689630.732844,2.722,0.0,-0.00153133,-4.606000000000011e-05,1.0,0.0,783.582082778603,0.0,783.582082778603
1668689690.6671014,2.722,0.0,-0.00161156,-8.022999999999993e-05,1.0,0.0,783.582082778603,0.0,783.582082778603
1668689751.1006458,2.72,-0.0019999999999997,-0.00162991,-1.8350000000000094e-05,1.0,0.0,783.582082778603,0.0,783.582082778603
1668689810.8945775,2.719,-0.0010000000000003,-0.00170968,-7.977000000000006e-05,1.0,0.0,783.582082778603,0.0,783.582082778603
1668689870.8455126,2.719,0.0,-0.00170968,0.0,1.0,0.0,783.582082778603,0.0,783.582082778603
1668689931.0237975,2.719,0.0,-0.00170968,0.0,1.0,0.0,783.582082778603,0.0,783.582082778603
1668689990.773208,2.728,0.0090000000000003,-0.00092593,0.00078375,0.0,1.0,0.0,287.2368338631242,783.582082778603
1668690050.7801774,2.733,0.0049999999999998,-0.00052707,0.00039886,0.0,1.0,0.0,287.2368338631242,785.0182669479185
1668690110.6558888,2.727,-0.0060000000000002,-0.00030524,0.00022183,0.0,1.0,0.0,287.2368338631242,783.2948459447397
1668690171.004101,2.726,-0.0009999999999998,-0.00020773,9.751000000000003e-05,0.0,1.0,0.0,287.2368338631242,783.0076091108766
1668690230.748526,2.727,0.0009999999999998,-0.00012796,7.977e-05,0.0,1.0,0.0,287.2368338631242,783.2948459447397
1668690290.887065,2.716,-0.0109999999999996,-0.0008651,-0.00073714,1.0,0.0,780.1352407722454,0.0,780.1352407722454
1668690350.9328434,2.719,0.0029999999999996,-0.00062578,0.00023932,0.0,1.0,0.0,286.9199120162727,780.1352407722454
1668690410.8495617,2.716,-0.0029999999999996,-0.00165968,-0.0010339,1.0,0.0,779.2744810361967,0.0,779.2744810361967
1668690470.6660256,2.716,0.0,-0.0020874,-0.00042772,1.0,0.0,779.2744810361967,0.0,779.2744810361967
1668690530.722401,2.714,-0.0020000000000002,-0.00224695,-0.00015955,1.0,0.0,779.2744810361967,0.0,779.2744810361967
1668690590.620557,2.714,0.0,-0.00261895,-0.0003719999999999,1.0,0.0,779.2744810361967,0.0,779.2744810361967
1668690650.8138185,2.718,0.004,-0.00256146,5.7489999999999885e-05,0.0,1.0,0.0,286.70878625319966,779.2744810361967
1668690710.9676392,2.717,-0.0009999999999998,-0.00264124,-7.977999999999978e-05,1.0,0.0,778.9877722499435,0.0,778.9877722499435
1668690770.717385,2.71,-0.0070000000000001,-0.0034551,-0.00081386,1.0,0.0,778.9877722499435,0.0,778.9877722499435
1668690830.5221229,2.716,0.0060000000000002,-0.00327214,0.0001829599999999,0.0,1.0,0.0,286.8143491347362,778.9877722499435
1668690890.7005177,2.715,-0.0010000000000003,-0.00335192,-7.977999999999978e-05,1.0,0.0,778.7009579008087,0.0,778.7009579008087
1668690951.0907145,2.712,-0.0029999999999996,-0.00340367,-5.175000000000015e-05,1.0,0.0,778.7009579008087,0.0,778.7009579008087
1668691010.960812,2.712,0.0,-0.00340367,0.0,1.0,0.0,778.7009579008087,0.0,778.7009579008087
1668691071.2770083,2.707,-0.0050000000000003,-0.00383506,-0.0004313899999999,1.0,0.0,778.7009579008087,0.0,778.7009579008087
1668691130.8421402,2.707,0.0,-0.00431284,-0.00047778,1.0,0.0,778.7009579008087,0.0,778.7009579008087
1668691190.8802009,2.7,-0.0069999999999996,-0.00515063,-0.0008377899999999,1.0,0.0,778.7009579008087,0.0,778.7009579008087
1668691251.2729146,2.699,-0.0010000000000003,-0.00570219,-0.00055156,1.0,0.0,778.7009579008087,0.0,778.7009579008087
1668691311.1106343,2.705,0.0060000000000002,-0.00583616,-0.0001339699999999,1.0,0.0,778.7009579008087,0.0,778.7009579008087
1668691371.0343697,2.704,-0.0009999999999998,-0.00564189,0.0001942699999999,0.0,1.0,0.0,287.98112348402685,778.7009579008087
1668691430.9034767,2.71,0.0059999999999997,-0.00476199,0.0008799,0.0,1.0,0.0,287.98112348402685,780.4288446417128
1668691490.785174,2.705,-0.0049999999999998,-0.00515901,-0.00039702,1.0,0.0,778.9889390242927,0.0,778.9889390242927
1668691551.0571482,2.71,0.0049999999999998,-0.00420355,0.00095546,0.0,1.0,0.0,287.449792997894,778.9889390242928
1668691610.7701426,2.708,-0.0019999999999997,-0.0043631,-0.0001595499999999,1.0,0.0,778.414039438297,0.0,778.414039438297
1668691671.191425,2.707,-0.0010000000000003,-0.00401957,0.0003435299999999,0.0,1.0,0.0,287.55598058304287,778.414039438297
1668691730.9215145,2.712,0.0050000000000003,-0.00330576,0.00071381,0.0,1.0,0.0,287.55598058304287,779.8518193412123
1668691791.0178626,2.711,-0.0010000000000003,-0.00338553,-7.976999999999984e-05,1.0,0.0,779.5642633606292,0.0,779.5642633606292
1668691850.8613806,2.719,0.008,-0.00151375,0.00187178,0.0,1.0,0.0,286.7099166460571,779.5642633606292
1668691910.8779008,2.718,-0.0009999999999998,-0.00065602,0.0008577299999999,0.0,1.0,0.0,286.7099166460571,779.2775534439832
1668691970.8591623,2.703,-0.0150000000000001,-0.00154447,-0.00088845,1.0,0.0,774.9769046942922,0.0,774.9769046942922
1668692030.8509996,2.703,0.0,-0.00154447,0.0,1.0,0.0,774.9769046942922,0.0,774.9769046942922
1668692090.9029696,2.712,0.0090000000000003,-0.001255,0.00028947,0.0,1.0,0.0,285.75844568373606,774.9769046942922
1668692150.881117,2.705,-0.0070000000000001,-0.00137187,-0.00011687,1.0,0.0,772.9765955745061,0.0,772.9765955745061
1668692211.077601,2.705,0.0,-0.00163669,-0.00026482,1.0,0.0,772.9765955745061,0.0,772.9765955745061
1668692270.973964,2.703,-0.0020000000000002,-0.00210825,-0.0004715599999999,1.0,0.0,772.9765955745061,0.0,772.9765955745061
1668692331.3703964,2.708,0.0050000000000003,-0.00162186,0.0004863899999999,0.0,1.0,0.0,285.44187428896083,772.976595574506
1668692390.908077,2.703,-0.0050000000000003,-0.00193366,-0.0003118,1.0,0.0,771.5493862030611,0.0,771.5493862030611
1668692451.1788285,2.701,-0.0019999999999997,-0.00209321,-0.0001595499999999,1.0,0.0,771.5493862030611,0.0,771.5493862030611
1668692511.1199567,2.696,-0.0049999999999998,-0.0033883,-0.00129509,1.0,0.0,771.5493862030611,0.0,771.5493862030611
1668692571.5091412,2.692,-0.004,-0.00397714,-0.0005888399999999,1.0,0.0,771.5493862030611,0.0,771.5493862030611
1668692630.702835,2.697,0.0049999999999998,-0.00418088,-0.00020374,1.0,0.0,771.5493862030611,0.0,771.5493862030611
1668692690.8155105,2.7,0.0030000000000001,-0.00399105,0.0001898299999999,0.0,1.0,0.0,285.75903192705965,771.5493862030611
1668692750.9641874,2.702,0.0019999999999997,-0.0038315,0.00015955,0.0,1.0,0.0,285.75903192705965,772.1209042669152
1668692810.873094,2.704,0.0020000000000002,-0.00288108,0.00095042,0.0,1.0,0.0,285.75903192705965,772.6924223307693
1668692870.9916792,2.703,-0.0010000000000003,-0.00274273,0.0001383499999999,0.0,1.0,0.0,285.75903192705965,772.4066632988422
1668692931.1425595,2.7,-0.0029999999999996,-0.0027174,2.5330000000000057e-05,0.0,1.0,0.0,285.75903192705965,771.5493862030611
1668692991.408945,2.697,-0.0030000000000001,-0.0029059,-0.0001884999999999,1.0,0.0,770.6921091072799,0.0,770.6921091072799
1668693051.2374125,2.7,0.0030000000000001,-0.00271957,0.0001863299999999,0.0,1.0,0.0,285.4415218915851,770.6921091072799
1668693110.7398305,2.698,-0.0020000000000002,-0.00276463,-4.505999999999998e-05,1.0,0.0,770.1212260634967,0.0,770.1212260634967
1668693171.0230277,2.7,0.0020000000000002,-0.00260509,0.00015954,0.0,1.0,0.0,285.230083727221,770.1212260634967
1668693231.1032262,2.7,0.0,-0.00248571,0.00011938,0.0,1.0,0.0,285.230083727221,770.1212260634967
1668693290.925701,2.702,0.0019999999999997,-0.00208112,0.0004045899999999,0.0,1.0,0.0,285.230083727221,770.6916862309511
1668693351.1848052,2.702,0.0,-0.00208112,0.0,0.0,1.0,0.0,285.230083727221,770.6916862309511
1668693410.9445825,2.701,-0.0009999999999998,-0.00163176,0.00044936,0.0,1.0,0.0,285.230083727221,770.4064561472238
1668693470.9960015,2.701,0.0,-0.00163176,0.0,0.0,1.0,0.0,285.230083727221,770.4064561472238
1668693530.9956574,2.705,0.004,-0.00097345,0.0006583099999999,0.0,1.0,0.0,285.230083727221,771.5473764821328
1668693591.1609497,2.708,0.0030000000000001,-0.00045483,0.00051862,0.0,1.0,0.0,285.230083727221,772.4030667333144
1668693650.7721536,2.709,0.0009999999999998,-0.00037506,7.977e-05,0.0,1.0,0.0,285.230083727221,772.6882968170416
1668693711.1457393,2.709,0.0,-0.00037506,0.0,0.0,1.0,0.0,285.230083727221,772.6882968170416
1668693770.959016,2.713,0.004,0.00078667,0.00116173,0.0,1.0,0.0,285.230083727221,773.8292171519505
1668693831.2877307,2.713,0.0,0.00078667,0.0,0.0,1.0,0.0,285.230083727221,773.8292171519505
1668693891.181744,2.713,0.0,0.00131723,0.00053056,0.0,1.0,0.0,285.230083727221,773.8292171519505
1668693950.8596425,2.713,0.0,0.00131723,0.0,0.0,1.0,0.0,285.230083727221,773.8292171519505
1668694011.138511,2.713,0.0,0.0017179,0.00040067,0.0,1.0,0.0,285.230083727221,773.8292171519505
1668694070.7887726,2.709,-0.004,0.00139882,-0.00031908,1.0,0.0,772.6882968170416,0.0,772.6882968170416
1668694131.1261773,2.703,-0.0060000000000002,0.00096816,-0.00043066,1.0,0.0,772.6882968170416,0.0,772.6882968170416
1668694190.8293538,2.699,-0.004,0.00023904,-0.00072912,1.0,0.0,772.6882968170416,0.0,772.6882968170416
1668694250.943472,2.709,0.0100000000000002,0.00101801,0.0007789699999999,0.0,1.0,0.0,285.230083727221,772.6882968170416
1668694311.0289588,2.702,-0.0070000000000001,0.00045961,-0.0005583999999999,1.0,0.0,770.6916862309511,0.0,770.6916862309511
1668694370.9505465,2.702,0.0,0.00012718,-0.00033243,1.0,0.0,770.6916862309511,0.0,770.6916862309511
1668694430.7609186,2.702,0.0,0.00012718,0.0,1.0,0.0,770.6916862309511,0.0,770.6916862309511
1668694490.81848,2.702,0.0,-0.00013471,-0.00026189,1.0,0.0,770.6916862309511,0.0,770.6916862309511
1668694550.9128528,2.709,0.0070000000000001,0.0003107,0.00044541,0.0,1.0,0.0,284.4930550870989,770.691686230951
1668694610.873165,2.709,0.0,0.0003107,0.0,0.0,1.0,0.0,284.4930550870989,770.691686230951
1668694670.8970137,2.705,-0.004,0.0002466,-6.410000000000004e-05,1.0,0.0,769.5537140106026,0.0,769.5537140106026
1668694731.302729,2.705,0.0,0.0002466,0.0,1.0,0.0,769.5537140106026,0.0,769.5537140106026
1668694791.3575094,2.704,-0.0009999999999998,-0.00042269,-0.0006692899999999,1.0,0.0,769.5537140106026,0.0,769.5537140106026
1668694851.380322,2.702,-0.0020000000000002,-0.00056023,-0.00013754,1.0,0.0,769.5537140106026,0.0,769.5537140106026
1668694912.0433564,2.709,0.0070000000000001,0.00014315,0.00070338,0.0,1.0,0.0,284.072984130898,769.5537140106026
1668694972.1421986,2.706,-0.0030000000000001,8.011e-05,-6.304e-05,1.0,0.0,768.7014950582101,0.0,768.7014950582101
1668695032.120674,2.707,0.0009999999999998,0.00023458,0.0001544699999999,0.0,1.0,0.0,283.96804398160697,768.7014950582101
1668695093.4816062,2.702,-0.0049999999999998,-0.00016912,-0.0004037,1.0,0.0,767.281654838302,0.0,767.281654838302
1668695191.101164,2.704,0.0020000000000002,-7.575e-05,9.337e-05,0.0,1.0,0.0,283.7580084461176,767.281654838302
1668695213.5667727,2.701,-0.0030000000000001,-0.00061241,-0.00053666,1.0,0.0,766.4303808129638,0.0,766.4303808129638
1668695276.551714,2.701,0.0,-0.0007759,-0.00016349,1.0,0.0,766.4303808129638,0.0,766.4303808129638
1668695336.383785,2.704,0.0030000000000001,-0.00059424,0.00018166,0.0,1.0,0.0,283.44318817047474,766.4303808129638
1668695396.3849502,2.701,-0.0030000000000001,-0.00074695,-0.00015271,1.0,0.0,765.5800512484523,0.0,765.5800512484523
1668695457.043948,2.704,0.0030000000000001,-0.00061877,0.0001281799999999,0.0,1.0,0.0,283.128717177682,765.5800512484522
1668695517.2516267,2.707,0.0029999999999996,-0.00027198,0.00034679,0.0,1.0,0.0,283.128717177682,766.4294373999852
1668695577.1481528,2.707,0.0,-0.00027198,0.0,0.0,1.0,0.0,283.128717177682,766.4294373999852
1668695638.0216196,2.707,0.0,2.82e-06,0.0002748,0.0,1.0,0.0,283.128717177682,766.4294373999852
1668695698.1312644,2.707,0.0,2.82e-06,0.0,0.0,1.0,0.0,283.128717177682,766.4294373999852
1668695758.0455573,2.708,0.0010000000000003,0.00029787,0.00029505,0.0,1.0,0.0,283.128717177682,766.712566117163
1668695818.9241843,2.712,0.004,0.00109108,0.0007932099999999,0.0,1.0,0.0,283.128717177682,767.8450809858737
1668695878.9069233,2.71,-0.0020000000000002,0.00129057,0.00019949,0.0,1.0,0.0,283.128717177682,767.2788235515183
1668695938.9075809,2.71,0.0,0.00129057,0.0,0.0,1.0,0.0,283.128717177682,767.2788235515183
1668695999.7021554,2.71,0.0,0.00143215,0.00014158,0.0,1.0,0.0,283.128717177682,767.2788235515183
1668696059.7209606,2.708,-0.0019999999999997,0.00124404,-0.00018811,1.0,0.0,766.712566117163,0.0,766.712566117163
1668696119.6434336,2.712,0.004,0.00156312,0.00031908,0.0,1.0,0.0,282.71112319954386,766.712566117163
1668696180.6652036,2.716,0.004,0.00248254,0.00091942,0.0,1.0,0.0,282.71112319954386,767.8434106099612
1668696240.5461397,2.717,0.0009999999999998,0.00283999,0.00035745,0.0,1.0,0.0,282.71112319954386,768.1261217331607
1668696300.5224175,2.717,0.0,0.00308768,0.00024769,0.0,1.0,0.0,282.71112319954386,768.1261217331607
1668696361.6537216,2.715,-0.0020000000000002,0.0031486,6.09199999999999e-05,0.0,1.0,0.0,282.71112319954386,767.5606994867616
1668696421.5858405,2.72,0.0050000000000003,0.00349681,0.0003482099999999,0.0,1.0,0.0,282.71112319954386,768.9742551027593
1668696481.6137698,2.715,-0.0050000000000003,0.00333091,-0.0001659,1.0,0.0,767.5606994867616,0.0,767.5606994867616
1668696542.5344367,2.715,0.0,0.00333091,0.0,1.0,0.0,767.5606994867616,0.0,767.5606994867616
1668696602.655825,2.715,0.0,0.00316297,-0.0001679399999999,1.0,0.0,767.5606994867616,0.0,767.5606994867616
1668696663.0258844,2.716,0.0010000000000003,0.00307513,-8.784000000000005e-05,1.0,0.0,767.5606994867616,0.0,767.5606994867616
1668696723.7725673,2.716,0.0,0.00307513,0.0,1.0,0.0,767.5606994867616,0.0,767.5606994867616
1668696783.291703,2.716,0.0,0.00297126,-0.00010387,1.0,0.0,767.5606994867616,0.0,767.5606994867616
1668696843.4927793,2.715,-0.0010000000000003,0.00289149,-7.976999999999984e-05,1.0,0.0,767.5606994867616,0.0,767.5606994867616
1668696919.564042,2.715,0.0,0.00260677,-0.00028472,1.0,0.0,767.5606994867616,0.0,767.5606994867616
1668696966.223771,2.716,0.0010000000000003,0.00268654,7.976999999999984e-05,0.0,1.0,0.0,282.6070322116206,767.5606994867616
1668697026.3216898,2.716,0.0,0.00257139,-0.00011515,1.0,0.0,767.5606994867616,0.0,767.5606994867616
1668697087.2760477,2.715,-0.0010000000000003,0.00237211,-0.0001992799999999,1.0,0.0,767.5606994867616,0.0,767.5606994867616
1668697147.3119094,2.716,0.0010000000000003,0.00226871,-0.0001034,1.0,0.0,767.5606994867616,0.0,767.5606994867616
1668697207.3880734,2.716,0.0,0.00226871,0.0,1.0,0.0,767.5606994867616,0.0,767.5606994867616
1668697267.9809136,2.716,0.0,0.00216184,-0.00010687,1.0,0.0,767.5606994867616,0.0,767.5606994867616
1668697327.9004169,2.715,-0.0010000000000003,0.00208207,-7.976999999999984e-05,1.0,0.0,767.5606994867616,0.0,767.5606994867616
1668697388.1210809,2.716,0.0010000000000003,0.00199189,-9.018000000000003e-05,1.0,0.0,767.5606994867616,0.0,767.5606994867616
1668697449.7636008,2.716,0.0,0.00199189,0.0,1.0,0.0,767.5606994867616,0.0,767.5606994867616
1668697509.737817,2.716,0.0,0.00189854,-9.335000000000007e-05,1.0,0.0,767.5606994867616,0.0,767.5606994867616
1668697569.723554,2.718,0.0019999999999997,0.00196331,6.47699999999998e-05,0.0,1.0,0.0,282.3990800172044,767.5606994867617
1668697630.736925,2.72,0.0020000000000002,0.00215122,0.00018791,0.0,1.0,0.0,282.3990800172044,768.1254976467961
1668697690.46008,2.722,0.0019999999999997,0.00255666,0.0004054399999999,0.0,1.0,0.0,282.3990800172044,768.6902958068305
1668697750.511186,2.717,-0.0049999999999998,0.0021578,-0.00039886,1.0,0.0,767.2783004067444,0.0,767.2783004067444
1668697811.462468,2.721,0.004,0.00233245,0.0001746499999999,0.0,1.0,0.0,281.98393987752456,767.2783004067444
1668697871.1155305,2.721,0.0,0.00233245,0.0,0.0,1.0,0.0,281.98393987752456,767.2783004067444
1668697931.37718,2.721,0.0,0.00233245,0.0,0.0,1.0,0.0,281.98393987752456,767.2783004067444
1668697992.1822686,2.721,0.0,0.00233245,0.0,0.0,1.0,0.0,281.98393987752456,767.2783004067444
1668698051.9690914,2.717,-0.004,0.00212361,-0.0002088399999999,1.0,0.0,766.1503646472343,0.0,766.1503646472343
1668698111.9851668,2.714,-0.0030000000000001,0.00169648,-0.00042713,1.0,0.0,766.1503646472343,0.0,766.1503646472343
1668698172.9546418,2.714,0.0,0.00169648,0.0,1.0,0.0,766.1503646472343,0.0,766.1503646472343
1668698232.9040446,2.715,0.0009999999999998,0.00142227,-0.00027421,1.0,0.0,766.1503646472343,0.0,766.1503646472343
1668698293.0554366,2.734,0.0190000000000001,0.00362093,0.00219866,0.0,1.0,0.0,280.23056497704255,766.1503646472344
1668698353.804229,2.735,0.0009999999999998,0.0037007,7.976999999999984e-05,0.0,1.0,0.0,280.23056497704255,766.4305952122113
1668698413.807844,2.735,0.0,0.00488956,0.00118886,0.0,1.0,0.0,280.23056497704255,766.4305952122113
1668698473.7174716,2.752,0.0169999999999999,0.00766839,0.0027788299999999,0.0,1.0,0.0,280.23056497704255,771.1945148168211
1668698534.626133,2.757,0.0050000000000003,0.00940338,0.0017349899999999,0.0,1.0,0.0,280.23056497704255,772.5956676417063
1668698594.683282,2.764,0.0069999999999996,0.01151826,0.00211488,0.0,1.0,0.0,280.23056497704255,774.5572815965455
1668698654.6229663,2.76,-0.004,0.01222396,0.0007057,0.0,1.0,0.0,280.23056497704255,773.4363593366373
1668698715.779124,2.757,-0.0029999999999996,0.01198465,-0.00023931,1.0,0.0,772.5956676417063,0.0,772.5956676417063
1668698776.0770934,2.762,0.0049999999999998,0.01285779,0.0008731399999999,0.0,1.0,0.0,279.72326851618624,772.5956676417064
1668698836.1334395,2.755,-0.0070000000000001,0.01205895,-0.0007988399999999,1.0,0.0,770.637604762093,0.0,770.637604762093
1668698897.051833,2.755,0.0,0.01168092,-0.00037803,1.0,0.0,770.637604762093,0.0,770.637604762093
1668698956.569069,2.756,0.0009999999999998,0.01176069,7.977000000000158e-05,0.0,1.0,0.0,279.62177241004827,770.6376047620929
1668699016.7320426,2.757,0.0010000000000003,0.01086754,-0.00089315,1.0,0.0,770.9172265345031,0.0,770.9172265345031
1668699077.765102,2.753,-0.004,0.01054846,-0.0003190799999999,1.0,0.0,770.9172265345031,0.0,770.9172265345031
1668699137.6513147,2.749,-0.004,0.0095732,-0.00097526,1.0,0.0,770.9172265345031,0.0,770.9172265345031
1668699197.6323452,2.746,-0.0030000000000001,0.0084607,-0.0011125,1.0,0.0,770.9172265345031,0.0,770.9172265345031
1668699259.2328756,2.75,0.004,0.0071527,-0.001308,1.0,0.0,770.9172265345031,0.0,770.9172265345031
1668699319.2938032,2.751,0.0009999999999998,0.00723247,7.977000000000071e-05,0.0,1.0,0.0,280.23163450908874,770.9172265345031
1668699379.242561,2.746,-0.0049999999999998,0.00543385,-0.00179862,1.0,0.0,769.5160683619577,0.0,769.5160683619577
1668699440.251747,2.747,0.0009999999999998,0.00496106,-0.0004727899999999,1.0,0.0,769.5160683619577,0.0,769.5160683619577
1668699500.6092317,2.748,0.0010000000000003,0.00504083,7.976999999999984e-05,0.0,1.0,0.0,280.02768135442415,769.5160683619577
1668699560.1251583,2.751,0.0029999999999996,0.00485228,-0.00018855,1.0,0.0,770.3561514060208,0.0,770.3561514060208
1668699620.954806,2.752,0.0009999999999998,0.00476334,-8.894000000000003e-05,1.0,0.0,770.3561514060208,0.0,770.3561514060208
1668699681.2172017,2.755,0.0030000000000001,0.00500265,0.00023931,0.0,1.0,0.0,279.6211075883923,770.3561514060208
1668699741.0642014,2.753,-0.0019999999999997,0.00481106,-0.00019159,1.0,0.0,769.7969091908441,0.0,769.7969091908441
1668699801.7819471,2.754,0.0009999999999998,0.00462723,-0.0001838299999999,1.0,0.0,769.7969091908441,0.0,769.7969091908441
1668699861.7047105,2.753,-0.0009999999999998,0.00454745,-7.978000000000065e-05,1.0,0.0,769.7969091908441,0.0,769.7969091908441
1668699922.2977986,2.757,0.004,0.00460819,6.07400000000001e-05,0.0,1.0,0.0,279.21541864013204,769.7969091908441
1668699982.853196,2.753,-0.004,0.00379492,-0.00081327,1.0,0.0,768.6800475162836,0.0,768.6800475162836
1668700042.9206538,2.75,-0.0030000000000001,0.00355561,-0.0002393099999999,1.0,0.0,768.6800475162836,0.0,768.6800475162836
1668700103.280372,2.744,-0.0059999999999997,0.00247388,-0.00108173,1.0,0.0,768.6800475162836,0.0,768.6800475162836
1668700163.8294,2.735,-0.0090000000000003,-0.00023269,-0.0027065699999999,1.0,0.0,768.6800475162836,0.0,768.6800475162836
1668700223.8105786,2.731,-0.004,-0.00168291,-0.00145022,1.0,0.0,768.6800475162836,0.0,768.6800475162836
1668700283.5603778,2.728,-0.0029999999999996,-0.00278835,-0.00110544,1.0,0.0,768.6800475162836,0.0,768.6800475162836
1668700344.6780555,2.716,-0.012,-0.0053181,-0.00252975,1.0,0.0,768.6800475162836,0.0,768.6800475162836
1668700404.767465,2.716,0.0,-0.00630383,-0.0009857299999999,1.0,0.0,768.6800475162836,0.0,768.6800475162836
1668700464.466118,2.72,0.004,-0.00662541,-0.00032158,1.0,0.0,768.6800475162836,0.0,768.6800475162836
1668700525.6776905,2.717,-0.0030000000000001,-0.00741346,-0.00078805,1.0,0.0,768.6800475162836,0.0,768.6800475162836
1668700585.6773548,2.723,0.0059999999999997,-0.00678753,0.00062593,0.0,1.0,0.0,282.2916076078897,768.6800475162837
1668700645.8315773,2.725,0.0020000000000002,-0.00649864,0.00028889,0.0,1.0,0.0,282.2916076078897,769.2446307314995
1668700706.6698906,2.727,0.0019999999999997,-0.00597802,0.00052062,0.0,1.0,0.0,282.2916076078897,769.8092139467152
1668700766.7191956,2.732,0.0050000000000003,-0.00557916,0.00039886,0.0,1.0,0.0,282.2916076078897,771.2206719847547
1668700826.9488666,2.729,-0.0030000000000001,-0.0051595,0.0004196599999999,0.0,1.0,0.0,282.2916076078897,770.3737971619311
1668700887.4210887,2.729,0.0,-0.0051595,0.0,0.0,1.0,0.0,282.2916076078897,770.3737971619311
1668700947.7003336,2.722,-0.0070000000000001,-0.00515704,2.460000000000136e-06,0.0,1.0,0.0,282.2916076078897,768.3977559086758
1668701007.8519397,2.725,0.0030000000000001,-0.00478842,0.00036862,0.0,1.0,0.0,282.2916076078897,769.2446307314995
1668701069.0608146,2.727,0.0019999999999997,-0.00422665,0.0005617699999999,0.0,1.0,0.0,282.2916076078897,769.8092139467152
1668701128.9304116,2.728,0.0010000000000003,-0.00414687,7.977999999999978e-05,0.0,1.0,0.0,282.2916076078897,770.0915055543232
1668701188.9962113,2.725,-0.0030000000000001,-0.00408629,6.058000000000018e-05,0.0,1.0,0.0,282.2916076078897,769.2446307314995
1668701249.7791908,2.728,0.0030000000000001,-0.00375696,0.00032933,0.0,1.0,0.0,282.2916076078897,770.0915055543232
1668701309.525731,2.736,0.008,-0.00190435,0.00185261,0.0,1.0,0.0,282.2916076078897,772.3498384151864
1668701369.8222349,2.732,-0.004,-0.00222343,-0.00031908,1.0,0.0,771.2206719847547,0.0,771.2206719847547
1668701430.7524965,2.732,0.0,-0.00163623,0.0005872,0.0,1.0,0.0,282.2916076078897,771.2206719847547
1668701490.5091543,2.732,0.0,-0.00163623,0.0,0.0,1.0,0.0,282.2916076078897,771.2206719847547
1668701550.603329,2.732,0.0,-0.00137066,0.0002655699999999,0.0,1.0,0.0,282.2916076078897,771.2206719847547
1668701611.313643,2.729,-0.0030000000000001,-0.00160998,-0.0002393199999999,1.0,0.0,770.3737971619311,0.0,770.3737971619311
1668701671.3652751,2.727,-0.0020000000000002,-0.00180541,-0.0001954299999999,1.0,0.0,770.3737971619311,0.0,770.3737971619311
1668701731.2091403,2.737,0.0100000000000002,-0.0004298,0.00137561,0.0,1.0,0.0,281.46649512675594,770.3737971619311
1668701792.298187,2.737,0.0,-0.0004298,0.0,0.0,1.0,0.0,281.46649512675594,770.3737971619311
1668701852.3700106,2.735,-0.0020000000000002,-0.00013169,0.00029811,0.0,1.0,0.0,281.46649512675594,769.8108641716775
1668701912.269077,2.739,0.004,0.00073041,0.0008621,0.0,1.0,0.0,281.46649512675594,770.9367301521845
1668701973.1767223,2.74,0.0010000000000003,0.0011648,0.0004343899999999,0.0,1.0,0.0,281.46649512675594,771.2181966473114
1668702033.1866024,2.74,0.0,0.00149186,0.00032706,0.0,1.0,0.0,281.46649512675594,771.2181966473114
1668702093.1978483,2.739,-0.0010000000000003,0.00158973,9.78699999999999e-05,0.0,1.0,0.0,281.46649512675594,770.9367301521845
1668702154.2126813,2.739,0.0,0.00140285,-0.0001868799999999,1.0,0.0,770.9367301521845,0.0,770.9367301521845
1668702214.0448804,2.738,-0.0009999999999998,0.00147317,7.032000000000002e-05,0.0,1.0,0.0,281.5692951614991,770.9367301521845
1668702274.164421,2.739,0.0009999999999998,0.00165284,0.00017967,0.0,1.0,0.0,281.5692951614991,771.218299447346
1668702335.1608348,2.735,-0.004,0.00133375,-0.0003190899999999,1.0,0.0,770.0920222667,0.0,770.0920222667
1668702395.2126808,2.735,0.0,0.00133375,0.0,1.0,0.0,770.0920222667,0.0,770.0920222667
1668702455.0314088,2.742,0.0070000000000001,0.00170522,0.0003714699999999,0.0,1.0,0.0,280.850482227097,770.0920222667
1668702515.9492743,2.75,0.008,0.00315987,0.00145465,0.0,1.0,0.0,280.850482227097,772.3388261245168
1668702575.9934156,2.75,0.0,0.00315987,0.0,0.0,1.0,0.0,280.850482227097,772.3388261245168
1668702635.9474616,2.75,0.0,0.00315987,0.0,0.0,1.0,0.0,280.850482227097,772.3388261245168
1668702696.9095964,2.75,0.0,0.00369,0.00053013,0.0,1.0,0.0,280.850482227097,772.3388261245168
1668702756.879613,2.751,0.0009999999999998,0.00408146,0.00039146,0.0,1.0,0.0,280.850482227097,772.6196766067438
1668702817.092233,2.753,0.0020000000000002,0.00468688,0.0006054199999999,0.0,1.0,0.0,280.850482227097,773.1813775711981
1668702877.7957158,2.752,-0.0010000000000003,0.00484144,0.0001545599999999,0.0,1.0,0.0,280.850482227097,772.9005270889709
1668702937.8298187,2.752,0.0,0.00484144,0.0,0.0,1.0,0.0,280.850482227097,772.9005270889709
1668702997.9575553,2.753,0.0010000000000003,0.00484725,5.81000000000019e-06,0.0,1.0,0.0,280.850482227097,773.1813775711981
1668703058.8567436,2.753,0.0,0.00484725,0.0,0.0,1.0,0.0,280.850482227097,773.1813775711981
1668703118.747269,2.753,0.0,0.00484725,0.0,0.0,1.0,0.0,280.850482227097,773.1813775711981
1668703178.7408338,2.753,0.0,0.00484725,0.0,0.0,1.0,0.0,280.850482227097,773.1813775711981
1668703239.5235918,2.75,-0.0030000000000001,0.00470662,-0.00014063,1.0,0.0,772.3388261245168,0.0,772.3388261245168
1668703299.9992144,2.747,-0.0030000000000001,0.00418032,-0.0005262999999999,1.0,0.0,772.3388261245168,0.0,772.3388261245168
1668703359.516159,2.751,0.004,0.00380969,-0.00037063,1.0,0.0,772.3388261245168,0.0,772.3388261245168
1668703420.5767322,2.754,0.0030000000000001,0.00404901,0.0002393199999999,0.0,1.0,0.0,280.4425657677984,772.3388261245168
1668703480.501263,2.754,0.0,0.00404901,0.0,0.0,1.0,0.0,280.4425657677984,772.3388261245168
1668703540.4340398,2.754,0.0,0.00404901,0.0,0.0,1.0,0.0,280.4425657677984,772.3388261245168
1668703601.498962,2.754,0.0,0.00404901,0.0,0.0,1.0,0.0,280.4425657677984,772.3388261245168
1668703661.3278313,2.755,0.0009999999999998,0.0046869,0.00063789,0.0,1.0,0.0,280.4425657677984,772.6192686902846
1668703721.2398584,2.751,-0.004,0.00437067,-0.0003162299999999,1.0,0.0,771.4974984272134,0.0,771.4974984272134
1668703782.1246247,2.755,0.004,0.00426901,-0.0001016599999999,1.0,0.0,771.4974984272134,0.0,771.4974984272134
1668703842.2078156,2.75,-0.0049999999999998,0.00386685,-0.00040216,1.0,0.0,771.4974984272134,0.0,771.4974984272134
1668703902.2004342,2.75,0.0,0.0035077,-0.0003591499999999,1.0,0.0,771.4974984272134,0.0,771.4974984272134
1668703962.961218,2.754,0.004,0.00382679,0.00031909,0.0,1.0,0.0,280.13707277676593,771.4974984272134
1668704022.893793,2.751,-0.0030000000000001,0.00351248,-0.0003143099999999,1.0,0.0,770.657087208883,0.0,770.657087208883
1668704083.0031462,2.746,-0.0049999999999998,0.00270415,-0.0008083299999999,1.0,0.0,770.657087208883,0.0,770.657087208883
1668704144.092093,2.745,-0.0009999999999998,0.00202367,-0.00068048,1.0,0.0,770.657087208883,0.0,770.657087208883
1668704203.9744904,2.748,0.0030000000000001,0.00226298,0.0002393099999999,0.0,1.0,0.0,280.4428992754305,770.657087208883
1668704263.887899,2.751,0.0029999999999996,0.00219337,-6.96099999999999e-05,1.0,0.0,771.4984159067092,0.0,771.4984159067092
1668704324.9869351,2.757,0.0060000000000002,0.00277723,0.0005838599999999,0.0,1.0,0.0,279.83257740540773,771.4984159067092
1668704384.8865223,2.757,0.0,0.00277723,0.0,0.0,1.0,0.0,279.83257740540773,771.4984159067092
1668704444.790683,2.756,-0.0010000000000003,0.00308809,0.00031086,0.0,1.0,0.0,279.83257740540773,771.2185833293037
1668704505.6694806,2.751,-0.0049999999999998,0.00271089,-0.0003771999999999,1.0,0.0,769.8194204422766,0.0,769.8194204422766
1668704565.631121,2.76,0.0089999999999998,0.00359514,0.00088425,0.0,1.0,0.0,278.9200798703901,769.8194204422766
1668704625.6151,2.761,0.0010000000000003,0.00382673,0.0002315899999999,0.0,1.0,0.0,278.9200798703901,770.0983405221472
