Time,Price,Price Change,MACD,MACD Change,Cash Allocation,Coin Allocation,Cash Balance,Coin Balance,Total Balance
1668394855.098666,1192.93,0.0,1.23018096,0.0,1.0,0.0,1000.0,0.0,1000.0
1668394914.9191458,1194.61,1.6799999999998363,1.77003839,0.5398574300000001,0.0,1.0,0.0,0.83709327730389,1000.0
1668394974.9528089,1191.79,-2.8199999999999363,1.70350878,-0.0665296100000001,1.0,0.0,997.6393969580032,0.0,997.6393969580032
1668395036.1591525,1190.41,-1.3799999999998818,1.63586211,-0.06764667,1.0,0.0,997.6393969580032,0.0,997.6393969580032
1668395095.7504222,1189.85,-0.5600000000001728,1.51546385,-0.1203982599999999,1.0,0.0,997.6393969580032,0.0,997.6393969580032
1668395155.8955507,1190.19,0.3400000000001455,1.42327116,-0.0921926899999998,1.0,0.0,997.6393969580032,0.0,997.6393969580032
1668395216.349883,1189.63,-0.5599999999999454,1.28439848,-0.1388726800000002,1.0,0.0,997.6393969580032,0.0,997.6393969580032
1668395275.7915895,1190.1,0.4699999999997999,1.23528929,-0.0491091899999998,1.0,0.0,997.6393969580032,0.0,997.6393969580032
1668395335.8124385,1190.02,-0.0799999999999272,1.18802011,-0.04726918,1.0,0.0,997.6393969580032,0.0,997.6393969580032
1668395397.0962598,1190.82,0.7999999999999545,1.19859212,0.0105720099999999,0.0,1.0,0.0,0.8377751439831405,997.6393969580032
1668395455.8081129,1190.19,-0.6299999999998818,1.11137562,-0.0872165,1.0,0.0,997.111598617294,0.0,997.111598617294
1668395515.855813,1190.45,0.2599999999999909,1.06434399,-0.0470316299999999,1.0,0.0,997.111598617294,0.0,997.111598617294
1668395576.1856794,1190.36,-0.0900000000001455,1.03538686,-0.0289571299999999,1.0,0.0,997.111598617294,0.0,997.111598617294
1668395635.8982518,1190.18,-0.1799999999998363,0.94990305,-0.08548381,1.0,0.0,997.111598617294,0.0,997.111598617294
1668395696.1572003,1190.22,0.0399999999999636,0.86752395,-0.0823790999999999,1.0,0.0,997.111598617294,0.0,997.111598617294
1668395755.937169,1190.46,0.2400000000000091,0.84462246,-0.02290149,1.0,0.0,997.111598617294,0.0,997.111598617294
1668395815.8362184,1190.93,0.4700000000000273,0.8304088,-0.01421366,1.0,0.0,997.111598617294,0.0,997.111598617294
1668395875.7769384,1190.94,0.0099999999999909,0.8133071,-0.0171016999999999,1.0,0.0,997.111598617294,0.0,997.111598617294
1668395935.8764756,1190.41,-0.5299999999999727,0.75718333,-0.0561237699999999,1.0,0.0,997.111598617294,0.0,997.111598617294
1668395995.8976758,1187.94,-2.470000000000028,0.46943248,-0.28775085,1.0,0.0,997.111598617294,0.0,997.111598617294
1668396055.95406,1188.41,0.4700000000000273,0.35190653,-0.1175259499999999,1.0,0.0,997.111598617294,0.0,997.111598617294
1668396115.7968965,1188.54,0.1299999999998817,0.26571511,-0.08619142,1.0,0.0,997.111598617294,0.0,997.111598617294
1668396176.019819,1188.13,-0.4099999999998545,0.12995184,-0.1357632699999999,1.0,0.0,997.111598617294,0.0,997.111598617294
1668396235.7610743,1188.85,0.7199999999997999,0.09555308,-0.03439876,1.0,0.0,997.111598617294,0.0,997.111598617294
1668396296.867767,1189.7,0.8500000000001364,0.10613597,0.0105828899999999,0.0,1.0,0.0,0.838120197207106,997.111598617294
1668396355.7828655,1192.69,2.990000000000009,0.44308112,0.33694515,0.0,1.0,0.0,0.838120197207106,999.6175780069432
1668396416.0671785,1193.28,0.5899999999999181,0.72144724,0.27836612,0.0,1.0,0.0,0.838120197207106,1000.1120689232954
1668396476.0656092,1195.22,1.9400000000000543,1.16845999,0.4470127499999998,0.0,1.0,0.0,0.838120197207106,1001.7380221058772
1668396535.9443326,1193.6,-1.6200000000001182,1.20230896,0.0338489700000002,0.0,1.0,0.0,0.838120197207106,1000.3802673864016
1668396595.8376813,1193.93,0.3300000000001546,1.26417007,0.0618611099999999,0.0,1.0,0.0,0.838120197207106,1000.65684705148
1668396655.933972,1193.72,-0.2100000000000363,1.33835948,0.07418941,0.0,1.0,0.0,0.838120197207106,1000.4808418100664
1668396716.054153,1195.52,1.7999999999999543,1.53467506,0.19631558,0.0,1.0,0.0,0.838120197207106,1001.9894581650392
1668396775.844624,1194.82,-0.7000000000000455,1.54232043,0.0076453699999998,0.0,1.0,0.0,0.838120197207106,1001.4027740269944
1668396835.9473112,1196.53,1.7100000000000364,1.75366183,0.2113414,0.0,1.0,0.0,0.838120197207106,1002.8359595642185
1668396895.8921714,1196.04,-0.4900000000000091,1.736007,-0.0176548299999999,1.0,0.0,1002.425280667587,0.0,1002.425280667587
1668396955.8379705,1196.44,0.4000000000000909,1.82813802,0.0921310199999998,0.0,1.0,0.0,0.8378399925341738,1002.425280667587
1668397016.1719797,1195.29,-1.150000000000091,1.72439049,-0.1037475299999999,1.0,0.0,1001.4617646761726,0.0,1001.4617646761726
1668397076.16916,1196.0,0.7100000000000364,1.80736097,0.0829704799999999,0.0,1.0,0.0,0.8373426126054955,1001.4617646761726
1668397136.1611495,1195.93,-0.0699999999999363,1.73076151,-0.0765994599999999,1.0,0.0,1001.4031506932904,0.0,1001.4031506932904
1668397195.7456915,1195.81,-0.1200000000001182,1.72048699,-0.01027452,1.0,0.0,1001.4031506932904,0.0,1001.4031506932904
1668397255.8073566,1196.09,0.2799999999999727,1.62612872,-0.0943582699999998,1.0,0.0,1001.4031506932904,0.0,1001.4031506932904
1668397315.9934185,1196.34,0.25,1.55887654,-0.0672521800000001,1.0,0.0,1001.4031506932904,0.0,1001.4031506932904
1668397375.9458222,1196.19,-0.1499999999998635,1.48780521,-0.0710713299999998,1.0,0.0,1001.4031506932904,0.0,1001.4031506932904
1668397435.8882017,1195.5,-0.6900000000000546,1.34297945,-0.14482576,1.0,0.0,1001.4031506932904,0.0,1001.4031506932904
1668397495.886441,1194.3,-1.2000000000000457,1.08311297,-0.2598664800000001,1.0,0.0,1001.4031506932904,0.0,1001.4031506932904
1668397555.9819722,1194.02,-0.2799999999999727,0.89375685,-0.1893561199999999,1.0,0.0,1001.4031506932904,0.0,1001.4031506932904
1668397615.9549346,1194.5,0.4800000000000182,0.77491079,-0.11884606,1.0,0.0,1001.4031506932904,0.0,1001.4031506932904
1668397676.007953,1196.08,1.5799999999999272,0.86691077,0.09199998,0.0,1.0,0.0,0.8372376017434373,1001.4031506932904
1668397735.7371805,1197.06,0.9800000000000182,0.97441538,0.10750461,0.0,1.0,0.0,0.8372376017434373,1002.2236435429992
1668397796.0538964,1197.97,0.910000000000082,1.08773104,0.1133156599999999,0.0,1.0,0.0,0.8372376017434373,1002.9855297605856
1668397856.118408,1196.83,-1.1400000000001,1.080666,-0.00706504,1.0,0.0,1002.031078894598,0.0,1002.031078894598
1668397916.0844028,1195.07,-1.759999999999991,0.89161228,-0.1890537199999998,1.0,0.0,1002.031078894598,0.0,1002.031078894598
1668397975.8081677,1193.14,-1.9299999999998363,0.54902257,-0.34258971,1.0,0.0,1002.031078894598,0.0,1002.031078894598
1668398035.8999848,1193.33,0.1899999999998272,0.39203603,-0.15698654,1.0,0.0,1002.031078894598,0.0,1002.031078894598
1668398095.9943924,1193.34,0.0099999999999909,0.26292324,-0.1291127899999999,1.0,0.0,1002.031078894598,0.0,1002.031078894598
1668398155.9219415,1192.98,-0.3599999999998999,0.09622073,-0.16670251,1.0,0.0,1002.031078894598,0.0,1002.031078894598
1668398216.2780368,1193.62,0.6399999999998727,-0.01345837,-0.1096791,1.0,0.0,1002.031078894598,0.0,1002.031078894598
1668398275.94956,1193.85,0.2300000000000182,-0.04235682,-0.02889845,1.0,0.0,1002.031078894598,0.0,1002.031078894598
1668398336.0316432,1192.69,-1.1599999999998545,-0.1936075,-0.1512506799999999,1.0,0.0,1002.031078894598,0.0,1002.031078894598
1668398395.9960308,1193.35,0.6599999999998545,-0.20951002,-0.01590252,1.0,0.0,1002.031078894598,0.0,1002.031078894598
1668398455.9225736,1192.32,-1.0299999999999727,-0.34770564,-0.13819562,1.0,0.0,1002.031078894598,0.0,1002.031078894598
1668398515.9114077,1193.41,1.0900000000001455,-0.298256,0.0494496399999999,0.0,1.0,0.0,0.8396369050825767,1002.031078894598
1668398576.0727432,1193.2,-0.2100000000000363,-0.33822743,-0.0399714299999999,1.0,0.0,1001.8547551445306,0.0,1001.8547551445306
1668398636.6917026,1193.1,-0.1000000000001364,-0.34199211,-0.00376468,1.0,0.0,1001.8547551445306,0.0,1001.8547551445306
1668398695.9332492,1192.37,-0.7300000000000182,-0.49124762,-0.1492555099999999,1.0,0.0,1001.8547551445306,0.0,1001.8547551445306
1668398756.0642667,1193.22,0.8500000000001364,-0.41906847,0.0721791499999999,0.0,1.0,0.0,0.83962283161909,1001.8547551445306
1668398815.8249369,1192.82,-0.4000000000000909,-0.42775749,-0.0086890199999999,1.0,0.0,1001.5189060118828,0.0,1001.5189060118828
1668398876.0964477,1192.77,-0.0499999999999545,-0.4164155,0.01134199,0.0,1.0,0.0,0.839658027961705,1001.5189060118828
1668398936.068413,1192.61,-0.1600000000000818,-0.42194279,-0.00552729,1.0,0.0,1001.3845607274088,0.0,1001.3845607274088
1668398996.007293,1191.61,-1.0,-0.54695925,-0.12501646,1.0,0.0,1001.3845607274088,0.0,1001.3845607274088
1668399056.6664855,1190.55,-1.0599999999999454,-0.71469786,-0.16773861,1.0,0.0,1001.3845607274088,0.0,1001.3845607274088
1668399115.8725913,1191.49,0.9400000000000546,-0.74779575,-0.0330978899999999,1.0,0.0,1001.3845607274088,0.0,1001.3845607274088
1668399176.0430348,1191.92,0.4300000000000636,-0.66234699,0.08544876,0.0,1.0,0.0,0.8401441042413994,1001.3845607274088
1668399235.975422,1191.9,-0.0199999999999818,-0.64692865,0.0154183399999999,0.0,1.0,0.0,0.8401441042413994,1001.367757845324
1668399296.1042323,1191.38,-0.5199999999999818,-0.68002591,-0.03309726,1.0,0.0,1000.9308829111184,0.0,1000.9308829111184
1668399355.9619136,1190.83,-0.5500000000001819,-0.76838394,-0.0883580299999999,1.0,0.0,1000.9308829111184,0.0,1000.9308829111184
1668399415.842492,1190.21,-0.6199999999998909,-0.91223039,-0.1438464499999999,1.0,0.0,1000.9308829111184,0.0,1000.9308829111184
1668399475.9052465,1188.38,-1.8299999999999272,-1.18284027,-0.2706098800000001,1.0,0.0,1000.9308829111184,0.0,1000.9308829111184
1668399536.1612897,1185.62,-2.7600000000002183,-1.51820534,-0.3353650699999999,1.0,0.0,1000.9308829111184,0.0,1000.9308829111184
1668399596.039238,1183.83,-1.7899999999999636,-2.11378778,-0.59558244,1.0,0.0,1000.9308829111184,0.0,1000.9308829111184
1668399656.0928085,1183.25,-0.5799999999999272,-2.58268005,-0.46889227,1.0,0.0,1000.9308829111184,0.0,1000.9308829111184
1668399716.0718358,1183.9,0.650000000000091,-2.6932722,-0.11059215,1.0,0.0,1000.9308829111184,0.0,1000.9308829111184
1668399776.123698,1185.5,1.599999999999909,-2.52193913,0.1713330700000002,0.0,1.0,0.0,0.8443111623037692,1000.9308829111184
1668399836.2061038,1184.04,-1.4600000000000364,-2.53861003,-0.0166709000000002,1.0,0.0,999.6981886141548,0.0,999.6981886141548
1668399896.116485,1185.99,1.9500000000000453,-2.29025223,0.2483577999999999,0.0,1.0,0.0,0.8429229492779491,999.6981886141548
1668399956.9081843,1186.21,0.2200000000000272,-2.17577612,0.11447611,0.0,1.0,0.0,0.8429229492779491,999.883631662996
1668400016.0070307,1184.6,-1.610000000000127,-2.20019284,-0.02441672,1.0,0.0,998.5265257146584,0.0,998.5265257146584
1668400076.011545,1185.31,0.7100000000000364,-2.10357052,0.0966223200000002,0.0,1.0,0.0,0.842418038922019,998.5265257146584
1668400136.0007632,1184.88,-0.4299999999998363,-2.09087579,0.0126947299999997,0.0,1.0,0.0,0.842418038922019,998.164285957922
1668400196.095578,1184.04,-0.8400000000001455,-2.08854734,0.0023284500000002,0.0,1.0,0.0,0.842418038922019,997.4566548052276
1668400255.9524145,1181.89,-2.149999999999864,-2.34534692,-0.25679958,1.0,0.0,995.6454560215452,0.0,995.6454560215452
1668400316.1383548,1185.49,3.599999999999909,-1.93664076,0.4087061599999999,0.0,1.0,0.0,0.8398598520624765,995.6454560215452
1668400376.0553987,1186.59,1.099999999999909,-1.6337659,0.3028748599999999,0.0,1.0,0.0,0.8398598520624765,996.569301858814
1668400436.680681,1186.94,0.3500000000001364,-1.31757104,0.3161948599999999,0.0,1.0,0.0,0.8398598520624765,996.863252807036
1668400496.1865742,1186.44,-0.5,-1.10902453,0.2085465100000001,0.0,1.0,0.0,0.8398598520624765,996.4433228810046
1668400555.9900436,1185.54,-0.900000000000091,-1.05832119,0.0507033399999998,0.0,1.0,0.0,0.8398598520624765,995.6874490141485
1668400616.0077865,1183.37,-2.1700000000000728,-1.16402534,-0.10570415,1.0,0.0,993.8649531351728,0.0,993.8649531351728
1668400676.1033962,1182.64,-0.7299999999997908,-1.29859439,-0.13456905,1.0,0.0,993.8649531351728,0.0,993.8649531351728
1668400735.9999642,1181.45,-1.1900000000000546,-1.46374021,-0.16514582,1.0,0.0,993.8649531351728,0.0,993.8649531351728
1668400796.2360055,1181.59,0.1399999999998726,-1.57226311,-0.1085228999999998,1.0,0.0,993.8649531351728,0.0,993.8649531351728
1668400856.0112956,1180.16,-1.4299999999998363,-1.78065359,-0.20839048,1.0,0.0,993.8649531351728,0.0,993.8649531351728
1668400917.342744,1181.02,0.8599999999999,-1.8331786,-0.05252501,1.0,0.0,993.8649531351728,0.0,993.8649531351728
1668400976.1169329,1178.84,-2.180000000000064,-2.05385403,-0.22067543,1.0,0.0,993.8649531351728,0.0,993.8649531351728
1668401035.9924512,1178.63,-0.209999999999809,-2.32320253,-0.2693485,1.0,0.0,993.8649531351728,0.0,993.8649531351728
1668401096.0770085,1177.77,-0.8600000000001273,-2.47530785,-0.15210532,1.0,0.0,993.8649531351728,0.0,993.8649531351728
1668401156.1398172,1178.0,0.2300000000000182,-2.5167,-0.04139215,1.0,0.0,993.8649531351728,0.0,993.8649531351728
1668401216.071762,1179.96,1.9600000000000364,-2.28590358,0.2307964200000003,0.0,1.0,0.0,0.8422869869615688,993.8649531351728
1668401276.015844,1179.87,-0.0900000000001455,-2.15452483,0.1313787499999996,0.0,1.0,0.0,0.8422869869615688,993.789147306346
1668401335.9815576,1180.34,0.4700000000000273,-2.01314216,0.14138267,0.0,1.0,0.0,0.8422869869615688,994.185022190218
1668401397.360783,1180.86,0.5199999999999818,-1.81315828,0.1999838800000002,0.0,1.0,0.0,0.8422869869615688,994.623011423438
1668401456.0936563,1181.87,1.009999999999991,-1.50494813,0.3082101499999998,0.0,1.0,0.0,0.8422869869615688,995.4737212802692
1668401516.0727224,1181.45,-0.4199999999998454,-1.40211446,0.1028336700000001,0.0,1.0,0.0,0.8422869869615688,995.1199607457456
1668401576.0406363,1180.7,-0.75,-1.28942066,0.1126937999999999,0.0,1.0,0.0,0.8422869869615688,994.4882455055244
1668401636.7415557,1179.87,-0.8300000000001546,-1.28617591,0.0032447499999999,0.0,1.0,0.0,0.8422869869615688,993.789147306346
1668401696.061949,1181.25,1.3800000000001091,-1.14389111,0.1422848000000001,0.0,1.0,0.0,0.8422869869615688,994.9515033483532
1668401756.168475,1182.9,1.650000000000091,-0.84772092,0.29617019,0.0,1.0,0.0,0.8422869869615688,996.3412768768396
1668401816.1153555,1183.25,0.349999999999909,-0.58176831,0.26595261,0.0,1.0,0.0,0.8422869869615688,996.6360773222764
1668401877.3900485,1183.57,0.3199999999999363,-0.40953887,0.1722294399999999,0.0,1.0,0.0,0.8422869869615688,996.905609158104
1668401936.030468,1185.73,2.160000000000082,0.04756553,0.4571044,0.0,1.0,0.0,0.8422869869615688,998.724949049941
1668401996.0882812,1186.19,0.4600000000000364,0.31821804,0.2706525099999999,0.0,1.0,0.0,0.8422869869615688,999.1124010639434
1668402056.0532162,1184.99,-1.2000000000000457,0.38299247,0.06477443,0.0,1.0,0.0,0.8422869869615688,998.1016566795894
1668402115.952145,1185.52,0.5299999999999727,0.54208072,0.15908825,0.0,1.0,0.0,0.8422869869615688,998.548068782679
1668402175.9422398,1186.33,0.8099999999999454,0.73666252,0.1945818,0.0,1.0,0.0,0.8422869869615688,999.2303212421178
1668402236.1310158,1186.57,0.2400000000000091,0.90133791,0.1646753899999999,0.0,1.0,0.0,0.8422869869615688,999.4324701189886
1668402296.2643833,1187.19,0.6200000000001182,1.06914413,0.16780622,0.0,1.0,0.0,0.8422869869615688,999.9546880509048
1668402356.8148394,1185.53,-1.660000000000082,0.98478165,-0.08436248,1.0,0.0,998.5564916525486,0.0,998.5564916525486
1668402416.209969,1185.49,-0.0399999999999636,0.94803095,-0.0367506999999999,1.0,0.0,998.5564916525486,0.0,998.5564916525486
1668402476.182785,1185.6,0.1099999999998999,0.90058851,-0.04744244,1.0,0.0,998.5564916525486,0.0,998.5564916525486
1668402536.3563285,1186.96,1.360000000000127,1.00254963,0.1019611200000001,0.0,1.0,0.0,0.8412722346604339,998.5564916525486
1668402596.0988832,1187.19,0.2300000000000182,1.10564017,0.1030905399999999,0.0,1.0,0.0,0.8412722346604339,998.7499842665204
1668402656.014041,1187.15,-0.0399999999999636,1.13676861,0.03112844,0.0,1.0,0.0,0.8412722346604339,998.716333377134
1668402716.26629,1186.63,-0.5199999999999818,1.06104398,-0.07572463,1.0,0.0,998.2788718151108,0.0,998.2788718151108
1668402776.1347604,1185.44,-1.1900000000000546,0.90450641,-0.15653757,1.0,0.0,998.2788718151108,0.0,998.2788718151108
1668402836.7907314,1186.78,1.339999999999918,0.98728531,0.0827788999999999,0.0,1.0,0.0,0.8411659042241282,998.2788718151108
1668402896.2130115,1185.9,-0.8799999999998818,0.85866367,-0.1286216399999999,1.0,0.0,997.5386458193937,0.0,997.5386458193937
1668402956.3099272,1186.36,0.459999999999809,0.84809648,-0.0105671899999999,1.0,0.0,997.5386458193937,0.0,997.5386458193937
1668403016.0713637,1186.33,-0.0299999999999727,0.79835724,-0.04973924,1.0,0.0,997.5386458193937,0.0,997.5386458193937
1668403076.0934412,1187.0,0.6700000000000728,0.81110052,0.01274328,0.0,1.0,0.0,0.8403863907492786,997.5386458193937
1668403136.024683,1187.45,0.4500000000000455,0.83959559,0.0284950699999999,0.0,1.0,0.0,0.8403863907492786,997.9168196952309
1668403196.0652893,1188.08,0.6299999999998818,0.91429315,0.07469756,0.0,1.0,0.0,0.8403863907492786,998.4462631214028
1668403256.173966,1188.56,0.4800000000000182,0.9906428,0.07634965,0.0,1.0,0.0,0.8403863907492786,998.8496485889624
1668403317.2683046,1188.63,0.0700000000001637,1.08474389,0.0941010899999998,0.0,1.0,0.0,0.8403863907492786,998.9084756363152
1668403376.0794675,1188.24,-0.3900000000001,1.09218805,0.0074441600000001,0.0,1.0,0.0,0.8403863907492786,998.5807249439227
1668403436.3705564,1188.94,0.7000000000000455,1.13802562,0.0458375699999999,0.0,1.0,0.0,0.8403863907492786,999.1689954174471
1668403496.115588,1188.26,-0.6800000000000637,1.0387112,-0.09931442,1.0,0.0,998.5975326717378,0.0,998.5975326717378
1668403556.3917177,1187.95,-0.3099999999999454,0.95648171,-0.08222949,1.0,0.0,998.5975326717378,0.0,998.5975326717378
1668403616.133788,1187.61,-0.3400000000001455,0.86724103,-0.08924068,1.0,0.0,998.5975326717378,0.0,998.5975326717378
1668403676.197868,1186.87,-0.7400000000000091,0.74943124,-0.1178097899999999,1.0,0.0,998.5975326717378,0.0,998.5975326717378
1668403736.0699906,1187.15,0.2800000000002001,0.62881703,-0.12061421,1.0,0.0,998.5975326717378,0.0,998.5975326717378
1668403796.4905577,1185.89,-1.259999999999991,0.41040139,-0.21841564,1.0,0.0,998.5975326717378,0.0,998.5975326717378
1668403856.2548728,1186.07,0.1799999999998363,0.31857767,-0.09182372,1.0,0.0,998.5975326717378,0.0,998.5975326717378
1668403916.1842985,1187.02,0.9500000000000456,0.29931414,-0.0192635299999999,1.0,0.0,998.5975326717378,0.0,998.5975326717378
1668403976.1297836,1187.62,0.599999999999909,0.35136233,0.0520481899999999,0.0,1.0,0.0,0.8408392690184889,998.5975326717378
1668404036.399977,1186.91,-0.709999999999809,0.29841925,-0.0529430799999999,1.0,0.0,998.0005367907348,0.0,998.0005367907348
1668404096.5185795,1183.96,-2.950000000000045,-0.04210194,-0.34052119,1.0,0.0,998.0005367907348,0.0,998.0005367907348
1668404156.0712495,1182.45,-1.509999999999991,-0.36572542,-0.32362348,1.0,0.0,998.0005367907348,0.0,998.0005367907348
1668404216.3187757,1183.13,0.6800000000000637,-0.69018544,-0.32446002,1.0,0.0,998.0005367907348,0.0,998.0005367907348
1668404276.1336925,1185.14,2.009999999999991,-0.62089739,0.06928805,0.0,1.0,0.0,0.8420950577912607,998.0005367907348
1668404336.101483,1185.95,0.8099999999999454,-0.57532463,0.0455727599999999,0.0,1.0,0.0,0.8420950577912607,998.6826337875456
1668404396.1216085,1184.78,-1.1700000000000728,-0.56334465,0.01197998,0.0,1.0,0.0,0.8420950577912607,997.6973825699298
1668404456.4208012,1183.01,-1.7699999999999818,-0.74115989,-0.17781524,1.0,0.0,996.2068743176392,0.0,996.2068743176392
1668404516.3969202,1180.78,-2.230000000000018,-1.02458314,-0.28342325,1.0,0.0,996.2068743176392,0.0,996.2068743176392
1668404576.422835,1178.99,-1.7899999999999636,-1.43839241,-0.41380927,1.0,0.0,996.2068743176392,0.0,996.2068743176392
1668404636.2306454,1180.04,1.0499999999999543,-1.49861429,-0.0602218799999998,1.0,0.0,996.2068743176392,0.0,996.2068743176392
1668404696.164032,1179.77,-0.2699999999999818,-1.75898021,-0.2603659200000001,1.0,0.0,996.2068743176392,0.0,996.2068743176392
1668404756.2485154,1181.85,2.0799999999999272,-1.68394554,0.0750346699999999,0.0,1.0,0.0,0.8429215842261194,996.2068743176392
1668404816.2979815,1176.75,-5.099999999999909,-2.1194178,-0.4354722599999998,1.0,0.0,991.907974238086,0.0,991.907974238086
1668404876.4478168,1178.23,1.4800000000000182,-2.129013,-0.0095952000000001,1.0,0.0,991.907974238086,0.0,991.907974238086
1668404936.2576983,1182.53,4.2999999999999545,-1.72553057,0.4034824299999999,0.0,1.0,0.0,0.8388015308178955,991.907974238086
1668404996.139986,1182.02,-0.5099999999999909,-1.56536446,0.16016611,0.0,1.0,0.0,0.8388015308178955,991.4801854573687
1668405056.0910246,1182.57,0.5499999999999545,-1.33066501,0.2346994500000001,0.0,1.0,0.0,0.8388015308178955,991.9415262993186
1668405117.00773,1182.85,0.2799999999999727,-1.13145577,0.1992092399999998,0.0,1.0,0.0,0.8388015308178955,992.1763907279476
1668405176.317732,1182.27,-0.5799999999999272,-0.99857215,0.1328836200000001,0.0,1.0,0.0,0.8388015308178955,991.6898858400732
1668405236.6465206,1183.78,1.509999999999991,-0.70085324,0.2977189099999999,0.0,1.0,0.0,0.8388015308178955,992.9564761516084
1668405296.479734,1184.19,0.4100000000000818,-0.44980401,0.25104923,0.0,1.0,0.0,0.8388015308178955,993.3003847792438
1668405356.3180225,1182.5,-1.6900000000000546,-0.47805109,-0.02824708,1.0,0.0,991.8828101921616,0.0,991.8828101921616
1668405416.2881303,1182.01,-0.4900000000000091,-0.40717801,0.07087308,0.0,1.0,0.0,0.8391492543989997,991.8828101921616
1668405476.3037498,1182.74,0.7300000000000182,-0.31673117,0.0904468399999999,0.0,1.0,0.0,0.8391492543989997,992.4953891478729
1668405536.1285148,1182.44,-0.2999999999999545,-0.37011683,-0.05338566,1.0,0.0,992.2436443715532,0.0,992.2436443715532
1668405596.7682035,1182.47,0.0299999999999727,-0.33158279,0.0385340399999999,0.0,1.0,0.0,0.8391279646600364,992.2436443715532
1668405656.2259445,1180.0,-2.470000000000028,-0.54823427,-0.21665148,1.0,0.0,990.170998298843,0.0,990.170998298843
1668405716.378893,1184.25,4.25,-0.1403256,0.40790867,0.0,1.0,0.0,0.8361165280125337,990.170998298843
1668405776.30163,1183.36,-0.8900000000001,-0.11202614,0.02829946,0.0,1.0,0.0,0.8361165280125337,989.4268545889116
1668405836.4392936,1182.81,-0.5499999999999545,-0.14292938,-0.03090324,1.0,0.0,988.9669904985049,0.0,988.9669904985049
1668405896.311427,1183.95,1.1400000000001,0.03459952,0.1775289,0.0,1.0,0.0,0.8353114493842686,988.9669904985049
1668405956.38438,1184.72,0.7699999999999818,0.23450796,0.19990844,0.0,1.0,0.0,0.8353114493842686,989.6101803145308
1668406016.2793772,1183.56,-1.160000000000082,0.24643053,0.01192257,0.0,1.0,0.0,0.8353114493842686,988.6412190332449
1668406076.317261,1183.1,-0.4600000000000364,0.1995205,-0.04691003,1.0,0.0,988.256975766528,0.0,988.256975766528
1668406136.4003942,1182.75,-0.349999999999909,0.068031,-0.1314894999999999,1.0,0.0,988.256975766528,0.0,988.256975766528
1668406196.244894,1184.8,2.0499999999999545,0.21692574,0.14889474,0.0,1.0,0.0,0.8341129099987575,988.256975766528
1668406256.170146,1184.7,-0.099999999999909,0.31983417,0.1029084299999999,0.0,1.0,0.0,0.8341129099987575,988.173564475528
1668406316.276086,1183.66,-1.0399999999999636,0.28904375,-0.0307904199999999,1.0,0.0,987.3060870491294,0.0,987.3060870491294
1668406376.4575737,1181.16,-2.5,-0.02199191,-0.31103566,1.0,0.0,987.3060870491294,0.0,987.3060870491294
1668406436.5395105,1178.66,-2.5,-0.41846303,-0.39647112,1.0,0.0,987.3060870491294,0.0,987.3060870491294
1668406496.5192697,1178.08,-0.5800000000001546,-0.75564905,-0.33718602,1.0,0.0,987.3060870491294,0.0,987.3060870491294
1668406556.4622278,1179.38,1.300000000000182,-0.81271407,-0.0570650199999999,1.0,0.0,987.3060870491294,0.0,987.3060870491294
1668406617.339785,1179.46,0.0799999999999272,-0.90666097,-0.0939469,1.0,0.0,987.3060870491294,0.0,987.3060870491294
1668406677.4615543,1181.2,1.740000000000009,-0.78913068,0.11753029,0.0,1.0,0.0,0.8358500567635704,987.3060870491294
1668406737.3403654,1184.43,3.230000000000018,-0.34651293,0.44261775,0.0,1.0,0.0,0.8358500567635704,990.0058827324756
1668406798.23318,1182.73,-1.7000000000000457,-0.29943585,0.0470770799999999,0.0,1.0,0.0,0.8358500567635704,988.5849376359776
1668406858.191901,1180.01,-2.720000000000028,-0.51113314,-0.2116972899999999,1.0,0.0,986.3114254815808,0.0,986.3114254815808
1668406918.255191,1182.05,2.039999999999964,-0.28423928,0.22689386,0.0,1.0,0.0,0.8344075339296823,986.3114254815808
1668406978.9550982,1180.86,-1.1900000000000546,-0.40038638,-0.1161471,1.0,0.0,985.3184805162044,0.0,985.3184805162044
1668407039.7363756,1180.66,-0.1999999999998181,-0.39347731,0.0069090699999999,0.0,1.0,0.0,0.8345488798775298,985.3184805162044
1668407098.9448335,1182.15,1.490000000000009,-0.29929447,0.09418284,0.0,1.0,0.0,0.8345488798775298,986.561958347222
1668407159.8925354,1183.28,1.1299999999998818,-0.05331556,0.24597891,0.0,1.0,0.0,0.8345488798775298,987.5049985814834
1668407219.737106,1182.71,-0.5699999999999363,0.02357968,0.07689524,0.0,1.0,0.0,0.8345488798775298,987.0293057199532
1668407279.82615,1183.81,1.099999999999909,0.16173088,0.1381512,0.0,1.0,0.0,0.8345488798775298,987.9473094878184
1668407340.6473613,1183.87,0.0599999999999454,0.25485102,0.0931201399999999,0.0,1.0,0.0,0.8345488798775298,987.9973824206112
1668407400.5334034,1184.26,0.3900000000001,0.38009912,0.1252481,0.0,1.0,0.0,0.8345488798775298,988.3228564837634
1668407460.9940138,1184.67,0.4100000000000818,0.49830525,0.1182061299999999,0.0,1.0,0.0,0.8345488798775298,988.6650215245132
1668407521.2887492,1185.27,0.599999999999909,0.61691522,0.11860997,0.0,1.0,0.0,0.8345488798775298,989.1657508524396
1668407581.8582897,1184.58,-0.6900000000000546,0.65892005,0.0420048299999999,0.0,1.0,0.0,0.8345488798775298,988.5899121253242
1668407641.3207989,1185.88,1.300000000000182,0.81871968,0.1597996299999999,0.0,1.0,0.0,0.8345488798775298,989.6748256691652
1668407702.4240215,1186.2,0.3199999999999363,0.91891152,0.10019184,0.0,1.0,0.0,0.8345488798775298,989.941881310726
1668407762.490766,1185.83,-0.3700000000001182,0.97286487,0.05395335,0.0,1.0,0.0,0.8345488798775298,989.6330982251712
1668407822.3506718,1187.21,1.3800000000001091,1.11826422,0.1453993499999999,0.0,1.0,0.0,0.8345488798775298,990.7847756794022
1668407883.212576,1186.98,-0.2300000000000182,1.18852622,0.070262,0.0,1.0,0.0,0.8345488798775298,990.5928294370304
1668407943.189372,1187.5,0.5199999999999818,1.24558021,0.05705399,0.0,1.0,0.0,0.8345488798775298,991.0267948545668
1668408003.2454343,1187.79,0.2899999999999636,1.37898969,0.13340948,0.0,1.0,0.0,0.8345488798775298,991.2688140297312
1668408064.145937,1188.68,0.8900000000001,1.51453607,0.1355463799999998,0.0,1.0,0.0,0.8345488798775298,992.0115625328222
1668408124.7781646,1197.55,8.86999999999989,2.54089109,1.0263550200000002,0.0,1.0,0.0,0.8345488798775298,999.4140110973358
1668408184.0758133,1206.74,9.190000000000056,4.17213197,1.6312408799999996,0.0,1.0,0.0,0.8345488798775298,1007.0835153034104
1668408245.5648212,1214.79,8.049999999999955,5.48038249,1.3082505200000003,0.0,1.0,0.0,0.8345488798775298,1013.8016337864244
1668408305.3832014,1216.08,1.2899999999999636,7.10382568,1.6234431899999997,0.0,1.0,0.0,0.8345488798775298,1014.8782018414664
1668408365.4092004,1217.16,1.0800000000001546,7.83568438,0.7318587000000001,0.0,1.0,0.0,0.8345488798775298,1015.7795146317344
1668408426.386799,1210.62,-6.540000000000191,7.5982837,-0.2374006800000003,1.0,0.0,1010.321564957335,0.0,1010.321564957335
1668408486.350525,1210.39,-0.2299999999997908,7.56076671,-0.0375169899999994,1.0,0.0,1010.321564957335,0.0,1010.321564957335
1668408546.2017655,1213.94,3.5499999999999545,8.04344199,0.4826752799999996,0.0,1.0,0.0,0.8322664752436981,1010.321564957335
1668408608.8495755,1219.55,5.6099999999999,8.6548974,0.6114554099999996,0.0,1.0,0.0,0.8322664752436981,1014.990579883452
1668408667.1735673,1223.55,4.0,9.5273976,0.8725002000000011,0.0,1.0,0.0,0.8322664752436981,1018.3196457844268
1668408727.0744228,1222.57,-0.9800000000000182,9.69082985,0.1634322499999996,0.0,1.0,0.0,0.8322664752436981,1017.504024638688
1668408787.8620095,1232.83,10.259999999999993,11.00827769,1.3174478399999998,0.0,1.0,0.0,0.8322664752436981,1026.0430786746883
1668408848.1473622,1231.2,-1.6299999999998818,11.29107306,0.2827953700000005,0.0,1.0,0.0,0.8322664752436981,1024.6864843200412
1668408907.7699318,1229.41,-1.7899999999999636,11.2767436,-0.0143294600000007,1.0,0.0,1023.196727329355,0.0,1023.196727329355
1668408968.9732246,1227.14,-2.269999999999982,10.85733645,-0.4194071499999996,1.0,0.0,1023.196727329355,0.0,1023.196727329355
1668409028.767686,1230.31,3.1699999999998454,10.79357581,-0.0637606399999999,1.0,0.0,1023.196727329355,0.0,1023.196727329355
1668409089.2281935,1231.01,0.7000000000000455,10.6962302,-0.0973456099999996,1.0,0.0,1023.196727329355,0.0,1023.196727329355
1668409149.591378,1232.83,1.8199999999999363,10.54324937,-0.1529808300000006,1.0,0.0,1023.196727329355,0.0,1023.196727329355
1668409209.529134,1241.05,8.220000000000027,11.34268998,0.7994406099999996,0.0,1.0,0.0,0.8244605191808186,1023.196727329355
1668409269.4599276,1234.16,-6.889999999999873,10.72834811,-0.6143418699999987,1.0,0.0,1017.5161943521992,0.0,1017.5161943521992
1668409330.2808497,1231.26,-2.900000000000091,10.17133129,-0.5570168200000012,1.0,0.0,1017.5161943521992,0.0,1017.5161943521992
1668409390.5002067,1231.6,0.3399999999999181,9.5510646,-0.6202666899999993,1.0,0.0,1017.5161943521992,0.0,1017.5161943521992
1668409450.3413744,1230.3,-1.2999999999999543,9.02126063,-0.5298039699999997,1.0,0.0,1017.5161943521992,0.0,1017.5161943521992
1668409511.3544366,1234.56,4.259999999999991,8.46304407,-0.55821656,1.0,0.0,1017.5161943521992,0.0,1017.5161943521992
1668409571.1999962,1232.94,-1.6199999999998909,8.3338133,-0.1292307700000012,1.0,0.0,1017.5161943521992,0.0,1017.5161943521992
1668409631.9365325,1230.48,-2.4600000000000364,7.03911881,-1.2946944899999997,1.0,0.0,1017.5161943521992,0.0,1017.5161943521992
1668409692.053014,1231.8,1.3199999999999363,6.70108893,-0.3380298799999996,1.0,0.0,1017.5161943521992,0.0,1017.5161943521992
1668409752.1093931,1232.7,0.900000000000091,6.40585283,-0.2952361000000003,1.0,0.0,1017.5161943521992,0.0,1017.5161943521992
1668409812.1420524,1232.07,-0.6300000000001091,5.95560841,-0.4502444199999997,1.0,0.0,1017.5161943521992,0.0,1017.5161943521992
1668409872.9344122,1233.83,1.759999999999991,5.82315529,-0.1324531200000001,1.0,0.0,1017.5161943521992,0.0,1017.5161943521992
1668409932.8729508,1230.34,-3.490000000000009,5.04966655,-0.7734887399999995,1.0,0.0,1017.5161943521992,0.0,1017.5161943521992
1668409992.8135898,1234.0,3.660000000000082,5.12162073,0.0719541799999996,0.0,1.0,0.0,0.8245674184377627,1017.5161943521992
1668410054.0859568,1234.95,0.9500000000000456,5.02579116,-0.0958295700000002,1.0,0.0,1018.2995333997152,0.0,1018.2995333997152
1668410114.2058322,1234.16,-0.7899999999999636,4.72176116,-0.30403,1.0,0.0,1018.2995333997152,0.0,1018.2995333997152
1668410174.7512298,1231.78,-2.380000000000109,4.14206775,-0.57969341,1.0,0.0,1018.2995333997152,0.0,1018.2995333997152
1668410234.9610476,1228.17,-3.6099999999999,3.25387618,-0.88819157,1.0,0.0,1018.2995333997152,0.0,1018.2995333997152
1668410294.945919,1227.01,-1.160000000000082,2.60942675,-0.6444494299999999,1.0,0.0,1018.2995333997152,0.0,1018.2995333997152
1668410354.9911058,1226.85,-0.1600000000000818,2.1240356,-0.4853911499999999,1.0,0.0,1018.2995333997152,0.0,1018.2995333997152
1668410415.720569,1226.89,0.0400000000001909,1.73519227,-0.38884333,1.0,0.0,1018.2995333997152,0.0,1018.2995333997152
1668410475.7974827,1229.12,2.229999999999791,1.72289113,-0.0123011399999999,1.0,0.0,1018.2995333997152,0.0,1018.2995333997152
1668410535.7754831,1231.07,1.9500000000000453,1.83114328,0.1082521499999999,0.0,1.0,0.0,0.8271662321392896,1018.2995333997152
1668410596.5492315,1231.11,0.0399999999999636,1.77824398,-0.0528992999999999,1.0,0.0,1018.3326200490008,0.0,1018.3326200490008
1668410656.566059,1232.25,1.1400000000001,1.87580294,0.0975589599999999,0.0,1.0,0.0,0.8264009900986007,1018.3326200490006
1668410716.4156582,1235.45,3.200000000000045,2.3113469,0.4355439600000002,0.0,1.0,0.0,0.8264009900986007,1020.9771032173162
1668410777.5797567,1240.03,4.579999999999927,3.0699913,0.7586443999999997,0.0,1.0,0.0,0.8264009900986007,1024.7620197519675
1668410837.467697,1245.81,5.779999999999973,4.16334674,1.0933554399999998,0.0,1.0,0.0,0.8264009900986007,1029.5386174747375
1668410897.753755,1247.26,1.4500000000000457,4.81625633,0.6529095900000002,0.0,1.0,0.0,0.8264009900986007,1030.736898910381
1668410958.3201995,1248.34,1.0799999999999272,5.33496539,0.5187090599999999,0.0,1.0,0.0,0.8264009900986007,1031.6294119796871
1668411018.4636414,1253.59,5.25,6.35522675,1.02026136,0.0,1.0,0.0,0.8264009900986007,1035.9680171777047
1668411078.3062072,1253.02,-0.5699999999999363,6.67407863,0.3188518800000004,0.0,1.0,0.0,0.8264009900986007,1035.4969686133486
1668411138.9310195,1250.02,-3.0,6.45813891,-0.2159397200000006,1.0,0.0,1033.0177656430528,0.0,1033.0177656430528
1668411199.25307,1249.04,-0.9800000000000182,6.26557158,-0.1925673300000001,1.0,0.0,1033.0177656430528,0.0,1033.0177656430528
1668411258.8524196,1250.79,1.75,6.33961299,0.0740414100000004,0.0,1.0,0.0,0.8258922486133187,1033.0177656430528
1668411319.939185,1250.86,0.0699999999999363,6.23839749,-0.1012155000000003,1.0,0.0,1033.0755781004557,0.0,1033.0755781004557
1668411379.902538,1254.91,4.050000000000182,6.65676378,0.4183662900000007,0.0,1.0,0.0,0.8232268275019369,1033.0755781004557
1668411439.9129913,1257.92,3.009999999999991,7.08043623,0.4236724499999997,0.0,1.0,0.0,0.8232268275019369,1035.5534908512366
1668411500.868389,1256.07,-1.8500000000001364,6.88142462,-0.1990116100000003,1.0,0.0,1034.0305212203575,0.0,1034.0305212203575
1668411560.7546098,1252.33,-3.740000000000009,6.23463639,-0.6467882299999994,1.0,0.0,1034.0305212203575,0.0,1034.0305212203575
1668411620.7823138,1250.46,-1.8699999999998909,5.62624374,-0.6083926500000008,1.0,0.0,1034.0305212203575,0.0,1034.0305212203575
1668411681.785647,1251.16,0.7000000000000455,5.30067799,-0.32556575,1.0,0.0,1034.0305212203575,0.0,1034.0305212203575
1668411741.621237,1250.67,-0.4900000000000091,4.87219034,-0.4284876499999992,1.0,0.0,1034.0305212203575,0.0,1034.0305212203575
1668411801.453433,1253.72,3.0499999999999545,4.94336245,0.07117211,0.0,1.0,0.0,0.8247699017486819,1034.0305212203575
1668411862.881606,1254.03,0.3099999999999454,4.79537247,-0.1479899800000002,1.0,0.0,1034.2861998898995,0.0,1034.2861998898995
1668411922.9883156,1253.86,-0.1700000000000727,4.58199632,-0.2133761500000002,1.0,0.0,1034.2861998898995,0.0,1034.2861998898995
1668411982.7636209,1254.65,0.790000000000191,4.48552197,-0.0964743500000002,1.0,0.0,1034.2861998898995,0.0,1034.2861998898995
1668412043.7655857,1250.17,-4.480000000000018,3.67613196,-0.8093900099999995,1.0,0.0,1034.2861998898995,0.0,1034.2861998898995
1668412103.880869,1250.94,0.7699999999999818,3.38893899,-0.28719297,1.0,0.0,1034.2861998898995,0.0,1034.2861998898995
1668412164.3477678,1251.88,0.9400000000000546,3.21005691,-0.1788820800000001,1.0,0.0,1034.2861998898995,0.0,1034.2861998898995
1668412225.0399227,1251.68,-0.2000000000000454,2.94567827,-0.2643786399999999,1.0,0.0,1034.2861998898995,0.0,1034.2861998898995
1668412284.7865508,1254.26,2.5799999999999272,3.07664701,0.1309687399999997,0.0,1.0,0.0,0.8246186595202746,1034.2861998898995
1668412344.872489,1260.18,5.920000000000073,3.82543854,0.7487915300000001,0.0,1.0,0.0,0.8246186595202746,1039.1679423542596
1668412405.6739664,1257.11,-3.070000000000164,3.56452399,-0.2609145499999998,1.0,0.0,1036.6363630695323,0.0,1036.6363630695323
1668412465.7018206,1255.32,-1.7899999999999636,3.25831699,-0.3062070000000001,1.0,0.0,1036.6363630695323,0.0,1036.6363630695323
1668412525.6668673,1254.38,-0.9399999999998272,2.96027275,-0.2980442399999998,1.0,0.0,1036.6363630695323,0.0,1036.6363630695323
1668412586.733035,1256.04,1.6599999999998545,2.98643826,0.0261655099999997,0.0,1.0,0.0,0.8253211387133629,1036.6363630695323
1668412647.179841,1256.82,0.7799999999999727,2.97880251,-0.0076357499999999,1.0,0.0,1037.2801135577288,0.0,1037.2801135577288
1668412707.242797,1256.54,-0.2799999999999727,2.8517834,-0.12701911,1.0,0.0,1037.2801135577288,0.0,1037.2801135577288
1668412767.4947124,1256.64,0.1000000000001364,2.75077917,-0.10100423,1.0,0.0,1037.2801135577288,0.0,1037.2801135577288
1668412827.5073082,1260.06,3.4199999999998454,3.11812255,0.3673433799999999,0.0,1.0,0.0,0.8231989854115905,1037.2801135577288
1668412887.6070795,1261.98,1.9200000000000728,3.42743576,0.30931321,0.0,1.0,0.0,0.8231989854115905,1038.860655609719
1668412948.2383482,1266.24,4.259999999999991,4.11168943,0.6842536700000004,0.0,1.0,0.0,0.8231989854115905,1042.3674832875724
1668413008.2472732,1263.94,-2.2999999999999545,4.01018128,-0.1015081499999999,1.0,0.0,1040.4741256211255,0.0,1040.4741256211255
1668413068.2334354,1266.24,2.2999999999999545,4.35384368,0.3436623999999995,0.0,1.0,0.0,0.8217037256927008,1040.4741256211255
1668413129.2043433,1270.51,4.269999999999982,5.03520419,0.6813605100000002,0.0,1.0,0.0,0.8217037256927008,1043.9828005298332
1668413189.191121,1269.48,-1.0299999999999727,5.09731032,0.06210613,0.0,1.0,0.0,0.8217037256927008,1043.1364456923698
1668413250.0170414,1267.14,-2.339999999999918,4.8214753,-0.2758350199999997,1.0,0.0,1041.213658974249,0.0,1041.213658974249
1668413309.8922763,1263.92,-3.220000000000028,4.24210625,-0.5793690500000004,1.0,0.0,1041.213658974249,0.0,1041.213658974249
1668413369.9539108,1263.46,-0.4600000000000364,3.87606316,-0.3660430899999998,1.0,0.0,1041.213658974249,0.0,1041.213658974249
1668413429.9606867,1264.94,1.4800000000000182,3.78307185,-0.0929913100000003,1.0,0.0,1041.213658974249,0.0,1041.213658974249
1668413490.7167614,1264.86,-0.0800000000001546,3.56267934,-0.2203925099999999,1.0,0.0,1041.213658974249,0.0,1041.213658974249
1668413550.6786857,1267.36,2.5,3.70843798,0.1457586399999999,0.0,1.0,0.0,0.8215610868058398,1041.213658974249
1668413610.6365805,1272.91,5.550000000000182,4.40868802,0.7002500399999998,0.0,1.0,0.0,0.8215610868058398,1045.7733230060217
1668413671.983919,1267.35,-5.560000000000173,3.77422789,-0.6344601299999995,1.0,0.0,1041.205443363381,0.0,1041.205443363381
1668413732.595981,1269.63,2.2800000000002,3.90455216,0.13032427,0.0,1.0,0.0,0.8200857284117269,1041.205443363381
1668413792.030667,1271.54,1.9099999999998545,4.08904026,0.1844880999999998,0.0,1.0,0.0,0.8200857284117269,1042.7718071046472
1668413912.6656184,1265.57,-5.970000000000027,2.96509354,-1.1239467200000002,1.0,0.0,1037.8758953060292,0.0,1037.8758953060292
1668413972.592127,1266.42,0.8500000000001364,2.75681659,-0.2082769499999996,1.0,0.0,1037.8758953060292,0.0,1037.8758953060292
1668414033.4573934,1264.53,-1.8900000000001,2.2475543,-0.5092622900000001,1.0,0.0,1037.8758953060292,0.0,1037.8758953060292
1668414093.505557,1266.51,1.9800000000000184,2.22097733,-0.0265769699999998,1.0,0.0,1037.8758953060292,0.0,1037.8758953060292
1668414153.4880033,1265.65,-0.8599999999999,1.92953299,-0.2914443400000002,1.0,0.0,1037.8758953060292,0.0,1037.8758953060292
1668414215.0656376,1263.33,-2.320000000000164,1.40500211,-0.5245308799999999,1.0,0.0,1037.8758953060292,0.0,1037.8758953060292
1668414274.238618,1265.14,1.8100000000001728,1.38013927,-0.0248628400000001,1.0,0.0,1037.8758953060292,0.0,1037.8758953060292
1668414334.2617812,1264.73,-0.4100000000000818,1.17322407,-0.2069151999999998,1.0,0.0,1037.8758953060292,0.0,1037.8758953060292
1668414395.2588415,1266.44,1.7100000000000364,1.26509558,0.09187151,0.0,1.0,0.0,0.8195223581899096,1037.8758953060292
1668414455.3425305,1266.0,-0.4400000000000545,1.15296812,-0.1121274600000001,1.0,0.0,1037.5153054684256,0.0,1037.5153054684256
1668414515.2414906,1264.3,-1.7000000000000457,0.83917236,-0.31379576,1.0,0.0,1037.5153054684256,0.0,1037.5153054684256
1668414575.963122,1263.99,-0.3099999999999454,0.64680953,-0.1923628299999999,1.0,0.0,1037.5153054684256,0.0,1037.5153054684256
1668414636.14129,1264.65,0.6600000000000819,0.60140094,-0.0454085899999999,1.0,0.0,1037.5153054684256,0.0,1037.5153054684256
1668414696.7681518,1266.94,2.289999999999964,0.84144128,0.2400403399999999,0.0,1.0,0.0,0.8189143175433924,1037.5153054684256
1668414756.7561216,1265.99,-0.9500000000000456,0.7431157,-0.0983255799999999,1.0,0.0,1036.7373368667593,0.0,1036.7373368667593
1668414816.8030684,1264.72,-1.2699999999999818,0.53621469,-0.20690101,1.0,0.0,1036.7373368667593,0.0,1036.7373368667593
1668414876.817775,1265.3,0.5799999999999272,0.52937574,-0.00683895,1.0,0.0,1036.7373368667593,0.0,1036.7373368667593
1668414937.7916443,1266.1,0.7999999999999545,0.59545009,0.06607435,0.0,1.0,0.0,0.8188431694706259,1036.7373368667593
1668414997.825641,1263.67,-2.4299999999998363,0.24753746,-0.34791263,1.0,0.0,1034.747547964946,0.0,1034.747547964946
1668415057.8590367,1259.54,-4.130000000000109,-0.46044291,-0.70798037,1.0,0.0,1034.747547964946,0.0,1034.747547964946
1668415118.6686616,1260.6,1.0599999999999454,-0.60191403,-0.14147112,1.0,0.0,1034.747547964946,0.0,1034.747547964946
1668415179.5664425,1257.85,-2.75,-1.16150602,-0.55959199,1.0,0.0,1034.747547964946,0.0,1034.747547964946
1668415238.6520638,1257.8,-0.0499999999999545,-1.42188169,-0.2603756699999999,1.0,0.0,1034.747547964946,0.0,1034.747547964946
1668415299.4065511,1259.99,2.1900000000000546,-1.29572621,0.12615548,0.0,1.0,0.0,0.8212347304065477,1034.747547964946
1668415359.452942,1261.84,1.849999999999909,-1.05809862,0.23762759,0.0,1.0,0.0,0.8212347304065477,1036.266832216198
1668415419.3849578,1263.7,1.860000000000128,-0.71317079,0.3449278299999999,0.0,1.0,0.0,0.8212347304065477,1037.7943288147544
1668415480.4167948,1262.43,-1.2699999999999818,-0.7299553,-0.0167845099999999,1.0,0.0,1036.751360707138,0.0,1036.751360707138
1668415540.2621536,1262.4,-0.0299999999999727,-0.6596535,0.0703017999999999,0.0,1.0,0.0,0.8212542464410155,1036.751360707138
1668415600.3815486,1262.42,0.0199999999999818,-0.59173819,0.0679153099999999,0.0,1.0,0.0,0.8212542464410155,1036.767785792067
1668415661.9956665,1260.89,-1.5299999999999727,-0.72838768,-0.1366494899999999,1.0,0.0,1035.511266795012,0.0,1035.511266795012
1668415721.120108,1259.74,-1.150000000000091,-0.88886622,-0.16047854,1.0,0.0,1035.511266795012,0.0,1035.511266795012
1668415781.1568253,1260.77,1.0299999999999727,-0.8095625,0.07930372,0.0,1.0,0.0,0.8213324133624785,1035.511266795012
1668415842.1415722,1260.07,-0.7000000000000455,-0.87142581,-0.06186331,1.0,0.0,1034.9363341056585,0.0,1034.9363341056585
1668415901.9700377,1263.62,3.5499999999999545,-0.47391017,0.3975156399999999,0.0,1.0,0.0,0.8190249711983496,1034.9363341056585
1668415962.0420773,1262.42,-1.199999999999818,-0.43908376,0.03482641,0.0,1.0,0.0,0.8190249711983496,1033.9535041402205
1668416022.7374804,1262.51,0.0899999999999181,-0.33189947,0.10718429,0.0,1.0,0.0,0.8190249711983496,1034.0272163876284
1668416082.6980636,1262.25,-0.2599999999999909,-0.2997813,0.03211817,0.0,1.0,0.0,0.8190249711983496,1033.8142698951167
1668416142.8979042,1263.26,1.009999999999991,-0.148034,0.1517472999999999,0.0,1.0,0.0,0.8190249711983496,1034.641485116027
1668416204.2020626,1262.93,-0.3299999999999272,-0.12821721,0.01981679,0.0,1.0,0.0,0.8190249711983496,1034.3712068755317
1668416263.7391324,1263.57,0.6399999999998727,-0.00233323,0.12588398,0.0,1.0,0.0,0.8190249711983496,1034.8953828570986
1668416323.795827,1262.66,-0.9099999999998544,0.07764556,0.07997879,0.0,1.0,0.0,0.8190249711983496,1034.1500701333082
1668416384.7019567,1262.31,-0.3500000000001364,0.02973669,-0.04790887,1.0,0.0,1033.8634113933886,0.0,1033.8634113933886
1668416444.6481798,1262.65,0.3400000000001455,-0.00923763,-0.03897432,1.0,0.0,1033.8634113933886,0.0,1033.8634113933886
1668416504.5807514,1258.88,-3.769999999999982,-0.39346492,-0.38422729,1.0,0.0,1033.8634113933886,0.0,1033.8634113933886
1668416565.7429688,1256.36,-2.520000000000209,-0.82197178,-0.42850686,1.0,0.0,1033.8634113933886,0.0,1033.8634113933886
1668416625.532267,1257.51,1.150000000000091,-1.06058459,-0.2386128099999999,1.0,0.0,1033.8634113933886,0.0,1033.8634113933886
1668416685.6684809,1257.45,-0.0599999999999454,-1.19920035,-0.1386157599999999,1.0,0.0,1033.8634113933886,0.0,1033.8634113933886
1668416747.3833542,1256.92,-0.5299999999999727,-1.39884004,-0.1996396900000001,1.0,0.0,1033.8634113933886,0.0,1033.8634113933886
1668416806.7322135,1255.6,-1.3200000000001637,-1.61249975,-0.2136597099999999,1.0,0.0,1033.8634113933886,0.0,1033.8634113933886
1668416866.7381032,1254.73,-0.8699999999998909,-1.82760672,-0.2151069699999999,1.0,0.0,1033.8634113933886,0.0,1033.8634113933886
1668416927.431843,1255.08,0.349999999999909,-1.83140929,-0.0038025700000001,1.0,0.0,1033.8634113933886,0.0,1033.8634113933886
1668416987.320639,1254.16,-0.9199999999998454,-2.0497931,-0.2183838099999999,1.0,0.0,1033.8634113933886,0.0,1033.8634113933886
1668417047.420257,1255.86,1.699999999999818,-1.95080907,0.09898403,0.0,1.0,0.0,0.8232314202167349,1033.8634113933886
1668417107.9916503,1256.66,0.8000000000001819,-1.78981971,0.16098936,0.0,1.0,0.0,0.8232314202167349,1034.521996529562
1668417167.9673066,1256.41,-0.25,-1.73233637,0.0574833399999998,0.0,1.0,0.0,0.8232314202167349,1034.316188674508
1668417228.1149018,1256.71,0.2999999999999545,-1.63103542,0.1013009500000001,0.0,1.0,0.0,0.8232314202167349,1034.563158100573
1668417289.0640783,1256.01,-0.7000000000000455,-1.60238071,0.0286547099999998,0.0,1.0,0.0,0.8232314202167349,1033.9868961064212
1668417349.032321,1255.45,-0.5599999999999454,-1.61960104,-0.01722033,1.0,0.0,1033.5258865110998,0.0,1033.5258865110998
1668417408.9821725,1256.49,1.0399999999999636,-1.53734093,0.08226011,0.0,1.0,0.0,0.8225500294559446,1033.5258865110998
1668417469.7908418,1255.33,-1.160000000000082,-1.48265644,0.05468449,0.0,1.0,0.0,0.8225500294559446,1032.571728476931
1668417529.733328,1253.34,-1.990000000000009,-1.65779147,-0.17513503,1.0,0.0,1030.9348539183136,0.0,1030.9348539183136
1668417589.7283149,1253.98,0.6400000000001,-1.71630697,-0.0585154999999999,1.0,0.0,1030.9348539183136,0.0,1030.9348539183136
1668417650.9218209,1254.83,0.849999999999909,-1.66800083,0.04830614,0.0,1.0,0.0,0.8215733238114435,1030.9348539183136
1668417710.4249582,1259.25,4.420000000000073,-1.09295432,0.57504651,0.0,1.0,0.0,0.8215733238114435,1034.5662080095603
1668417770.445279,1258.5,-0.75,-0.81856928,0.2743850400000001,0.0,1.0,0.0,0.8215733238114435,1033.9500280167017
1668417831.4369273,1259.25,0.75,-0.49689489,0.32167439,0.0,1.0,0.0,0.8215733238114435,1034.5662080095603
1668417891.2694533,1258.57,-0.6800000000000637,-0.39073194,0.1061629499999999,0.0,1.0,0.0,0.8215733238114435,1034.0075381493684
1668417951.252622,1258.97,0.4000000000000909,-0.21614921,0.17458273,0.0,1.0,0.0,0.8215733238114435,1034.336167478893
1668418012.3842564,1259.82,0.849999999999909,-0.03492089,0.18122832,0.0,1.0,0.0,0.8215733238114435,1035.034504804133
1668418072.2302957,1259.71,-0.1099999999998999,0.11821045,0.15313134,0.0,1.0,0.0,0.8215733238114435,1034.9441317385135
1668418132.3348458,1259.0,-0.7100000000000364,0.19081565,0.0726052,0.0,1.0,0.0,0.8215733238114435,1034.3608146786073
1668418193.1793058,1258.53,-0.4700000000000273,0.1975532,0.00673755,0.0,1.0,0.0,0.8215733238114435,1033.974675216416
1668418253.641338,1258.85,0.3199999999999363,0.26320735,0.06565415,0.0,1.0,0.0,0.8215733238114435,1034.2375786800355
1668418313.158991,1257.76,-1.089999999999918,0.17994962,-0.08325773,1.0,0.0,1033.3420637570812,0.0,1033.3420637570812
1668418373.8155696,1258.5,0.7400000000000091,0.19474282,0.0147932,0.0,1.0,0.0,0.8210902373914034,1033.3420637570812
1668418433.7422526,1259.45,0.9500000000000456,0.31676956,0.12202674,0.0,1.0,0.0,0.8210902373914034,1034.122099482603
1668418493.6609976,1259.33,-0.1200000000001182,0.34066973,0.02390017,0.0,1.0,0.0,0.8210902373914034,1034.023568654116
1668418554.7467294,1259.19,-0.1399999999998726,0.3217834,-0.01888633,1.0,0.0,1033.9086160208813,0.0,1033.9086160208813
1668418614.9058602,1259.99,0.7999999999999545,0.43914553,0.11736213,0.0,1.0,0.0,0.8205689061190019,1033.9086160208813
1668418674.7512093,1261.78,1.7899999999999636,0.69918774,0.2600422099999999,0.0,1.0,0.0,0.8205689061190019,1035.3774343628345
1668418735.3875885,1262.76,0.9800000000000182,0.93338579,0.23419805,0.0,1.0,0.0,0.8205689061190019,1036.1815918908308
1668418795.6624496,1261.2,-1.5599999999999454,0.89704139,-0.0363443999999999,1.0,0.0,1034.9015043972852,0.0,1034.9015043972852
1668418855.4000804,1260.32,-0.8800000000001091,0.84260068,-0.05444071,1.0,0.0,1034.9015043972852,0.0,1034.9015043972852
1668418916.2104323,1261.12,0.7999999999999545,0.89612638,0.0535257,0.0,1.0,0.0,0.8206209594624503,1034.9015043972852
1668418976.269152,1261.41,0.290000000000191,0.92026844,0.0241420599999999,0.0,1.0,0.0,0.8206209594624503,1035.1394844755296
1668419036.223167,1261.77,0.3599999999998999,0.97210452,0.05183608,0.0,1.0,0.0,0.8206209594624503,1035.4349080209358
1668419097.02958,1262.66,0.8900000000001,1.0908039,0.11869938,0.0,1.0,0.0,0.8206209594624503,1036.1652606748576
1668419157.0741568,1261.75,-0.910000000000082,1.12714426,0.0363403599999998,0.0,1.0,0.0,0.8206209594624503,1035.4184956017466
1668419218.270811,1262.42,0.6700000000000728,1.10097598,-0.0261682799999998,1.0,0.0,1035.9683116445865,0.0,1035.9683116445865
1668419277.970189,1262.43,0.0099999999999909,1.10051769,-0.00045829,1.0,0.0,1035.9683116445865,0.0,1035.9683116445865
1668419337.7983012,1263.35,0.9199999999998454,1.14799162,0.04747393,0.0,1.0,0.0,0.820016869153114,1035.9683116445865
1668419397.8558924,1263.14,-0.209999999999809,1.11850648,-0.02948514,1.0,0.0,1035.7961081020644,0.0,1035.7961081020644
1668419458.5863416,1261.53,-1.610000000000127,0.9604237,-0.1580827799999999,1.0,0.0,1035.7961081020644,0.0,1035.7961081020644
1668419518.440908,1260.24,-1.2899999999999636,0.73129817,-0.22912553,1.0,0.0,1035.7961081020644,0.0,1035.7961081020644
1668419578.700296,1260.78,0.5399999999999636,0.57959059,-0.1517075799999999,1.0,0.0,1035.7961081020644,0.0,1035.7961081020644
1668419639.4099684,1261.0,0.2200000000000272,0.49749192,-0.08209867,1.0,0.0,1035.7961081020644,0.0,1035.7961081020644
1668419699.2002594,1262.13,1.1300000000001091,0.56094682,0.0634548999999999,0.0,1.0,0.0,0.8206730749622181,1035.7961081020644
1668419759.2728665,1260.51,-1.6200000000001182,0.39083046,-0.1701163599999999,1.0,0.0,1034.4666177206254,0.0,1034.4666177206254
1668419820.8102677,1260.09,-0.4200000000000727,0.28936239,-0.1014680699999999,1.0,0.0,1034.4666177206254,0.0,1034.4666177206254
1668419879.429336,1259.65,-0.4399999999998272,0.11334507,-0.17601732,1.0,0.0,1034.4666177206254,0.0,1034.4666177206254
1668419939.4947028,1257.31,-2.340000000000145,-0.1792484,-0.29259347,1.0,0.0,1034.4666177206254,0.0,1034.4666177206254
1668419999.4320674,1257.1,-0.2100000000000363,-0.41319781,-0.23394941,1.0,0.0,1034.4666177206254,0.0,1034.4666177206254
1668420059.4948764,1256.82,-0.2799999999999727,-0.60118489,-0.1879870799999999,1.0,0.0,1034.4666177206254,0.0,1034.4666177206254
1668420119.4431636,1255.56,-1.259999999999991,-0.83616179,-0.2349769,1.0,0.0,1034.4666177206254,0.0,1034.4666177206254
1668420179.4495368,1254.07,-1.490000000000009,-1.27029994,-0.4341381499999999,1.0,0.0,1034.4666177206254,0.0,1034.4666177206254
1668420239.4135728,1257.51,3.4400000000000546,-1.04321253,0.22708741,0.0,1.0,0.0,0.8226309275636977,1034.4666177206254
1668420300.1990647,1257.63,0.1200000000001182,-0.92557645,0.1176360799999999,0.0,1.0,0.0,0.8226309275636977,1034.5653334319331
1668420359.4658036,1257.05,-0.5800000000001546,-0.95462839,-0.02905194,1.0,0.0,1034.088207493946,0.0,1034.088207493946
1668420419.4440846,1255.98,-1.0699999999999363,-1.08376679,-0.1291384000000001,1.0,0.0,1034.088207493946,0.0,1034.088207493946
1668420479.3729117,1256.55,0.5699999999999363,-1.08340961,0.0003571800000001,0.0,1.0,0.0,0.8229582646881907,1034.088207493946
1668420539.4272428,1256.37,-0.1800000000000636,-1.09688074,-0.0134711300000001,1.0,0.0,1033.940075006302,0.0,1033.940075006302
1668420599.3150272,1255.83,-0.5399999999999636,-1.15512086,-0.05824012,1.0,0.0,1033.940075006302,0.0,1033.940075006302
1668420659.3004503,1256.93,1.1000000000001364,-0.98919978,0.16592108,0.0,1.0,0.0,0.8225916121075175,1033.940075006302
1668420719.5363953,1254.88,-2.0499999999999545,-1.21471736,-0.2255175800000001,1.0,0.0,1032.2537622014818,0.0,1032.2537622014818
1668420780.5194168,1255.77,0.8899999999998727,-1.14468433,0.07003303,0.0,1.0,0.0,0.822008617980587,1032.2537622014818
1668420839.427523,1255.33,-0.4400000000000545,-1.18023766,-0.0355533299999999,1.0,0.0,1031.89207840957,0.0,1031.89207840957
1668420899.4230382,1255.72,0.3900000000001,-1.13481831,0.0454193499999999,0.0,1.0,0.0,0.8217533195374527,1031.89207840957
1668420959.4935598,1255.51,-0.2100000000000363,-1.11848706,0.0163312499999999,0.0,1.0,0.0,0.8217533195374527,1031.7195102124672
1668421019.3982997,1255.06,-0.4500000000000455,-1.12865215,-0.0101650899999998,1.0,0.0,1031.3497212186753,0.0,1031.3497212186753
1668421079.4684434,1254.57,-0.4900000000000091,-1.17435371,-0.0457015600000001,1.0,0.0,1031.3497212186753,0.0,1031.3497212186753
1668421139.46278,1254.34,-0.2300000000000182,-1.2042904,-0.0299366899999999,1.0,0.0,1031.3497212186753,0.0,1031.3497212186753
1668421199.3643925,1255.66,1.3200000000001637,-1.08572428,0.1185661200000001,0.0,1.0,0.0,0.8213606559249121,1031.3497212186753
1668421260.067698,1257.37,1.709999999999809,-0.84232698,0.2433973,0.0,1.0,0.0,0.8213606559249121,1032.7542479403066
1668421319.4117794,1257.58,0.2100000000000363,-0.62543432,0.2168926599999999,0.0,1.0,0.0,0.8213606559249121,1032.926733678051
1668421379.4542236,1257.71,0.1300000000001091,-0.4683402,0.15709412,0.0,1.0,0.0,0.8213606559249121,1033.0335105633212
1668421439.5155373,1257.45,-0.2599999999999909,-0.35544614,0.1128940599999999,0.0,1.0,0.0,0.8213606559249121,1032.8199567927809
1668421499.4833412,1256.25,-1.2000000000000457,-0.36522898,-0.0097828399999999,1.0,0.0,1031.8343240056709,0.0,1031.8343240056709
1668421559.590583,1256.76,0.5099999999999909,-0.33512035,0.0301086299999999,0.0,1.0,0.0,0.8210273433317983,1031.8343240056709
1668421619.526971,1257.76,1.0,-0.18378339,0.15133696,0.0,1.0,0.0,0.8210273433317983,1032.6553513490026
1668421679.4551888,1257.36,-0.4000000000000909,-0.11187658,0.0719068099999999,0.0,1.0,0.0,0.8210273433317983,1032.3269404116695
1668421740.4345524,1258.1,0.7400000000000091,0.01033737,0.12221395,0.0,1.0,0.0,0.8210273433317983,1032.9345006457354
1668421799.4422152,1257.46,-0.6399999999998727,0.10967801,0.09934064,0.0,1.0,0.0,0.8210273433317983,1032.4090431460031
1668421859.5285285,1257.82,0.3599999999998999,0.12727096,0.0175929499999999,0.0,1.0,0.0,0.8210273433317983,1032.7046129896023
1668421919.4817524,1258.85,1.0299999999999727,0.29917565,0.17190469,0.0,1.0,0.0,0.8210273433317983,1033.5502711532342
1668421979.5202372,1259.43,0.5800000000001546,0.46984,0.1706643499999999,0.0,1.0,0.0,0.8210273433317983,1034.0264670123668
1668422039.4094317,1259.95,0.5199999999999818,0.58054041,0.11070041,0.0,1.0,0.0,0.8210273433317983,1034.453401230899
1668422099.3862293,1260.14,0.1900000000000545,0.73394369,0.15340328,0.0,1.0,0.0,0.8210273433317983,1034.6093964261324
1668422159.382157,1258.67,-1.4700000000000273,0.67245291,-0.06149078,1.0,0.0,1033.4024862314343,0.0,1033.4024862314343
1668422220.6985428,1259.5,0.8299999999999272,0.72182588,0.04937297,0.0,1.0,0.0,0.820486293157153,1033.4024862314343
1668422279.5473204,1260.94,1.4400000000000546,0.90250398,0.1806780999999999,0.0,1.0,0.0,0.820486293157153,1034.5839864935806
1668422339.478479,1261.46,0.5199999999999818,1.05649622,0.1539922400000001,0.0,1.0,0.0,0.820486293157153,1035.0106393660224
1668422399.3760748,1259.6,-1.860000000000128,0.91446896,-0.1420272600000001,1.0,0.0,1033.4845348607498,0.0,1033.4845348607498
1668422459.458484,1260.58,0.9800000000000182,0.96235092,0.04788196,0.0,1.0,0.0,0.8198484307705579,1033.4845348607498
1668422519.4167285,1260.55,-0.0299999999999727,0.97309843,0.0107475099999999,0.0,1.0,0.0,0.8198484307705579,1033.4599394078268
1668422579.7268214,1259.89,-0.6599999999998545,0.81279433,-0.1603040999999999,1.0,0.0,1032.9188394435182,0.0,1032.9188394435182
1668422639.5400064,1260.73,0.8399999999999181,0.83797921,0.0251848799999999,0.0,1.0,0.0,0.8193021816277222,1032.9188394435182
1668422700.418226,1259.12,-1.610000000000127,0.67221277,-0.1657664399999999,1.0,0.0,1031.5997629310975,0.0,1031.5997629310975
1668422759.6687438,1261.35,2.230000000000018,0.81233961,0.1401268399999999,0.0,1.0,0.0,0.817853698760136,1031.5997629310975
1668422819.5771627,1261.67,0.3200000000001637,0.86917534,0.0568357299999999,0.0,1.0,0.0,0.817853698760136,1031.861476114701
1668422879.524134,1261.0,-0.6700000000000728,0.85481821,-0.0143571299999999,1.0,0.0,1031.3135141365317,0.0,1031.3135141365317
1668422939.552038,1260.28,-0.7200000000000273,0.72166777,-0.1331504399999999,1.0,0.0,1031.3135141365317,0.0,1031.3135141365317
1668422999.5314023,1257.34,-2.9400000000000546,0.32683715,-0.39483062,1.0,0.0,1031.3135141365317,0.0,1031.3135141365317
1668423059.638104,1258.69,1.3500000000001364,0.27705877,-0.04977838,1.0,0.0,1031.3135141365317,0.0,1031.3135141365317
1668423119.499691,1260.77,2.0799999999999272,0.40386807,0.1268093,0.0,1.0,0.0,0.8180028983371525,1031.3135141365317
1668423180.2827184,1259.98,-0.7899999999999636,0.32895306,-0.07491501,1.0,0.0,1030.6672918468453,0.0,1030.6672918468453
1668423239.4348643,1260.02,0.0399999999999636,0.32352339,-0.0054296699999999,1.0,0.0,1030.6672918468453,0.0,1030.6672918468453
1668423299.5313504,1259.69,-0.3299999999999272,0.30534395,-0.01817944,1.0,0.0,1030.6672918468453,0.0,1030.6672918468453
1668423359.7458372,1260.87,1.1799999999998363,0.39205888,0.08671493,0.0,1.0,0.0,0.8174255013180148,1030.6672918468453
1668423419.511441,1260.89,0.0200000000002091,0.42478027,0.03272139,0.0,1.0,0.0,0.8174255013180148,1030.6836403568718
1668423479.541219,1261.3,0.4099999999998545,0.51354351,0.0887632399999999,0.0,1.0,0.0,0.8174255013180148,1031.0187848124122
1668423539.6424592,1261.25,-0.0499999999999545,0.55317385,0.0396303399999999,0.0,1.0,0.0,0.8174255013180148,1030.9779135373462
1668423599.5052123,1259.81,-1.4400000000000546,0.41555015,-0.1376236999999999,1.0,0.0,1029.8008208154483,0.0,1029.8008208154483
1668423660.7486546,1260.69,0.8800000000001091,0.46189068,0.0463405299999999,0.0,1.0,0.0,0.8168549134326824,1029.8008208154483
1668423719.554578,1261.87,1.1799999999998363,0.56853077,0.1066400899999999,0.0,1.0,0.0,0.8168549134326824,1030.7647096132987
1668423779.4957569,1261.76,-0.1099999999998999,0.63025865,0.06172788,0.0,1.0,0.0,0.8168549134326824,1030.6748555728211
1668423839.5269434,1261.87,0.1099999999998999,0.67619984,0.0459411899999999,0.0,1.0,0.0,0.8168549134326824,1030.7647096132987
1668423899.6279252,1260.01,-1.8599999999999,0.5151983,-0.16100154,1.0,0.0,1029.245359474314,0.0,1029.245359474314
1668423959.5677345,1260.52,0.5099999999999909,0.45561752,-0.05958078,1.0,0.0,1029.245359474314,0.0,1029.245359474314
1668424019.5557146,1260.55,0.0299999999999727,0.39246119,-0.0631563299999999,1.0,0.0,1029.245359474314,0.0,1029.245359474314
1668424079.5858445,1261.02,0.4700000000000273,0.38100009,-0.0114611,1.0,0.0,1029.245359474314,0.0,1029.245359474314
1668424140.5948613,1262.63,1.610000000000127,0.57556338,0.1945632899999999,0.0,1.0,0.0,0.8151599118303176,1029.245359474314
1668424199.4369009,1260.63,-2.0,0.4233764,-0.1521869799999999,1.0,0.0,1027.6150396506532,0.0,1027.6150396506532
1668424259.7649748,1261.32,0.6899999999998272,0.40510228,-0.01827412,1.0,0.0,1027.6150396506532,0.0,1027.6150396506532
1668424319.6337106,1261.69,0.3700000000001182,0.40286827,-0.00223401,1.0,0.0,1027.6150396506532,0.0,1027.6150396506532
1668424379.6522212,1260.87,-0.8200000000001637,0.31109803,-0.0917702399999999,1.0,0.0,1027.6150396506532,0.0,1027.6150396506532
1668424439.4769864,1262.11,1.240000000000009,0.39369035,0.08259232,0.0,1.0,0.0,0.8142040231443006,1027.6150396506532
1668424499.5331638,1262.24,0.1300000000001091,0.47511503,0.0814246799999999,0.0,1.0,0.0,0.8142040231443006,1027.720886173662
1668424559.626685,1262.56,0.3199999999999363,0.5333517,0.0582366699999999,0.0,1.0,0.0,0.8142040231443006,1027.981431461068
1668424620.7753448,1262.3,-0.2599999999999909,0.51023297,-0.0231187299999999,1.0,0.0,1027.7697384150506,0.0,1027.7697384150506
1668424679.7144868,1263.42,1.1200000000001182,0.6162566,0.10602363,0.0,1.0,0.0,0.8134822453460057,1027.7697384150506
1668424739.437565,1263.28,-0.1400000000001,0.91946928,0.30321268,0.0,1.0,0.0,0.8134822453460057,1027.655850900702
1668424799.4243834,1260.22,-3.059999999999945,0.61682783,-0.3026414500000001,1.0,0.0,1025.1665952299434,0.0,1025.1665952299434
1668424859.5460038,1258.47,-1.75,0.2004535,-0.4163743299999999,1.0,0.0,1025.1665952299434,0.0,1025.1665952299434
1668424919.496569,1262.36,3.8899999999998727,0.22403117,0.0235776699999999,0.0,1.0,0.0,0.8121031997448774,1025.1665952299434
1668424979.5152066,1259.42,-2.939999999999827,-0.05134018,-0.27537135,1.0,0.0,1022.7790118226936,0.0,1022.7790118226936
1668425039.6181357,1259.74,0.3199999999999363,-0.1041123,-0.05277212,1.0,0.0,1022.7790118226936,0.0,1022.7790118226936
1668425100.7953184,1258.26,-1.4800000000000182,-0.39415812,-0.29004582,1.0,0.0,1022.7790118226936,0.0,1022.7790118226936
1668425159.524628,1257.25,-1.009999999999991,-0.61549654,-0.2213384199999999,1.0,0.0,1022.7790118226936,0.0,1022.7790118226936
1668425219.4918096,1256.47,-0.7799999999999727,-0.90005604,-0.2845594999999999,1.0,0.0,1022.7790118226936,0.0,1022.7790118226936
1668425279.5220928,1256.26,-0.2100000000000363,-1.08051972,-0.1804636800000001,1.0,0.0,1022.7790118226936,0.0,1022.7790118226936
1668425339.7020862,1257.66,1.400000000000091,-1.10938903,-0.0288693099999999,1.0,0.0,1022.7790118226936,0.0,1022.7790118226936
1668425399.5196338,1257.74,0.0799999999999272,-1.09780136,0.0115876699999999,0.0,1.0,0.0,0.8131879496737748,1022.7790118226936
1668425459.9244008,1256.38,-1.3599999999999,-1.19006349,-0.0922621299999999,1.0,0.0,1021.6730762111372,0.0,1021.6730762111372
1668425519.5084157,1255.1,-1.2800000000002,-1.33400188,-0.1439383899999999,1.0,0.0,1021.6730762111372,0.0,1021.6730762111372
1668425580.7246015,1255.51,0.4100000000000818,-1.39946299,-0.0654611099999999,1.0,0.0,1021.6730762111372,0.0,1021.6730762111372
1668425639.5893984,1254.2,-1.3099999999999454,-1.56822353,-0.16876054,1.0,0.0,1021.6730762111372,0.0,1021.6730762111372
1668425699.9421642,1253.95,-0.25,-1.69590127,-0.1276777399999999,1.0,0.0,1021.6730762111372,0.0,1021.6730762111372
1668425759.6635344,1254.36,0.4099999999998545,-1.66716489,0.02873638,0.0,1.0,0.0,0.8144974937108463,1021.6730762111372
1668425819.6703625,1255.93,1.5700000000001637,-1.48823908,0.1789258099999999,0.0,1.0,0.0,0.8144974937108463,1022.9518372762632
1668425879.6976812,1255.8,-0.1300000000001091,-1.40585808,0.082381,0.0,1.0,0.0,0.8144974937108463,1022.8459526020808
1668425939.5924952,1255.8,0.0,-1.28281418,0.1230439000000001,0.0,1.0,0.0,0.8144974937108463,1022.8459526020808
1668425999.7734208,1254.5,-1.2999999999999543,-1.32972611,-0.04691193,1.0,0.0,1021.7871058602568,0.0,1021.7871058602568
1668426060.788018,1254.65,0.1500000000000909,-1.35461324,-0.0248871299999999,1.0,0.0,1021.7871058602568,0.0,1021.7871058602568
1668426119.6979206,1255.02,0.3699999999998908,-1.25795715,0.0966560899999999,0.0,1.0,0.0,0.8141600180556938,1021.7871058602568
1668426179.6317906,1255.58,0.5599999999999454,-1.10972831,0.14822884,0.0,1.0,0.0,0.8141600180556938,1022.243035470368
1668426239.6904693,1256.74,1.160000000000082,-0.92378496,0.1859433499999999,0.0,1.0,0.0,0.8141600180556938,1023.1874610913128
1668426299.6789467,1255.64,-1.099999999999909,-0.9179037,0.0058812599999999,0.0,1.0,0.0,0.8141600180556938,1022.2918850714516
1668426359.7053308,1255.94,0.2999999999999545,-0.85864944,0.05925426,0.0,1.0,0.0,0.8141600180556938,1022.5361330768682
1668426419.5965445,1256.59,0.6499999999998636,-0.72816103,0.13048841,0.0,1.0,0.0,0.8141600180556938,1023.0653370886042
1668426479.5803337,1257.17,0.5800000000001546,-0.58251959,0.14564144,0.0,1.0,0.0,0.8141600180556938,1023.5375498990768
1668426540.4843946,1256.63,-0.5399999999999636,-0.50784018,0.07467941,0.0,1.0,0.0,0.8141600180556938,1023.0979034893268
1668426599.4668314,1255.18,-1.4500000000000457,-0.61943508,-0.1115949,1.0,0.0,1021.917371463146,0.0,1021.917371463146
1668426659.582996,1254.9,-0.2799999999999727,-0.64351289,-0.0240778099999999,1.0,0.0,1021.917371463146,0.0,1021.917371463146
1668426719.713026,1255.73,0.8299999999999272,-0.57786487,0.06564802,0.0,1.0,0.0,0.8138034222827726,1021.917371463146
1668426779.6146994,1254.82,-0.910000000000082,-0.67463554,-0.09677067,1.0,0.0,1021.1768103488688,0.0,1021.1768103488688
1668426839.5618143,1255.47,0.650000000000091,-0.61299773,0.06163781,0.0,1.0,0.0,0.8133820882608654,1021.1768103488688
1668426899.5986094,1254.39,-1.0799999999999272,-0.66502394,-0.0520262099999999,1.0,0.0,1020.2983576935472,0.0,1020.2983576935472
1668426959.7094882,1254.73,0.3399999999999181,-0.67837494,-0.013351,1.0,0.0,1020.2983576935472,0.0,1020.2983576935472
1668427020.839741,1255.35,0.6199999999998909,-0.54582591,0.1325490299999999,0.0,1.0,0.0,0.8127600730422172,1020.2983576935472
1668427079.6157742,1254.51,-0.8399999999999181,-0.59743723,-0.05161132,1.0,0.0,1019.615639232192,0.0,1019.615639232192
1668427139.7482648,1254.58,0.0699999999999363,-0.55555656,0.04188067,0.0,1.0,0.0,0.8127147246346922,1019.615639232192
1668427199.706798,1252.28,-2.2999999999999545,-0.83362401,-0.27806745,1.0,0.0,1017.7463953655324,0.0,1017.7463953655324
1668427260.0361073,1253.19,0.910000000000082,-0.87943672,-0.0458127099999999,1.0,0.0,1017.7463953655324,0.0,1017.7463953655324
1668427320.0479398,1252.8,-0.3900000000001,-0.96541186,-0.08597514,1.0,0.0,1017.7463953655324,0.0,1017.7463953655324
1668427379.7739806,1251.1,-1.7000000000000457,-1.13482762,-0.16941576,1.0,0.0,1017.7463953655324,0.0,1017.7463953655324
1668427439.538093,1248.72,-2.3799999999998818,-1.57007571,-0.43524809,1.0,0.0,1017.7463953655324,0.0,1017.7463953655324
1668427500.37525,1248.29,-0.4300000000000636,-1.90587342,-0.33579771,1.0,0.0,1017.7463953655324,0.0,1017.7463953655324
1668427559.603825,1245.11,-3.180000000000064,-2.45904319,-0.55316977,1.0,0.0,1017.7463953655324,0.0,1017.7463953655324
1668427619.7594345,1247.41,2.300000000000182,-2.44439571,0.0146474799999998,0.0,1.0,0.0,0.8158876354731261,1017.7463953655324
1668427679.9457417,1249.17,1.759999999999991,-2.19232649,0.2520692200000001,0.0,1.0,0.0,0.8158876354731261,1019.1823576039652
1668427739.9616663,1249.03,-0.1400000000001,-2.10808555,0.0842409399999999,0.0,1.0,0.0,0.8158876354731261,1019.0681333349988
1668427799.9128742,1246.67,-2.3599999999999,-2.29458835,-0.1865027999999999,1.0,0.0,1017.1426385152822,0.0,1017.1426385152822
1668427859.7488415,1247.94,1.2699999999999818,-2.21729076,0.0772975900000001,0.0,1.0,0.0,0.8150573252842942,1017.142638515282
1668427919.8304522,1248.53,0.5899999999999181,-2.1160982,0.1011925599999998,0.0,1.0,0.0,0.8150573252842942,1017.6235223371998
1668427979.9466276,1252.1,3.5699999999999363,-1.67292668,0.4431715200000001,0.0,1.0,0.0,0.8150573252842942,1020.5332769884646
1668428039.707584,1253.32,1.2200000000000273,-1.23275071,0.4401759700000001,0.0,1.0,0.0,0.8150573252842942,1021.5276469253116
1668428099.745803,1253.21,-0.1099999999998999,-0.85704201,0.3757086999999999,0.0,1.0,0.0,0.8150573252842942,1021.4379906195304
1668428159.7521274,1254.44,1.2300000000000182,-0.50228734,0.35475467,0.0,1.0,0.0,0.8150573252842942,1022.44051112963
1668428219.7901497,1253.2,-1.240000000000009,-0.27256887,0.2297184699999999,0.0,1.0,0.0,0.8150573252842942,1021.4298400462776
1668428279.8523843,1252.58,-0.6200000000001182,-0.14390837,0.1286605,0.0,1.0,0.0,0.8150573252842942,1020.9245045046011
1668428339.830373,1253.4,0.8200000000001637,0.0085745,0.15248287,0.0,1.0,0.0,0.8150573252842942,1021.5928515113344
1668428399.9229305,1253.86,0.459999999999809,0.18089526,0.17232076,0.0,1.0,0.0,0.8150573252842942,1021.9677778809652
1668428459.757192,1253.94,0.0800000000001546,0.2426185,0.0617232399999999,0.0,1.0,0.0,0.8150573252842942,1022.032982466988
1668428520.247063,1254.35,0.4099999999998545,0.36824572,0.12562722,0.0,1.0,0.0,0.8150573252842942,1022.3671559703544
1668428579.761449,1254.69,0.3400000000001455,0.47525906,0.10701334,0.0,1.0,0.0,0.8150573252842942,1022.6442754609512
1668428639.5956252,1255.26,0.5699999999999363,0.6416892,0.1664301399999999,0.0,1.0,0.0,0.8150573252842942,1023.1088581363632
1668428699.7966063,1255.96,0.7000000000000455,0.77505903,0.13336983,0.0,1.0,0.0,0.8150573252842942,1023.679398264062
1668428759.6399224,1257.49,1.5299999999999727,0.95219282,0.17713379,0.0,1.0,0.0,0.8150573252842942,1024.9264359717472
1668428819.6748345,1257.55,0.0599999999999454,1.08927613,0.1370833099999999,0.0,1.0,0.0,0.8150573252842942,1024.975339411264
1668428879.6309645,1260.9,3.3500000000001364,1.54142492,0.4521487900000001,0.0,1.0,0.0,0.8150573252842942,1027.7057814509667
1668428939.7780392,1262.38,1.4800000000000182,2.01948939,0.4780644699999998,0.0,1.0,0.0,0.8150573252842942,1028.9120662923874
1668428999.8232174,1261.29,-1.0900000000001455,2.16784703,0.1483576399999999,0.0,1.0,0.0,0.8150573252842942,1028.0236538078277
1668429059.653051,1260.91,-0.3799999999998817,2.29376293,0.1259159000000003,0.0,1.0,0.0,0.8150573252842942,1027.7139320242195
1668429119.6611516,1260.96,0.0499999999999545,2.30467801,0.0109150799999997,0.0,1.0,0.0,0.8150573252842942,1027.7546848904835
1668429179.8951738,1261.99,1.0299999999999727,2.39627832,0.09160031,0.0,1.0,0.0,0.8150573252842942,1028.5941939355264
1668429239.7617788,1264.31,2.3199999999999363,2.83425647,0.4379781500000002,0.0,1.0,0.0,0.8150573252842942,1030.485126930186
1668429299.7614274,1266.68,2.3700000000001182,3.15213428,0.3178778099999997,0.0,1.0,0.0,0.8150573252842942,1032.4168127911098
1668429359.7770724,1264.59,-2.090000000000145,3.13432987,-0.0178044099999996,1.0,0.0,1030.7133429812654,0.0,1030.7133429812654
1668429419.740124,1263.93,-0.6599999999998545,3.13812262,0.0037927499999996,0.0,1.0,0.0,0.8154829325842929,1030.7133429812654
1668429480.4360194,1263.29,-0.6400000000001,3.01471235,-0.1234102699999999,1.0,0.0,1030.1914339044115,0.0,1030.1914339044115
1668429539.7739325,1261.34,-1.9500000000000453,2.68788746,-0.3268248900000001,1.0,0.0,1030.1914339044115,0.0,1030.1914339044115
1668429599.8395865,1262.7,1.360000000000127,2.54950477,-0.1383826899999998,1.0,0.0,1030.1914339044115,0.0,1030.1914339044115
1668429659.8115275,1264.13,1.4300000000000637,2.48096236,-0.06854241,1.0,0.0,1030.1914339044115,0.0,1030.1914339044115
1668429719.7143528,1264.6,0.4699999999997999,2.43326723,-0.0476951300000001,1.0,0.0,1030.1914339044115,0.0,1030.1914339044115
1668429780.0691364,1263.97,-0.6299999999998818,2.29689301,-0.13637422,1.0,0.0,1030.1914339044115,0.0,1030.1914339044115
1668429839.9981382,1263.02,-0.9500000000000456,2.11542664,-0.1814663699999998,1.0,0.0,1030.1914339044115,0.0,1030.1914339044115
1668429899.82221,1262.09,-0.9300000000000636,1.88835428,-0.2270723599999999,1.0,0.0,1030.1914339044115,0.0,1030.1914339044115
1668429960.5492835,1261.66,-0.4299999999998363,1.64935648,-0.2389977999999999,1.0,0.0,1030.1914339044115,0.0,1030.1914339044115
1668430019.8071334,1261.47,-0.1900000000000545,1.40264128,-0.2467151999999999,1.0,0.0,1030.1914339044115,0.0,1030.1914339044115
1668430079.664955,1263.74,2.269999999999982,1.46263874,0.0599974599999999,0.0,1.0,0.0,0.8151925506072543,1030.1914339044115
1668430139.884734,1263.92,0.1800000000000636,1.43718432,-0.0254544199999999,1.0,0.0,1030.3381685635209,0.0,1030.3381685635209
1668430199.750447,1263.32,-0.6000000000001364,1.38180429,-0.05538003,1.0,0.0,1030.3381685635209,0.0,1030.3381685635209
1668430259.6797345,1263.81,0.4900000000000091,1.32978418,-0.0520201099999999,1.0,0.0,1030.3381685635209,0.0,1030.3381685635209
1668430319.8758824,1263.85,0.0399999999999636,1.29298919,-0.0367949900000001,1.0,0.0,1030.3381685635209,0.0,1030.3381685635209
1668430379.7301428,1265.0,1.150000000000091,1.41044544,0.11745625,0.0,1.0,0.0,0.8144965759395422,1030.3381685635209
1668430440.3853104,1263.94,-1.0599999999999454,1.34876769,-0.0616777499999998,1.0,0.0,1029.474802193025,0.0,1029.474802193025
1668430500.0731926,1264.78,0.8399999999999181,1.44698642,0.0982187299999999,0.0,1.0,0.0,0.8139556303807974,1029.474802193025
1668430559.836466,1262.68,-2.099999999999909,1.21971223,-0.2272741899999999,1.0,0.0,1027.7654953692254,0.0,1027.7654953692254
1668430619.714293,1261.84,-0.8400000000001455,0.95499006,-0.2647221700000001,1.0,0.0,1027.7654953692254,0.0,1027.7654953692254
1668430679.7790306,1262.51,0.6700000000000728,0.86147983,-0.09351023,1.0,0.0,1027.7654953692254,0.0,1027.7654953692254
1668430739.840975,1262.69,0.1800000000000636,0.80021967,-0.0612601599999999,1.0,0.0,1027.7654953692254,0.0,1027.7654953692254
1668430799.6690154,1264.32,1.6299999999998818,0.86507852,0.0648588499999999,0.0,1.0,0.0,0.8128998160032471,1027.7654953692254
1668430859.8486533,1264.04,-0.2799999999999727,0.84557454,-0.0195039799999999,1.0,0.0,1027.5378834207445,0.0,1027.5378834207445
1668430920.492786,1263.64,-0.3999999999998636,0.81523251,-0.03034203,1.0,0.0,1027.5378834207445,0.0,1027.5378834207445
1668430979.997363,1264.11,0.4699999999997999,0.76322456,-0.0520079499999999,1.0,0.0,1027.5378834207445,0.0,1027.5378834207445
1668431040.6098068,1263.29,-0.8199999999999363,0.69006871,-0.07315585,1.0,0.0,1027.5378834207445,0.0,1027.5378834207445
1668431100.7178502,1264.65,1.360000000000127,0.77693534,0.0868666299999999,0.0,1.0,0.0,0.8125077163015415,1027.5378834207445
1668431160.4546585,1265.38,0.7300000000000182,0.9071046,0.13016926,0.0,1.0,0.0,0.8125077163015415,1028.1310140536448
1668431221.586367,1268.26,2.8799999999998818,1.285988,0.3788833999999998,0.0,1.0,0.0,0.8125077163015415,1030.471036276593
1668431281.59627,1267.66,-0.599999999999909,1.62128976,0.3353017600000001,0.0,1.0,0.0,0.8125077163015415,1029.9835316468125
1668431341.61152,1263.33,-4.330000000000155,1.12252264,-0.4987671200000001,1.0,0.0,1026.4653732352265,0.0,1026.4653732352265
1668431402.3081658,1261.09,-2.240000000000009,0.60735703,-0.5151656099999999,1.0,0.0,1026.4653732352265,0.0,1026.4653732352265
1668431463.007568,1261.0,-0.0899999999999181,0.24591541,-0.3614416199999999,1.0,0.0,1026.4653732352265,0.0,1026.4653732352265
1668431522.1655266,1263.5,2.5,0.275191,0.02927559,0.0,1.0,0.0,0.812398395912328,1026.4653732352265
1668431582.9926586,1266.48,2.980000000000018,0.51072625,0.23553525,0.0,1.0,0.0,0.812398395912328,1028.886320455045
1668431643.221816,1272.96,6.480000000000018,1.23026505,0.7195388,0.0,1.0,0.0,0.812398395912328,1034.1506620605571
1668431703.1118708,1281.43,8.470000000000027,2.91525195,1.6849869,0.0,1.0,0.0,0.812398395912328,1041.0316764739346
1668431764.0350337,1278.34,-3.090000000000145,3.29492214,0.3796701900000001,0.0,1.0,0.0,0.812398395912328,1038.5213654305653
1668431824.0602756,1277.28,-1.0599999999999454,3.63399629,0.3390741499999996,0.0,1.0,0.0,0.812398395912328,1037.6602231308982
1668431884.0616577,1276.33,-0.9500000000000456,3.75654952,0.1225532300000002,0.0,1.0,0.0,0.812398395912328,1036.8884446547816
1668431944.9533496,1277.11,0.7799999999999727,3.74851692,-0.0080325999999999,1.0,0.0,1037.522115403593,0.0,1037.522115403593
1668432004.9181771,1277.28,0.1700000000000727,3.83039301,0.0818760899999997,0.0,1.0,0.0,0.8122902694817057,1037.522115403593
1668432064.869912,1277.55,0.2699999999999818,3.89997116,0.0695781500000003,0.0,1.0,0.0,0.8122902694817057,1037.741433776353
1668432125.6717062,1276.89,-0.6599999999998545,3.71207099,-0.1879001700000002,1.0,0.0,1037.2053221984952,0.0,1037.2053221984952
1668432185.639845,1279.98,3.089999999999918,3.94120864,0.2291376500000002,0.0,1.0,0.0,0.8103293193631894,1037.2053221984952
1668432245.7123616,1283.63,3.650000000000091,4.29334617,0.3521375300000002,0.0,1.0,0.0,0.8103293193631894,1040.163024214171
1668432306.6704085,1285.85,2.2199999999998,4.78558776,0.4922415899999999,0.0,1.0,0.0,0.8103293193631894,1041.961955303157
1668432366.7874324,1282.95,-2.899999999999864,4.76346339,-0.0221243700000002,1.0,0.0,1039.612000277004,0.0,1039.612000277004
1668432426.711734,1283.26,0.3099999999999454,4.78553059,0.0220671999999995,0.0,1.0,0.0,0.8101335662897651,1039.612000277004
1668432487.5475605,1285.2,1.9400000000000543,4.93588223,0.1503516400000002,0.0,1.0,0.0,0.8101335662897651,1041.183659395606
1668432547.5450466,1287.63,2.430000000000064,5.37760164,0.4417194100000001,0.0,1.0,0.0,0.8101335662897651,1043.1522839616905
1668432607.4867857,1287.69,0.0599999999999454,5.54648675,0.1688851099999997,0.0,1.0,0.0,0.8101335662897651,1043.2008919756677
1668432668.5076387,1287.25,-0.4400000000000545,5.49417229,-0.0523144599999998,1.0,0.0,1042.8444332065,0.0,1042.8444332065
1668432728.2768629,1283.99,-3.259999999999991,4.8945412,-0.5996310899999999,1.0,0.0,1042.8444332065,0.0,1042.8444332065
1668432788.2144778,1281.68,-2.309999999999945,4.3968731,-0.4976681000000003,1.0,0.0,1042.8444332065,0.0,1042.8444332065
1668432849.4449832,1282.36,0.6799999999998363,4.07052492,-0.3263481799999992,1.0,0.0,1042.8444332065,0.0,1042.8444332065
1668432909.489275,1285.59,3.230000000000018,3.98364952,-0.0868754000000002,1.0,0.0,1042.8444332065,0.0,1042.8444332065
1668432969.534798,1285.58,-0.0099999999999909,3.74931302,-0.2343364999999999,1.0,0.0,1042.8444332065,0.0,1042.8444332065
1668433030.298775,1284.0,-1.5799999999999272,3.38026044,-0.3690525800000004,1.0,0.0,1042.8444332065,0.0,1042.8444332065
1668433090.289318,1281.3,-2.700000000000045,2.83187199,-0.54838845,1.0,0.0,1042.8444332065,0.0,1042.8444332065
1668433150.3128543,1281.88,0.5800000000001546,2.55879707,-0.27307492,1.0,0.0,1042.8444332065,0.0,1042.8444332065
1668433210.9640222,1281.93,0.0499999999999545,2.0377302,-0.5210668699999998,1.0,0.0,1042.8444332065,0.0,1042.8444332065
1668433271.011547,1283.17,1.240000000000009,2.13664758,0.09891738,0.0,1.0,0.0,0.8127094876021883,1042.8444332065
1668433331.0610602,1282.73,-0.4400000000000545,1.77121735,-0.3654302300000001,1.0,0.0,1042.486841031955,0.0,1042.486841031955
1668433391.7932866,1280.0,-2.730000000000018,1.25205218,-0.51916517,1.0,0.0,1042.486841031955,0.0,1042.486841031955
1668433451.7720935,1279.08,-0.9200000000000728,0.87035967,-0.3816925099999999,1.0,0.0,1042.486841031955,0.0,1042.486841031955
1668433511.7974155,1279.6,0.5199999999999818,0.69302722,-0.1773324499999999,1.0,0.0,1042.486841031955,0.0,1042.486841031955
1668433572.9247262,1279.18,-0.4199999999998454,0.45432182,-0.2387054,1.0,0.0,1042.486841031955,0.0,1042.486841031955
1668433632.731137,1279.4,0.2200000000000272,0.31885809,-0.13546373,1.0,0.0,1042.486841031955,0.0,1042.486841031955
1668433693.040738,1280.23,0.8299999999999272,0.3139137,-0.0049443899999999,1.0,0.0,1042.486841031955,0.0,1042.486841031955
1668433753.424824,1278.31,-1.9200000000000728,-0.01806892,-0.33198262,1.0,0.0,1042.486841031955,0.0,1042.486841031955
1668433813.460001,1264.22,-14.089999999999918,-2.14174596,-2.12367704,1.0,0.0,1042.486841031955,0.0,1042.486841031955
1668433873.4254758,1257.87,-6.350000000000136,-3.80510611,-1.66336015,1.0,0.0,1042.486841031955,0.0,1042.486841031955
1668433934.3491826,1245.93,-11.939999999999827,-6.35718272,-2.55207661,1.0,0.0,1042.486841031955,0.0,1042.486841031955
1668433994.6528122,1254.22,8.289999999999964,-6.36484654,-0.0076638200000003,1.0,0.0,1042.486841031955,0.0,1042.486841031955
1668434054.2300084,1250.1,-4.120000000000118,-7.38531054,-1.0204639999999996,1.0,0.0,1042.486841031955,0.0,1042.486841031955
1668434115.2798643,1250.08,-0.0199999999999818,-7.86036051,-0.4750499699999997,1.0,0.0,1042.486841031955,0.0,1042.486841031955
1668434175.2349389,1251.64,1.5600000000001728,-7.92181433,-0.0614538200000005,1.0,0.0,1042.486841031955,0.0,1042.486841031955
1668434235.3755472,1254.91,3.269999999999982,-7.66095963,0.2608547000000003,0.0,1.0,0.0,0.8307263796064698,1042.486841031955
1668434296.0705917,1258.46,3.5499999999999545,-6.15845522,1.5025044100000002,0.0,1.0,0.0,0.8307263796064698,1045.435919679558
1668434355.9555583,1258.54,0.0799999999999272,-5.9132259,0.2452293199999999,0.0,1.0,0.0,0.8307263796064698,1045.5023777899264
1668434416.2222772,1259.16,0.6200000000001182,-5.5704377,0.3427881999999993,0.0,1.0,0.0,0.8307263796064698,1046.0174281452826
1668434477.3155482,1253.94,-5.220000000000027,-6.01505256,-0.4446148599999997,1.0,0.0,1041.6810364437367,0.0,1041.6810364437367
1668434536.7098775,1257.12,3.1799999999998363,-5.51845395,0.4965986100000004,0.0,1.0,0.0,0.8286249812617227,1041.6810364437367
1668434596.9424045,1255.33,-1.7899999999999636,-5.51890484,-0.0004508900000006,1.0,0.0,1040.1977977272784,0.0,1040.1977977272784
1668434658.2193038,1257.24,1.9100000000000816,-5.07510405,0.44380079,0.0,1.0,0.0,0.82736613353638,1040.1977977272784
1668434718.1012197,1255.61,-1.6300000000001091,-5.01811493,0.0569891199999998,0.0,1.0,0.0,0.82736613353638,1038.849190929614
1668434778.0456774,1258.94,3.3300000000001546,-4.34429258,0.67382235,0.0,1.0,0.0,0.82736613353638,1041.6043201542902
1668434839.0243418,1259.58,0.6399999999998727,-3.88451279,0.4597797900000002,0.0,1.0,0.0,0.82736613353638,1042.1338344797534
1668434899.2075207,1263.01,3.430000000000064,-3.03514484,0.84936795,0.0,1.0,0.0,0.82736613353638,1044.9717003177832
1668434959.0307024,1260.28,-2.730000000000018,-2.93538994,0.0997549000000002,0.0,1.0,0.0,0.82736613353638,1042.712990773229
1668435020.8746777,1261.08,0.7999999999999545,-2.54068494,0.3947050000000001,0.0,1.0,0.0,0.82736613353638,1043.374883680058
1668435079.7910745,1261.0,-0.0799999999999272,-2.26378897,0.27689597,0.0,1.0,0.0,0.82736613353638,1043.3086943893752
1668435139.841183,1258.7,-2.2999999999999545,-2.34117419,-0.07738522,1.0,0.0,1041.4057522822416,0.0,1041.4057522822416
1668435200.643578,1258.26,-0.4400000000000545,-2.28617431,0.05499988,0.0,1.0,0.0,0.8276554545819159,1041.4057522822416
1668435260.467256,1258.44,0.1800000000000636,-2.17157579,0.1145985199999999,0.0,1.0,0.0,0.8276554545819159,1041.5547302640664
1668435320.594819,1256.16,-2.2799999999999727,-2.38997471,-0.2183989200000002,1.0,0.0,1039.6676758276196,0.0,1039.6676758276196
1668435381.6338663,1257.51,1.349999999999909,-2.20112649,0.1888482200000001,0.0,1.0,0.0,0.8267669249768349,1039.6676758276196
1668435441.5174494,1255.48,-2.0299999999999727,-2.39941551,-0.1982890199999998,1.0,0.0,1037.9893389699166,0.0,1037.9893389699166
1668435502.5607078,1254.25,-1.2300000000000182,-2.5781146,-0.1786990900000002,1.0,0.0,1037.9893389699166,0.0,1037.9893389699166
1668435562.380626,1255.02,0.7699999999999818,-2.49925824,0.07885636,0.0,1.0,0.0,0.8270699582237069,1037.9893389699166
1668435622.3480132,1251.98,-3.039999999999964,-2.8856203,-0.3863620599999997,1.0,0.0,1035.4750462969166,0.0,1035.4750462969166
1668435682.2406583,1251.95,-0.0299999999999727,-2.97030846,-0.0846881600000002,1.0,0.0,1035.4750462969166,0.0,1035.4750462969166
1668435743.10395,1253.77,1.8199999999999363,-2.7442711,0.2260373599999998,0.0,1.0,0.0,0.8258891553450127,1035.4750462969166
1668435803.0948284,1252.3,-1.4700000000000273,-2.8568295,-0.1125583999999997,1.0,0.0,1034.2609892385594,0.0,1034.2609892385594
1668435863.015841,1251.79,-0.5099999999999909,-2.89329634,-0.0364668400000001,1.0,0.0,1034.2609892385594,0.0,1034.2609892385594
1668435924.0686548,1252.18,0.3900000000001,-2.80126408,0.0920322599999998,0.0,1.0,0.0,0.8259683026709893,1034.2609892385594
1668435984.5358434,1250.38,-1.7999999999999543,-2.97667899,-0.1754149099999997,1.0,0.0,1032.7742462937515,0.0,1032.7742462937515
1668436044.0227325,1248.46,-1.9200000000000728,-3.23909785,-0.2624188599999999,1.0,0.0,1032.7742462937515,0.0,1032.7742462937515
1668436104.9457638,1248.1,-0.3600000000001273,-3.33866625,-0.0995684000000003,1.0,0.0,1032.7742462937515,0.0,1032.7742462937515
1668436164.8714125,1249.13,1.0300000000002,-3.20928413,0.1293821200000002,0.0,1.0,0.0,0.8267948462479897,1032.7742462937515
1668436224.8938682,1250.43,1.2999999999999543,-2.95318747,0.2560966599999998,0.0,1.0,0.0,0.8267948462479897,1033.8490795938735
1668436285.57443,1253.41,2.980000000000018,-2.37825151,0.5749359599999999,0.0,1.0,0.0,0.8267948462479897,1036.3129282356929
1668436345.5544791,1253.86,0.4499999999998181,-2.0239518,0.3542997100000002,0.0,1.0,0.0,0.8267948462479897,1036.6849859165045
1668436405.633004,1250.87,-2.990000000000009,-2.1734752,-0.1495234,1.0,0.0,1034.2128693262227,0.0,1034.2128693262227
1668436467.030792,1246.04,-4.829999999999927,-2.75560251,-0.5821273100000002,1.0,0.0,1034.2128693262227,0.0,1034.2128693262227
1668436526.973266,1245.94,-0.099999999999909,-2.89941184,-0.1438093299999998,1.0,0.0,1034.2128693262227,0.0,1034.2128693262227
1668436587.012974,1244.19,-1.75,-3.21955064,-0.3201388,1.0,0.0,1034.2128693262227,0.0,1034.2128693262227
1668436648.146734,1243.19,-1.0,-3.46566998,-0.2461193399999999,1.0,0.0,1034.2128693262227,0.0,1034.2128693262227
1668436708.0033362,1241.97,-1.2200000000000273,-3.72896646,-0.2632964800000001,1.0,0.0,1034.2128693262227,0.0,1034.2128693262227
1668436768.1831515,1242.77,0.7999999999999545,-3.70403406,0.0249323999999999,0.0,1.0,0.0,0.8321836456675191,1034.2128693262227
1668436828.9321308,1246.13,3.360000000000128,-3.21606964,0.4879644199999999,0.0,1.0,0.0,0.8321836456675191,1037.0090063756656
1668436888.913719,1245.8,-0.3300000000001546,-3.05130436,0.1647652800000001,0.0,1.0,0.0,0.8321836456675191,1036.7343857725953
1668436948.9720783,1247.39,1.5900000000001455,-2.64517584,0.4061285200000002,0.0,1.0,0.0,0.8321836456675191,1038.0575577692068
1668437010.1182911,1247.19,-0.2000000000000454,-2.42510213,0.2200737099999998,0.0,1.0,0.0,0.8321836456675191,1037.8911210400731
1668437070.7575054,1246.94,-0.25,-2.24725893,0.1778431999999998,0.0,1.0,0.0,0.8321836456675191,1037.6830751286564
1668437129.927266,1245.38,-1.5599999999999454,-2.28721392,-0.03995499,1.0,0.0,1036.384868641415,0.0,1036.384868641415
1668437190.7126136,1245.79,0.4099999999998545,-2.13699474,0.1502191800000001,0.0,1.0,0.0,0.8319097670084165,1036.384868641415
1668437249.9658003,1242.2,-3.589999999999918,-2.52806456,-0.3910698199999998,1.0,0.0,1033.398312577855,0.0,1033.398312577855
1668437309.9234092,1245.08,2.8799999999998818,-2.17784672,0.35021784,0.0,1.0,0.0,0.8299854728835537,1033.398312577855
1668437370.0593152,1247.67,2.590000000000145,-1.68814458,0.4897021399999999,0.0,1.0,0.0,0.8299854728835537,1035.5479749526237
1668437429.8649807,1249.34,1.6699999999998454,-1.21166002,0.4764845599999998,0.0,1.0,0.0,0.8299854728835537,1036.934050692339
1668437490.11053,1249.58,0.2400000000000091,-0.89436906,0.31729096,0.0,1.0,0.0,0.8299854728835537,1037.133247205831
1668437549.9957204,1250.21,0.6300000000001091,-0.56276945,0.33159961,0.0,1.0,0.0,0.8299854728835537,1037.6561380537478
1668437610.1365454,1249.65,-0.5599999999999454,-0.41446854,0.14830091,0.0,1.0,0.0,0.8299854728835537,1037.191346188933
1668437670.098883,1249.02,-0.6300000000001091,-0.34761373,0.0668548099999999,0.0,1.0,0.0,0.8299854728835537,1036.6684553410162
1668437729.9431543,1250.34,1.3199999999999363,-0.06530003,0.2823137,0.0,1.0,0.0,0.8299854728835537,1037.7640361652225
1668437790.0663393,1250.54,0.2000000000000454,0.10240325,0.16770328,0.0,1.0,0.0,0.8299854728835537,1037.9300332597993
1668437849.9764545,1250.89,0.3500000000001364,0.26960468,0.1672014299999999,0.0,1.0,0.0,0.8299854728835537,1038.2205281753086
1668437909.9891512,1252.0,1.1099999999999,0.53318399,0.26357931,0.0,1.0,0.0,0.8299854728835537,1039.1418120502092
1668437970.0900054,1251.38,-0.6199999999998909,0.57597165,0.0427876599999998,0.0,1.0,0.0,0.8299854728835537,1038.6272210570216
1668438030.0579903,1251.81,0.4299999999998363,0.70185061,0.1258789600000001,0.0,1.0,0.0,0.8299854728835537,1038.9841148103617
1668438089.9888868,1254.82,3.009999999999991,1.19234264,0.4904920299999998,0.0,1.0,0.0,0.8299854728835537,1041.4823710837409
1668438150.0084884,1253.12,-1.7000000000000457,1.13890585,-0.0534367899999999,1.0,0.0,1040.071395779839,0.0,1040.071395779839
1668438210.117569,1251.75,-1.3699999999998909,0.9910271,-0.1478787499999999,1.0,0.0,1040.071395779839,0.0,1040.071395779839
1668438269.9898765,1251.55,-0.2000000000000454,0.92185073,-0.0691763700000001,1.0,0.0,1040.071395779839,0.0,1040.071395779839
1668438330.021651,1249.98,-1.5699999999999363,0.64586038,-0.2759903499999999,1.0,0.0,1040.071395779839,0.0,1040.071395779839
1668438390.1168404,1250.11,0.1299999999998817,0.5406447,-0.10521568,1.0,0.0,1040.071395779839,0.0,1040.071395779839
1668438450.2118392,1251.76,1.650000000000091,0.67778864,0.13714394,0.0,1.0,0.0,0.8308872274076811,1040.071395779839
1668438510.0072188,1252.48,0.7200000000000273,0.77554535,0.0977567099999999,0.0,1.0,0.0,0.8308872274076811,1040.6696345835724
1668438569.96214,1253.71,1.2300000000000182,0.97155756,0.19601221,0.0,1.0,0.0,0.8308872274076811,1041.6916258732838
1668438629.9792616,1252.97,-0.7400000000000091,0.93258297,-0.03897459,1.0,0.0,1041.0767693250025,0.0,1041.0767693250025
1668438689.9664102,1253.05,0.0799999999999272,0.94898732,0.0164043499999999,0.0,1.0,0.0,0.830834180060654,1041.0767693250025
1668438750.1403186,1252.38,-0.6699999999998454,0.85193722,-0.0970500999999999,1.0,0.0,1040.520110424362,0.0,1040.520110424362
1668438809.9997368,1251.04,-1.3400000000001455,0.61925696,-0.23268026,1.0,0.0,1040.520110424362,0.0,1040.520110424362
1668438870.108114,1251.47,0.4300000000000636,0.57319485,-0.0460621099999999,1.0,0.0,1040.520110424362,0.0,1040.520110424362
1668438930.013096,1252.72,1.25,0.68102749,0.1078326399999999,0.0,1.0,0.0,0.8306086838434462,1040.520110424362
1668438989.9796855,1252.62,-0.1000000000001364,0.66549013,-0.0155373599999999,1.0,0.0,1040.4370495559774,0.0,1040.4370495559774
1668439050.1195292,1252.96,0.3400000000001455,0.69943035,0.0339402199999999,0.0,1.0,0.0,0.8303832920093038,1040.4370495559774
1668439110.0741792,1251.79,-1.1700000000000728,0.53264794,-0.1667824099999999,1.0,0.0,1039.4655011043264,0.0,1039.4655011043264
1668439170.0414891,1249.13,-2.6599999999998545,0.09238308,-0.44026486,1.0,0.0,1039.4655011043264,0.0,1039.4655011043264
1668439230.062786,1249.0,-0.1300000000001091,-0.10635095,-0.19873403,1.0,0.0,1039.4655011043264,0.0,1039.4655011043264
1668439289.9522998,1246.0,-3.0,-0.67617981,-0.5698288600000001,1.0,0.0,1039.4655011043264,0.0,1039.4655011043264
1668439350.7307484,1247.16,1.160000000000082,-0.7634422,-0.0872623899999999,1.0,0.0,1039.4655011043264,0.0,1039.4655011043264
1668439410.0745587,1248.51,1.349999999999909,-0.70415413,0.0592880699999999,0.0,1.0,0.0,0.832564818146692,1039.4655011043264
1668439470.3025975,1246.52,-1.990000000000009,-1.01598947,-0.31183534,1.0,0.0,1037.8086971162145,0.0,1037.8086971162145
1668439530.1173997,1245.82,-0.7000000000000455,-1.22330643,-0.20731696,1.0,0.0,1037.8086971162145,0.0,1037.8086971162145
1668439590.1033103,1247.19,1.3700000000001182,-1.13437718,0.08892925,0.0,1.0,0.0,0.832117557963273,1037.8086971162145
1668439650.0395362,1243.01,-4.180000000000064,-1.72891131,-0.59453413,1.0,0.0,1034.330445723928,0.0,1034.330445723928
1668439710.1711693,1242.02,-0.9900000000000092,-2.0530877,-0.3241763899999998,1.0,0.0,1034.330445723928,0.0,1034.330445723928
1668439770.0353584,1238.97,-3.0499999999999545,-2.65357203,-0.60048433,1.0,0.0,1034.330445723928,0.0,1034.330445723928
1668439830.8826466,1241.27,2.2999999999999545,-2.57679875,0.0767732799999998,0.0,1.0,0.0,0.8332840121197871,1034.330445723928
1668439890.0522318,1238.73,-2.539999999999964,-2.99010217,-0.4133034200000001,1.0,0.0,1032.2139043331438,0.0,1032.2139043331438
1668439950.0363708,1236.51,-2.220000000000028,-3.43554115,-0.44543898,1.0,0.0,1032.2139043331438,0.0,1032.2139043331438
1668440009.9346194,1240.2,3.690000000000055,-3.08500389,0.3505372600000003,0.0,1.0,0.0,0.8322963266675889,1032.2139043331438
1668440070.0074084,1242.99,2.789999999999964,-2.61081557,0.4741883199999996,0.0,1.0,0.0,0.8322963266675889,1034.5360110845463
1668440130.23866,1240.51,-2.480000000000018,-2.73512517,-0.1243095999999996,1.0,0.0,1032.4719161944106,0.0,1032.4719161944106
1668440190.2137184,1239.72,-0.7899999999999636,-2.75802684,-0.0229016699999999,1.0,0.0,1032.4719161944106,0.0,1032.4719161944106
1668440250.1669428,1242.43,2.7100000000000364,-2.3120723,0.4459545399999998,0.0,1.0,0.0,0.8310101303046534,1032.4719161944106
1668440311.1603513,1241.96,-0.4700000000000273,-2.1715274,0.1405449,0.0,1.0,0.0,0.8310101303046534,1032.0813414331674
1668440370.0951362,1242.84,0.8799999999998818,-1.88290246,0.28862494,0.0,1.0,0.0,0.8310101303046534,1032.8126303478357
1668440430.194929,1243.43,0.5900000000001455,-1.60753492,0.2753675399999999,0.0,1.0,0.0,0.8310101303046534,1033.3029263247154
1668440490.0395975,1243.66,0.2300000000000182,-1.37844886,0.2290860599999999,0.0,1.0,0.0,0.8310101303046534,1033.4940586546854
1668440550.140953,1244.23,0.5699999999999363,-1.11642993,0.26201893,0.0,1.0,0.0,0.8310101303046534,1033.967734428959
1668440610.3634777,1244.28,0.0499999999999545,-0.92697819,0.1894517399999999,0.0,1.0,0.0,0.8310101303046534,1034.0092849354742
1668440670.0775018,1244.54,0.2599999999999909,-0.73435421,0.19262398,0.0,1.0,0.0,0.8310101303046534,1034.2253475693533
1668440730.0169065,1244.5,-0.0399999999999636,-0.59635773,0.1379964799999999,0.0,1.0,0.0,0.8310101303046534,1034.1921071641411
1668440791.0828874,1245.23,0.7300000000000182,-0.37637514,0.21998259,0.0,1.0,0.0,0.8310101303046534,1034.7987445592637
1668440850.1613092,1245.61,0.3799999999998817,-0.19164181,0.18473333,0.0,1.0,0.0,0.8310101303046534,1035.1145284087793
1668440910.096846,1244.43,-1.1799999999998363,-0.23528132,-0.0436395099999999,1.0,0.0,1034.13393645502,0.0,1034.13393645502
1668440970.1110723,1244.51,0.0799999999999272,-0.18234805,0.0529332699999999,0.0,1.0,0.0,0.8309567110388988,1034.13393645502
1668441030.4675531,1244.56,0.0499999999999545,-0.13610491,0.04624314,0.0,1.0,0.0,0.8309567110388988,1034.1754842905718
1668441090.1818018,1243.53,-1.0299999999999727,-0.24766772,-0.11156281,1.0,0.0,1033.3195988782018,0.0,1033.3195988782018
1668441150.0431926,1246.36,2.8299999999999272,0.13280326,0.38047098,0.0,1.0,0.0,0.8290699307408789,1033.3195988782018
1668441210.107205,1245.3,-1.0599999999999454,0.10204592,-0.03075734,1.0,0.0,1032.4407847516163,0.0,1032.4407847516163
1668441270.2661474,1245.55,0.25,0.17961636,0.07757044,0.0,1.0,0.0,0.8289035243479719,1032.4407847516163
1668441330.095903,1245.54,-0.0099999999999909,0.22068052,0.0410641599999999,0.0,1.0,0.0,0.8289035243479719,1032.4324957163728
1668441390.287552,1246.17,0.6300000000001091,0.34063768,0.11995716,0.0,1.0,0.0,0.8289035243479719,1032.9547049367122
1668441450.1255908,1245.57,-0.6000000000001364,0.30592213,-0.0347155499999999,1.0,0.0,1032.4573628221033,0.0,1032.4573628221033
1668441510.207332,1245.39,-0.1799999999998363,0.2879074,-0.01801473,1.0,0.0,1032.4573628221033,0.0,1032.4573628221033
1668441570.0883975,1245.84,0.4499999999998181,0.34536624,0.05745884,0.0,1.0,0.0,0.828723883341443,1032.4573628221033
1668441630.0021696,1245.32,-0.5199999999999818,0.28418978,-0.0611764599999999,1.0,0.0,1032.0264264027658,0.0,1032.0264264027658
1668441691.0425837,1243.69,-1.6299999999998818,0.03448386,-0.24970592,1.0,0.0,1032.0264264027658,0.0,1032.0264264027658
1668441750.2389405,1241.54,-2.150000000000091,-0.36297785,-0.3974617099999999,1.0,0.0,1032.0264264027658,0.0,1032.0264264027658
1668441810.3027663,1245.54,4.0,0.0295809,0.39255875,0.0,1.0,0.0,0.8285775056624162,1032.0264264027658
1668441870.1806126,1244.46,-1.0799999999999272,-0.0658654,-0.0954463,1.0,0.0,1031.1315626966505,0.0,1031.1315626966505
1668441930.2989657,1246.64,2.180000000000064,0.23515912,0.30102452,0.0,1.0,0.0,0.8271285717582063,1031.1315626966505
1668441990.1737452,1247.7,1.0599999999999454,0.4819291,0.24676998,0.0,1.0,0.0,0.8271285717582063,1032.008318982714
1668442050.2628992,1246.27,-1.4300000000000637,0.4013866,-0.0805425,1.0,0.0,1030.8255251250998,0.0,1030.8255251250998
1668442110.1965466,1246.81,0.5399999999999636,0.50004431,0.09865771,0.0,1.0,0.0,0.8267703380026626,1030.8255251250998
1668442170.1748748,1246.34,-0.4700000000000273,0.47145163,-0.02859268,1.0,0.0,1030.4369430662384,0.0,1030.4369430662384
1668442230.199309,1245.91,-0.4299999999998363,0.41226618,-0.05918545,1.0,0.0,1030.4369430662384,0.0,1030.4369430662384
1668442290.201429,1243.1,-2.810000000000173,-0.00915619,-0.42142237,1.0,0.0,1030.4369430662384,0.0,1030.4369430662384
1668442350.1666963,1238.65,-4.449999999999818,-0.79204966,-0.78289347,1.0,0.0,1030.4369430662384,0.0,1030.4369430662384
1668442410.251485,1237.2,-1.4500000000000457,-1.32449529,-0.53244563,1.0,0.0,1030.4369430662384,0.0,1030.4369430662384
1668442470.305224,1236.59,-0.6100000000001273,-1.72092555,-0.39643026,1.0,0.0,1030.4369430662384,0.0,1030.4369430662384
1668442530.156747,1237.46,0.8700000000001182,-1.8508064,-0.1298808499999999,1.0,0.0,1030.4369430662384,0.0,1030.4369430662384
1668442590.1360128,1235.49,-1.9700000000000275,-2.26803627,-0.4172298700000001,1.0,0.0,1030.4369430662384,0.0,1030.4369430662384
1668442650.244537,1230.58,-4.910000000000082,-3.13692004,-0.86888377,1.0,0.0,1030.4369430662384,0.0,1030.4369430662384
1668442710.356978,1229.47,-1.1099999999999,-3.63196092,-0.4950408799999999,1.0,0.0,1030.4369430662384,0.0,1030.4369430662384
1668442770.125057,1228.68,-0.7899999999999636,-4.02010961,-0.3881486900000004,1.0,0.0,1030.4369430662384,0.0,1030.4369430662384
1668442830.5377407,1228.78,0.099999999999909,-4.21736336,-0.1972537499999997,1.0,0.0,1030.4369430662384,0.0,1030.4369430662384
1668442890.3628843,1231.59,2.809999999999945,-3.93037624,0.28698712,0.0,1.0,0.0,0.8366720605609322,1030.4369430662384
1668442950.151451,1231.95,0.3600000000001273,-3.78548033,0.1448959100000002,0.0,1.0,0.0,0.8366720605609322,1030.7381450080404
1668443010.2320056,1230.44,-1.509999999999991,-3.8654007,-0.0799203699999999,1.0,0.0,1029.4747701965937,0.0,1029.4747701965937
1668443070.2256882,1232.65,2.2100000000000364,-3.47718088,0.3882198199999997,0.0,1.0,0.0,0.8351720035667818,1029.4747701965937
1668443130.4155638,1231.98,-0.6700000000000728,-3.36253538,0.1146454999999999,0.0,1.0,0.0,0.8351720035667818,1028.9152049542038
1668443190.2147057,1233.22,1.240000000000009,-3.01605251,0.34648287,0.0,1.0,0.0,0.8351720035667818,1029.9508182386269
1668443250.209726,1233.1,-0.1200000000001182,-2.81029934,0.2057531700000003,0.0,1.0,0.0,0.8351720035667818,1029.8505975981986
1668443310.4262395,1232.98,-0.1199999999998908,-2.62652498,0.1837743599999997,0.0,1.0,0.0,0.8351720035667818,1029.7503769577706
1668443370.1432304,1233.63,0.650000000000091,-2.35198385,0.2745411300000002,0.0,1.0,0.0,0.8351720035667818,1030.293238760089
1668443430.171266,1234.39,0.7599999999999909,-2.04328256,0.3087012899999997,0.0,1.0,0.0,0.8351720035667818,1030.9279694828
1668443490.3481698,1233.09,-1.300000000000182,-2.00941724,0.0338653200000003,0.0,1.0,0.0,0.8351720035667818,1029.8422458781629
1668443550.860329,1233.99,0.900000000000091,-1.75213466,0.2572825799999998,0.0,1.0,0.0,0.8351720035667818,1030.593900681373
1668443610.164821,1233.71,-0.2799999999999727,-1.62642368,0.12571098,0.0,1.0,0.0,0.8351720035667818,1030.3600525203744
1668443670.3143475,1233.97,0.2599999999999909,-1.45514332,0.1712803600000001,0.0,1.0,0.0,0.8351720035667818,1030.5771972413015
1668443730.2152789,1236.67,2.700000000000045,-0.93832173,0.5168215899999999,0.0,1.0,0.0,0.8351720035667818,1032.832161650932
1668443790.3770576,1238.08,1.4099999999998545,-0.49337982,0.4449419099999999,0.0,1.0,0.0,0.8351720035667818,1034.0097541759612
1668443850.2922747,1237.3,-0.7799999999999727,-0.33753398,0.15584584,0.0,1.0,0.0,0.8351720035667818,1033.358320013179
1668443910.3090682,1235.06,-2.240000000000009,-0.47824747,-0.14071349,1.0,0.0,1031.4875347251896,0.0,1031.4875347251896
1668443970.3120203,1236.34,1.2799999999999727,-0.26272511,0.21552236,0.0,1.0,0.0,0.8343073383739017,1031.4875347251896
1668444030.212047,1235.64,-0.6999999999998181,-0.26921173,-0.0064866199999999,1.0,0.0,1030.903519588328,0.0,1030.903519588328
1668444090.3245797,1235.3,-0.3400000000001455,-0.2761645,-0.0069527699999999,1.0,0.0,1030.903519588328,0.0,1030.903519588328
1668444150.2475193,1236.15,0.8500000000001364,-0.13767262,0.1384918799999999,0.0,1.0,0.0,0.8339631271191424,1030.903519588328
1668444210.2634387,1236.9,0.75,0.02653954,0.16421216,0.0,1.0,0.0,0.8339631271191424,1031.5289919336674
1668444270.2312002,1236.42,-0.4800000000000182,0.04015564,0.0136160999999999,0.0,1.0,0.0,0.8339631271191424,1031.12868963265
1668444330.2458289,1232.09,-4.330000000000155,-0.53235891,-0.5725145500000001,1.0,0.0,1027.5176292922242,0.0,1027.5176292922242
1668444390.3447466,1231.65,-0.4399999999998272,-0.76642012,-0.23406121,1.0,0.0,1027.5176292922242,0.0,1027.5176292922242
1668444450.476745,1234.63,2.980000000000018,-0.49230728,0.27411284,0.0,1.0,0.0,0.8322474176815922,1027.5176292922242
1668444510.3603623,1234.04,-0.5900000000001455,-0.54097262,-0.04866534,1.0,0.0,1027.026603315792,0.0,1027.026603315792
1668444570.2457097,1233.93,-0.1099999999998999,-0.55285188,-0.0118792599999999,1.0,0.0,1027.026603315792,0.0,1027.026603315792
1668444630.3097496,1237.33,3.399999999999864,-0.06711038,0.4857414999999999,0.0,1.0,0.0,0.8300345124710401,1027.026603315792
1668444690.2861834,1236.33,-1.0,-0.04088055,0.0262298299999999,0.0,1.0,0.0,0.8300345124710401,1026.196568803321
1668444750.2639525,1234.38,-1.949999999999818,-0.2317807,-0.19090015,1.0,0.0,1024.5780015040025,0.0,1024.5780015040025
1668444810.3624609,1233.65,-0.7300000000000182,-0.36126648,-0.12948578,1.0,0.0,1024.5780015040025,0.0,1024.5780015040025
1668444870.4350262,1232.78,-0.8700000000001182,-0.53533419,-0.17406771,1.0,0.0,1024.5780015040025,0.0,1024.5780015040025
1668444930.379874,1231.34,-1.4400000000000546,-0.81541468,-0.2800804899999999,1.0,0.0,1024.5780015040025,0.0,1024.5780015040025
1668444990.34001,1230.44,-0.8999999999998636,-1.06216046,-0.2467457800000001,1.0,0.0,1024.5780015040025,0.0,1024.5780015040025
1668445050.4148304,1230.08,-0.3600000000001273,-1.23863227,-0.17647181,1.0,0.0,1024.5780015040025,0.0,1024.5780015040025
1668445110.3056,1231.27,1.1900000000000546,-1.17143202,0.0672002500000001,0.0,1.0,0.0,0.8321310528998535,1024.5780015040025
1668445170.3951344,1230.73,-0.5399999999999636,-1.25675864,-0.08532662,1.0,0.0,1024.1286507354366,0.0,1024.1286507354366
1668445230.367809,1231.31,0.5799999999999272,-1.19292299,0.0638356499999999,0.0,1.0,0.0,0.8317390833627898,1024.1286507354366
1668445290.4277763,1233.35,2.039999999999964,-0.87780086,0.31512213,0.0,1.0,0.0,0.8317390833627898,1025.8253984654966
1668445350.3004827,1234.12,0.7699999999999818,-0.63893173,0.2388691299999999,0.0,1.0,0.0,0.8317390833627898,1026.465837559686
1668445410.2182393,1234.7,0.5800000000001546,-0.41063665,0.22829508,0.0,1.0,0.0,0.8317390833627898,1026.9482462280366
1668445470.3300064,1231.34,-3.360000000000128,-0.73893693,-0.32830028,1.0,0.0,1024.1536029079375,0.0,1024.1536029079375
1668445530.3546753,1231.68,0.3400000000001455,-0.72904478,0.0098921500000001,0.0,1.0,0.0,0.831509485343545,1024.1536029079375
1668445590.3604865,1230.1,-1.5800000000001546,-0.95820478,-0.22916,1.0,0.0,1022.8398179210946,0.0,1022.8398179210946
1668445650.3561535,1234.41,4.310000000000173,-0.41879577,0.53940901,0.0,1.0,0.0,0.8286062312530638,1022.8398179210946
1668445710.548637,1234.42,0.0099999999999909,-0.25874346,0.16005231,0.0,1.0,0.0,0.8286062312530638,1022.848103983407
1668445770.5897028,1235.89,1.4700000000000273,0.07739606,0.3361395199999999,0.0,1.0,0.0,0.8286062312530638,1024.066155143349
1668445830.333893,1234.87,-1.0200000000002092,0.10318224,0.0257861799999999,0.0,1.0,0.0,0.8286062312530638,1023.2209767874708
1668445890.2295866,1235.43,0.5600000000001728,0.2645058,0.16132356,0.0,1.0,0.0,0.8286062312530638,1023.6849962769726
1668445950.38457,1235.71,0.2799999999999727,0.39370726,0.12920146,0.0,1.0,0.0,0.8286062312530638,1023.9170060217234
1668446010.2446718,1235.66,-0.0499999999999545,0.46525381,0.0715465499999999,0.0,1.0,0.0,0.8286062312530638,1023.8755757101608
1668446070.4852576,1235.7,0.0399999999999636,0.52417034,0.0589165299999999,0.0,1.0,0.0,0.8286062312530638,1023.908719959411
1668446130.486446,1236.17,0.4700000000000273,0.62830603,0.10413569,0.0,1.0,0.0,0.8286062312530638,1024.2981648880998
1668446190.445341,1236.27,0.099999999999909,0.68812013,0.0598141,0.0,1.0,0.0,0.8286062312530638,1024.381025511225
1668446250.3305652,1236.96,0.6900000000000546,0.81843137,0.1303112399999999,0.0,1.0,0.0,0.8286062312530638,1024.9527638107895
1668446310.4079003,1236.85,-0.1100000000001273,0.85190979,0.03347842,0.0,1.0,0.0,0.8286062312530638,1024.8616171253518
1668446370.4698987,1235.54,-1.3099999999999454,0.69013012,-0.16177967,1.0,0.0,1023.7761429624104,0.0,1023.7761429624104
1668446430.4516904,1234.53,-1.009999999999991,0.49523816,-0.1948919599999999,1.0,0.0,1023.7761429624104,0.0,1023.7761429624104
1668446490.3963883,1233.43,-1.099999999999909,0.24514293,-0.25009523,1.0,0.0,1023.7761429624104,0.0,1023.7761429624104
1668446550.279632,1233.52,0.0899999999999181,0.1272528,-0.11789013,1.0,0.0,1023.7761429624104,0.0,1023.7761429624104
1668446610.3959703,1235.15,1.6300000000001091,0.25885037,0.13159757,0.0,1.0,0.0,0.8288678646013928,1023.7761429624104
1668446670.2777145,1234.06,-1.0900000000001455,0.10303564,-0.15581473,1.0,0.0,1022.8726769899948,0.0,1022.8726769899948
1668446730.4167736,1234.64,0.5800000000001546,0.12927408,0.02623844,0.0,1.0,0.0,0.828478485218359,1022.8726769899948
1668446790.5794206,1233.89,-0.75,0.00608647,-0.12318761,1.0,0.0,1022.2513181260812,0.0,1022.2513181260812
1668446850.504953,1233.66,-0.2300000000000182,-0.07552024,-0.08160671,1.0,0.0,1022.2513181260812,0.0,1022.2513181260812
1668446910.292817,1233.19,-0.4700000000000273,-0.19128698,-0.1157667399999999,1.0,0.0,1022.2513181260812,0.0,1022.2513181260812
1668446970.4787045,1234.3,1.1099999999999,-0.09413629,0.09715069,0.0,1.0,0.0,0.8282032877955774,1022.2513181260812
1668447030.528639,1235.23,0.9300000000000636,0.04638529,0.14052158,0.0,1.0,0.0,0.8282032877955774,1023.0215471837312
1668447090.3988528,1234.12,-1.110000000000127,-0.05970996,-0.10609525,1.0,0.0,1022.102241534278,0.0,1022.102241534278
1668447150.2930894,1235.98,1.860000000000128,0.1895402,0.24925016,0.0,1.0,0.0,0.8269569422921714,1022.102241534278
1668447210.3872137,1236.92,0.9400000000000546,0.39930244,0.20976224,0.0,1.0,0.0,0.8269569422921714,1022.8795810600328
1668447270.282177,1239.55,2.6299999999998818,0.87337034,0.4740679,0.0,1.0,0.0,0.8269569422921714,1025.0544778182611
1668447330.5699131,1240.36,0.8099999999999454,1.18434308,0.3109727400000001,0.0,1.0,0.0,0.8269569422921714,1025.7243129415176
1668447390.448097,1239.0,-1.3599999999999,1.17222423,-0.01211885,1.0,0.0,1024.5996515000004,0.0,1024.5996515000004
1668447450.3574352,1239.12,0.1199999999998908,1.25070854,0.0784843099999998,0.0,1.0,0.0,0.8268768573665186,1024.5996515000004
1668447510.3433287,1239.24,0.1200000000001182,1.30740956,0.0567010199999999,0.0,1.0,0.0,0.8268768573665186,1024.6988767228845
1668447570.5436225,1240.58,1.339999999999918,1.51885999,0.2114504299999999,0.0,1.0,0.0,0.8268768573665186,1025.8068917117555
1668447630.3297515,1241.06,0.4800000000000182,1.6507061,0.1318461100000001,0.0,1.0,0.0,0.8268768573665186,1026.2037926032915
1668447690.4244642,1241.15,0.0900000000001455,1.71792482,0.0672187199999998,0.0,1.0,0.0,0.8268768573665186,1026.2782115204548
1668447750.487631,1240.43,-0.7200000000000273,1.64361472,-0.0743100999999999,1.0,0.0,1025.6828601831508,0.0,1025.6828601831508
1668447810.443737,1241.26,0.8299999999999272,1.7290035,0.0853887799999999,0.0,1.0,0.0,0.8263239451711574,1025.6828601831508
1668447870.4044,1240.76,-0.5,1.65426896,-0.0747345399999999,1.0,0.0,1025.2696982105651,0.0,1025.2696982105651
1668447930.6281052,1241.51,0.75,1.71413581,0.0598668499999999,0.0,1.0,0.0,0.8258247603406861,1025.2696982105651
1668447990.4335914,1241.17,-0.3399999999999181,1.64656786,-0.0675679499999999,1.0,0.0,1024.9889177920495,0.0,1024.9889177920495
1668448050.469653,1242.32,1.1499999999998636,1.75868238,0.11211452,0.0,1.0,0.0,0.8250603047459991,1024.9889177920495
1668448110.4509437,1241.34,-0.9800000000000182,1.61545388,-0.1432284999999999,1.0,0.0,1024.1803586933984,0.0,1024.1803586933984
1668448170.2933676,1240.21,-1.1299999999998818,1.38696297,-0.2284909100000001,1.0,0.0,1024.1803586933984,0.0,1024.1803586933984
1668448230.4045477,1240.37,0.1599999999998544,1.28538245,-0.1015805199999999,1.0,0.0,1024.1803586933984,0.0,1024.1803586933984
1668448290.325822,1240.0,-0.3699999999998908,1.12946021,-0.15592224,1.0,0.0,1024.1803586933984,0.0,1024.1803586933984
1668448350.4080265,1240.01,0.0099999999999909,1.0177251,-0.1117351099999999,1.0,0.0,1024.1803586933984,0.0,1024.1803586933984
1668448410.4629316,1239.2,-0.8099999999999454,0.80408173,-0.21364337,1.0,0.0,1024.1803586933984,0.0,1024.1803586933984
1668448470.6458726,1240.0,0.7999999999999545,0.79063267,-0.01344906,1.0,0.0,1024.1803586933984,0.0,1024.1803586933984
1668448530.5403633,1240.11,0.1099999999998999,0.73726088,-0.05337179,1.0,0.0,1024.1803586933984,0.0,1024.1803586933984
1668448590.4679265,1238.85,-1.259999999999991,0.50205186,-0.23520902,1.0,0.0,1024.1803586933984,0.0,1024.1803586933984
1668448650.5629194,1240.0,1.150000000000091,0.55275021,0.05069835,0.0,1.0,0.0,0.8259519021720955,1024.1803586933984
1668448710.3837433,1240.37,0.3699999999998908,0.5666108,0.0138605899999999,0.0,1.0,0.0,0.8259519021720955,1024.485960897202
1668448771.276549,1240.78,0.4100000000000818,0.60647193,0.03986113,0.0,1.0,0.0,0.8259519021720955,1024.8246011770923
1668448831.3223522,1240.95,0.1700000000000727,0.62919763,0.0227256999999999,0.0,1.0,0.0,0.8259519021720955,1024.9650130004618
1668448891.2500167,1240.58,-0.3700000000001182,0.57690329,-0.0522943399999999,1.0,0.0,1024.6594107966582,0.0,1024.6594107966582
1668448952.1006193,1240.28,-0.2999999999999545,0.51068951,-0.06621378,1.0,0.0,1024.6594107966582,0.0,1024.6594107966582
1668449012.3247595,1240.7,0.4200000000000727,0.53048989,0.01980038,0.0,1.0,0.0,0.8258720164396375,1024.6594107966582
1668449072.2493825,1240.91,0.2100000000000363,0.54400979,0.0135199,0.0,1.0,0.0,0.8258720164396375,1024.8328439201107
1668449133.1836016,1241.3,0.3899999999998726,0.58916833,0.0451585399999999,0.0,1.0,0.0,0.8258720164396375,1025.154934006522
1668449193.327273,1240.77,-0.5299999999999727,0.51977877,-0.06938956,1.0,0.0,1024.717221837809,0.0,1024.717221837809
1668449253.250674,1239.66,-1.1099999999999,0.33507769,-0.1847010799999999,1.0,0.0,1024.717221837809,0.0,1024.717221837809
1668449314.1165545,1240.01,0.349999999999909,0.30601753,-0.02906016,1.0,0.0,1024.717221837809,0.0,1024.717221837809
1668449374.1868873,1240.36,0.349999999999909,0.30673928,0.00072175,0.0,1.0,0.0,0.8261450077701707,1024.717221837809
1668449434.140597,1240.0,-0.3599999999998999,0.23165973,-0.07507955,1.0,0.0,1024.4198096350117,0.0,1024.4198096350117
1668449495.037177,1239.99,-0.0099999999999909,0.19127383,-0.0403859,1.0,0.0,1024.4198096350117,0.0,1024.4198096350117
1668449555.061491,1237.95,-2.039999999999964,-0.13031088,-0.32158471,1.0,0.0,1024.4198096350117,0.0,1024.4198096350117
1668449615.0049546,1237.69,-0.2599999999999909,-0.29065997,-0.16034909,1.0,0.0,1024.4198096350117,0.0,1024.4198096350117
1668449676.4028137,1237.27,-0.4200000000000727,-0.4554837,-0.16482373,1.0,0.0,1024.4198096350117,0.0,1024.4198096350117
1668449736.3638527,1237.68,0.4100000000000818,-0.49522909,-0.0397453899999999,1.0,0.0,1024.4198096350117,0.0,1024.4198096350117
1668449796.7597754,1237.7,0.0199999999999818,-0.54476345,-0.04953436,1.0,0.0,1024.4198096350117,0.0,1024.4198096350117
1668449857.4204855,1238.46,0.7599999999999909,-0.46993788,0.07482557,0.0,1.0,0.0,0.8271723024038012,1024.4198096350117
1668449917.2512152,1239.27,0.8099999999999454,-0.34019535,0.1297425299999999,0.0,1.0,0.0,0.8271723024038012,1025.0898191999588
1668449977.3041615,1239.45,0.1800000000000636,-0.25922269,0.08097266,0.0,1.0,0.0,0.8271723024038012,1025.2387102143914
1668450037.891912,1239.32,-0.1300000000001091,-0.2224555,0.0367671899999999,0.0,1.0,0.0,0.8271723024038012,1025.131177815079
1668450098.033398,1239.88,0.5600000000001728,-0.10382626,0.11862924,0.0,1.0,0.0,0.8271723024038012,1025.5943943044251
1668450158.059613,1239.67,-0.2100000000000363,-0.07438576,0.0294405,0.0,1.0,0.0,0.8271723024038012,1025.4206881209204
1668450218.9246087,1239.47,-0.2000000000000454,-0.06500384,0.00938192,0.0,1.0,0.0,0.8271723024038012,1025.2552536604396
1668450278.821762,1239.72,0.25,-0.00969702,0.0553068199999999,0.0,1.0,0.0,0.8271723024038012,1025.4620467360403
1668450339.0939314,1239.68,-0.0399999999999636,0.01246567,0.02216269,0.0,1.0,0.0,0.8271723024038012,1025.4289598439443
1668450400.0297756,1240.07,0.3899999999998726,0.08670298,0.07423731,0.0,1.0,0.0,0.8271723024038012,1025.7515570418818
1668450459.9274073,1240.54,0.4700000000000273,0.18656862,0.0998656399999999,0.0,1.0,0.0,0.8271723024038012,1026.1403280240115
1668450519.768666,1241.23,0.6900000000000546,0.33085014,0.14428152,0.0,1.0,0.0,0.8271723024038012,1026.7110769126705
1668450580.5507617,1244.09,2.8599999999999,0.80067701,0.46982687,0.0,1.0,0.0,0.8271723024038012,1029.076789697545
1668450640.6667142,1243.26,-0.8299999999999272,0.86358014,0.06290313,0.0,1.0,0.0,0.8271723024038012,1028.39023668655
1668450700.566688,1244.39,1.1300000000001091,1.11464513,0.2510649899999999,0.0,1.0,0.0,0.8271723024038012,1029.3249413882663
1668450761.363837,1245.32,0.9299999999998364,1.26033718,0.14569205,0.0,1.0,0.0,0.8271723024038012,1030.0942116295016
1668450821.6006453,1244.37,-0.9500000000000456,1.26895084,0.0086136599999999,0.0,1.0,0.0,0.8271723024038012,1029.308397942218
1668450881.5811443,1242.85,-1.5199999999999818,1.1365372,-0.13241364,1.0,0.0,1028.0510960425645,0.0,1028.0510960425645
1668450942.686859,1243.66,0.8100000000001728,1.19070458,0.0541673799999999,0.0,1.0,0.0,0.8266335622618436,1028.0510960425645
1668451002.488654,1243.67,0.0099999999999909,1.2086583,0.0179537199999999,0.0,1.0,0.0,0.8266335622618436,1028.0593623781872
1668451062.478343,1245.11,1.4399999999998272,1.31843166,0.1097733599999999,0.0,1.0,0.0,0.8266335622618436,1029.249714707844
1668451123.496601,1245.37,0.2599999999999909,1.3814298,0.0629981400000001,0.0,1.0,0.0,0.8266335622618436,1029.464639434032
1668451183.2293675,1244.41,-0.959999999999809,1.31631807,-0.0651117300000001,1.0,0.0,1028.6710712142608,0.0,1028.6710712142608
1668451243.2991648,1244.5,0.0899999999999181,1.32620321,0.0098851400000001,0.0,1.0,0.0,0.8265737816104948,1028.6710712142608
1668451304.0915844,1244.46,-0.0399999999999636,1.29897562,-0.02722759,1.0,0.0,1028.6380082629964,0.0,1028.6380082629964
1668451364.177738,1244.0,-0.4600000000000364,1.17953418,-0.1194414399999999,1.0,0.0,1028.6380082629964,0.0,1028.6380082629964
1668451424.2196045,1243.83,-0.1700000000000727,1.0739968,-0.1055373800000001,1.0,0.0,1028.6380082629964,0.0,1028.6380082629964
1668451485.263856,1243.78,-0.0499999999999545,0.96712163,-0.10687517,1.0,0.0,1028.6380082629964,0.0,1028.6380082629964
1668451545.1493442,1244.17,0.3900000000001,0.9430588,-0.0240628299999999,1.0,0.0,1028.6380082629964,0.0,1028.6380082629964
1668451605.1688204,1243.68,-0.4900000000000091,0.84315735,-0.0999014499999999,1.0,0.0,1028.6380082629964,0.0,1028.6380082629964
1668451665.9426382,1243.83,0.1499999999998635,0.75126702,-0.09189033,1.0,0.0,1028.6380082629964,0.0,1028.6380082629964
1668451726.1747465,1244.84,1.009999999999991,0.77003137,0.0187643499999999,0.0,1.0,0.0,0.8263214616038981,1028.6380082629964
1668451786.0689414,1243.73,-1.1099999999999,0.64922444,-0.1208069299999999,1.0,0.0,1027.7207914406165,0.0,1027.7207914406165
1668451846.9082737,1243.32,-0.4100000000000818,0.55014018,-0.09908426,1.0,0.0,1027.7207914406165,0.0,1027.7207914406165
1668451906.893371,1243.42,0.1000000000001364,0.48411778,-0.0660223999999999,1.0,0.0,1027.7207914406165,0.0,1027.7207914406165
1668451966.9028037,1243.67,0.25,0.46334625,-0.0207715299999999,1.0,0.0,1027.7207914406165,0.0,1027.7207914406165
1668452027.5250168,1244.09,0.4199999999998454,0.4626327,-0.00071355,1.0,0.0,1027.7207914406165,0.0,1027.7207914406165
1668452087.5029638,1244.14,0.0500000000001819,0.50558745,0.04295475,0.0,1.0,0.0,0.8260491515750771,1027.7207914406165
1668452148.036163,1244.78,0.6399999999998727,0.55907048,0.0534830299999999,0.0,1.0,0.0,0.8260491515750771,1028.2494628976244
1668452208.569392,1244.71,-0.0699999999999363,0.59964056,0.0405700799999999,0.0,1.0,0.0,0.8260491515750771,1028.1916394570142
1668452268.829491,1243.85,-0.8600000000001273,0.48206888,-0.11757168,1.0,0.0,1027.4812371866597,0.0,1027.4812371866597
1668452328.6519587,1243.41,-0.4399999999998272,0.37198803,-0.1100808499999999,1.0,0.0,1027.4812371866597,0.0,1027.4812371866597
1668452389.3754232,1242.37,-1.040000000000191,0.15432238,-0.21766565,1.0,0.0,1027.4812371866597,0.0,1027.4812371866597
1668452449.165803,1242.82,0.4500000000000455,0.11232463,-0.04199775,1.0,0.0,1027.4812371866597,0.0,1027.4812371866597
1668452509.349645,1242.15,-0.6699999999998454,-0.03872915,-0.15105378,1.0,0.0,1027.4812371866597,0.0,1027.4812371866597
1668452570.394658,1242.7,0.5499999999999545,-0.09518755,-0.0564584,1.0,0.0,1027.4812371866597,0.0,1027.4812371866597
1668452630.0642354,1243.07,0.3699999999998908,-0.1118277,-0.01664015,1.0,0.0,1027.4812371866597,0.0,1027.4812371866597
1668452691.0982203,1242.92,-0.1499999999998635,-0.14221304,-0.03038534,1.0,0.0,1027.4812371866597,0.0,1027.4812371866597
1668452750.9506838,1243.51,0.5899999999999181,-0.0943264,0.04788664,0.0,1.0,0.0,0.8262750095991666,1027.4812371866597
1668452810.9165375,1242.11,-1.400000000000091,-0.2241957,-0.1298693,1.0,0.0,1026.3244521732206,0.0,1026.3244521732206
1668452871.071994,1241.88,-0.2299999999997908,-0.33178105,-0.10758535,1.0,0.0,1026.3244521732206,0.0,1026.3244521732206
1668452931.7742257,1242.67,0.7899999999999636,-0.30434374,0.02743731,0.0,1.0,0.0,0.8259026549069508,1026.3244521732206
1668452991.8645487,1242.3,-0.3700000000001182,-0.32559678,-0.02125304,1.0,0.0,1026.0188681909049,0.0,1026.0188681909049
1668453052.4118943,1241.47,-0.8299999999999272,-0.38917801,-0.06358123,1.0,0.0,1026.0188681909049,0.0,1026.0188681909049
1668453112.4256651,1240.3,-1.1700000000000728,-0.51562708,-0.12644907,1.0,0.0,1026.0188681909049,0.0,1026.0188681909049
1668453172.535513,1238.4,-1.899999999999864,-0.90043432,-0.38480724,1.0,0.0,1026.0188681909049,0.0,1026.0188681909049
1668453233.2002149,1238.81,0.4099999999998545,-1.01423655,-0.1138022299999999,1.0,0.0,1026.0188681909049,0.0,1026.0188681909049
1668453293.3949378,1234.51,-4.2999999999999545,-1.53799733,-0.5237607800000001,1.0,0.0,1026.0188681909049,0.0,1026.0188681909049
1668453353.4268873,1234.88,0.3700000000001182,-1.74548024,-0.2074829099999999,1.0,0.0,1026.0188681909049,0.0,1026.0188681909049
1668453413.4842167,1233.13,-1.75,-2.28500925,-0.5395290099999999,1.0,0.0,1026.0188681909049,0.0,1026.0188681909049
1668453474.0898583,1231.35,-1.7800000000002,-2.71684734,-0.4318380900000003,1.0,0.0,1026.0188681909049,0.0,1026.0188681909049
1668453534.2178807,1232.44,1.0900000000001455,-2.88741282,-0.17056548,1.0,0.0,1026.0188681909049,0.0,1026.0188681909049
1668453594.489658,1232.51,0.0699999999999363,-2.85766327,0.02974955,0.0,1.0,0.0,0.8324629156687612,1026.0188681909049
1668453655.424883,1231.01,-1.5,-3.04598272,-0.1883194499999998,1.0,0.0,1024.7701738174017,0.0,1024.7701738174017
1668453716.573996,1230.14,-0.8699999999998909,-3.19572547,-0.1497427500000001,1.0,0.0,1024.7701738174017,0.0,1024.7701738174017
1668453775.290003,1232.92,2.7799999999999727,-3.03516053,0.16056494,0.0,1.0,0.0,0.8311732909007896,1024.7701738174017
1668453835.99454,1233.61,0.6899999999998272,-2.80093731,0.23422322,0.0,1.0,0.0,0.8311732909007896,1025.343683388123
1668453895.9875295,1233.88,0.2700000000002092,-2.55531436,0.24562295,0.0,1.0,0.0,0.8311732909007896,1025.5681001766663
1668453956.0973012,1234.27,0.3899999999998726,-2.31875901,0.2365553500000001,0.0,1.0,0.0,0.8311732909007896,1025.8922577601177
1668454017.0251005,1233.26,-1.009999999999991,-2.27182267,0.0469363399999998,0.0,1.0,0.0,0.8311732909007896,1025.0527727363078
1668454077.010543,1231.45,-1.8099999999999448,-2.37928536,-0.1074626899999997,1.0,0.0,1023.5483490797774,0.0,1023.5483490797774
1668454137.051958,1232.61,1.1599999999998545,-2.25153965,0.1277457100000001,0.0,1.0,0.0,0.8303910799683415,1023.5483490797774
1668454197.74487,1233.1,0.4900000000000091,-2.02409395,0.2274456999999996,0.0,1.0,0.0,0.8303910799683415,1023.9552407089618
1668454257.6283653,1233.91,0.8100000000001728,-1.7993839,0.2247100500000001,0.0,1.0,0.0,0.8303910799683415,1024.6278574837363
1668454317.688262,1232.78,-1.1300000000001091,-1.80745337,-0.0080694699999999,1.0,0.0,1023.689515563372,0.0,1023.689515563372
1668454378.5921452,1230.97,-1.8099999999999448,-1.91425641,-0.1068030399999999,1.0,0.0,1023.689515563372,0.0,1023.689515563372
1668454438.3293407,1231.94,0.9700000000000272,-1.80739321,0.1068631999999998,0.0,1.0,0.0,0.83095728327952,1023.689515563372
1668454498.4840472,1230.44,-1.5,-1.89223805,-0.0848448399999999,1.0,0.0,1022.4430796384528,0.0,1022.4430796384528
1668454564.8134842,1230.99,0.5499999999999545,-1.81948983,0.07274822,0.0,1.0,0.0,0.8305860158396516,1022.4430796384528
1668454619.5493429,1232.28,1.2899999999999636,-1.661,0.1584898299999999,0.0,1.0,0.0,0.8305860158396516,1023.514535598886
1668454679.5554087,1232.2,-0.0799999999999272,-1.52332097,0.1376790299999999,0.0,1.0,0.0,0.8305860158396516,1023.4480887176188
1668454740.4603837,1231.73,-0.4700000000000273,-1.44449943,0.07882154,0.0,1.0,0.0,0.8305860158396516,1023.057713290174
1668454800.4979818,1232.37,0.6399999999998727,-1.33510158,0.1093978500000001,0.0,1.0,0.0,0.8305860158396516,1023.5892883403114
1668454860.2582805,1232.54,0.1700000000000727,-1.24943514,0.0856664399999997,0.0,1.0,0.0,0.8305860158396516,1023.7304879630042
1668454921.057031,1232.05,-0.4900000000000091,-1.15056548,0.09886966,0.0,1.0,0.0,0.8305860158396516,1023.3235008152428
1668454981.0296395,1232.5,0.4500000000000455,-1.01943971,0.1311257699999999,0.0,1.0,0.0,0.8305860158396516,1023.6972645223708
1668455041.064591,1229.43,-3.0699999999999363,-1.22855384,-0.2091141299999999,1.0,0.0,1021.147365453743,0.0,1021.147365453743
1668455101.9098053,1225.78,-3.650000000000091,-1.71494091,-0.4863870699999999,1.0,0.0,1021.147365453743,0.0,1021.147365453743
1668455162.055621,1219.84,-5.940000000000055,-2.69233082,-0.97738991,1.0,0.0,1021.147365453743,0.0,1021.147365453743
1668455221.9559276,1216.89,-2.949999999999818,-3.50453695,-0.8122061299999999,1.0,0.0,1021.147365453743,0.0,1021.147365453743
1668455282.909338,1217.11,0.2199999999997999,-4.14242453,-0.6378875800000006,1.0,0.0,1021.147365453743,0.0,1021.147365453743
1668455341.9434943,1215.63,-1.4799999999997908,-4.73054033,-0.5881157999999997,1.0,0.0,1021.147365453743,0.0,1021.147365453743
1668455402.069511,1217.95,2.3199999999999363,-4.76566991,-0.0351295799999995,1.0,0.0,1021.147365453743,0.0,1021.147365453743
1668455463.1392045,1221.12,3.1699999999998454,-4.45849936,0.3071705499999995,0.0,1.0,0.0,0.8362383430406046,1021.1473654537432
1668455522.1642568,1222.97,1.8500000000001364,-4.01822169,0.4402776700000004,0.0,1.0,0.0,0.8362383430406046,1022.6944063883684
1668455582.012749,1222.48,-0.4900000000000091,-3.74297306,0.2752486299999996,0.0,1.0,0.0,0.8362383430406046,1022.2846496002784
1668455642.0888894,1218.86,-3.6200000000001182,-3.75449255,-0.0115194899999999,1.0,0.0,1019.2574667984712,0.0,1019.2574667984712
1668455702.035748,1217.23,-1.6299999999998818,-4.09322625,-0.3387336999999997,1.0,0.0,1019.2574667984712,0.0,1019.2574667984712
1668455762.7115006,1210.7,-6.529999999999973,-4.57103553,-0.4778092799999998,1.0,0.0,1019.2574667984712,0.0,1019.2574667984712
1668455822.0266275,1213.19,2.490000000000009,-4.54933739,0.0216981399999998,0.0,1.0,0.0,0.8401466108346353,1019.2574667984712
1668455882.1838737,1212.89,-0.2999999999999545,-4.63778502,-0.0884476300000001,1.0,0.0,1019.0054228152208,0.0,1019.0054228152208
1668455942.0362542,1214.92,2.0299999999999727,-4.47466717,0.1631178499999999,0.0,1.0,0.0,0.8387428166588917,1019.0054228152208
1668456002.0684156,1214.67,-0.25,-4.45489636,0.0197708099999998,0.0,1.0,0.0,0.8387428166588917,1018.795737111056
1668456061.9553857,1217.08,2.4099999999998545,-3.99159386,0.4633025000000002,0.0,1.0,0.0,0.8387428166588917,1020.8171072992038
1668456121.995929,1219.7,2.6200000000001182,-3.42669104,0.5649028199999999,0.0,1.0,0.0,0.8387428166588917,1023.0146134788504
1668456182.2154992,1219.48,-0.2200000000000272,-3.12035815,0.3063328900000002,0.0,1.0,0.0,0.8387428166588917,1022.8300900591852
1668456242.2155056,1221.66,2.180000000000064,-2.59782793,0.5225302200000002,0.0,1.0,0.0,0.8387428166588917,1024.6585493995017
1668456302.0058458,1220.48,-1.1800000000000637,-2.16309461,0.4347333199999998,0.0,1.0,0.0,0.8387428166588917,1023.668832875844
1668456361.9470034,1216.61,-3.8700000000001182,-2.20401037,-0.0409157600000003,1.0,0.0,1020.422898175374,0.0,1020.422898175374
1668456422.0941365,1212.07,-4.539999999999964,-2.56751523,-0.3635048599999999,1.0,0.0,1020.422898175374,0.0,1020.422898175374
1668456482.2466471,1214.13,2.060000000000173,-2.51646463,0.0510505999999999,0.0,1.0,0.0,0.8404560452137531,1020.422898175374
1668456542.2920325,1215.46,1.3299999999999272,-2.49038517,0.02607946,0.0,1.0,0.0,0.8404560452137531,1021.5407047155084
1668456602.058726,1212.13,-3.3299999999999272,-2.67450429,-0.1841191199999996,1.0,0.0,1018.7419860849466,0.0,1018.7419860849466
1668456662.0800223,1215.65,3.519999999999982,-2.43829041,0.2362138799999997,0.0,1.0,0.0,0.8380224456751092,1018.7419860849466
1668456722.0850775,1212.18,-3.470000000000028,-2.60529405,-0.1670036399999999,1.0,0.0,1015.834048198454,0.0,1015.834048198454
1668456782.0307083,1211.57,-0.6100000000001273,-2.75502428,-0.1497302300000003,1.0,0.0,1015.834048198454,0.0,1015.834048198454
1668456841.9939322,1212.14,0.5700000000001637,-2.74425469,0.0107695900000002,0.0,1.0,0.0,0.8380500999871746,1015.834048198454
1668456902.0682309,1212.99,0.849999999999909,-2.75256349,-0.0083088,1.0,0.0,1016.5463907834428,0.0,1016.5463907834428
1668456962.438277,1214.72,1.7300000000000182,-2.41988476,0.33267873,0.0,1.0,0.0,0.8368565519489617,1016.5463907834428
1668457022.1768365,1215.49,0.7699999999999818,-2.1357165,0.2841682599999999,0.0,1.0,0.0,0.8368565519489617,1017.1907703284436
1668457082.18222,1217.75,2.259999999999991,-1.67936106,0.45635544,0.0,1.0,0.0,0.8368565519489617,1019.082066135848
1668457142.5808327,1218.67,0.9200000000000728,-1.25051185,0.4288492099999998,0.0,1.0,0.0,0.8368565519489617,1019.8519741636412
1668457202.108561,1218.43,-0.2400000000000091,-0.95202897,0.2984828800000001,0.0,1.0,0.0,0.8368565519489617,1019.6511285911736
1668457262.024606,1218.29,-0.1400000000001,-0.65454642,0.29748255,0.0,1.0,0.0,0.8368565519489617,1019.5339686739004
1668457322.1254218,1217.46,-0.8299999999999272,-0.47018455,0.1843618699999999,0.0,1.0,0.0,0.8368565519489617,1018.8393777357828
1668457382.3878844,1216.83,-0.6300000000001091,-0.45806396,0.0121205899999999,0.0,1.0,0.0,0.8368565519489617,1018.312158108055
1668457442.2373266,1218.06,1.2300000000000182,-0.28601713,0.1720468299999999,0.0,1.0,0.0,0.8368565519489617,1019.3414916669524
1668457504.8606896,1218.22,0.1600000000000818,-0.20619222,0.07982491,0.0,1.0,0.0,0.8368565519489617,1019.475388715264
1668457562.203019,1217.44,-0.7799999999999727,-0.17677401,0.02941821,0.0,1.0,0.0,0.8368565519489617,1018.822640604744
1668457622.344964,1217.93,0.4900000000000091,-0.07578438,0.10098963,0.0,1.0,0.0,0.8368565519489617,1019.2327003151988
1668457682.00311,1217.24,-0.6900000000000546,-0.04287015,0.0329142299999999,0.0,1.0,0.0,0.8368565519489617,1018.6552692943542
1668457742.1715105,1216.18,-1.0599999999999454,-0.08221403,-0.0393438799999999,1.0,0.0,1017.7682013492882,0.0,1017.7682013492882
1668457802.119024,1217.17,0.9900000000000092,-0.08899546,-0.00678143,1.0,0.0,1017.7682013492882,0.0,1017.7682013492882
1668457862.364028,1217.52,0.349999999999909,-0.05267423,0.0363212299999999,0.0,1.0,0.0,0.8359355093544979,1017.7682013492882
1668457922.11811,1216.98,-0.5399999999999636,-0.12993219,-0.07725796,1.0,0.0,1017.3167961742369,0.0,1017.3167961742369
1668457982.3994403,1216.5,-0.4800000000000182,-0.17378362,-0.04385143,1.0,0.0,1017.3167961742369,0.0,1017.3167961742369
1668458042.3890786,1215.14,-1.3599999999999,-0.29149766,-0.1177140399999999,1.0,0.0,1017.3167961742369,0.0,1017.3167961742369
1668458102.0699031,1216.71,1.5699999999999363,-0.23665529,0.05484237,0.0,1.0,0.0,0.8361210117236128,1017.3167961742369
1668458162.3778112,1216.89,0.1800000000000636,-0.21567913,0.0209761599999999,0.0,1.0,0.0,0.8361210117236128,1017.4672979563472
1668458222.3025424,1216.76,-0.1300000000001091,-0.21914811,-0.00346898,1.0,0.0,1017.358602224823,0.0,1017.358602224823
1668458282.3635104,1218.93,2.1700000000000728,0.02938623,0.24853434,0.0,1.0,0.0,0.8346325073833797,1017.358602224823
1668458342.096547,1219.72,0.7899999999999636,0.26833072,0.23894449,0.0,1.0,0.0,0.8346325073833797,1018.017961905656
1668458402.3639069,1221.11,1.389999999999873,0.56610639,0.2977756699999999,0.0,1.0,0.0,0.8346325073833797,1019.1781010909186
1668458462.1484654,1217.83,-3.2799999999999727,0.42683303,-0.1392733599999999,1.0,0.0,1016.4405064667012,0.0,1016.4405064667012
1668458523.2339995,1217.31,-0.5199999999999818,0.27683592,-0.14999711,1.0,0.0,1016.4405064667012,0.0,1016.4405064667012
1668458582.216335,1217.04,-0.2699999999999818,0.18991398,-0.08692194,1.0,0.0,1016.4405064667012,0.0,1016.4405064667012
1668458642.4716277,1217.22,0.1800000000000636,0.16139815,-0.02851583,1.0,0.0,1016.4405064667012,0.0,1016.4405064667012
1668458702.4308984,1217.67,0.4500000000000455,0.18470792,0.02330977,0.0,1.0,0.0,0.8347421768350219,1016.4405064667012
1668458776.9274948,1216.61,-1.0600000000001728,0.02207639,-0.16263153,1.0,0.0,1015.555679759256,0.0,1015.555679759256
1668458822.330196,1215.99,-0.6199999999998909,-0.0273823,-0.04945869,1.0,0.0,1015.555679759256,0.0,1015.555679759256
1668458882.4159184,1215.58,-0.4100000000000818,-0.19512207,-0.16773977,1.0,0.0,1015.555679759256,0.0,1015.555679759256
1668458942.3579552,1213.77,-1.8099999999999448,-0.52966002,-0.33453795,1.0,0.0,1015.555679759256,0.0,1015.555679759256
1668459002.2217498,1214.83,1.0599999999999454,-0.61093236,-0.0812723399999999,1.0,0.0,1015.555679759256,0.0,1015.555679759256
1668459062.665304,1215.99,1.160000000000082,-0.51266679,0.0982655699999999,0.0,1.0,0.0,0.8351677890108109,1015.555679759256
1668459122.19661,1213.73,-2.259999999999991,-0.7395264,-0.22685961,1.0,0.0,1013.6682005560916,0.0,1013.6682005560916
1668459182.3901916,1216.4,2.6700000000000728,-0.58006998,0.15945642,0.0,1.0,0.0,0.8333345943407526,1013.6682005560916
1668459242.332608,1214.65,-1.75,-0.70624079,-0.1261708099999999,1.0,0.0,1012.2098650159952,0.0,1012.2098650159952
1668459483.0022736,1213.71,-0.9400000000000546,-0.77579022,-0.06954943,1.0,0.0,1012.2098650159952,0.0,1012.2098650159952
1668459543.0491295,1215.05,1.339999999999918,-0.62855209,0.1472381299999999,0.0,1.0,0.0,0.8330602567927207,1012.2098650159952
1668459604.2459614,1216.92,1.8700000000001185,-0.37021223,0.25833986,0.0,1.0,0.0,0.8330602567927207,1013.7676876961976
1668459663.7847238,1215.66,-1.259999999999991,-0.38197941,-0.01176718,1.0,0.0,1012.7180317726388,0.0,1012.7180317726388
1668459755.6943772,1217.0,1.339999999999918,-0.0539686,0.32801081,0.0,1.0,0.0,0.8321430006348717,1012.7180317726388
1668459784.6303864,1217.84,0.8399999999999181,0.01303995,0.06700855,0.0,1.0,0.0,0.8321430006348717,1013.417031893172
1668459844.7329948,1220.04,2.200000000000045,0.41629914,0.40325919,0.0,1.0,0.0,0.8321430006348717,1015.2477464945688
1668459906.7467003,1218.84,-1.2000000000000457,0.49196663,0.07566749,0.0,1.0,0.0,0.8321430006348717,1014.249174893807
1668459965.4617398,1219.13,0.290000000000191,0.57637084,0.08440421,0.0,1.0,0.0,0.8321430006348717,1014.4904963639912
1668460025.4418962,1219.01,-0.1200000000001182,0.70160108,0.1252302399999999,0.0,1.0,0.0,0.8321430006348717,1014.3906392039148
1668460085.5231435,1217.43,-1.5799999999999272,0.58523126,-0.1163698199999999,1.0,0.0,1013.075853262912,0.0,1013.075853262912
1668460146.3828373,1218.07,0.6399999999998727,0.56757473,-0.01765653,1.0,0.0,1013.075853262912,0.0,1013.075853262912
1668460206.426389,1218.15,0.0800000000001546,0.58421607,0.0166413399999999,0.0,1.0,0.0,0.8316511540146221,1013.075853262912
1668460266.1969347,1217.76,-0.3900000000001,0.54094454,-0.0432715299999999,1.0,0.0,1012.7515093128462,0.0,1012.7515093128462
1668460327.0369864,1216.38,-1.3799999999998818,0.3663652,-0.17457934,1.0,0.0,1012.7515093128462,0.0,1012.7515093128462
1668460386.9695776,1218.16,1.7799999999999727,0.47391394,0.1075487399999999,0.0,1.0,0.0,0.8313780696401508,1012.7515093128462
1668460446.8389845,1218.36,0.1999999999998181,0.50060501,0.02669107,0.0,1.0,0.0,0.8313780696401508,1012.917784926774
1668460508.0927486,1219.34,0.9800000000000182,0.6605062,0.15990119,0.0,1.0,0.0,0.8313780696401508,1013.7325354350214
1668460567.927393,1220.01,0.6700000000000728,0.76482152,0.1043153199999999,0.0,1.0,0.0,0.8313780696401508,1014.2895587416804
1668460628.0052445,1220.26,0.25,0.864543,0.0997214799999999,0.0,1.0,0.0,0.8313780696401508,1014.4974032590904
1668460688.753109,1223.71,3.450000000000045,1.31693964,0.45239664,0.0,1.0,0.0,0.8313780696401508,1017.365657599349
1668460748.7516496,1222.59,-1.1200000000001182,1.40517563,0.08823599,0.0,1.0,0.0,0.8313780696401508,1016.434514161352
1668460809.099057,1222.15,-0.4399999999998272,1.44416356,0.03898793,0.0,1.0,0.0,0.8313780696401508,1016.0687078107104
1668460869.7144346,1222.22,0.0699999999999363,1.55163983,0.10747627,0.0,1.0,0.0,0.8313780696401508,1016.1269042755852
1668460929.5296092,1221.92,-0.2999999999999545,1.55201974,0.0003799099999999,0.0,1.0,0.0,0.8313780696401508,1015.8774908546932
1668460989.5470116,1222.44,0.5199999999999818,1.57208025,0.0200605099999999,0.0,1.0,0.0,0.8313780696401508,1016.309807450906
1668461051.1128066,1223.41,0.9700000000000272,1.64759474,0.0755144899999999,0.0,1.0,0.0,0.8313780696401508,1017.116244178457
1668461111.1068697,1223.21,-0.2000000000000454,1.60682334,-0.0407713999999999,1.0,0.0,1016.949968564529,0.0,1016.949968564529
1668461171.0730314,1222.75,-0.4600000000000364,1.57012818,-0.03669516,1.0,0.0,1016.949968564529,0.0,1016.949968564529
1668461231.797028,1223.31,0.5599999999999454,1.594199,0.0240708199999999,0.0,1.0,0.0,0.8313101082836967,1016.949968564529
1668461291.7385938,1223.62,0.3099999999999454,1.58907453,-0.0051244699999999,1.0,0.0,1017.2076746980968,0.0,1017.2076746980968
1668461351.7073443,1223.34,-0.2799999999999727,1.56673835,-0.0223361799999999,1.0,0.0,1017.2076746980968,0.0,1017.2076746980968
1668461412.679265,1223.12,-0.2200000000000272,1.40589758,-0.16084077,1.0,0.0,1017.2076746980968,0.0,1017.2076746980968
1668461472.8271792,1224.55,1.4300000000000637,1.53317174,0.12727416,0.0,1.0,0.0,0.8306787592977802,1017.2076746980968
1668461532.678606,1225.09,0.5399999999999636,1.60299329,0.0698215499999999,0.0,1.0,0.0,0.8306787592977802,1017.6562412281176
1668461593.3974576,1225.26,0.1700000000000727,1.62415873,0.02116544,0.0,1.0,0.0,0.8306787592977802,1017.7974566171982
1668461655.9501832,1224.7,-0.5599999999999454,1.53744446,-0.0867142700000001,1.0,0.0,1017.3322765119916,0.0,1017.3322765119916
1668461713.525891,1224.52,-0.1800000000000636,1.46153966,-0.0759048,1.0,0.0,1017.3322765119916,0.0,1017.3322765119916
1668461774.5137837,1225.13,0.6100000000001273,1.48227949,0.0207398300000001,0.0,1.0,0.0,0.8303872050410908,1017.3322765119916
1668461834.510707,1225.17,0.0399999999999636,1.44917546,-0.03310403,1.0,0.0,1017.3654920001932,0.0,1017.3654920001932
1668461894.404713,1225.49,0.3199999999999363,1.45008546,0.0009099999999999,0.0,1.0,0.0,0.8301703742994175,1017.3654920001932
1668461955.058626,1225.09,-0.4000000000000909,1.35711249,-0.0929729699999999,1.0,0.0,1017.0334238504734,0.0,1017.0334238504734
1668462014.427461,1225.44,0.3500000000001364,1.34452231,-0.0125901799999998,1.0,0.0,1017.0334238504734,0.0,1017.0334238504734
1668462074.7074742,1225.42,-0.0199999999999818,1.29400896,-0.0505133500000001,1.0,0.0,1017.0334238504734,0.0,1017.0334238504734
1668462135.490491,1225.7,0.2799999999999727,1.27990201,-0.0141069499999999,1.0,0.0,1017.0334238504734,0.0,1017.0334238504734
1668462194.8906198,1225.68,-0.0199999999999818,1.23394576,-0.0459562500000001,1.0,0.0,1017.0334238504734,0.0,1017.0334238504734
1668462254.484362,1225.99,0.3099999999999454,1.22957545,-0.0043703099999998,1.0,0.0,1017.0334238504734,0.0,1017.0334238504734
1668462314.457622,1226.39,0.4000000000000909,1.24930932,0.01973387,0.0,1.0,0.0,0.8292903756965347,1017.0334238504734
1668462374.5234687,1225.91,-0.4800000000000182,1.15767939,-0.09162993,1.0,0.0,1016.6353644701388,0.0,1016.6353644701388
1668462434.5212965,1224.54,-1.3700000000001182,0.90902978,-0.2486496099999999,1.0,0.0,1016.6353644701388,0.0,1016.6353644701388
1668462494.5693383,1224.45,-0.0899999999999181,0.7773771,-0.1316526799999999,1.0,0.0,1016.6353644701388,0.0,1016.6353644701388
1668462554.3482585,1225.11,0.6599999999998545,0.76367062,-0.01370648,1.0,0.0,1016.6353644701388,0.0,1016.6353644701388
1668462614.5515714,1224.6,-0.5099999999999909,0.63088459,-0.13278603,1.0,0.0,1016.6353644701388,0.0,1016.6353644701388
1668462674.6883364,1224.58,-0.0199999999999818,0.54870787,-0.0821767199999999,1.0,0.0,1016.6353644701388,0.0,1016.6353644701388
1668462734.880655,1225.75,1.1700000000000728,0.64471543,0.0960075599999999,0.0,1.0,0.0,0.8293986248991546,1016.6353644701388
1668462794.5644813,1226.29,0.5399999999999636,0.71579917,0.07108374,0.0,1.0,0.0,0.8293986248991546,1017.0832397275844
1668462854.397498,1226.4,0.1100000000001273,0.74513446,0.02933529,0.0,1.0,0.0,0.8293986248991546,1017.1744735763232
1668462914.4315326,1227.78,1.3799999999998818,0.94721577,0.2020813099999999,0.0,1.0,0.0,0.8293986248991546,1018.319043678684
1668462974.4010935,1227.23,-0.5499999999999545,0.93137343,-0.01584234,1.0,0.0,1017.8628744349896,0.0,1017.8628744349896
1668463034.514032,1227.76,0.5299999999999727,1.01764424,0.0862708100000001,0.0,1.0,0.0,0.8290405897202952,1017.8628744349896
1668463094.5131674,1227.37,-0.3900000000001,0.98599804,-0.0316462,1.0,0.0,1017.5395486049986,0.0,1017.5395486049986
1668463154.582059,1228.3,0.9300000000000636,1.10518449,0.11918645,0.0,1.0,0.0,0.8284128865952932,1017.5395486049986
1668463214.6436214,1227.5,-0.7999999999999545,1.01537088,-0.0898136099999999,1.0,0.0,1016.8768182957224,0.0,1016.8768182957224
1668463274.534683,1225.6,-1.900000000000091,0.71421878,-0.3011521,1.0,0.0,1016.8768182957224,0.0,1016.8768182957224
1668463336.1032596,1226.83,1.2300000000000182,0.76275906,0.0485402799999999,0.0,1.0,0.0,0.8288653018720789,1016.8768182957224
1668463394.4918387,1228.39,1.5600000000001728,0.93636379,0.1736047299999999,0.0,1.0,0.0,0.8288653018720789,1018.1698481666432
1668463454.363287,1226.24,-2.150000000000091,0.66027043,-0.27609336,1.0,0.0,1016.387787767618,0.0,1016.387787767618
1668463514.628297,1227.45,1.2100000000000364,0.74123104,0.0809606099999999,0.0,1.0,0.0,0.8280482201047846,1016.387787767618
1668463574.6195946,1228.21,0.7599999999999909,0.82740985,0.08617881,0.0,1.0,0.0,0.8280482201047846,1017.0171044148976
1668463635.0078433,1227.57,-0.6400000000001,0.74753716,-0.0798726899999999,1.0,0.0,1016.4871535540304,0.0,1016.4871535540304
1668463694.9124444,1227.82,0.25,0.7524052,0.0048680399999999,0.0,1.0,0.0,0.8278796187991974,1016.4871535540304
1668463754.5320282,1228.12,0.2999999999999545,0.77442865,0.02202345,0.0,1.0,0.0,0.8278796187991974,1016.7355174396702
1668463814.632339,1225.69,-2.4299999999998363,0.41998149,-0.35444716,1.0,0.0,1014.7237699659884,0.0,1014.7237699659884
1668463874.3708167,1225.23,-0.4600000000000364,0.22435072,-0.19563077,1.0,0.0,1014.7237699659884,0.0,1014.7237699659884
1668463934.4593916,1224.39,-0.8399999999999181,-0.02023178,-0.2445825,1.0,0.0,1014.7237699659884,0.0,1014.7237699659884
1668463994.6394184,1225.08,0.6899999999998272,-0.06282689,-0.0425951099999999,1.0,0.0,1014.7237699659884,0.0,1014.7237699659884
1668464054.3607738,1224.86,-0.2200000000000272,-0.16908255,-0.10625566,1.0,0.0,1014.7237699659884,0.0,1014.7237699659884
1668464115.276364,1225.55,0.6900000000000546,-0.13973033,0.0293522199999999,0.0,1.0,0.0,0.8279741911517183,1014.7237699659884
1668464174.5190823,1225.67,0.1200000000001182,-0.14067735,-0.0009470199999999,1.0,0.0,1014.8231268689268,0.0,1014.8231268689268
1668464234.6565046,1224.94,-0.7300000000000182,-0.25051072,-0.10983337,1.0,0.0,1014.8231268689268,0.0,1014.8231268689268
1668464294.552455,1224.98,0.0399999999999636,-0.28304446,-0.0325337399999999,1.0,0.0,1014.8231268689268,0.0,1014.8231268689268
1668464354.60509,1225.9,0.9200000000000728,-0.17712977,0.10591469,0.0,1.0,0.0,0.8278188489019714,1014.8231268689268
1668464414.5010872,1226.24,0.3399999999999181,-0.10156589,0.0755638799999999,0.0,1.0,0.0,0.8278188489019714,1015.1045852775536
1668464474.851557,1225.32,-0.9200000000000728,-0.19250929,-0.0909434,1.0,0.0,1014.3429919365636,0.0,1014.3429919365636
1668464534.6435318,1225.91,0.5900000000001455,-0.12127991,0.07122938,0.0,1.0,0.0,0.8274204402742156,1014.3429919365636
1668464595.0128906,1226.3,0.3899999999998726,-0.04520964,0.07607027,0.0,1.0,0.0,0.8274204402742156,1014.6656859082706
1668464654.607141,1225.76,-0.5399999999999636,-0.08642167,-0.04121203,1.0,0.0,1014.2188788705224,0.0,1014.2188788705224
1668464714.776327,1226.06,0.2999999999999545,-0.04094196,0.04547971,0.0,1.0,0.0,0.8272179818854889,1014.2188788705224
1668464774.6028898,1226.13,0.0700000000001637,-0.01431352,0.02662844,0.0,1.0,0.0,0.8272179818854889,1014.2767841292546
1668464834.5011847,1223.78,-2.3500000000001364,-0.32923948,-0.3149259599999999,1.0,0.0,1012.3328218718236,0.0,1012.3328218718236
1668464894.5485258,1224.06,0.2799999999999727,-0.38576902,-0.05652954,1.0,0.0,1012.3328218718236,0.0,1012.3328218718236
1668464954.716276,1222.94,-1.1199999999998909,-0.60148816,-0.21571914,1.0,0.0,1012.3328218718236,0.0,1012.3328218718236
1668465014.4879982,1223.45,0.5099999999999909,-0.62155002,-0.0200618599999999,1.0,0.0,1012.3328218718236,0.0,1012.3328218718236
1668465074.958681,1223.38,-0.0699999999999363,-0.67133902,-0.0497889999999999,1.0,0.0,1012.3328218718236,0.0,1012.3328218718236
1668465135.1467469,1221.92,-1.4600000000000364,-0.90102485,-0.2296858299999999,1.0,0.0,1012.3328218718236,0.0,1012.3328218718236
1668465194.6173754,1217.98,-3.940000000000055,-1.54018805,-0.6391632,1.0,0.0,1012.3328218718236,0.0,1012.3328218718236
1668465254.6730702,1216.91,-1.0699999999999363,-1.92842389,-0.3882358399999999,1.0,0.0,1012.3328218718236,0.0,1012.3328218718236
1668465314.57173,1219.1,2.189999999999827,-1.83478761,0.0936362799999999,0.0,1.0,0.0,0.8303935869672904,1012.3328218718236
1668465374.992898,1218.33,-0.7699999999999818,-1.98623961,-0.1514519999999999,1.0,0.0,1011.6934188098588,0.0,1011.6934188098588
1668465434.938043,1217.24,-1.089999999999918,-2.18760796,-0.2013683499999998,1.0,0.0,1011.6934188098588,0.0,1011.6934188098588
1668465494.6180377,1218.65,1.410000000000082,-2.05300873,0.1345992299999996,0.0,1.0,0.0,0.8301755375291172,1011.6934188098588
1668465554.8934946,1218.81,0.1599999999998544,-1.98967275,0.0633359800000001,0.0,1.0,0.0,0.8301755375291172,1011.8262468958632
1668465614.68953,1219.83,1.0199999999999818,-1.78319548,0.2064772699999999,0.0,1.0,0.0,0.8301755375291172,1012.673025944143
1668465674.731342,1218.96,-0.8699999999998909,-1.78784817,-0.0046526899999999,1.0,0.0,1011.9507732264929,0.0,1011.9507732264929
1668465734.679525,1217.71,-1.25,-1.89407264,-0.1062244700000001,1.0,0.0,1011.9507732264929,0.0,1011.9507732264929
1668465794.6824317,1218.31,0.599999999999909,-1.79338612,0.10068652,0.0,1.0,0.0,0.8306184577213459,1011.9507732264929
1668465854.6600375,1219.22,0.910000000000082,-1.60229805,0.1910880700000001,0.0,1.0,0.0,0.8306184577213459,1012.7066360230194
1668465914.6728,1216.93,-2.289999999999964,-1.81492001,-0.2126219600000001,1.0,0.0,1010.8045197548377,0.0,1010.8045197548377
1668465974.6732674,1217.42,0.4900000000000091,-1.74781395,0.0671060599999999,0.0,1.0,0.0,0.83028414167242,1010.8045197548377
1668466035.7313802,1219.28,1.8599999999999,-1.44301949,0.3047944600000001,0.0,1.0,0.0,0.83028414167242,1012.3488482583484
1668466094.6119423,1221.19,1.9100000000000816,-1.03464744,0.4083720499999999,0.0,1.0,0.0,0.83028414167242,1013.9346909689426
1668466154.5800393,1221.96,0.7699999999999818,-0.97322293,0.06142451,0.0,1.0,0.0,0.83028414167242,1014.5740097580305
1668466214.6371312,1224.2,2.240000000000009,-0.1268051,0.84641783,0.0,1.0,0.0,0.83028414167242,1016.4338462353768
1668466274.6135871,1223.27,-0.9300000000000636,0.00307953,0.12988463,0.0,1.0,0.0,0.83028414167242,1015.6616819836212
1668466335.271882,1223.61,0.3399999999999181,0.20975278,0.20667325,0.0,1.0,0.0,0.83028414167242,1015.9439785917898
1668466395.0063906,1222.92,-0.6899999999998272,0.25173687,0.04198409,0.0,1.0,0.0,0.83028414167242,1015.371082534036
1668466454.903134,1223.24,0.3199999999999363,0.36949724,0.11776037,0.0,1.0,0.0,0.83028414167242,1015.636773459371
1668466514.7617383,1223.42,0.1800000000000636,0.46299426,0.0934970199999999,0.0,1.0,0.0,0.83028414167242,1015.786224604872
1668466574.7380135,1222.75,-0.6700000000000728,0.42562375,-0.0373705099999999,1.0,0.0,1015.2299342299516,0.0,1015.2299342299516
1668466634.7723997,1221.94,-0.8099999999999454,0.3188564,-0.10676735,1.0,0.0,1015.2299342299516,0.0,1015.2299342299516
1668466694.6968107,1221.32,-0.6200000000001182,0.19331202,-0.1255443799999999,1.0,0.0,1015.2299342299516,0.0,1015.2299342299516
1668466754.8062465,1221.72,0.4000000000000909,0.18866773,-0.0046442899999999,1.0,0.0,1015.2299342299516,0.0,1015.2299342299516
1668466814.8487587,1220.0,-1.7200000000000273,-0.08464839,-0.27331612,1.0,0.0,1015.2299342299516,0.0,1015.2299342299516
1668466874.6304948,1221.12,1.1199999999998909,-0.03262018,0.05202821,0.0,1.0,0.0,0.8313924382779347,1015.2299342299516
1668466935.0104694,1228.45,7.330000000000155,0.98825191,1.02087209,0.0,1.0,0.0,0.8313924382779347,1021.324040802529
1668466994.666127,1225.64,-2.809999999999945,0.90710267,-0.08114924,1.0,0.0,1018.987828050968,0.0,1018.987828050968
1668467054.5408678,1224.92,-0.7200000000000273,0.90765443,0.00055176,0.0,1.0,0.0,0.8318811253395878,1018.987828050968
1668467114.6881497,1225.1,0.1799999999998363,0.96818796,0.0605335299999999,0.0,1.0,0.0,0.8318811253395878,1019.1375666535288
1668467174.5871284,1226.04,0.9400000000000546,1.12682777,0.15863981,0.0,1.0,0.0,0.8318811253395878,1019.9195349113484
1668467234.7195902,1234.44,8.400000000000091,2.36573136,1.2389035899999998,0.0,1.0,0.0,0.8318811253395878,1026.9073363642008
1668467294.7871742,1233.97,-0.4700000000000273,2.71799541,0.35226405,0.0,1.0,0.0,0.8318811253395878,1026.5163522352912
1668467354.60676,1235.47,1.5,3.20690265,0.4889072400000001,0.0,1.0,0.0,0.8318811253395878,1027.7641739233006
1668467414.8977375,1235.1,-0.3700000000001182,3.4060913,0.1991886499999999,0.0,1.0,0.0,0.8318811253395878,1027.456377906925
1668467474.695576,1233.14,-1.959999999999809,3.26876426,-0.1373270399999997,1.0,0.0,1025.8258909012593,0.0,1025.8258909012593
1668467534.8536088,1233.75,0.6099999999999,3.3326511,0.0638868399999998,0.0,1.0,0.0,0.8314698203860258,1025.8258909012593
1668467594.5924869,1232.88,-0.8699999999998909,3.18361591,-0.1490351900000002,1.0,0.0,1025.1025121575235,0.0,1025.1025121575235
1668467654.7973564,1232.21,-0.6700000000000728,2.99084752,-0.1927683899999999,1.0,0.0,1025.1025121575235,0.0,1025.1025121575235
1668467714.6871629,1232.96,0.75,2.95239005,-0.0384574699999999,1.0,0.0,1025.1025121575235,0.0,1025.1025121575235
1668467774.88817,1239.32,6.3599999999999,3.74142989,0.78903984,0.0,1.0,0.0,0.827149172253755,1025.1025121575235
1668467835.5305223,1237.35,-1.9700000000000275,3.64100524,-0.1004246499999999,1.0,0.0,1023.4730282881836,0.0,1023.4730282881836
1668467894.892503,1237.61,0.2599999999999909,3.68132617,0.04032093,0.0,1.0,0.0,0.8269754028233318,1023.4730282881836
1668467955.4605837,1242.52,4.910000000000082,4.34756326,0.6662370900000001,0.0,1.0,0.0,0.8269754028233318,1027.5334775160463
1668468015.600933,1240.47,-2.0499999999999545,4.2245743,-0.1229889600000007,1.0,0.0,1025.8381779402584,0.0,1025.8381779402584
1668468075.0768054,1239.81,-0.6600000000000819,4.17192472,-0.0526495799999997,1.0,0.0,1025.8381779402584,0.0,1025.8381779402584
1668468134.9690232,1239.69,-0.1199999999998908,3.98799429,-0.1839304299999997,1.0,0.0,1025.8381779402584,0.0,1025.8381779402584
1668468194.8848546,1239.17,-0.5199999999999818,3.79607319,-0.1919211,1.0,0.0,1025.8381779402584,0.0,1025.8381779402584
1668468254.8137574,1239.1,-0.0700000000001637,3.62381104,-0.1722621499999999,1.0,0.0,1025.8381779402584,0.0,1025.8381779402584
1668468314.7808292,1239.53,0.4300000000000636,3.51272074,-0.1110903000000003,1.0,0.0,1025.8381779402584,0.0,1025.8381779402584
1668468374.794733,1239.8,0.2699999999999818,3.39757127,-0.1151494699999999,1.0,0.0,1025.8381779402584,0.0,1025.8381779402584
1668468434.8331397,1239.31,-0.4900000000000091,3.18187729,-0.2156939799999997,1.0,0.0,1025.8381779402584,0.0,1025.8381779402584
1668468494.7583678,1238.83,-0.4800000000000182,2.94002133,-0.2418559600000001,1.0,0.0,1025.8381779402584,0.0,1025.8381779402584
1668468554.8812418,1238.48,-0.349999999999909,2.69816731,-0.2418540199999999,1.0,0.0,1025.8381779402584,0.0,1025.8381779402584
1668468614.7780142,1238.73,0.25,2.53452265,-0.1636446600000001,1.0,0.0,1025.8381779402584,0.0,1025.8381779402584
1668468675.1409876,1239.18,0.4500000000000455,2.42479991,-0.10972274,1.0,0.0,1025.8381779402584,0.0,1025.8381779402584
1668468734.9876466,1240.74,1.5599999999999454,2.50422746,0.0794275500000001,0.0,1.0,0.0,0.8267954429939056,1025.8381779402584
1668468795.1246045,1242.4,1.660000000000082,2.67508135,0.17085389,0.0,1.0,0.0,0.8267954429939056,1027.2106583756283
1668468854.9618926,1242.32,-0.0800000000001546,2.66339781,-0.0116835399999999,1.0,0.0,1027.1445147401887,0.0,1027.1445147401887
1668468915.086043,1244.72,2.400000000000091,2.96816187,0.3047640599999996,0.0,1.0,0.0,0.8252012619225116,1027.1445147401887
1668468975.051944,1246.87,2.149999999999864,3.32704248,0.3588806099999999,0.0,1.0,0.0,0.8252012619225116,1028.918697453322
1668469035.003556,1244.9,-1.9699999999998,3.15744373,-0.16959875,1.0,0.0,1027.293050967335,0.0,1027.293050967335
1668469095.1402075,1244.65,-0.25,3.07636833,-0.0810753999999995,1.0,0.0,1027.293050967335,0.0,1027.293050967335
1668469155.2375898,1245.19,0.5399999999999636,3.06975,-0.0066183300000002,1.0,0.0,1027.293050967335,0.0,1027.293050967335
1668469215.246529,1244.69,-0.5,2.92453492,-0.1452150799999998,1.0,0.0,1027.293050967335,0.0,1027.293050967335
1668469275.4434855,1245.37,0.6799999999998363,2.90481972,-0.0197152000000002,1.0,0.0,1027.293050967335,0.0,1027.293050967335
1668469335.406849,1245.47,0.1000000000001364,2.82853157,-0.0762881499999998,1.0,0.0,1027.293050967335,0.0,1027.293050967335
1668469395.1468282,1247.41,1.9400000000000543,3.00452095,0.1759893799999998,0.0,1.0,0.0,0.8235408173474117,1027.293050967335
1668469455.1278884,1247.96,0.5499999999999545,3.06466517,0.0601442200000001,0.0,1.0,0.0,0.8235408173474117,1027.745998416876
1668469515.04907,1247.17,-0.7899999999999636,2.93142656,-0.1332386100000002,1.0,0.0,1027.0954011711715,0.0,1027.0954011711715
1668469575.6723511,1245.4,-1.7699999999999818,2.59216877,-0.33925779,1.0,0.0,1027.0954011711715,0.0,1027.0954011711715
1668469635.189154,1244.76,-0.6400000000001,2.31759613,-0.2745726399999997,1.0,0.0,1027.0954011711715,0.0,1027.0954011711715
1668469695.1690185,1244.6,-0.1600000000000818,2.09343636,-0.2241597699999999,1.0,0.0,1027.0954011711715,0.0,1027.0954011711715
1668469755.199107,1244.2,-0.3999999999998636,1.8467857,-0.24665066,1.0,0.0,1027.0954011711715,0.0,1027.0954011711715
1668469815.1329136,1244.58,0.3799999999998817,1.71121244,-0.1355732600000001,1.0,0.0,1027.0954011711715,0.0,1027.0954011711715
1668469875.2628944,1244.99,0.4100000000000818,1.61970189,-0.0915105499999999,1.0,0.0,1027.0954011711715,0.0,1027.0954011711715
1668469935.2557504,1243.39,-1.599999999999909,1.27712677,-0.34257512,1.0,0.0,1027.0954011711715,0.0,1027.0954011711715
1668469995.1952589,1241.96,-1.4300000000000637,0.89264913,-0.3844776399999999,1.0,0.0,1027.0954011711715,0.0,1027.0954011711715
1668470055.5520928,1242.61,0.6499999999998636,0.76250747,-0.13014166,1.0,0.0,1027.0954011711715,0.0,1027.0954011711715
1668470115.208878,1242.46,-0.1499999999998635,0.59002604,-0.1724814299999999,1.0,0.0,1027.0954011711715,0.0,1027.0954011711715
1668470175.18478,1241.98,-0.4800000000000182,0.389688,-0.20033804,1.0,0.0,1027.0954011711715,0.0,1027.0954011711715
1668470235.1825194,1241.63,-0.349999999999909,0.2094259,-0.1802620999999999,1.0,0.0,1027.0954011711715,0.0,1027.0954011711715
1668470295.119563,1242.56,0.9299999999998364,0.21914113,0.0097152299999999,0.0,1.0,0.0,0.8265962216481872,1027.0954011711715
1668470355.3349488,1242.2,-0.3599999999998999,0.11399953,-0.1051415999999999,1.0,0.0,1026.7978265313782,0.0,1026.7978265313782
1668470415.292448,1243.29,1.089999999999918,0.20691851,0.09291898,0.0,1.0,0.0,0.8258715396499434,1026.7978265313782
1668470475.142168,1242.72,-0.5699999999999363,0.12928416,-0.0776343499999999,1.0,0.0,1026.3270797537778,0.0,1026.3270797537778
1668470535.263358,1241.57,-1.150000000000091,-0.05995595,-0.18924011,1.0,0.0,1026.3270797537778,0.0,1026.3270797537778
1668470595.1883392,1242.69,1.1200000000001182,0.02266268,0.08261863,0.0,1.0,0.0,0.8258914771614624,1026.3270797537778
1668470655.1430256,1244.91,2.220000000000028,0.33034349,0.30768081,0.0,1.0,0.0,0.8258914771614624,1028.1605588330765
1668470715.6535256,1246.21,1.2999999999999543,0.61390262,0.2835591299999999,0.0,1.0,0.0,0.8258914771614624,1029.234217753386
1668470775.419013,1244.4,-1.8099999999999448,0.49132785,-0.1225747699999999,1.0,0.0,1027.739354179724,0.0,1027.739354179724
1668470835.6389,1241.18,-3.220000000000028,0.04763118,-0.44369667,1.0,0.0,1027.739354179724,0.0,1027.739354179724
1668470895.9424448,1241.7,0.5199999999999818,-0.02578037,-0.07341155,1.0,0.0,1027.739354179724,0.0,1027.739354179724
1668470955.558175,1242.13,0.4300000000000636,-0.05471661,-0.02893624,1.0,0.0,1027.739354179724,0.0,1027.739354179724
1668471015.7339947,1243.95,1.8199999999999363,0.15302515,0.20774176,0.0,1.0,0.0,0.8261902441253458,1027.739354179724
1668471075.7142408,1243.66,-0.2899999999999636,0.1605386,0.00751345,0.0,1.0,0.0,0.8261902441253458,1027.4997590089276
1668471135.4795268,1243.4,-0.2599999999999909,0.14595723,-0.01458137,1.0,0.0,1027.284949545455,0.0,1027.284949545455
1668471195.867017,1243.09,-0.3100000000001728,0.10405634,-0.0419008899999999,1.0,0.0,1027.284949545455,0.0,1027.284949545455
1668471255.6168785,1243.98,0.8900000000001,0.21585464,0.1117982999999999,0.0,1.0,0.0,0.8258050366930778,1027.284949545455
1668471315.2725947,1242.65,-1.3299999999999272,0.05734936,-0.1585052799999999,1.0,0.0,1026.186628846653,0.0,1026.186628846653
1668471375.425721,1242.06,-0.5900000000001455,-0.06715289,-0.12450225,1.0,0.0,1026.186628846653,0.0,1026.186628846653
1668471435.2112334,1241.06,-1.0,-0.26842899,-0.2012760999999999,1.0,0.0,1026.186628846653,0.0,1026.186628846653
1668471495.6046865,1240.8,-0.2599999999999909,-0.39794466,-0.12951567,1.0,0.0,1026.186628846653,0.0,1026.186628846653
1668471555.6300943,1240.02,-0.7799999999999727,-0.58951086,-0.1915661999999999,1.0,0.0,1026.186628846653,0.0,1026.186628846653
1668471615.5472014,1241.63,1.610000000000127,-0.45652795,0.1329829099999999,0.0,1.0,0.0,0.8264834361658892,1026.186628846653
1668471675.252695,1242.45,0.8199999999999363,-0.33121842,0.12530953,0.0,1.0,0.0,0.8264834361658892,1026.8643452643091
1668471739.6457958,1243.72,1.2699999999999818,-0.10098609,0.23023233,0.0,1.0,0.0,0.8264834361658892,1027.9139792282397
1668471795.8378396,1242.66,-1.0599999999999454,-0.14867239,-0.0476862999999999,1.0,0.0,1027.037906785904,0.0,1027.037906785904
1668471855.8865042,1242.59,-0.0700000000001637,-0.12736918,0.0213032099999999,0.0,1.0,0.0,0.826529995240509,1027.037906785904
1668471917.4175906,1244.58,1.990000000000009,0.17645009,0.30381927,0.0,1.0,0.0,0.826529995240509,1028.6827014764326
1668471977.1534357,1243.95,-0.6299999999998818,0.19903285,0.02258276,0.0,1.0,0.0,0.826529995240509,1028.161987579431
1668472037.373176,1244.92,0.9700000000000272,0.39094493,0.19191208,0.0,1.0,0.0,0.826529995240509,1028.9637216748145
1668472098.5675974,1246.01,1.089999999999918,0.62968378,0.23873885,0.0,1.0,0.0,0.826529995240509,1029.8646393696265
1668472158.216523,1246.7,0.6900000000000546,0.83896969,0.2092859099999999,0.0,1.0,0.0,0.826529995240509,1030.4349450663426
1668472218.3615563,1247.13,0.4300000000000636,1.01104043,0.17207074,0.0,1.0,0.0,0.826529995240509,1030.790352964296
1668472279.2556603,1251.27,4.139999999999873,1.69208189,0.6810414600000001,0.0,1.0,0.0,0.826529995240509,1034.2121871445916
1668472339.337654,1249.92,-1.349999999999909,1.75680022,0.0647183299999998,0.0,1.0,0.0,0.826529995240509,1033.096371651017
1668472399.094634,1245.47,-4.4500000000000455,1.24342119,-0.5133790299999998,1.0,0.0,1029.4183131721968,0.0,1029.4183131721968
1668472460.6668956,1246.09,0.6199999999998909,1.19341449,-0.0500066999999999,1.0,0.0,1029.4183131721968,0.0,1029.4183131721968
1668472520.033231,1247.47,1.3800000000001091,1.29572494,0.1023104499999998,0.0,1.0,0.0,0.8252048651848917,1029.4183131721968
1668472580.3764896,1248.07,0.599999999999909,1.35969389,0.06396895,0.0,1.0,0.0,0.8252048651848917,1029.9134360913076
1668472641.193532,1246.85,-1.2200000000000273,1.18497999,-0.1747138999999999,1.0,0.0,1028.9066861557822,0.0,1028.9066861557822
1668472701.264436,1246.09,-0.7599999999999909,1.00340573,-0.1815742599999998,1.0,0.0,1028.9066861557822,0.0,1028.9066861557822
1668472760.9273686,1244.54,-1.5499999999999543,0.67871552,-0.3246902100000001,1.0,0.0,1028.9066861557822,0.0,1028.9066861557822
1668472822.0797706,1244.88,0.3400000000001455,0.56029052,-0.118425,1.0,0.0,1028.9066861557822,0.0,1028.9066861557822
1668472881.686241,1245.52,0.6399999999998727,0.53035358,-0.02993694,1.0,0.0,1028.9066861557822,0.0,1028.9066861557822
1668472942.055449,1246.31,0.7899999999999636,0.57315648,0.0428028999999999,0.0,1.0,0.0,0.8255624091564556,1028.9066861557822
1668473002.4966965,1244.53,-1.7799999999999727,0.29915999,-0.27399649,1.0,0.0,1027.4371850674836,0.0,1027.4371850674836
1668473062.4866369,1244.56,0.0299999999999727,0.19657112,-0.10258887,1.0,0.0,1027.4371850674836,0.0,1027.4371850674836
1668473122.8352647,1244.66,0.1000000000001364,0.12560045,-0.0709706699999999,1.0,0.0,1027.4371850674836,0.0,1027.4371850674836
1668473183.029289,1243.95,-0.7100000000000364,-0.0368111,-0.16241155,1.0,0.0,1027.4371850674836,0.0,1027.4371850674836
1668473242.3785377,1243.43,-0.5199999999999818,-0.19278007,-0.1559689699999999,1.0,0.0,1027.4371850674836,0.0,1027.4371850674836
1668473302.3994486,1244.11,0.6799999999998363,-0.18477983,0.0080002399999999,0.0,1.0,0.0,0.825841111370766,1027.4371850674836
1668473362.9718757,1243.73,-0.3799999999998817,-0.27323938,-0.0884595499999999,1.0,0.0,1027.1233654451628,0.0,1027.1233654451628
1668473422.4666896,1243.19,-0.5399999999999636,-0.3913924,-0.11815302,1.0,0.0,1027.1233654451628,0.0,1027.1233654451628
1668473482.511777,1242.87,-0.3200000000001637,-0.49098838,-0.09959598,1.0,0.0,1027.1233654451628,0.0,1027.1233654451628
1668473542.6430192,1244.24,1.3700000000001182,-0.34914177,0.1418466099999999,0.0,1.0,0.0,0.8255026083755247,1027.1233654451628
1668473603.2156394,1243.47,-0.7699999999999818,-0.42666436,-0.07752259,1.0,0.0,1026.4877284367135,0.0,1026.4877284367135
1668473662.4510689,1242.47,-1.0,-0.57889292,-0.15222856,1.0,0.0,1026.4877284367135,0.0,1026.4877284367135
1668473722.472433,1241.62,-0.8500000000001364,-0.74921277,-0.1703198499999999,1.0,0.0,1026.4877284367135,0.0,1026.4877284367135
1668473782.3494678,1241.88,0.2600000000002183,-0.7829965,-0.03378373,1.0,0.0,1026.4877284367135,0.0,1026.4877284367135
1668473842.4857843,1241.68,-0.2000000000000454,-0.84568956,-0.0626930599999999,1.0,0.0,1026.4877284367135,0.0,1026.4877284367135
1668473902.4145489,1240.89,-0.7899999999999636,-0.98434703,-0.13865747,1.0,0.0,1026.4877284367135,0.0,1026.4877284367135
1668473962.4938164,1239.46,-1.4300000000000637,-1.23392202,-0.24957499,1.0,0.0,1026.4877284367135,0.0,1026.4877284367135
1668474022.4851942,1241.24,1.7799999999999727,-1.07440579,0.1595162300000001,0.0,1.0,0.0,0.8269856985246314,1026.4877284367135
1668474082.977608,1240.48,-0.7599999999999909,-1.15711023,-0.0827044400000001,1.0,0.0,1025.8592193058348,0.0,1025.8592193058348
1668474142.605372,1239.42,-1.0599999999999454,-1.31044034,-0.1533301099999999,1.0,0.0,1025.8592193058348,0.0,1025.8592193058348
1668474202.6106822,1237.75,-1.6700000000000728,-1.58484696,-0.2744066199999999,1.0,0.0,1025.8592193058348,0.0,1025.8592193058348
1668474262.695986,1240.1,2.349999999999909,-1.34521007,0.2396368899999998,0.0,1.0,0.0,0.8272391091894483,1025.8592193058348
1668474322.440018,1240.37,0.2699999999999818,-1.25146126,0.0937488100000001,0.0,1.0,0.0,0.8272391091894483,1026.082573865316
1668474382.450349,1239.69,-0.6799999999998363,-1.27613513,-0.0246738699999999,1.0,0.0,1025.5200512710671,0.0,1025.5200512710671
1668474442.3906765,1239.55,-0.1400000000001,-1.25822384,0.0179112899999998,0.0,1.0,0.0,0.8273325410601163,1025.5200512710671
1668474502.3217127,1238.59,-0.9600000000000364,-1.35681919,-0.0985953499999998,1.0,0.0,1024.7258120316494,0.0,1024.7258120316494
1668474562.5572674,1240.64,2.050000000000182,-1.07005223,0.28676696,0.0,1.0,0.0,0.8259654791330678,1024.7258120316494
1668474622.542087,1241.13,0.4900000000000091,-0.89079836,0.1792538699999999,0.0,1.0,0.0,0.8259654791330678,1025.1305351164249
1668474682.5494618,1242.55,1.4199999999998454,-0.57072077,0.32007759,0.0,1.0,0.0,0.8259654791330678,1026.3034060967934
1668474742.5770392,1241.91,-0.6399999999998727,-0.49266505,0.07805572,0.0,1.0,0.0,0.8259654791330678,1025.7747881901485
1668474802.6886363,1240.98,-0.9300000000000636,-0.51674741,-0.02408236,1.0,0.0,1025.0066402945545,0.0,1025.0066402945545
1668474862.6401715,1240.43,-0.5499999999999545,-0.54997633,-0.0332289199999999,1.0,0.0,1025.0066402945545,0.0,1025.0066402945545
1668474922.6748345,1240.43,0.0,-0.53475223,0.0152240999999999,0.0,1.0,0.0,0.8263317077904875,1025.0066402945545
1668474982.68814,1240.47,0.0399999999999636,-0.51108505,0.02366718,0.0,1.0,0.0,0.8263317077904875,1025.039693562866
1668475042.611799,1241.82,1.349999999999909,-0.29961959,0.21146546,0.0,1.0,0.0,0.8263317077904875,1026.155241368383
1668475102.54622,1242.73,0.910000000000082,-0.0850206,0.21459899,0.0,1.0,0.0,0.8263317077904875,1026.9072032224726
1668475162.538894,1243.44,0.7100000000000364,0.12694924,0.21196984,0.0,1.0,0.0,0.8263317077904875,1027.4938987350038
1668475222.7088192,1243.88,0.4400000000000545,0.30878472,0.18183548,0.0,1.0,0.0,0.8263317077904875,1027.8574846864317
1668475282.5181832,1244.85,0.9699999999998,0.55797633,0.24919161,0.0,1.0,0.0,0.8263317077904875,1028.6590264429883
1668475342.541795,1244.17,-0.6799999999998363,0.58948631,0.0315099799999999,0.0,1.0,0.0,0.8263317077904875,1028.097120881691
1668475402.517709,1244.54,0.3699999999998908,0.7035005,0.11401419,0.0,1.0,0.0,0.8263317077904875,1028.4028636135731
1668475462.9784987,1245.15,0.6100000000001273,0.84667616,0.14317566,0.0,1.0,0.0,0.8263317077904875,1028.9069259553255
1668475522.4690945,1246.16,1.009999999999991,1.05447851,0.20780235,0.0,1.0,0.0,0.8263317077904875,1029.741520980194
1668475582.5620973,1247.25,1.089999999999918,1.2968463,0.2423677899999998,0.0,1.0,0.0,0.8263317077904875,1030.6422225416854
1668475642.465384,1245.71,-1.5399999999999636,1.18550905,-0.1113372499999998,1.0,0.0,1029.3696717116882,0.0,1029.3696717116882
1668475702.5721903,1245.26,-0.4500000000000455,1.11740503,-0.06810402,1.0,0.0,1029.3696717116882,0.0,1029.3696717116882
1668475762.576918,1245.77,0.5099999999999909,1.15153286,0.03412783,0.0,1.0,0.0,0.8262919091900497,1029.3696717116882
1668475822.4950328,1245.39,-0.3799999999998817,1.07893992,-0.07259294,1.0,0.0,1029.055680786196,0.0,1029.055680786196
1668475882.5387616,1244.94,-0.4500000000000455,0.97053117,-0.10840875,1.0,0.0,1029.055680786196,0.0,1029.055680786196
1668475943.2654183,1244.4,-0.5399999999999636,0.82632439,-0.1442067799999999,1.0,0.0,1029.055680786196,0.0,1029.055680786196
1668476002.6820948,1245.9,1.5,0.94910263,0.1227782399999999,0.0,1.0,0.0,0.8259536726753318,1029.055680786196
1668476062.529779,1246.41,0.5099999999999909,1.01345104,0.0643484100000001,0.0,1.0,0.0,0.8259536726753318,1029.4769171592604
1668476122.4846945,1245.59,-0.8200000000001637,0.90514108,-0.10830996,1.0,0.0,1028.7996351476663,0.0,1028.7996351476663
1668476183.6942742,1244.59,-1.0,0.71984586,-0.1852952200000001,1.0,0.0,1028.7996351476663,0.0,1028.7996351476663
1668476242.4396634,1245.03,0.4400000000000545,0.69054217,-0.0293036899999999,1.0,0.0,1028.7996351476663,0.0,1028.7996351476663
1668476302.6304128,1244.93,-0.099999999999909,0.61869388,-0.0718482899999999,1.0,0.0,1028.7996351476663,0.0,1028.7996351476663
1668476362.5798917,1246.77,1.839999999999918,0.82108378,0.2023899,0.0,1.0,0.0,0.8251719524432464,1028.7996351476663
1668476423.5310102,1248.42,1.650000000000091,1.08915923,0.2680754499999999,0.0,1.0,0.0,0.8251719524432464,1030.1611688691976
1668476482.5154045,1246.8,-1.6200000000001182,0.95340549,-0.1357537399999999,1.0,0.0,1028.8243903062396,0.0,1028.8243903062396
1668476542.550718,1246.83,0.0299999999999727,0.94229575,-0.0111097399999999,1.0,0.0,1028.8243903062396,0.0,1028.8243903062396
1668476602.6276364,1247.02,0.1900000000000545,0.94783701,0.0055412599999999,0.0,1.0,0.0,0.8250263751232856,1028.8243903062396
1668476662.5360258,1248.73,1.7100000000000364,1.17123184,0.2233948299999999,0.0,1.0,0.0,0.8250263751232856,1030.2351854077003
1668476722.5569897,1252.67,3.940000000000055,1.78238709,0.6111552500000001,0.0,1.0,0.0,0.8250263751232856,1033.4857893256865
1668476782.495229,1250.43,-2.240000000000009,1.67800943,-0.1043776600000001,1.0,0.0,1031.63773024541,0.0,1031.63773024541
1668476842.4799964,1251.8,1.3699999999998909,1.91201582,0.23400639,0.0,1.0,0.0,0.8241234464334638,1031.63773024541
1668476903.674605,1255.53,3.730000000000018,2.51459759,0.6025817700000002,0.0,1.0,0.0,0.8241234464334638,1034.7117107006068
1668476962.7615876,1260.93,5.400000000000091,3.48889967,0.9743020799999996,0.0,1.0,0.0,0.8241234464334638,1039.1619773113475
1668477022.8806915,1259.35,-1.5800000000001546,3.65162313,0.16272346,0.0,1.0,0.0,0.8241234464334638,1037.8598622659829
1668477082.507378,1257.43,-1.9199999999998447,3.5635914,-0.0880317299999999,1.0,0.0,1036.2775452488304,0.0,1036.2775452488304
1668477142.6718128,1257.38,-0.0499999999999545,3.56756584,0.0039744399999999,0.0,1.0,0.0,0.8241562178886497,1036.2775452488304
1668477202.565311,1258.64,1.259999999999991,3.71188132,0.1443154799999999,0.0,1.0,0.0,0.8241562178886497,1037.31598208337
1668477262.661867,1257.35,-1.290000000000191,3.52153229,-0.1903490299999997,1.0,0.0,1036.2528205622937,0.0,1036.2528205622937
1668477322.6185338,1261.5,4.150000000000091,3.9995366,0.4780043099999997,0.0,1.0,0.0,0.8214449627921472,1036.2528205622937
1668477383.5064025,1260.83,-0.6700000000000728,3.97375188,-0.0257847199999998,1.0,0.0,1035.702452437223,0.0,1035.702452437223
1668477442.679393,1260.45,-0.3799999999998817,3.89642217,-0.0773297099999998,1.0,0.0,1035.702452437223,0.0,1035.702452437223
1668477502.6395135,1259.03,-1.4200000000000728,3.61506351,-0.28135866,1.0,0.0,1035.702452437223,0.0,1035.702452437223
1668477562.6077168,1258.21,-0.8199999999999363,3.32501966,-0.29004385,1.0,0.0,1035.702452437223,0.0,1035.702452437223
1668477625.8736014,1258.33,0.1199999999998908,3.12810753,-0.1969121300000003,1.0,0.0,1035.702452437223,0.0,1035.702452437223
1668477684.9478807,1256.36,-1.9700000000000275,2.65220875,-0.4758987800000001,1.0,0.0,1035.702452437223,0.0,1035.702452437223
1668477809.8433464,1259.19,2.8300000000001546,2.54196954,-0.1102392099999995,1.0,0.0,1035.702452437223,0.0,1035.702452437223
1668477821.3158405,1259.19,0.0,2.54196954,0.0,1.0,0.0,1035.702452437223,0.0,1035.702452437223
1668477866.629011,1260.39,1.2000000000000457,2.62218441,0.0802148699999998,0.0,1.0,0.0,0.8217317278280714,1035.702452437223
1668477927.2162826,1261.83,1.4399999999998272,2.78433597,0.1621515599999998,0.0,1.0,0.0,0.8217317278280714,1036.885746125295
1668477986.4430606,1260.82,-1.009999999999991,2.64625618,-0.1380797899999999,1.0,0.0,1036.0557970801888,0.0,1036.0557970801888
1668478046.4167008,1260.67,-0.1499999999998635,2.55107825,-0.0951779299999997,1.0,0.0,1036.0557970801888,0.0,1036.0557970801888
1668478106.6061025,1261.49,0.8199999999999363,2.57271961,0.0216413599999998,0.0,1.0,0.0,0.8212952913460977,1036.0557970801888
1668478166.651124,1260.59,-0.900000000000091,2.38125553,-0.1914640800000002,1.0,0.0,1035.3166313179772,0.0,1035.3166313179772
1668478226.5197184,1263.27,2.680000000000064,2.63921225,0.2579567200000001,0.0,1.0,0.0,0.8195529311374269,1035.3166313179772
1668478286.5347784,1261.7,-1.5699999999999363,2.42180086,-0.2174113900000001,1.0,0.0,1034.0299332160916,0.0,1034.0299332160916
1668478346.6526878,1261.2,-0.5,2.25130839,-0.1704924699999996,1.0,0.0,1034.0299332160916,0.0,1034.0299332160916
1668478407.315447,1262.36,1.1599999999998545,2.28669006,0.03538167,0.0,1.0,0.0,0.8191244440699101,1034.0299332160916
1668478466.6641614,1263.81,1.4500000000000457,2.42206869,0.1353786299999999,0.0,1.0,0.0,0.8191244440699101,1035.2176636599931
1668478526.6098528,1265.57,1.759999999999991,2.65808137,0.2360126799999999,0.0,1.0,0.0,0.8191244440699101,1036.6593226815562
1668478586.5744205,1263.82,-1.75,2.4547007,-0.20338067,1.0,0.0,1035.2258549044338,0.0,1035.2258549044338
1668478646.6292083,1262.92,-0.8999999999998636,2.24954003,-0.2051606700000001,1.0,0.0,1035.2258549044338,0.0,1035.2258549044338
1668478706.571987,1261.78,-1.1400000000001,1.95950304,-0.2900369899999999,1.0,0.0,1035.2258549044338,0.0,1035.2258549044338
1668478766.6106255,1260.16,-1.6199999999998909,1.55155275,-0.40795029,1.0,0.0,1035.2258549044338,0.0,1035.2258549044338
1668478826.6546898,1259.27,-0.8900000000001,1.18968863,-0.3618641199999999,1.0,0.0,1035.2258549044338,0.0,1035.2258549044338
1668478886.4517536,1258.95,-0.3199999999999363,0.90362361,-0.28606502,1.0,0.0,1035.2258549044338,0.0,1035.2258549044338
1668478946.652491,1259.41,0.4600000000000364,0.75360248,-0.15002113,1.0,0.0,1035.2258549044338,0.0,1035.2258549044338
1668479006.5728097,1258.02,-1.3900000000001,0.40161696,-0.3519855199999999,1.0,0.0,1035.2258549044338,0.0,1035.2258549044338
1668479066.819063,1258.98,0.9600000000000364,0.34509118,-0.05652578,1.0,0.0,1035.2258549044338,0.0,1035.2258549044338
1668479126.5821364,1260.37,1.389999999999873,0.43212538,0.0870342,0.0,1.0,0.0,0.8213666263910073,1035.2258549044338
1668479186.5175524,1260.04,-0.3299999999999272,0.36249115,-0.06963423,1.0,0.0,1034.9548039177248,0.0,1034.9548039177248
1668479246.5745473,1260.34,0.2999999999999545,0.36683704,0.00434589,0.0,1.0,0.0,0.8211711156653957,1034.9548039177248
1668479306.8317215,1260.01,-0.3299999999999272,0.30004609,-0.06679095,1.0,0.0,1034.6838174495551,0.0,1034.6838174495551
1668479366.727359,1260.26,0.25,0.30150402,0.0014579299999999,0.0,1.0,0.0,0.8210082185021782,1034.6838174495551
1668479426.5847702,1259.43,-0.8299999999999272,0.16562959,-0.13587443,1.0,0.0,1034.0023806281984,0.0,1034.0023806281984
1668479486.5291033,1260.3,0.8699999999998909,0.2315318,0.06590221,0.0,1.0,0.0,0.820441466815995,1034.0023806281984
1668479546.725557,1260.96,0.6600000000000819,0.32007572,0.08854392,0.0,1.0,0.0,0.820441466815995,1034.543871996297
1668479606.7872722,1260.95,-0.0099999999999909,0.34375276,0.0236770399999999,0.0,1.0,0.0,0.820441466815995,1034.5356675816288
1668479666.660704,1263.14,2.1900000000000546,0.6685855,0.32483274,0.0,1.0,0.0,0.820441466815995,1036.332434393956
1668479727.1908803,1261.58,-1.5600000000001728,0.5574405,-0.111145,1.0,0.0,1035.0525457057229,0.0,1035.0525457057229
1668479787.175118,1261.82,0.2400000000000091,0.5954347,0.0379941999999999,0.0,1.0,0.0,0.8202854176552304,1035.0525457057229
1668479847.1766932,1263.62,1.7999999999999543,0.85786926,0.26243456,0.0,1.0,0.0,0.8202854176552304,1036.5290594575022
1668479907.928991,1264.07,0.4500000000000455,1.00420222,0.14633296,0.0,1.0,0.0,0.8202854176552304,1036.898187895447
1668479967.9809222,1265.02,0.9500000000000456,1.21420123,0.2099990099999999,0.0,1.0,0.0,0.8202854176552304,1037.6774590422197
1668480028.1024504,1264.79,-0.2300000000000182,1.27238953,0.0581883,0.0,1.0,0.0,0.8202854176552304,1037.4887933961588
1668480088.7159455,1262.38,-2.4099999999998545,0.97779477,-0.29459476,1.0,0.0,1035.51190553961,0.0,1035.51190553961
1668480148.7812953,1261.98,-0.4000000000000909,0.82930683,-0.1484879399999999,1.0,0.0,1035.51190553961,0.0,1035.51190553961
1668480208.8070989,1261.94,-0.0399999999999636,0.72348962,-0.10581721,1.0,0.0,1035.51190553961,0.0,1035.51190553961
1668480269.7486944,1261.98,0.0399999999999636,0.63987808,-0.08361154,1.0,0.0,1035.51190553961,0.0,1035.51190553961
1668480329.6648853,1261.0,-0.9800000000000182,0.42666818,-0.2132099,1.0,0.0,1035.51190553961,0.0,1035.51190553961
1668480389.7111793,1261.05,0.0499999999999545,0.3230787,-0.10358948,1.0,0.0,1035.51190553961,0.0,1035.51190553961
1668480450.3701196,1259.25,-1.7999999999999543,-0.01872451,-0.34180321,1.0,0.0,1035.51190553961,0.0,1035.51190553961
1668480510.482764,1260.03,0.7799999999999727,-0.06355292,-0.04482841,1.0,0.0,1035.51190553961,0.0,1035.51190553961
1668480570.4412336,1259.97,-0.0599999999999454,-0.1564229,-0.09286998,1.0,0.0,1035.51190553961,0.0,1035.51190553961
1668480631.535498,1260.0,0.0299999999999727,-0.21816994,-0.06174704,1.0,0.0,1035.51190553961,0.0,1035.51190553961
1668480691.0420582,1259.63,-0.3699999999998908,-0.31948099,-0.10131105,1.0,0.0,1035.51190553961,0.0,1035.51190553961
1668480751.1196856,1259.66,0.0299999999999727,-0.36722425,-0.0477432599999999,1.0,0.0,1035.51190553961,0.0,1035.51190553961
1668480812.097696,1260.14,0.4800000000000182,-0.33385013,0.0333741199999999,0.0,1.0,0.0,0.8217435408284873,1035.51190553961
1668480872.5021548,1260.0,-0.1400000000001,-0.35369736,-0.0198472299999999,1.0,0.0,1035.396861443894,0.0,1035.396861443894
1668480933.7372022,1259.17,-0.8299999999999272,-0.47503827,-0.1213409099999999,1.0,0.0,1035.396861443894,0.0,1035.396861443894
1668480993.160795,1259.42,0.25,-0.47746811,-0.00242984,1.0,0.0,1035.396861443894,0.0,1035.396861443894
1668481053.002523,1259.07,-0.3500000000001364,-0.53902325,-0.0615551399999999,1.0,0.0,1035.396861443894,0.0,1035.396861443894
1668481113.2632933,1258.92,-0.1499999999998635,-0.58042795,-0.0414047,1.0,0.0,1035.396861443894,0.0,1035.396861443894
1668481173.7632165,1258.1,-0.8200000000001637,-0.71155439,-0.1311264399999999,1.0,0.0,1035.396861443894,0.0,1035.396861443894
1668481233.9888954,1259.35,1.25,-0.5794681,0.1320862899999999,0.0,1.0,0.0,0.8221676749465153,1035.396861443894
1668481293.8560836,1260.02,0.6700000000000728,-0.45154867,0.12791943,0.0,1.0,0.0,0.8221676749465153,1035.947713786108
1668481354.609726,1261.29,1.2699999999999818,-0.20915033,0.24239834,0.0,1.0,0.0,0.8221676749465153,1036.9918667332902
1668481414.6161242,1263.0,1.7100000000000364,0.14611778,0.35526811,0.0,1.0,0.0,0.8221676749465153,1038.397773457449
1668481474.548251,1262.51,-0.4900000000000091,0.24602984,0.09991206,0.0,1.0,0.0,0.8221676749465153,1037.9949112967251
1668481535.4386926,1263.24,0.7300000000000182,0.45532412,0.20929428,0.0,1.0,0.0,0.8221676749465153,1038.595093699436
1668481595.5525444,1262.74,-0.5,0.49719047,0.04186635,0.0,1.0,0.0,0.8221676749465153,1038.1840098619627
1668481655.5239415,1263.37,0.6299999999998818,0.64525886,0.14806839,0.0,1.0,0.0,0.8221676749465153,1038.7019754971789
1668481716.279502,1263.73,0.3600000000001273,0.7660452,0.1207863399999999,0.0,1.0,0.0,0.8221676749465153,1038.99795586016
1668481776.3313756,1264.78,1.0499999999999543,0.97787022,0.21182502,0.0,1.0,0.0,0.8221676749465153,1039.8612319188535
1668481836.24494,1264.23,-0.5499999999999545,0.98868734,0.01081712,0.0,1.0,0.0,0.8221676749465153,1039.409039697633
1668481896.9299858,1262.18,-2.0499999999999545,0.72986091,-0.25882643,1.0,0.0,1037.7235959639927,0.0,1037.7235959639927
1668481956.9925716,1261.56,-0.6200000000001182,0.55924748,-0.1706134299999999,1.0,0.0,1037.7235959639927,0.0,1037.7235959639927
1668482016.9567242,1261.54,-0.0199999999999818,0.45513433,-0.10411315,1.0,0.0,1037.7235959639927,0.0,1037.7235959639927
1668482078.017547,1262.09,0.5499999999999545,0.44800183,-0.0071324999999999,1.0,0.0,1037.7235959639927,0.0,1037.7235959639927
1668482137.8967342,1261.55,-0.5399999999999636,0.32659779,-0.1214040399999999,1.0,0.0,1037.7235959639927,0.0,1037.7235959639927
1668482197.9325843,1261.47,-0.0799999999999272,0.25019948,-0.07639831,1.0,0.0,1037.7235959639927,0.0,1037.7235959639927
1668482258.6881156,1261.85,0.3799999999998817,0.24559378,-0.0046056999999999,1.0,0.0,1037.7235959639927,0.0,1037.7235959639927
1668482318.764904,1261.17,-0.6799999999998363,0.11931932,-0.12627446,1.0,0.0,1037.7235959639927,0.0,1037.7235959639927
1668482379.181084,1261.66,0.4900000000000091,0.13141885,0.0120995299999999,0.0,1.0,0.0,0.8225065358052032,1037.7235959639927
1668482439.560507,1261.85,0.1899999999998272,0.13563501,0.0042161599999999,0.0,1.0,0.0,0.8225065358052032,1037.8798722057954
1668482499.6657755,1260.97,-0.8799999999998818,0.00173458,-0.13390043,1.0,0.0,1037.1560664542872,0.0,1037.1560664542872
1668482559.5523958,1259.58,-1.3900000000001,-0.24531223,-0.24704681,1.0,0.0,1037.1560664542872,0.0,1037.1560664542872
1668482620.5875473,1258.86,-0.7200000000000273,-0.44851493,-0.2032026999999999,1.0,0.0,1037.1560664542872,0.0,1037.1560664542872
1668482680.2647252,1258.4,-0.459999999999809,-0.62451922,-0.17600429,1.0,0.0,1037.1560664542872,0.0,1037.1560664542872
1668482740.336676,1259.67,1.2699999999999818,-0.54702626,0.07749296,0.0,1.0,0.0,0.823355375974888,1037.1560664542872
1668482801.391024,1259.13,-0.5399999999999636,-0.63579767,-0.08877141,1.0,0.0,1036.7114545512609,0.0,1036.7114545512609
1668482861.5835145,1259.04,-0.0900000000001455,-0.67831617,-0.0425185,1.0,0.0,1036.7114545512609,0.0,1036.7114545512609
1668482921.5021763,1258.96,-0.0799999999999272,-0.68555297,-0.0072368,1.0,0.0,1036.7114545512609,0.0,1036.7114545512609
1668482982.1290815,1258.76,-0.2000000000000454,-0.75322106,-0.0676680899999999,1.0,0.0,1036.7114545512609,0.0,1036.7114545512609
1668483042.0274746,1259.17,0.4100000000000818,-0.69791128,0.0553097799999999,0.0,1.0,0.0,0.8233292204795706,1036.7114545512609
1668483101.97488,1259.64,0.4700000000000273,-0.66194661,0.03596467,0.0,1.0,0.0,0.8233292204795706,1037.0984192848864
1668483162.90087,1259.63,-0.0099999999999909,-0.62055519,0.0413914199999999,0.0,1.0,0.0,0.8233292204795706,1037.0901859926817
1668483222.9998832,1259.96,0.3299999999999272,-0.50277526,0.11777993,0.0,1.0,0.0,0.8233292204795706,1037.3618846354398
1668483283.1090434,1260.39,0.4300000000000636,-0.38948848,0.1132867799999999,0.0,1.0,0.0,0.8233292204795706,1037.715916200246
1668483343.392277,1260.39,0.0,-0.32181721,0.06767127,0.0,1.0,0.0,0.8233292204795706,1037.715916200246
1668483402.815493,1259.25,-1.1400000000001,-0.30977834,0.01203887,0.0,1.0,0.0,0.8233292204795706,1036.777320888899
1668483462.8651762,1259.02,-0.2300000000000182,-0.35393139,-0.04415305,1.0,0.0,1036.587955168189,0.0,1036.587955168189
1668483524.17116,1258.6,-0.4200000000000727,-0.4364904,-0.0825590099999999,1.0,0.0,1036.587955168189,0.0,1036.587955168189
1668483582.696682,1258.69,0.0900000000001455,-0.47583113,-0.0393407299999999,1.0,0.0,1036.587955168189,0.0,1036.587955168189
1668483642.6749282,1258.36,-0.3300000000001546,-0.52318087,-0.04734974,1.0,0.0,1036.587955168189,0.0,1036.587955168189
1668483702.800847,1258.02,-0.3399999999999181,-0.56296146,-0.03978059,1.0,0.0,1036.587955168189,0.0,1036.587955168189
1668483762.9326146,1258.26,0.2400000000000091,-0.58670172,-0.0237402599999999,1.0,0.0,1036.587955168189,0.0,1036.587955168189
1668483822.935227,1257.92,-0.3399999999999181,-0.61712452,-0.0304227999999999,1.0,0.0,1036.587955168189,0.0,1036.587955168189
1668483882.8137932,1258.01,0.0899999999999181,-0.62750007,-0.01037555,1.0,0.0,1036.587955168189,0.0,1036.587955168189
1668483942.7708402,1258.19,0.1800000000000636,-0.66475049,-0.03725042,1.0,0.0,1036.587955168189,0.0,1036.587955168189
1668484002.708023,1258.83,0.6399999999998727,-0.51212257,0.1526279199999999,0.0,1.0,0.0,0.8234534886904419,1036.587955168189
1668484063.5091956,1257.97,-0.8599999999999,-0.59076812,-0.0786455499999999,1.0,0.0,1035.879785167915,0.0,1035.879785167915
1668484122.7370343,1257.07,-0.900000000000091,-0.70249077,-0.11172265,1.0,0.0,1035.879785167915,0.0,1035.879785167915
1668484182.6966782,1257.0,-0.0699999999999363,-0.75191287,-0.0494220999999999,1.0,0.0,1035.879785167915,0.0,1035.879785167915
1668484242.8674564,1255.87,-1.1300000000001091,-0.95775457,-0.2058417,1.0,0.0,1035.879785167915,0.0,1035.879785167915
1668484302.8512557,1255.84,-0.0299999999999727,-0.99092428,-0.03316971,1.0,0.0,1035.879785167915,0.0,1035.879785167915
1668484362.8406892,1255.87,0.0299999999999727,-1.03012826,-0.0392039799999999,1.0,0.0,1035.879785167915,0.0,1035.879785167915
1668484422.6943376,1254.88,-0.9899999999997816,-1.21864381,-0.1885155500000002,1.0,0.0,1035.879785167915,0.0,1035.879785167915
1668484482.9634027,1255.07,0.1899999999998272,-1.26084742,-0.0422036099999998,1.0,0.0,1035.879785167915,0.0,1035.879785167915
1668484543.2410846,1255.8,0.7300000000000182,-1.21495164,0.0458957799999999,0.0,1.0,0.0,0.8248764016307654,1035.879785167915
1668484602.839433,1256.9,1.1000000000001364,-1.04711012,0.16784152,0.0,1.0,0.0,0.8248764016307654,1036.787149209709
1668484662.7088382,1256.62,-0.2800000000002001,-0.96638379,0.0807263299999999,0.0,1.0,0.0,0.8248764016307654,1036.5561838172523
1668484722.9682045,1257.29,0.6700000000000728,-0.79407681,0.17230698,0.0,1.0,0.0,0.8248764016307654,1037.108851006345
1668484782.9126177,1257.04,-0.25,-0.69685605,0.09722076,0.0,1.0,0.0,0.8248764016307654,1036.9026319059374
1668484842.6947432,1256.75,-0.2899999999999636,-0.66729867,0.0295573799999999,0.0,1.0,0.0,0.8248764016307654,1036.6634177494643
1668484902.698015,1256.49,-0.2599999999999909,-0.6389616,0.0283370699999999,0.0,1.0,0.0,0.8248764016307654,1036.4489498850403
1668484962.8125734,1256.04,-0.4500000000000455,-0.64025789,-0.0012962899999999,1.0,0.0,1036.0777555043064,0.0,1036.0777555043064
1668485022.8925006,1256.04,0.0,-0.64740881,-0.0071509199999999,1.0,0.0,1036.0777555043064,0.0,1036.0777555043064
1668485082.9616609,1255.72,-0.3199999999999363,-0.67269011,-0.0252813,1.0,0.0,1036.0777555043064,0.0,1036.0777555043064
1668485142.9084766,1255.44,-0.2799999999999727,-0.70928576,-0.0365956499999999,1.0,0.0,1036.0777555043064,0.0,1036.0777555043064
1668485202.902005,1256.75,1.3099999999999454,-0.55785775,0.1514280099999999,0.0,1.0,0.0,0.8244103883065895,1036.0777555043064
1668485262.903956,1256.26,-0.4900000000000091,-0.49596198,0.06189577,0.0,1.0,0.0,0.8244103883065895,1035.673794414036
1668485322.9033608,1257.49,1.2300000000000182,-0.32548301,0.17047897,0.0,1.0,0.0,0.8244103883065895,1036.6878191916533
1668485382.7693353,1258.46,0.9700000000000272,-0.09042435,0.23505866,0.0,1.0,0.0,0.8244103883065895,1037.4874972683108
1668485442.7659266,1259.74,1.2799999999999727,0.09563933,0.18606368,0.0,1.0,0.0,0.8244103883065895,1038.5427425653431
1668485502.8855138,1258.67,-1.0699999999999363,0.16977184,0.07413251,0.0,1.0,0.0,0.8244103883065895,1037.6606234498552
1668485562.9670925,1257.44,-1.2300000000000182,0.12822576,-0.04154608,1.0,0.0,1036.646598672238,0.0,1036.646598672238
1668485622.79342,1258.13,0.6900000000000546,0.18171117,0.05348541,0.0,1.0,0.0,0.823958254450842,1036.646598672238
1668485682.9040308,1258.21,0.0799999999999272,0.22972893,0.0480177599999999,0.0,1.0,0.0,0.823958254450842,1036.712515332594
1668485743.1312914,1258.83,0.6199999999998909,0.35723094,0.12750201,0.0,1.0,0.0,0.823958254450842,1037.2233694503534
1668485802.9977596,1257.9,-0.9299999999998364,0.33196474,-0.0252662,1.0,0.0,1036.4570882737144,0.0,1036.4570882737144
1668485862.8787534,1257.58,-0.3200000000001637,0.29145453,-0.0405102099999999,1.0,0.0,1036.4570882737144,0.0,1036.4570882737144
1668485923.7414932,1257.34,-0.2400000000000091,0.1915176,-0.0999369299999999,1.0,0.0,1036.4570882737144,0.0,1036.4570882737144
1668485982.719073,1256.42,-0.9199999999998454,0.08127805,-0.11023955,1.0,0.0,1036.4570882737144,0.0,1036.4570882737144
1668486042.756939,1256.66,0.2400000000000091,0.05242676,-0.02885129,1.0,0.0,1036.4570882737144,0.0,1036.4570882737144
1668486102.8761442,1255.23,-1.4300000000000637,-0.15021898,-0.20264574,1.0,0.0,1036.4570882737144,0.0,1036.4570882737144
1668486162.775664,1255.18,-0.0499999999999545,-0.2407961,-0.09057712,1.0,0.0,1036.4570882737144,0.0,1036.4570882737144
1668486222.7860494,1255.03,-0.1500000000000909,-0.36549378,-0.1246976799999999,1.0,0.0,1036.4570882737144,0.0,1036.4570882737144
1668486282.9321616,1253.73,-1.2999999999999543,-0.5936615,-0.2281677199999999,1.0,0.0,1036.4570882737144,0.0,1036.4570882737144
1668486343.0248346,1253.27,-0.4600000000000364,-0.79957336,-0.20591186,1.0,0.0,1036.4570882737144,0.0,1036.4570882737144
1668486403.2862308,1254.66,1.3900000000001,-0.73653558,0.06303778,0.0,1.0,0.0,0.8260860219292193,1036.4570882737144
1668486462.9800382,1255.53,0.8699999999998909,-0.66603763,0.0704979499999999,0.0,1.0,0.0,0.8260860219292193,1037.1757831127927
1668486522.9673698,1254.81,-0.7200000000000273,-0.69557691,-0.0295392799999999,1.0,0.0,1036.5810011770036,0.0,1036.5810011770036
1668486582.8032966,1252.84,-1.9700000000000275,-0.84138781,-0.1458108999999999,1.0,0.0,1036.5810011770036,0.0,1036.5810011770036
1668486643.0547504,1255.01,2.1700000000000728,-0.7104292,0.1309586099999999,0.0,1.0,0.0,0.8259543758033829,1036.5810011770036
1668486703.162487,1254.3,-0.7100000000000364,-0.76724479,-0.05681559,1.0,0.0,1035.994573570183,0.0,1035.994573570183
1668486763.1096146,1255.38,1.0800000000001546,-0.65058659,0.1166582,0.0,1.0,0.0,0.8252438095000582,1035.994573570183
1668486822.9942126,1255.16,-0.2200000000000272,-0.61118906,0.03939753,0.0,1.0,0.0,0.8252438095000582,1035.813019932093
1668486882.857468,1255.13,-0.0299999999999727,-0.57758871,0.0336003499999999,0.0,1.0,0.0,0.8252438095000582,1035.7882626178082
1668486943.0270102,1255.09,-0.0400000000001909,-0.5385974,0.03899131,0.0,1.0,0.0,0.8252438095000582,1035.755252865428
1668487002.8604617,1254.74,-0.349999999999909,-0.56072622,-0.02212882,1.0,0.0,1035.466417532103,0.0,1035.466417532103
1668487063.2210038,1255.1,0.3599999999998999,-0.53213071,0.02859551,0.0,1.0,0.0,0.8250071050371309,1035.466417532103
1668487123.1393597,1254.34,-0.7599999999999909,-0.5881097,-0.0559789899999999,1.0,0.0,1034.839412132275,0.0,1034.839412132275
1668487183.2836463,1252.98,-1.3599999999999,-0.71534004,-0.12723034,1.0,0.0,1034.839412132275,0.0,1034.839412132275
1668487243.7471738,1253.31,0.3299999999999272,-0.73960455,-0.02426451,1.0,0.0,1034.839412132275,0.0,1034.839412132275
1668487303.224151,1254.94,1.6300000000001091,-0.56257228,0.17703227,0.0,1.0,0.0,0.824612660471636,1034.839412132275
1668487362.8306203,1254.83,-0.1100000000001273,-0.53148704,0.03108524,0.0,1.0,0.0,0.824612660471636,1034.7487047396228
1668487423.2809536,1255.23,0.4000000000000909,-0.45709195,0.07439509,0.0,1.0,0.0,0.824612660471636,1035.0785498038117
1668487483.0409236,1254.56,-0.6700000000000728,-0.4813341,-0.0242421499999999,1.0,0.0,1034.5260593212956,0.0,1034.5260593212956
1668487543.2568676,1254.39,-0.1699999999998453,-0.45842178,0.0229123199999999,0.0,1.0,0.0,0.824724415310466,1034.5260593212956
1668487603.3860283,1255.24,0.849999999999909,-0.35390838,0.1045133999999999,0.0,1.0,0.0,0.824724415310466,1035.2270750743094
1668487664.1482422,1255.99,0.75,-0.22131463,0.13259375,0.0,1.0,0.0,0.824724415310466,1035.8456183857922
1668487722.9210055,1256.09,0.099999999999909,-0.10634269,0.11497194,0.0,1.0,0.0,0.824724415310466,1035.928090827323
1668487783.3312583,1255.88,-0.209999999999809,-0.01890759,0.0874351,0.0,1.0,0.0,0.824724415310466,1035.7548987001082
1668487843.0035543,1255.85,-0.0300000000002,0.00469335,0.0236009399999999,0.0,1.0,0.0,0.824724415310466,1035.7301569676488
1668487903.016007,1256.38,0.5300000000002001,0.08182333,0.07712998,0.0,1.0,0.0,0.824724415310466,1036.1672609077634
1668487963.0013332,1257.34,0.959999999999809,0.22484012,0.14301679,0.0,1.0,0.0,0.824724415310466,1036.9589963464614
1668488023.1605868,1257.54,0.2000000000000454,0.3669755,0.14213538,0.0,1.0,0.0,0.824724415310466,1037.123941229523
1668488083.5394433,1256.8,-0.7400000000000091,0.35704492,-0.00993058,1.0,0.0,1036.5136451621936,0.0,1036.5136451621936
1668488143.3745334,1256.9,0.1000000000001364,0.38032948,0.02328456,0.0,1.0,0.0,0.8246587995562046,1036.5136451621936
1668488203.467008,1257.0,0.099999999999909,0.409888,0.0295585199999999,0.0,1.0,0.0,0.8246587995562046,1036.5961110421492
1668488263.0885613,1257.43,0.4300000000000636,0.4770158,0.0671278,0.0,1.0,0.0,0.8246587995562046,1036.9507143259584
1668488323.2168803,1257.5,0.0699999999999363,0.53895898,0.0619431799999999,0.0,1.0,0.0,0.8246587995562046,1037.0084404419272
1668488383.06962,1258.47,0.9700000000000272,0.66348141,0.12452243,0.0,1.0,0.0,0.8246587995562046,1037.8083594774969
1668488443.0037625,1257.93,-0.5399999999999636,0.67320404,0.0097226299999999,0.0,1.0,0.0,0.8246587995562046,1037.3630437257366
1668488502.9479432,1258.82,0.8899999999998727,0.81527578,0.14207174,0.0,1.0,0.0,0.8246587995562046,1038.0969900573414
1668488563.0122752,1258.97,0.1500000000000909,0.87308364,0.05780786,0.0,1.0,0.0,0.8246587995562046,1038.2206888772748
1668488623.103294,1260.0,1.0299999999999727,1.01714687,0.1440632299999998,0.0,1.0,0.0,0.8246587995562046,1039.0700874408178
1668488683.0215547,1260.0,0.0,1.07745766,0.0603107900000001,0.0,1.0,0.0,0.8246587995562046,1039.0700874408178
1668488743.1281936,1262.47,2.470000000000028,1.38242652,0.30496886,0.0,1.0,0.0,0.8246587995562046,1041.1069946757216
1668488803.2174854,1259.5,-2.970000000000028,1.26811765,-0.1143088700000001,1.0,0.0,1038.6577580410396,0.0,1038.6577580410396
1668488863.0208778,1258.27,-1.2300000000000182,1.09746529,-0.17065236,1.0,0.0,1038.6577580410396,0.0,1038.6577580410396
1668488923.104198,1261.3,3.0299999999999727,1.25416775,0.15670246,0.0,1.0,0.0,0.8234819297875523,1038.6577580410396
1668488983.0968478,1261.78,0.4800000000000182,1.35715241,0.1029846600000001,0.0,1.0,0.0,0.8234819297875523,1039.0530293673378
1668489043.0948722,1260.09,-1.6900000000000546,1.28074615,-0.0764062600000001,1.0,0.0,1037.6613449059969,0.0,1037.6613449059969
1668489103.0950592,1259.82,-0.2699999999999818,1.14231609,-0.1384300599999999,1.0,0.0,1037.6613449059969,0.0,1037.6613449059969
1668489162.9725063,1260.05,0.2300000000000182,1.09839102,-0.04392507,1.0,0.0,1037.6613449059969,0.0,1037.6613449059969
1668489223.09351,1260.26,0.2100000000000363,1.05387312,-0.0445179,1.0,0.0,1037.6613449059969,0.0,1037.6613449059969
1668489283.0834506,1260.05,-0.2100000000000363,0.97548701,-0.0783861099999999,1.0,0.0,1037.6613449059969,0.0,1037.6613449059969
1668489342.9574652,1259.19,-0.8599999999999,0.83029596,-0.14519105,1.0,0.0,1037.6613449059969,0.0,1037.6613449059969
1668489403.1207204,1259.5,0.3099999999999454,0.71488243,-0.1154135300000001,1.0,0.0,1037.6613449059969,0.0,1037.6613449059969
1668489463.0605574,1260.71,1.2100000000000364,0.77438336,0.05950093,0.0,1.0,0.0,0.8230769525949638,1037.6613449059969
1668489523.1473982,1261.38,0.6700000000000728,0.89116401,0.11678065,0.0,1.0,0.0,0.8230769525949638,1038.2128064642357
1668489583.035209,1261.78,0.3999999999998636,0.9655168,0.0743527899999999,0.0,1.0,0.0,0.8230769525949638,1038.5420372452734
1668489643.0140247,1260.92,-0.8599999999999,0.93416346,-0.03135334,1.0,0.0,1037.8341910660415,0.0,1037.8341910660415
1668489703.0529668,1261.44,0.5199999999999818,0.95644813,0.02228467,0.0,1.0,0.0,0.8227376578085691,1037.8341910660415
1668489763.2841842,1261.38,-0.0599999999999454,0.9505944,-0.00585373,1.0,0.0,1037.784826806573,0.0,1037.784826806573
1668489823.424682,1261.23,-0.1500000000000909,0.87565746,-0.0749369399999999,1.0,0.0,1037.784826806573,0.0,1037.784826806573
1668489883.279869,1260.72,-0.5099999999999909,0.78348556,-0.0921718999999999,1.0,0.0,1037.784826806573,0.0,1037.784826806573
1668489943.03328,1259.85,-0.8700000000001182,0.65482469,-0.12866087,1.0,0.0,1037.784826806573,0.0,1037.784826806573
1668490003.231489,1259.87,0.0199999999999818,0.54939597,-0.10542872,1.0,0.0,1037.784826806573,0.0,1037.784826806573
1668490063.3451684,1259.92,0.0500000000001819,0.48237493,-0.0670210399999999,1.0,0.0,1037.784826806573,0.0,1037.784826806573
1668490123.3008535,1258.23,-1.6900000000000546,0.23569723,-0.2466776999999999,1.0,0.0,1037.784826806573,0.0,1037.784826806573
1668490183.8694632,1256.82,-1.410000000000082,-0.05127451,-0.28697174,1.0,0.0,1037.784826806573,0.0,1037.784826806573
1668490243.155058,1257.49,0.6700000000000728,-0.21878969,-0.16751518,1.0,0.0,1037.784826806573,0.0,1037.784826806573
1668490303.164103,1256.05,-1.4400000000000546,-0.4930438,-0.27425411,1.0,0.0,1037.784826806573,0.0,1037.784826806573
1668490363.4094408,1255.97,-0.0799999999999272,-0.75979607,-0.26675227,1.0,0.0,1037.784826806573,0.0,1037.784826806573
1668490423.8018565,1254.83,-1.1400000000001,-0.92342938,-0.1636333099999999,1.0,0.0,1037.784826806573,0.0,1037.784826806573
1668490483.4043903,1253.12,-1.7100000000000364,-1.30426112,-0.3808317400000001,1.0,0.0,1037.784826806573,0.0,1037.784826806573
1668490543.8775673,1253.61,0.4900000000000091,-1.45737807,-0.15311695,1.0,0.0,1037.784826806573,0.0,1037.784826806573
1668490603.7278495,1254.41,0.8000000000001819,-1.42233659,0.03504148,0.0,1.0,0.0,0.8273091148879337,1037.784826806573
1668490663.0911913,1255.0,0.5899999999999181,-1.39178018,0.0305564099999999,0.0,1.0,0.0,0.8273091148879337,1038.2729391843568
1668490723.0496256,1255.66,0.6600000000000819,-1.25084597,0.1409342099999999,0.0,1.0,0.0,0.8273091148879337,1038.818963200183
1668490783.1706624,1256.22,0.5599999999999454,-1.0959412,0.1549047700000001,0.0,1.0,0.0,0.8273091148879337,1039.2822563045202
1668490843.0504272,1255.78,-0.4400000000000545,-1.12413866,-0.0281974600000001,1.0,0.0,1038.9182402939691,0.0,1038.9182402939691
1668490903.3522444,1252.3,-3.480000000000018,-1.44804016,-0.3239014999999998,1.0,0.0,1038.9182402939691,0.0,1038.9182402939691
1668490963.1421282,1249.15,-3.149999999999864,-1.97180721,-0.52376705,1.0,0.0,1038.9182402939691,0.0,1038.9182402939691
1668491023.1091874,1250.11,0.959999999999809,-2.0726567,-0.1008494900000001,1.0,0.0,1038.9182402939691,0.0,1038.9182402939691
1668491083.1360707,1249.07,-1.0399999999999636,-2.30418928,-0.2315325800000001,1.0,0.0,1038.9182402939691,0.0,1038.9182402939691
1668491143.234898,1249.2,0.1300000000001091,-2.39788366,-0.09369438,1.0,0.0,1038.9182402939691,0.0,1038.9182402939691
1668491203.1554072,1250.75,1.5499999999999543,-2.26690698,0.1309766800000003,0.0,1.0,0.0,0.8306362105088699,1038.9182402939691
1668491263.0516963,1250.38,-0.3699999999998908,-2.24592353,0.0209834500000001,0.0,1.0,0.0,0.8306362105088699,1038.610904896081
1668491323.2874622,1251.54,1.1599999999998545,-2.09085576,0.1550677699999996,0.0,1.0,0.0,0.8306362105088699,1039.5744429002712
1668491383.113639,1253.3,1.759999999999991,-1.73197233,0.3588834300000001,0.0,1.0,0.0,0.8306362105088699,1041.0363626307667
1668491443.1374469,1252.89,-0.4099999999998545,-1.56475037,0.16722196,0.0,1.0,0.0,0.8306362105088699,1040.695801784458
1668491503.155397,1250.99,-1.900000000000091,-1.53271679,0.03203358,0.0,1.0,0.0,0.8306362105088699,1039.1175929844912
1668491563.1468024,1251.14,0.1500000000000909,-1.48582289,0.0468939000000001,0.0,1.0,0.0,0.8306362105088699,1039.2421884160676
1668491623.124581,1251.14,0.0,-1.46061815,0.0252047399999999,0.0,1.0,0.0,0.8306362105088699,1039.2421884160676
1668491682.9795876,1251.95,0.8099999999999454,-1.34701034,0.1136078099999999,0.0,1.0,0.0,0.8306362105088699,1039.9150037465795
1668491743.1912885,1252.0,0.0499999999999545,-1.24040994,0.1066004,0.0,1.0,0.0,0.8306362105088699,1039.956535557105
1668491803.2242663,1252.11,0.1099999999998999,-1.12461462,0.1157953199999999,0.0,1.0,0.0,0.8306362105088699,1040.0479055402611
1668491863.1191332,1251.76,-0.349999999999909,-1.06009126,0.0645233599999999,0.0,1.0,0.0,0.8306362105088699,1039.757182866583
1668491923.3093092,1250.01,-1.75,-1.17262699,-0.1125357299999998,1.0,0.0,1038.3035694981925,0.0,1038.3035694981925
1668491983.2113676,1248.06,-1.9500000000000453,-1.37705441,-0.20442742,1.0,0.0,1038.3035694981925,0.0,1038.3035694981925
1668492043.17635,1249.5,1.4400000000000546,-1.36507897,0.01197544,0.0,1.0,0.0,0.8309752456968327,1038.3035694981925
1668492103.5843403,1250.03,0.5299999999999727,-1.23595452,0.1291244499999999,0.0,1.0,0.0,0.8309752456968327,1038.7439863784118
1668492163.1094098,1249.33,-0.7000000000000455,-1.23442549,0.0015290299999999,0.0,1.0,0.0,0.8309752456968327,1038.162303706424
1668492223.1572793,1250.7,1.3700000000001182,-1.05420681,0.18021868,0.0,1.0,0.0,0.8309752456968327,1039.3007397930287
1668492283.0847445,1249.88,-0.8199999999999363,-1.09880584,-0.04459903,1.0,0.0,1038.6193400915572,0.0,1038.6193400915572
1668492343.015878,1251.58,1.699999999999818,-0.8961961,0.2026097399999999,0.0,1.0,0.0,0.8298465460390525,1038.6193400915572
1668492403.1751945,1252.57,0.9900000000000092,-0.65008248,0.24611362,0.0,1.0,0.0,0.8298465460390525,1039.4408881721358
1668492463.1455054,1252.03,-0.5399999999999636,-0.58833985,0.06174263,0.0,1.0,0.0,0.8298465460390525,1038.992771037275
1668492523.1185224,1252.07,0.0399999999999636,-0.45902097,0.12931888,0.0,1.0,0.0,0.8298465460390525,1039.0259648991164
1668492583.221565,1252.25,0.1800000000000636,-0.34077639,0.1182445799999999,0.0,1.0,0.0,0.8298465460390525,1039.1753372774035
1668492643.0533357,1252.19,-0.0599999999999454,-0.24796928,0.09280711,0.0,1.0,0.0,0.8298465460390525,1039.1255464846413
1668492703.0980103,1251.92,-0.2699999999999818,-0.23233763,0.0156316499999999,0.0,1.0,0.0,0.8298465460390525,1038.9014879172107
1668492763.2311723,1252.35,0.4299999999998363,-0.12855952,0.1037781099999999,0.0,1.0,0.0,0.8298465460390525,1039.2583219320072
1668492823.269151,1250.98,-1.3699999999998909,-0.29283936,-0.1642798399999999,1.0,0.0,1038.1214321639338,0.0,1038.1214321639338
1668492883.239836,1250.98,0.0,-0.3328394,-0.04000004,1.0,0.0,1038.1214321639338,0.0,1038.1214321639338
1668492943.235601,1251.21,0.2300000000000182,-0.33673788,-0.0038984799999999,1.0,0.0,1038.1214321639338,0.0,1038.1214321639338
1668493003.1837027,1250.77,-0.4400000000000545,-0.34673424,-0.00999636,1.0,0.0,1038.1214321639338,0.0,1038.1214321639338
1668493063.3116417,1251.34,0.5699999999999363,-0.31074235,0.03599189,0.0,1.0,0.0,0.8296078061629405,1038.1214321639338
1668493123.2387824,1252.15,0.8100000000001728,-0.20327343,0.10746892,0.0,1.0,0.0,0.8296078061629405,1038.793414486926
1668493183.0500069,1252.14,-0.0099999999999909,-0.12077122,0.08250221,0.0,1.0,0.0,0.8296078061629405,1038.7851184088645
1668493243.2023883,1252.01,-0.1300000000001091,-0.06090639,0.05986483,0.0,1.0,0.0,0.8296078061629405,1038.6772693940632
1668493303.1859052,1251.6,-0.4100000000000818,-0.05787292,0.0030334699999999,0.0,1.0,0.0,0.8296078061629405,1038.3371301935365
1668493363.257409,1251.1,-0.5,-0.12857934,-0.0707064199999999,1.0,0.0,1037.9223262904547,0.0,1037.9223262904547
1668493423.2949924,1252.23,1.1300000000001091,-0.07460487,0.0539744699999999,0.0,1.0,0.0,0.8288591762619125,1037.9223262904547
1668493483.2055976,1252.52,0.2899999999999636,0.01225539,0.08686026,0.0,1.0,0.0,0.8288591762619125,1038.1626954515707
1668493543.238329,1252.41,-0.1099999999998999,0.06211879,0.0498634,0.0,1.0,0.0,0.8288591762619125,1038.071520942182
1668493603.2665875,1252.5,0.0899999999999181,0.11576388,0.05364509,0.0,1.0,0.0,0.8288591762619125,1038.1461182680457
1668493663.3521435,1252.51,0.0099999999999909,0.15417429,0.0384104099999999,0.0,1.0,0.0,0.8288591762619125,1038.154406859808
1668493723.176292,1253.99,1.4800000000000182,0.33570742,0.18153313,0.0,1.0,0.0,0.8288591762619125,1039.3811184406757
1668493783.1188726,1254.33,0.3399999999999181,0.47610395,0.14039653,0.0,1.0,0.0,0.8288591762619125,1039.6629305606048
1668493843.8782864,1254.13,-0.1999999999998181,0.57629603,0.1001920799999999,0.0,1.0,0.0,0.8288591762619125,1039.4971587253524
1668493903.9772022,1254.58,0.4499999999998181,0.66411514,0.08781911,0.0,1.0,0.0,0.8288591762619125,1039.87014535467
1668493963.964759,1255.27,0.6900000000000546,0.80502082,0.1409056799999999,0.0,1.0,0.0,0.8288591762619125,1040.442058186291
1668494024.777686,1255.41,0.1400000000001,0.87823639,0.07321557,0.0,1.0,0.0,0.8288591762619125,1040.5580984709677
1668494084.6793082,1253.72,-1.6900000000000546,0.75340566,-0.12483073,1.0,0.0,1039.157326463085,0.0,1039.157326463085
1668494144.7599206,1253.03,-0.6900000000000546,0.64939297,-0.10401269,1.0,0.0,1039.157326463085,0.0,1039.157326463085
1668494205.791089,1252.94,-0.0899999999999181,0.55200794,-0.0973850299999999,1.0,0.0,1039.157326463085,0.0,1039.157326463085
1668494265.7964556,1253.95,1.009999999999991,0.58872657,0.0367186299999999,0.0,1.0,0.0,0.8287071465872522,1039.157326463085
1668494325.784165,1253.39,-0.5599999999999454,0.50511826,-0.0836083099999999,1.0,0.0,1038.693250460996,0.0,1038.693250460996
1668494386.8028426,1253.3,-0.0900000000001455,0.45834301,-0.04677525,1.0,0.0,1038.693250460996,0.0,1038.693250460996
1668494446.6673236,1252.49,-0.8099999999999454,0.28574624,-0.17259677,1.0,0.0,1038.693250460996,0.0,1038.693250460996
1668494506.885984,1252.59,0.099999999999909,0.18741643,-0.0983298099999999,1.0,0.0,1038.693250460996,0.0,1038.693250460996
1668494567.6292093,1252.83,0.2400000000000091,0.17757513,-0.0098412999999999,1.0,0.0,1038.693250460996,0.0,1038.693250460996
1668494627.4083571,1253.52,0.6900000000000546,0.20828164,0.0307065099999999,0.0,1.0,0.0,0.8286212030609772,1038.693250460996
